
blkNum	trlNum	coherentDots	numberofDots	percentCoherence	winningDirection	response	correct	eventCount	averageFrameRate	RT
1	1	4	40	10	left	left	1	37	15.527	2383
1	2	4	40	10	right	right	1	17	16.008	1062
1	3	4	40	10	right	right	1	17	15.918	1068
1	4	4	40	10	left	left	1	12	15.769	761
1	5	4	40	10	left	left	1	23	15.636	1471
1	6	4	40	10	right	right	1	17	15.302	1111
1	7	4	40	10	left	left	1	20	15.083	1326
1	8	4	40	10	left	left	1	23	15.52	1482
1	9	4	40	10	left	left	1	34	15.322	2219
1	10	4	40	10	left	left	1	28	15.642	1790
1	11	4	40	10	right	right	1	15	15.94	941
1	12	4	40	10	left	left	1	17	15.511	1096
1	13	4	40	10	right	right	1	16	15.92	1005
1	14	4	40	10	left	left	1	11	15.089	729
1	15	4	40	10	left	right	0	39	15.294	2550
1	16	4	40	10	right	right	1	17	15.525	1095
1	17	4	40	10	right	right	1	35	15.535	2253
1	18	4	40	10	left	left	1	14	15.891	881
1	19	4	40	10	left	left	1	15	15.873	945
1	20	4	40	10	left	left	1	36	15.544	2316
1	21	4	40	10	right	right	1	12	15.915	754
1	22	4	40	10	left	left	1	14	15.642	895
1	23	4	40	10	right	right	1	23	15.293	1504
1	24	4	40	10	left	left	1	11	15.603	705
1	25	4	40	10	left	left	1	39	15.294	2550
1	26	4	40	10	right	right	1	13	15.312	849
1	27	4	40	10	right	right	1	29	15.483	1873
1	28	4	40	10	left	left	1	26	15.663	1660
1	29	4	40	10	left	right	0	14	15.334	913
1	30	4	40	10	left	left	1	28	15.102	1854
1	31	4	40	10	right	right	1	14	15.217	920
1	32	4	40	10	right	right	1	13	16.069	809
1	33	4	40	10	right	right	1	29	15.167	1912
1	34	4	40	10	left	left	1	15	15.322	979
2	1	4	40	10	left	left	1	28	15.102	1854
2	2	4	40	10	left	left	1	28	15.495	1807
2	3	4	40	10	right	right	1	15	15.89	944
2	4	4	40	10	right	right	1	22	15.342	1434
2	5	4	40	10	left	left	1	14	15.201	921
2	6	4	40	10	right	right	1	20	15.686	1275
2	7	4	40	10	right	right	1	14	15.66	894
2	8	4	40	10	left	left	1	13	15.366	846
2	9	4	40	10	right	right	1	11	15.85	694
2	10	4	40	10	right	right	1	17	15.26	1114
2	11	4	40	10	left	left	1	10	15.408	649
2	12	4	40	10	left	left	1	19	15.472	1228
2	13	4	40	10	left	left	1	11	15.342	717
2	14	4	40	10	left	right	0	36	15.19	2370
2	15	4	40	10	right	right	1	15	16.216	925
2	16	4	40	10	left	left	1	16	15.399	1039
2	17	4	40	10	right	right	1	13	15.7	828
2	18	4	40	10	left	left	1	17	15.568	1092
2	19	4	40	10	left	left	1	16	15.717	1018
2	20	4	40	10	right	right	1	16	15.905	1006
2	21	4	40	10	right	right	1	16	15.595	1026
2	22	4	40	10	right	right	1	14	16.073	871
2	23	4	40	10	left	left	1	15	15.641	959
2	24	4	40	10	right	right	1	14	16.166	866
2	25	4	40	10	right	right	1	20	15.504	1290
2	26	4	40	10	right	right	1	18	15.557	1157
2	27	4	40	10	right	right	1	15	15.56	964
2	28	4	40	10	right	right	1	12	15.326	783
2	29	4	40	10	right	right	1	14	15.385	910
2	30	4	40	10	left	left	1	17	15.992	1063
2	31	4	40	10	right	right	1	12	16.194	741
2	32	4	40	10	right	right	1	15	15.991	938
2	33	4	40	10	right	right	1	14	15.402	909
2	34	4	40	10	left	left	1	10	15.873	630
2	35	4	40	10	left	left	1	12	16.107	745
2	36	4	40	10	left	left	1	13	16.291	798
2	37	4	40	10	left	right	0	18	15.345	1173
2	38	4	40	10	right	right	1	12	16.26	738
2	39	4	40	10	left	left	1	13	16.27	799
2	40	4	40	10	left	left	1	14	15.251	918
2	41	4	40	10	left	left	1	15	16.026	936
2	42	4	40	10	right	right	1	15	15.213	986
3	1	4	40	10	left	left	1	31	15.218	2037
3	2	4	40	10	right	right	1	14	15.695	892
3	3	4	40	10	right	right	1	19	15.664	1213
3	4	4	40	10	right	right	1	14	15.801	886
3	5	4	40	10	right	right	1	16	15.282	1047
3	6	4	40	10	right	left	0	21	15.396	1364
3	7	4	40	10	right	right	1	26	15.495	1678
3	8	4	40	10	right	right	1	15	15.707	955
3	9	4	40	10	right	left	0	12	15.345	782
3	10	4	40	10	left	left	1	12	16.086	746
3	11	4	40	10	left	right	0	10	15.873	630
3	12	4	40	10	left	left	1	21	15.206	1381
3	13	4	40	10	left	left	1	27	15.455	1747
3	14	4	40	10	right	right	1	14	15.873	882
3	15	4	40	10	left	left	1	15	15.839	947
3	16	4	40	10	left	right	0	52	15.272	3405
3	17	4	40	10	right	right	1	15	15.306	980
3	18	4	40	10	right	right	1	12	15.645	767
3	19	4	40	10	left	left	1	9	15.491	581
3	20	4	40	10	left	left	1	46	15.222	3022
3	21	4	40	10	left	left	1	16	15.656	1022
3	22	4	40	10	left	left	1	12	15.113	794
3	23	4	40	10	left	left	1	13	15.33	848
3	24	4	40	10	left	left	1	11	16.743	657
3	25	4	40	10	left	left	1	11	15.363	716
3	26	4	40	10	left	left	1	11	15.11	728
3	27	4	40	10	left	left	1	11	15.172	725
3	28	4	40	10	right	right	1	11	15.759	698
3	29	4	40	10	left	left	1	10	16.502	606
3	30	4	40	10	left	left	1	11	16.591	663
3	31	4	40	10	right	right	1	11	16.129	682
3	32	4	40	10	left	left	1	11	15.493	710
3	33	4	40	10	left	left	1	18	15.28	1178
3	34	4	40	10	right	right	1	18	15.267	1179
3	35	4	40	10	right	right	1	10	16.367	611
3	36	4	40	10	right	right	1	14	15.267	917
3	37	4	40	10	right	right	1	13	15.815	822
3	38	4	40	10	right	right	1	22	15.748	1397
3	39	4	40	10	left	left	1	11	15.214	723
3	40	4	40	10	right	right	1	13	16.089	808
4	1	4	40	10	left	left	1	20	15.835	1263
4	2	4	40	10	left	left	1	11	16.517	666
4	3	4	40	10	left	left	1	9	15.929	565
4	4	4	40	10	right	right	1	9	15.679	574
4	5	4	40	10	left	left	1	8	15.656	511
4	6	4	40	10	right	left	0	7	16.908	414
4	7	4	40	10	right	left	0	9	15.411	584
4	8	4	40	10	left	right	0	15	16.199	926
4	9	4	40	10	right	right	1	10	16.129	620
4	10	4	40	10	right	right	1	11	15.493	710
4	11	4	40	10	left	left	1	12	15.584	770
4	12	4	40	10	left	left	1	16	15.385	1040
4	13	4	40	10	left	left	1	25	15.576	1605
4	14	4	40	10	right	right	1	12	15.287	785
4	15	4	40	10	left	left	1	11	16.591	663
4	16	4	40	10	right	right	1	11	16.517	666
4	17	4	40	10	left	left	1	11	15.515	709
4	18	4	40	10	right	right	1	12	15.915	754
4	19	4	40	10	left	left	1	13	15.205	855
4	20	4	40	10	left	right	0	24	15.316	1567
4	21	4	40	10	right	right	1	32	15.333	2087
4	22	4	40	10	right	right	1	32	15.348	2085
4	23	4	40	10	right	right	1	23	15.743	1461
4	24	4	40	10	left	left	1	14	15.837	884
4	25	4	40	10	left	left	1	53	15.278	3469
4	26	4	40	10	right	right	1	12	15.464	776
4	27	4	40	10	left	left	1	10	14.925	670
4	28	4	40	10	left	left	1	17	15.726	1081
4	29	4	40	10	left	left	1	19	15.435	1231
4	30	4	40	10	right	right	1	11	16.768	656
4	31	4	40	10	left	left	1	27	15.237	1772
4	32	4	40	10	left	left	1	12	15.248	787
4	33	4	40	10	right	right	1	12	15.936	753
4	34	4	40	10	right	right	1	15	15.259	983
4	35	4	40	10	right	right	1	19	16.02	1186
4	36	4	40	10	right	right	1	15	16.112	931
4	37	4	40	10	right	right	1	19	15.46	1229
4	38	4	40	10	right	right	1	15	15.136	991
4	39	4	40	10	right	right	1	34	15.49	2195
4	40	4	40	10	left	left	1	19	15.98	1189
5	1	4	40	10	left	tooFast	2	3	18.75	160
5	2	4	40	10	left	left	1	12	15.894	755
5	3	4	40	10	left	right	0	9	16.275	553
5	4	4	40	10	right	right	1	11	15.85	694
5	5	4	40	10	left	left	1	15	15.723	954
5	6	4	40	10	left	left	1	9	15.491	581
5	7	4	40	10	right	right	1	8	15.209	526
5	8	4	40	10	left	left	1	7	16.627	421
5	9	4	40	10	left	left	1	8	16.327	490
5	10	4	40	10	left	left	1	7	15.317	457
5	11	4	40	10	right	right	1	8	15.18	527
5	12	4	40	10	left	left	1	8	16.985	471
5	13	4	40	10	right	right	1	7	15.184	461
5	14	4	40	10	left	left	1	7	16.706	419
5	15	4	40	10	left	left	1	8	15.625	512
5	16	4	40	10	left	left	1	7	15.945	439
5	17	4	40	10	right	right	1	7	16.627	421
5	18	4	40	10	left	right	0	8	16.632	481
5	19	4	40	10	left	left	1	10	16.556	604
5	20	4	40	10	left	left	1	6	16.043	374
5	21	4	40	10	right	left	0	7	15.284	458
5	22	4	40	10	right	right	1	19	15.176	1252
5	23	4	40	10	left	left	1	9	15.228	591
5	24	4	40	10	right	right	1	6	15.306	392
5	25	4	40	10	left	left	1	7	16.055	436
5	26	4	40	10	right	right	1	7	16.471	425
5	27	4	40	10	left	right	0	9	15.679	574
5	28	4	40	10	left	right	0	10	16.367	611
5	29	4	40	10	right	right	1	12	15.748	762
5	30	4	40	10	right	right	1	9	15.845	568
5	31	4	40	10	left	left	1	9	16.071	560
5	32	4	40	10	right	right	1	10	16.835	594
5	33	4	40	10	left	left	1	6	17.341	346
5	34	4	40	10	right	right	1	7	16.018	437
5	35	4	40	10	left	left	1	7	15.251	459
5	36	4	40	10	right	right	1	7	15.59	449
5	37	4	40	10	left	left	1	7	16.279	430
5	38	4	40	10	right	right	1	7	15.487	452
5	39	4	40	10	left	left	1	8	16.097	497
5	40	4	40	10	right	right	1	7	15.351	456
5	41	4	40	10	left	left	1	7	15.695	446
5	42	4	40	10	right	right	1	7	16.99	412
5	43	4	40	10	left	left	1	8	16.913	473
5	44	4	40	10	right	right	1	6	15.345	391
5	45	4	40	10	right	left	0	7	16.706	419
5	46	4	40	10	right	right	1	9	16.636	541
5	47	4	40	10	left	left	1	8	16.495	485
5	48	4	40	10	right	right	1	7	15.217	460
5	49	4	40	10	right	left	0	10	15.974	626
5	50	4	40	10	right	right	1	8	16.36	489
5	51	4	40	10	left	left	1	11	16.768	656
5	52	4	40	10	right	right	1	9	16.949	531
5	53	4	40	10	left	left	1	8	15.267	524
5	54	4	40	10	right	right	1	9	15.332	587
5	55	4	40	10	left	left	1	10	16.34	612
5	56	4	40	10	right	right	1	10	16.502	606
5	57	4	40	10	right	left	0	9	16.791	536
5	58	4	40	10	right	right	1	12	15.524	773
5	59	4	40	10	left	left	1	9	16.216	555
5	60	4	40	10	left	left	1	10	16.155	619
6	1	4	40	10	right	right	1	12	16.304	736
6	2	4	40	10	right	left	0	6	15.789	380
6	3	4	40	10	left	right	0	7	15.73	445
6	4	4	40	10	right	right	1	10	16.26	615
6	5	4	40	10	right	right	1	9	16.275	553
6	6	4	40	10	right	right	1	8	15.81	506
6	7	4	40	10	left	left	1	7	15.086	464
6	8	4	40	10	right	right	1	8	17.021	470
6	9	4	40	10	left	left	1	7	16.317	429
6	10	4	40	10	right	right	1	11	16.717	658
6	11	4	40	10	left	left	1	8	17.058	469
6	12	4	40	10	right	right	1	7	14.989	467
6	13	4	40	10	left	left	1	6	14.963	401
6	14	4	40	10	right	right	1	7	15.152	462
6	15	4	40	10	right	right	1	7	17.327	404
6	16	4	40	10	right	right	1	6	16.667	360
6	17	4	40	10	right	right	1	7	14.957	468
6	18	4	40	10	left	left	1	7	16.129	434
6	19	4	40	10	left	left	1	9	16.334	551
6	20	4	40	10	right	left	0	9	16.1	559
6	21	4	40	10	right	right	1	10	15.723	636
6	22	4	40	10	left	left	1	14	15.784	887
6	23	4	40	10	right	right	1	10	16.26	615
6	24	4	40	10	right	right	1	9	15.177	593
6	25	4	40	10	right	right	1	11	15.406	714
6	26	4	40	10	left	left	1	10	16.26	615
6	27	4	40	10	left	left	1	9	16.76	537
6	28	4	40	10	left	left	1	8	15.842	505
6	29	4	40	10	left	right	0	10	15.848	631
6	30	4	40	10	left	left	1	15	15.641	959
6	31	4	40	10	right	left	0	6	18.237	329
6	32	4	40	10	left	left	1	10	15.798	633
6	33	4	40	10	left	right	0	8	16.842	475
6	34	4	40	10	right	right	1	10	15.456	647
6	35	4	40	10	right	right	1	10	15.974	626
6	36	4	40	10	right	right	1	7	15.217	460
6	37	4	40	10	right	right	1	8	15.564	514
6	38	4	40	10	right	right	1	8	15.355	521
6	39	4	40	10	left	right	0	7	15.351	456
6	40	4	40	10	left	left	1	12	16.238	739
6	41	4	40	10	left	left	1	8	16.667	480
6	42	4	40	10	left	left	1	7	15.945	439
6	43	4	40	10	left	right	0	7	15.766	444
6	44	4	40	10	right	left	0	6	16.713	359
6	45	4	40	10	right	right	1	9	15.652	575
6	46	4	40	10	right	right	1	15	15.369	976
6	47	4	40	10	right	right	1	7	15.521	451
6	48	4	40	10	left	left	1	11	15.257	721
6	49	4	40	10	left	right	0	12	16.327	735
6	50	4	40	10	right	left	0	8	15.873	504
6	51	4	40	10	left	left	1	13	15.55	836
6	52	4	40	10	right	right	1	8	15.296	523
6	53	4	40	10	right	left	0	8	15.296	523
6	54	4	40	10	right	right	1	11	15.299	719
6	55	4	40	10	right	right	1	13	15.854	820
6	56	4	40	10	left	right	0	7	15.837	442
7	1	4	40	10	right	right	1	13	15.348	847
7	2	4	40	10	right	right	1	8	16.427	487
7	3	4	40	10	left	left	1	9	15.464	582
7	4	4	40	10	right	right	1	7	15.119	463
7	5	4	40	10	right	right	1	8	17.058	469
7	6	4	40	10	right	right	1	8	15.748	508
7	7	4	40	10	left	left	1	9	15.544	579
7	8	4	40	10	left	right	0	7	15.766	444
7	9	4	40	10	right	right	1	8	17.021	470
7	10	4	40	10	left	right	0	9	16.636	541
7	11	4	40	10	right	left	0	9	16.484	546
7	12	4	40	10	left	left	1	9	16.334	551
7	13	4	40	10	left	left	1	7	15.945	439
7	14	4	40	10	left	right	0	7	16.055	436
7	15	4	40	10	right	right	1	17	15.192	1119
7	16	4	40	10	right	right	1	9	16.854	534
7	17	4	40	10	right	left	0	8	16.736	478
7	18	4	40	10	left	right	0	7	15.054	465
7	19	4	40	10	right	right	1	18	15.571	1156
7	20	4	40	10	left	left	1	9	15.306	588
7	21	4	40	10	left	right	0	9	15.28	589
7	22	4	40	10	left	left	1	8	16.293	491
7	23	4	40	10	left	left	1	12	15.769	761
7	24	4	40	10	left	left	1	9	15.873	567
7	25	4	40	10	right	right	1	10	15.649	639
7	26	4	40	10	left	left	1	9	16.245	554
7	27	4	40	10	right	right	1	11	15.737	699
7	28	4	40	10	right	right	1	12	15.645	767
7	29	4	40	10	left	left	1	10	16.779	596
7	30	4	40	10	right	left	0	9	16.393	549
7	31	4	40	10	right	right	1	13	15.569	835
7	32	4	40	10	left	left	1	16	15.355	1042
7	33	4	40	10	left	left	1	24	15.635	1535
7	34	4	40	10	left	right	0	9	16.043	561
7	35	4	40	10	right	right	1	10	15.873	630
7	36	4	40	10	left	left	1	9	16.544	544
7	37	4	40	10	left	left	1	15	15.121	992
7	38	4	40	10	right	right	1	11	15.048	731
7	39	4	40	10	right	right	1	9	15.845	568
7	40	4	40	10	left	right	0	13	16.23	801
7	41	4	40	10	right	left	0	8	15.748	508
7	42	4	40	10	right	right	1	9	16.544	544
7	43	4	40	10	right	right	1	11	16.768	656
7	44	4	40	10	right	right	1	10	16.584	603
7	45	4	40	10	left	right	0	9	16.886	533
7	46	4	40	10	left	left	1	21	15.602	1346
7	47	4	40	10	right	right	1	10	16.26	615
7	48	4	40	10	left	right	0	9	16.275	553
7	49	4	40	10	left	left	1	11	15.152	726
7	50	4	40	10	right	right	1	12	15.894	755
7	51	4	40	10	right	right	1	17	15.858	1072
8	1	4	40	10	left	right	0	11	15.737	699
8	2	4	40	10	left	right	0	12	15.707	764
8	3	4	40	10	right	right	1	10	16.502	606
8	4	4	40	10	right	right	1	10	16.026	624
8	5	4	40	10	left	left	1	7	15.021	466
8	6	4	40	10	right	left	0	7	17.115	409
8	7	4	40	10	right	right	1	11	15.428	713
8	8	4	40	10	right	left	0	9	16.886	533
8	9	4	40	10	right	right	1	12	15.584	770
8	10	4	40	10	left	left	1	15	16.181	927
8	11	4	40	10	left	left	1	10	15.601	641
8	12	4	40	10	right	right	1	11	16.667	660
8	13	4	40	10	right	right	1	9	16.1	559
8	14	4	40	10	right	right	1	12	15.625	768
8	15	4	40	10	left	left	1	10	15.898	629
8	16	4	40	10	left	right	0	19	15.728	1208
8	17	4	40	10	right	right	1	13	15.222	854
8	18	4	40	10	right	right	1	10	16.722	598
8	19	4	40	10	left	left	1	11	15.131	727
8	20	4	40	10	right	right	1	12	16.216	740
8	21	4	40	10	left	left	1	15	16.009	937
8	22	4	40	10	left	left	1	14	15.301	915
8	23	4	40	10	left	left	1	9	16.886	533
8	24	4	40	10	right	right	1	12	16.021	749
8	25	4	40	10	left	right	0	8	15.81	506
8	26	4	40	10	right	right	1	10	16.077	622
8	27	4	40	10	right	right	1	12	15.625	768
8	28	4	40	10	left	left	1	15	15.924	942
8	29	4	40	10	right	left	0	8	15.625	512
8	30	4	40	10	right	right	1	10	16.34	612
8	31	4	40	10	left	left	1	8	15.444	518
8	32	4	40	10	left	left	1	9	16.364	550
8	33	4	40	10	right	right	1	11	15.32	718
8	34	4	40	10	left	left	1	7	15.801	443
8	35	4	40	10	left	right	0	9	15.625	576
8	36	4	40	10	right	right	1	24	15.326	1566
8	37	4	40	10	left	left	1	8	16.667	480
8	38	4	40	10	left	left	1	10	15.267	655
8	39	4	40	10	right	right	1	12	16.086	746
8	40	4	40	10	right	left	0	8	17.021	470
8	41	4	40	10	left	left	1	12	16.26	738
8	42	4	40	10	left	right	0	8	15.656	511
8	43	4	40	10	right	right	1	9	16.484	546
8	44	4	40	10	left	left	1	9	16.216	555
8	45	4	40	10	left	left	1	20	15.785	1267
8	46	4	40	10	left	right	0	16	15.779	1014
8	47	4	40	10	right	right	1	9	15.652	575
8	48	4	40	10	right	left	0	17	15.858	1072
8	49	4	40	10	right	right	1	12	15.267	786
9	1	4	40	10	right	right	1	14	15.301	915
9	2	4	40	10	right	right	1	10	16.103	621
9	3	4	40	10	left	left	1	10	15.456	647
9	4	4	40	10	left	left	1	10	16.863	593
9	5	4	40	10	left	left	1	10	16.367	611
9	6	4	40	10	left	right	0	15	15.94	941
9	7	4	40	10	right	left	0	8	16.807	476
9	8	4	40	10	right	left	0	9	16.071	560
9	9	4	40	10	left	left	1	12	16.043	748
9	10	4	40	10	right	right	1	8	16.598	482
9	11	4	40	10	right	left	0	8	16.949	472
9	12	4	40	10	left	left	1	13	15.421	843
9	13	4	40	10	left	right	0	13	15.569	835
9	14	4	40	10	left	left	1	12	15.326	783
9	15	4	40	10	right	right	1	12	15.852	757
9	16	4	40	10	right	right	1	16	15.459	1035
9	17	4	40	10	right	right	1	13	15.625	832
9	18	4	40	10	right	right	1	11	15.827	695
9	19	4	40	10	right	right	1	13	16.189	803
9	20	4	40	10	right	left	0	10	15.974	626
9	21	4	40	10	right	right	1	9	16.514	545
9	22	4	40	10	left	right	0	11	15.068	730
9	23	4	40	10	right	right	1	13	16.169	804
9	24	4	40	10	left	left	1	14	15.713	891
9	25	4	40	10	right	right	1	11	15.714	700
9	26	4	40	10	left	left	1	32	15.444	2072
9	27	4	40	10	right	right	1	10	16.694	599
9	28	4	40	10	right	right	1	10	15.798	633
9	29	4	40	10	right	right	1	9	15.544	579
9	30	4	40	10	left	left	1	8	15.267	524
9	31	4	40	10	right	right	1	12	16.043	748
9	32	4	40	10	right	right	1	14	16.185	865
9	33	4	40	10	right	left	0	11	15.257	721
9	34	4	40	10	right	right	1	16	15.34	1043
9	35	4	40	10	left	left	1	15	15.121	992
9	36	4	40	10	left	left	1	14	16.148	867
9	37	4	40	10	right	right	1	12	16.216	740
9	38	4	40	10	left	left	1	12	15.605	769
9	39	4	40	10	right	right	1	33	15.172	2175
9	40	4	40	10	left	left	1	9	16.043	561
9	41	4	40	10	right	right	1	8	16.632	481
9	42	4	40	10	right	right	1	9	16.544	544
9	43	4	40	10	left	left	1	9	15.625	576
9	44	4	40	10	right	right	1	8	15.123	529
9	45	4	40	10	left	left	1	8	16.129	496
9	46	4	40	10	right	right	1	8	15.414	519
9	47	4	40	10	left	left	1	8	15.936	502
9	48	4	40	10	right	right	1	6	15.748	381
9	49	4	40	10	right	left	0	7	16.204	432
10	1	4	40	10	left	left	1	14	16.129	868
10	2	4	40	10	right	right	1	9	15.28	589
10	3	4	40	10	left	left	1	7	15.419	454
10	4	4	40	10	left	left	1	8	16	500
10	5	4	40	10	right	right	1	8	16.293	491
10	6	4	40	10	left	right	0	8	15.094	530
10	7	4	40	10	left	left	1	8	15.209	526
10	8	4	40	10	right	right	1	7	15.152	462
10	9	4	40	10	right	right	1	7	14.957	468
10	10	4	40	10	left	left	1	8	16.632	481
10	11	4	40	10	right	right	1	11	15.449	712
10	12	4	40	10	left	left	1	10	16.529	605
10	13	4	40	10	right	right	1	13	16.311	797
10	14	4	40	10	left	right	0	10	15.723	636
10	15	4	40	10	right	right	1	9	15.332	587
10	16	4	40	10	left	left	1	9	16.636	541
10	17	4	40	10	right	right	1	7	16.018	437
10	18	4	40	10	right	left	0	7	15.837	442
10	19	4	40	10	right	right	1	7	15.453	453
10	20	4	40	10	left	left	1	7	14.989	467
10	21	4	40	10	right	right	1	9	16.544	544
10	22	4	40	10	right	left	0	10	16.234	616
10	23	4	40	10	right	right	1	8	16.701	479
10	24	4	40	10	right	right	1	17	15.785	1077
10	25	4	40	10	right	left	0	12	15.404	779
10	26	4	40	10	left	right	0	6	15.038	399
10	27	4	40	10	right	right	1	11	15.805	696
10	28	4	40	10	right	left	0	12	16.216	740
10	29	4	40	10	left	left	1	11	15.67	702
10	30	4	40	10	right	right	1	9	15.571	578
10	31	4	40	10	right	right	1	8	16.032	499
10	32	4	40	10	right	right	1	9	16.484	546
10	33	4	40	10	left	left	1	10	16.611	602
10	34	4	40	10	right	right	1	9	15.517	580
10	35	4	40	10	left	left	1	10	16.529	605
10	36	4	40	10	left	right	0	9	15.652	575
10	37	4	40	10	left	right	0	12	15.524	773
10	38	4	40	10	right	right	1	18	15.531	1159
10	39	4	40	10	left	left	1	10	15.649	639
10	40	4	40	10	right	right	1	8	16.064	498
10	41	4	40	10	right	left	0	9	15.177	593
10	42	4	40	10	left	left	1	16	15.282	1047
10	43	4	40	10	right	right	1	13	15.385	845
10	44	4	40	10	left	left	1	18	15.776	1141
10	45	4	40	10	right	right	1	10	15.723	636
10	46	4	40	10	right	right	1	21	15.742	1334
10	47	4	40	10	left	left	1	12	15.267	786
10	48	4	40	10	left	left	1	15	16.026	936
10	49	4	40	10	right	right	1	13	16.03	811
10	50	4	40	10	left	left	1	21	15.789	1330
10	51	4	40	10	left	right	0	8	16.736	478
10	52	4	40	10	left	left	1	8	16.097	497
11	1	4	40	10	left	right	0	12	15.267	786
11	2	4	40	10	right	right	1	13	15.834	821
11	3	4	40	10	right	left	0	7	16.317	429
11	4	4	40	10	left	left	1	9	15.437	583
11	5	4	40	10	left	right	0	9	16.791	536
11	6	4	40	10	left	right	0	10	16.779	596
11	7	4	40	10	left	left	1	11	15.559	707
11	8	4	40	10	right	right	1	11	15.299	719
11	9	4	40	10	right	right	1	11	16.082	684
11	10	4	40	10	left	left	1	11	16.345	673
11	11	4	40	10	right	right	1	12	15.094	795
11	12	4	40	10	right	right	1	14	15.317	914
11	13	4	40	10	right	right	1	15	15.448	971
11	14	4	40	10	right	right	1	10	15.314	653
11	15	4	40	10	left	left	1	8	15.385	520
11	16	4	40	10	right	right	1	9	16.791	536
11	17	4	40	10	left	left	1	10	16.026	624
11	18	4	40	10	left	right	0	14	10.998	1273
11	19	4	40	10	right	left	0	8	15.564	514
11	20	4	40	10	left	left	1	17	15.888	1070
11	21	4	40	10	left	left	1	9	15.734	572
11	22	4	40	10	left	left	1	12	16.043	748
11	23	4	40	10	right	right	1	10	16.779	596
11	24	4	40	10	left	left	1	9	15.734	572
11	25	4	40	10	left	right	0	9	16.667	540
11	26	4	40	10	left	left	1	9	15.817	569
11	27	4	40	10	right	right	1	11	15.068	730
11	28	4	40	10	right	left	0	8	15.209	526
11	29	4	40	10	right	right	1	9	16.216	555
11	30	4	40	10	right	right	1	11	16.296	675
11	31	4	40	10	right	left	0	10	16.694	599
11	32	4	40	10	right	right	1	6	16.807	357
11	33	4	40	10	right	left	0	9	16.043	561
11	34	4	40	10	right	right	1	6	15.038	399
11	35	4	40	10	right	right	1	16	15.826	1011
11	36	4	40	10	left	left	1	10	15.848	631
11	37	4	40	10	left	right	0	11	15.428	713
11	38	4	40	10	right	right	1	13	15.152	858
11	39	4	40	10	left	left	1	10	16.181	618
11	40	4	40	10	right	right	1	17	15.799	1076
11	41	4	40	10	right	left	0	12	15.132	793
11	42	4	40	10	right	right	1	7	15.73	445
11	43	4	40	10	left	left	1	11	16.129	682
11	44	4	40	10	right	right	1	8	15.444	518
11	45	4	40	10	left	left	1	12	15.852	757
11	46	4	40	10	left	right	0	10	16.807	595
11	47	4	40	10	right	right	1	18	15.817	1138
11	48	4	40	10	left	left	1	10	16.026	624
11	49	4	40	10	right	right	1	9	15.571	578
11	50	4	40	10	right	left	0	8	16.842	475
12	1	4	40	10	left	left	1	12	15.171	791
12	2	4	40	10	left	left	1	10	16.103	621
12	3	4	40	10	right	right	1	7	15.385	455
12	4	4	40	10	right	left	0	6	15.424	389
12	5	4	40	10	left	left	1	9	16.364	550
12	6	4	40	10	left	right	0	11	16.2	679
12	7	4	40	10	left	left	1	10	16.474	607
12	8	4	40	10	left	left	1	10	16.639	601
12	9	4	40	10	left	left	1	14	15.317	914
12	10	4	40	10	right	left	0	8	15.267	524
12	11	4	40	10	right	right	1	8	15.625	512
12	12	4	40	10	right	right	1	13	15.33	848
12	13	4	40	10	left	left	1	8	16.129	496
12	14	4	40	10	left	left	1	8	16.461	486
12	15	4	40	10	left	left	1	14	16.11	869
12	16	4	40	10	left	left	1	9	16.886	533
12	17	4	40	10	right	left	0	9	16.187	556
12	18	4	40	10	left	right	0	18	15.803	1139
12	19	4	40	10	right	right	1	16	15.779	1014
12	20	4	40	10	right	right	1	10	15.385	650
12	21	4	40	10	right	left	0	13	15.385	845
12	22	4	40	10	right	right	1	12	15.267	786
12	23	4	40	10	left	left	1	9	15.411	584
12	24	4	40	10	right	right	1	9	16.275	553
12	25	4	40	10	left	left	1	10	15.601	641
12	26	4	40	10	left	left	1	10	15.337	652
12	27	4	40	10	left	left	1	13	15.663	830
12	28	4	40	10	right	right	1	9	16.129	558
12	29	4	40	10	left	left	1	16	15.166	1055
12	30	4	40	10	right	right	1	13	15.7	828
12	31	4	40	10	right	left	0	8	16.032	499
12	32	4	40	10	left	left	1	10	15.649	639
12	33	4	40	10	left	left	1	10	16.611	602
12	34	4	40	10	right	right	1	10	15.528	644
12	35	4	40	10	right	left	0	9	15.679	574
12	36	4	40	10	left	left	1	8	15.267	524
12	37	4	40	10	left	left	1	9	16.917	532
12	38	4	40	10	left	left	1	8	16.529	484
12	39	4	40	10	right	right	1	12	15.915	754
12	40	4	40	10	left	left	1	9	15.411	584
12	41	4	40	10	right	right	1	7	16.166	433
12	42	4	40	10	right	right	1	8	15.686	510
12	43	4	40	10	right	right	1	12	15.504	774
12	44	4	40	10	left	left	1	10	15.528	644
12	45	4	40	10	left	left	1	9	16.129	558
12	46	4	40	10	right	right	1	11	16.591	663
12	47	4	40	10	left	left	1	8	16.327	490
12	48	4	40	10	left	right	0	8	15.152	528
12	49	4	40	10	left	left	1	22	15.748	1397
12	50	4	40	10	left	left	1	14	16	875
12	51	4	40	10	left	left	1	13	15.55	836
12	52	4	40	10	left	right	0	26	15.312	1698
13	1	4	40	10	right	right	1	16	15.195	1053
13	2	4	40	10	right	left	0	9	16.698	539
13	3	4	40	10	left	left	1	14	15.368	911
13	4	4	40	10	right	right	1	11	15.965	689
13	5	4	40	10	right	right	1	10	15.504	645
13	6	4	40	10	right	left	0	8	15.905	503
13	7	4	40	10	left	left	1	13	16.03	811
13	8	4	40	10	left	left	1	13	16.049	810
13	9	4	40	10	right	right	1	12	15.769	761
13	10	4	40	10	left	left	1	10	16.26	615
13	11	4	40	10	left	left	1	15	15.48	969
13	12	4	40	10	right	right	1	10	16.129	620
13	13	4	40	10	left	left	1	7	16.588	422
13	14	4	40	10	left	left	1	11	15.385	715
13	15	4	40	10	right	left	0	10	16.474	607
13	16	4	40	10	right	left	0	8	16.495	485
13	17	4	40	10	left	left	1	10	15.244	656
13	18	4	40	10	right	right	1	9	15.762	571
13	19	4	40	10	right	right	1	8	15.504	516
13	20	4	40	10	right	right	1	10	16.129	620
13	21	4	40	10	right	right	1	23	15.646	1470
13	22	4	40	10	right	right	1	9	16.854	534
13	23	4	40	10	right	left	0	9	15.679	574
13	24	4	40	10	left	left	1	9	15.762	571
13	25	4	40	10	left	left	1	9	15.306	588
13	26	4	40	10	right	right	1	13	15.99	813
13	27	4	40	10	left	left	1	16	15.81	1012
13	28	4	40	10	left	left	1	14	15.351	912
13	29	4	40	10	right	right	1	13	15.152	858
13	30	4	40	10	left	left	1	11	16.717	658
13	31	4	40	10	right	right	1	10	15.314	653
13	32	4	40	10	right	right	1	16	15.873	1008
13	33	4	40	10	left	left	1	9	15.734	572
13	34	4	40	10	right	left	0	10	15.314	653
13	35	4	40	10	left	left	1	11	16.248	677
13	36	4	40	10	left	left	1	12	15.152	792
13	37	4	40	10	left	left	1	9	15.464	582
13	38	4	40	10	right	right	1	10	15.432	648
13	39	4	40	10	right	right	1	15	15.723	954
13	40	4	40	10	left	left	1	11	15.007	733
13	41	4	40	10	left	left	1	18	15.803	1139
13	42	4	40	10	left	left	1	10	16.835	594
13	43	4	40	10	left	left	1	9	16.917	532
13	44	4	40	10	left	left	1	8	16	500
13	45	4	40	10	left	left	1	9	15.544	579
13	46	4	40	10	left	left	1	9	16.667	540
13	47	4	40	10	left	left	1	7	15.487	452
13	48	4	40	10	right	left	0	10	16	625
13	49	4	40	10	left	left	1	13	16.25	800
13	50	4	40	10	left	left	1	9	16.364	550
13	51	4	40	10	left	left	1	9	15.464	582
13	52	4	40	10	left	left	1	8	16.632	481
14	1	4	40	10	left	right	0	12	15.504	774
14	2	4	40	10	left	left	1	9	16.514	545
14	3	4	40	10	right	right	1	9	16.275	553
14	4	4	40	10	right	left	0	7	17.115	409
14	5	4	40	10	left	left	1	7	17.032	411
14	6	4	40	10	right	right	1	10	15.456	647
14	7	4	40	10	left	left	1	8	16.064	498
14	8	4	40	10	left	left	1	8	16.913	473
14	9	4	40	10	right	right	1	8	15.18	527
14	10	4	40	10	right	left	0	8	15.18	527
14	11	4	40	10	right	right	1	9	15.544	579
14	12	4	40	10	left	left	1	8	15.717	509
14	13	4	40	10	left	left	1	7	14.957	468
14	14	4	40	10	right	right	1	8	16.878	474
14	15	4	40	10	left	left	1	7	15.945	439
14	16	4	40	10	left	left	1	7	15.73	445
14	17	4	40	10	left	left	1	7	14.989	467
14	18	4	40	10	left	left	1	8	16.913	473
14	19	4	40	10	right	left	0	7	15.385	455
14	20	4	40	10	left	right	0	10	16.611	602
14	21	4	40	10	left	left	1	11	15.449	712
14	22	4	40	10	left	left	1	9	16.393	549
14	23	4	40	10	left	right	0	16	15.795	1013
14	24	4	40	10	left	left	1	26	15.43	1685
14	25	4	40	10	right	right	1	17	15.469	1099
14	26	4	40	10	right	left	0	13	15.912	817
14	27	4	40	10	right	right	1	10	16.103	621
14	28	4	40	10	right	right	1	15	16.043	935
14	29	4	40	10	right	right	1	11	16.743	657
14	30	4	40	10	left	left	1	11	16.272	676
14	31	4	40	10	left	left	1	9	15.411	584
14	32	4	40	10	right	right	1	10	16.42	609
14	33	4	40	10	left	left	1	7	15.521	451
14	34	4	40	10	right	left	0	10	15.06	664
14	35	4	40	10	left	left	1	37	15.114	2448
14	36	4	40	10	left	left	1	17	15.726	1081
14	37	4	40	10	right	right	1	10	16.694	599
14	38	4	40	10	right	right	1	9	15.625	576
14	39	4	40	10	left	left	1	12	15.306	784
14	40	4	40	10	left	left	1	21	15.544	1351
14	41	4	40	10	left	left	1	16	15.34	1043
14	42	4	40	10	right	right	1	15	15.609	961
14	43	4	40	10	left	left	1	19	15.286	1243
14	44	4	40	10	right	right	1	9	16.158	557
14	45	4	40	10	right	right	1	14	16.092	870
14	46	4	40	10	right	right	1	11	16.616	662
14	47	4	40	10	right	right	1	13	16.23	801
14	48	4	40	10	right	right	1	9	15.203	592
14	49	4	40	10	right	right	1	12	15.132	793
14	50	4	40	10	right	right	1	9	16.575	543
15	1	4	40	10	left	right	0	9	15.625	576
15	2	4	40	10	right	right	1	10	16.502	606
15	3	4	40	10	left	left	1	10	16.474	607
15	4	4	40	10	right	right	1	9	15.598	577
15	5	4	40	10	left	left	1	9	16.014	562
15	6	4	40	10	right	right	1	8	15.066	531
15	7	4	40	10	left	left	1	8	15.534	515
15	8	4	40	10	right	right	1	10	15.798	633
15	9	4	40	10	right	right	1	11	16.296	675
15	10	4	40	10	right	right	1	10	16.051	623
15	11	4	40	10	left	left	1	10	16.207	617
15	12	4	40	10	right	right	1	8	16.032	499
15	13	4	40	10	left	left	1	7	17.073	410
15	14	4	40	10	right	right	1	9	15.873	567
15	15	4	40	10	right	left	0	8	16.393	488
15	16	4	40	10	left	left	1	11	16.296	675
15	17	4	40	10	left	left	1	7	15.385	455
15	18	4	40	10	left	left	1	10	16.75	597
15	19	4	40	10	left	left	1	9	15.873	567
15	20	4	40	10	right	right	1	9	16.791	536
15	21	4	40	10	right	right	1	8	16.949	472
15	22	4	40	10	left	left	1	7	15.152	462
15	23	4	40	10	right	right	1	8	16	500
15	24	4	40	10	right	right	1	7	14.989	467
15	25	4	40	10	right	right	1	8	15.595	513
15	26	4	40	10	left	left	1	9	16.071	560
15	27	4	40	10	left	left	1	8	16.393	488
15	28	4	40	10	left	right	0	9	16.575	543
15	29	4	40	10	left	right	0	8	15.748	508
15	30	4	40	10	right	right	1	8	15.873	504
15	31	4	40	10	right	right	1	11	16.2	679
15	32	4	40	10	left	left	1	7	16.706	419
15	33	4	40	10	right	left	0	8	15.873	504
15	34	4	40	10	right	right	1	8	16	500
15	35	4	40	10	right	right	1	8	15.534	515
15	36	4	40	10	left	left	1	9	15.332	587
15	37	4	40	10	left	left	1	9	16.667	540
15	38	4	40	10	left	left	1	9	16.423	548
15	39	4	40	10	left	left	1	14	16.129	868
15	40	4	40	10	left	left	1	11	16.442	669
15	41	4	40	10	right	right	1	11	16.176	680
15	42	4	40	10	left	right	0	12	16.216	740
15	43	4	40	10	left	left	1	8	16.495	485
15	44	4	40	10	left	left	1	9	15.734	572
15	45	4	40	10	right	right	1	8	15.717	509
15	46	4	40	10	left	right	0	8	16.807	476
15	47	4	40	10	left	right	0	8	15.209	526
15	48	4	40	10	right	right	1	11	15.737	699
15	49	4	40	10	left	left	1	8	16.461	486
15	50	4	40	10	right	left	0	8	15.968	501
15	51	4	40	10	left	left	1	12	15.287	785
15	52	4	40	10	left	right	0	7	15.945	439
15	53	4	40	10	right	right	1	11	15.235	722
15	54	4	40	10	right	left	0	9	15.437	583
15	55	4	40	10	left	left	1	10	15.924	628
15	56	4	40	10	left	left	1	9	16.575	543
15	57	4	40	10	right	right	1	9	15.873	567
16	1	4	40	10	left	left	1	15	15.48	969
16	2	4	40	10	right	right	1	7	16.355	428
16	3	4	40	10	left	left	1	9	16.043	561
16	4	4	40	10	right	left	0	8	16.327	490
16	5	4	40	10	left	left	1	14	15.964	877
16	6	4	40	10	right	right	1	11	16.224	678
16	7	4	40	10	left	left	1	12	16.282	737
16	8	4	40	10	left	right	0	9	15.679	574
16	9	4	40	10	right	right	1	14	15.695	892
16	10	4	40	10	left	left	1	8	16.771	477
16	11	4	40	10	left	left	1	10	15.528	644
16	12	4	40	10	left	right	0	10	16.474	607
16	13	4	40	10	right	right	1	7	16.949	413
16	14	4	40	10	right	left	0	8	15.81	506
16	15	4	40	10	left	left	1	10	16.287	614
16	16	4	40	10	left	left	1	9	16.071	560
16	17	4	40	10	left	left	1	11	16.566	664
16	18	4	40	10	left	left	1	13	15.719	827
16	19	4	40	10	right	right	1	13	15.276	851
16	20	4	40	10	left	left	1	10	15.949	627
16	21	4	40	10	right	right	1	9	16.158	557
16	22	4	40	10	right	left	0	8	16.495	485
16	23	4	40	10	right	right	1	10	16.639	601
16	24	4	40	10	left	left	1	8	15.066	531
16	25	4	40	10	right	left	0	9	15.986	563
16	26	4	40	10	left	left	1	15	15.496	968
16	27	4	40	10	right	right	1	14	15.419	908
16	28	4	40	10	left	left	1	15	15.291	981
16	29	4	40	10	left	left	1	14	15.625	896
16	30	4	40	10	left	left	1	11	15.406	714
16	31	4	40	10	left	left	1	16	15.209	1052
16	32	4	40	10	left	left	1	13	16.209	802
16	33	4	40	10	right	right	1	14	16.204	864
16	34	4	40	10	left	left	1	11	16.153	681
16	35	4	40	10	right	right	1	9	16.886	533
16	36	4	40	10	right	left	0	8	15.504	516
16	37	4	40	10	right	right	1	10	15.798	633
16	38	4	40	10	right	right	1	8	15.296	523
16	39	4	40	10	right	right	1	7	15.284	458
16	40	4	40	10	right	left	0	7	15.086	464
16	41	4	40	10	left	right	0	9	16.949	531
16	42	4	40	10	right	right	1	12	15.789	760
16	43	4	40	10	right	right	1	10	16.077	622
16	44	4	40	10	left	left	1	11	16.176	680
16	45	4	40	10	right	right	1	8	15.534	515
16	46	4	40	10	left	left	1	7	14.989	467
16	47	4	40	10	left	right	0	8	15.123	529
16	48	4	40	10	right	right	1	11	15.172	725
16	49	4	40	10	left	left	1	8	15.564	514
16	50	4	40	10	right	right	1	19	15.41	1233
16	51	4	40	10	left	left	1	6	14.888	403
16	52	4	40	10	right	right	1	9	15.437	583
16	53	4	40	10	left	left	1	8	16.667	480
17	1	4	40	10	right	right	1	12	15.979	751
17	2	4	40	10	right	right	1	6	15.152	396
17	3	4	40	10	left	right	0	7	16.827	416
17	4	4	40	10	left	left	1	7	15.251	459
17	5	4	40	10	right	left	0	7	16.204	432
17	6	4	40	10	right	left	0	7	17.073	410
17	7	4	40	10	left	right	0	6	16.173	371
17	8	4	40	10	left	right	0	12	15.707	764
17	9	4	40	10	left	left	1	8	16.194	494
17	10	4	40	10	left	left	1	12	16.021	749
17	11	4	40	10	left	left	1	7	17.37	403
17	12	4	40	10	left	right	0	10	16.26	615
17	13	4	40	10	right	left	0	6	16.043	374
17	14	4	40	10	left	left	1	10	16.26	615
17	15	4	40	10	left	left	1	11	16.345	673
17	16	4	40	10	left	left	1	10	16.103	621
17	17	4	40	10	right	right	1	7	15.695	446
17	18	4	40	10	right	right	1	10	16.34	612
17	19	4	40	10	left	left	1	8	15.686	510
17	20	4	40	10	left	left	1	7	15.453	453
17	21	4	40	10	left	left	1	16	15.952	1003
17	22	4	40	10	right	right	1	11	15.131	727
17	23	4	40	10	left	left	1	7	14.957	468
17	24	4	40	10	right	right	1	8	16.878	474
17	25	4	40	10	right	right	1	12	16.107	745
17	26	4	40	10	left	left	1	8	15.444	518
17	27	4	40	10	right	right	1	8	15.686	510
17	28	4	40	10	left	left	1	9	16.636	541
17	29	4	40	10	left	right	0	10	16.313	613
17	30	4	40	10	right	left	0	9	16.187	556
17	31	4	40	10	left	left	1	10	16	625
17	32	4	40	10	left	left	1	12	15.248	787
17	33	4	40	10	left	left	1	11	15.759	698
17	34	4	40	10	left	left	1	9	15.464	582
17	35	4	40	10	right	right	1	11	16.035	686
17	36	4	40	10	right	right	1	7	14.989	467
17	37	4	40	10	right	right	1	14	15.891	881
17	38	4	40	10	right	right	1	14	15.891	881
17	39	4	40	10	left	left	1	13	15.588	834
17	40	4	40	10	right	right	1	15	15.106	993
17	41	4	40	10	right	left	0	9	16.187	556
17	42	4	40	10	left	left	1	14	15.873	882
17	43	4	40	10	left	left	1	14	16.166	866
17	44	4	40	10	left	left	1	14	16.298	859
17	45	4	40	10	left	right	0	14	16.279	860
17	46	4	40	10	left	left	1	7	15.625	448
17	47	4	40	10	left	left	1	10	16.722	598
17	48	4	40	10	left	left	1	10	15.848	631
17	49	4	40	10	right	left	0	10	15.974	626
17	50	4	40	10	right	right	1	9	16.275	553
17	51	4	40	10	left	right	0	8	16.632	481
17	52	4	40	10	left	left	1	9	15.491	581
17	53	4	40	10	right	right	1	9	16.854	534
18	1	4	40	10	left	right	0	10	15.291	654
18	2	4	40	10	left	right	0	11	16.616	662
18	3	4	40	10	left	left	1	8	15.905	503
18	4	4	40	10	left	left	1	10	16.287	614
18	5	4	40	10	left	right	0	9	15.845	568
18	6	4	40	10	right	left	0	8	16.771	477
18	7	4	40	10	left	left	1	9	16.043	561
18	8	4	40	10	left	left	1	8	15.355	521
18	9	4	40	10	left	left	1	9	15.598	577
18	10	4	40	10	left	left	1	9	16.729	538
18	11	4	40	10	left	left	1	8	16.064	498
18	12	4	40	10	left	left	1	9	15.817	569
18	13	4	40	10	right	right	1	10	16.639	601
18	14	4	40	10	left	left	1	11	16.492	667
18	15	4	40	10	left	right	0	10	16.502	606
18	16	4	40	10	left	left	1	9	16.667	540
18	17	4	40	10	left	left	1	12	16.216	740
18	18	4	40	10	right	right	1	12	15.915	754
18	19	4	40	10	left	left	1	8	15.18	527
18	20	4	40	10	left	right	0	10	14.903	671
18	21	4	40	10	right	right	1	22	15.816	1391
18	22	4	40	10	left	right	0	10	15.314	653
18	23	4	40	10	left	left	1	28	15.111	1853
18	24	4	40	10	right	right	1	16	15.18	1054
18	25	4	40	10	left	left	1	9	15.544	579
18	26	4	40	10	right	right	1	7	16.355	428
18	27	4	40	10	left	left	1	11	15.965	689
18	28	4	40	10	left	right	0	9	15.491	581
18	29	4	40	10	left	left	1	7	16.706	419
18	30	4	40	10	left	left	1	11	15.625	704
18	31	4	40	10	left	left	1	13	15.55	836
18	32	4	40	10	left	left	1	9	16.187	556
18	33	4	40	10	right	left	0	7	15.766	444
18	34	4	40	10	right	right	1	9	16.364	550
18	35	4	40	10	left	left	1	8	15.444	518
18	36	4	40	10	right	right	1	8	15.686	510
18	37	4	40	10	left	left	1	8	17.058	469
18	38	4	40	10	left	right	0	7	15.521	451
18	39	4	40	10	right	right	1	9	15.679	574
18	40	4	40	10	left	right	0	11	16.224	678
18	41	4	40	10	right	right	1	9	16.1	559
18	42	4	40	10	left	right	0	12	15.979	751
18	43	4	40	10	left	left	1	11	15.428	713
18	44	4	40	10	right	right	1	10	16.722	598
18	45	4	40	10	right	right	1	9	15.437	583
18	46	4	40	10	right	right	1	10	16.026	624
18	47	4	40	10	left	left	1	14	16.148	867
18	48	4	40	10	right	right	1	10	16.584	603
18	49	4	40	10	right	right	1	11	15.342	717
18	50	4	40	10	right	right	1	9	16.275	553
18	51	4	40	10	right	right	1	8	15.326	522
18	52	4	40	10	right	right	1	13	16.069	809
19	1	4	40	10	left	right	0	12	15.306	784
19	2	4	40	10	right	right	1	11	15.559	707
19	3	4	40	10	left	left	1	14	15.487	904
19	4	4	40	10	right	right	1	9	16.275	553
19	5	4	40	10	right	right	1	8	15.355	521
19	6	4	40	10	left	left	1	12	16.107	745
19	7	4	40	10	right	right	1	9	15.901	566
19	8	4	40	10	left	left	1	9	15.228	591
19	9	4	40	10	right	right	1	7	15.086	464
19	10	4	40	10	left	left	1	8	16.736	478
19	11	4	40	10	left	right	0	8	16.771	477
19	12	4	40	10	left	left	1	11	16.176	680
19	13	4	40	10	right	left	0	13	15.55	836
19	14	4	40	10	left	left	1	9	16.791	536
19	15	4	40	10	right	right	1	9	16.071	560
19	16	4	40	10	right	left	0	8	16.667	480
19	17	4	40	10	left	left	1	8	16.032	499
19	18	4	40	10	right	right	1	11	15.068	730
19	19	4	40	10	right	left	0	8	15.414	519
19	20	4	40	10	left	left	1	15	15.06	996
19	21	4	40	10	right	right	1	10	16.474	607
19	22	4	40	10	left	left	1	12	16.282	737
19	23	4	40	10	right	right	1	9	15.901	566
19	24	4	40	10	right	right	1	10	15.267	655
19	25	4	40	10	left	left	1	9	16.729	538
19	26	4	40	10	right	right	1	10	16.393	610
19	27	4	40	10	right	left	0	9	16.187	556
19	28	4	40	10	right	left	0	15	15.48	969
19	29	4	40	10	right	right	1	11	15.257	721
19	30	4	40	10	left	left	1	12	15.831	758
19	31	4	40	10	right	right	1	10	15.361	651
19	32	4	40	10	left	left	1	11	16.616	662
19	33	4	40	10	right	right	1	11	15.068	730
19	34	4	40	10	left	left	1	9	16.605	542
19	35	4	40	10	right	right	1	13	16.311	797
19	36	4	40	10	right	left	0	9	15.734	572
19	37	4	40	10	right	right	1	11	15.235	722
19	38	4	40	10	right	right	1	17	15.992	1063
19	39	4	40	10	right	right	1	10	16.129	620
19	40	4	40	10	right	right	1	11	16.418	670
19	41	4	40	10	right	right	1	11	15.942	690
19	42	4	40	10	right	right	1	13	15.222	854
19	43	4	40	10	left	left	1	10	15.674	638
19	44	4	40	10	right	left	0	10	16.026	624
19	45	4	40	10	left	left	1	14	16.204	864
19	46	4	40	10	left	left	1	11	16.566	664
19	47	4	40	10	right	right	1	9	16.698	539
19	48	4	40	10	right	right	1	11	15.919	691
19	49	4	40	10	left	right	0	11	15.827	695
19	50	4	40	10	right	right	1	25	15.244	1640
19	51	4	40	10	right	right	1	10	15.723	636
20	1	4	40	10	left	left	1	11	15.737	699
20	2	4	40	10	left	left	1	9	16.822	535
20	3	4	40	10	left	left	1	7	15.982	438
20	4	4	40	10	left	right	0	8	15.748	508
20	5	4	40	10	left	left	1	9	16.304	552
20	6	4	40	10	left	right	0	11	16.369	672
20	7	4	40	10	right	left	0	8	15.123	529
20	8	4	40	10	right	right	1	13	15.682	829
20	9	4	40	10	right	right	1	9	15.28	589
20	10	4	40	10	right	right	1	9	15.679	574
20	11	4	40	10	right	right	1	11	15.827	695
20	12	4	40	10	left	left	1	11	15.919	691
20	13	4	40	10	left	right	0	12	16.327	735
20	14	4	40	10	right	right	1	8	15.595	513
20	15	4	40	10	right	right	1	14	16.204	864
20	16	4	40	10	left	left	1	8	15.625	512
20	17	4	40	10	left	left	1	8	15.18	527
20	18	4	40	10	right	right	1	9	15.652	575
20	19	4	40	10	left	left	1	11	16.345	673
20	20	4	40	10	right	right	1	11	16.667	660
20	21	4	40	10	left	left	1	8	15.152	528
20	22	4	40	10	left	left	1	9	16.575	543
20	23	4	40	10	right	right	1	13	15.796	823
20	24	4	40	10	left	left	1	8	15.936	502
20	25	4	40	10	right	right	1	10	16.75	597
20	26	4	40	10	left	left	1	7	16.908	414
20	27	4	40	10	right	right	1	8	15.779	507
20	28	4	40	10	right	right	1	10	16.835	594
20	29	4	40	10	right	right	1	12	15.727	763
20	30	4	40	10	left	left	1	8	15.355	521
20	31	4	40	10	left	left	1	9	15.625	576
20	32	4	40	10	left	left	1	13	16.069	809
20	33	4	40	10	left	left	1	9	15.411	584
20	34	4	40	10	right	left	0	10	16.42	609
20	35	4	40	10	left	left	1	10	16.026	624
20	36	4	40	10	left	left	1	8	15.326	522
20	37	4	40	10	left	left	1	8	16.598	482
20	38	4	40	10	left	left	1	8	16.36	489
20	39	4	40	10	right	right	1	10	15.649	639
20	40	4	40	10	left	right	0	10	16.393	610
20	41	4	40	10	right	right	1	9	16.514	545
20	42	4	40	10	right	right	1	7	15.054	465
20	43	4	40	10	left	left	1	10	16.474	607
20	44	4	40	10	left	left	1	7	15.317	457
20	45	4	40	10	left	left	1	8	15.905	503
20	46	4	40	10	left	left	1	13	16.129	806
20	47	4	40	10	left	left	1	8	17.021	470
20	48	4	40	10	left	left	1	13	15.421	843
20	49	4	40	10	left	left	1	9	15.762	571
20	50	4	40	10	left	left	1	9	15.306	588
20	51	4	40	10	left	right	0	13	16.291	798
20	52	4	40	10	left	right	0	9	15.385	585
20	53	4	40	10	left	left	1	8	15.414	519
20	54	4	40	10	left	left	1	12	16.173	742
20	55	4	40	10	right	right	1	10	14.97	668
20	56	4	40	10	right	right	1	9	16.822	535
21	1	4	40	10	right	right	1	13	15.513	838
21	2	4	40	10	left	right	0	8	17.058	469
21	3	4	40	10	right	right	1	9	16.043	561
21	4	4	40	10	right	right	1	8	16.393	488
21	5	4	40	10	left	left	1	7	15.66	447
21	6	4	40	10	left	left	1	7	16.627	421
21	7	4	40	10	right	left	0	7	16.432	426
21	8	4	40	10	right	right	1	8	15.504	516
21	9	4	40	10	left	left	1	8	16.26	492
21	10	4	40	10	right	right	1	9	15.571	578
21	11	4	40	10	left	left	1	8	16.563	483
21	12	4	40	10	right	right	1	18	15.385	1170
21	13	4	40	10	left	left	1	9	16.949	531
21	14	4	40	10	right	right	1	9	15.332	587
21	15	4	40	10	right	right	1	12	15.228	788
21	16	4	40	10	right	right	1	11	15.235	722
21	17	4	40	10	right	right	1	9	16.575	543
21	18	4	40	10	left	left	1	9	16.1	559
21	19	4	40	10	right	left	0	8	16.162	495
21	20	4	40	10	right	right	1	10	15.949	627
21	21	4	40	10	left	left	1	12	16.021	749
21	22	4	40	10	right	right	1	14	15.436	907
21	23	4	40	10	left	left	1	8	15.504	516
21	24	4	40	10	right	right	1	9	15.306	588
21	25	4	40	10	left	left	1	12	16.021	749
21	26	4	40	10	right	right	1	9	15.986	563
21	27	4	40	10	left	left	1	8	16.807	476
21	28	4	40	10	right	right	1	8	16.327	490
21	29	4	40	10	right	left	0	9	16.275	553
21	30	4	40	10	left	left	1	9	15.464	582
21	31	4	40	10	left	left	1	10	16.694	599
21	32	4	40	10	right	right	1	17	15.274	1113
21	33	4	40	10	right	right	1	12	15.152	792
21	34	4	40	10	right	right	1	13	16.291	798
21	35	4	40	10	left	left	1	9	16.393	549
21	36	4	40	10	left	left	1	9	16.158	557
21	37	4	40	10	right	left	0	13	15.971	814
21	38	4	40	10	right	right	1	17	15.371	1106
21	39	4	40	10	right	right	1	10	16.447	608
21	40	4	40	10	right	right	1	13	15.892	818
21	41	4	40	10	left	left	1	9	15.203	592
21	42	4	40	10	right	right	1	9	16.729	538
21	43	4	40	10	right	left	0	8	15.81	506
21	44	4	40	10	left	right	0	9	16.364	550
21	45	4	40	10	left	left	1	11	15.559	707
21	46	4	40	10	right	right	1	9	15.652	575
21	47	4	40	10	right	right	1	13	15.33	848
21	48	4	40	10	left	left	1	8	15.385	520
21	49	4	40	10	left	right	0	9	15.228	591
21	50	4	40	10	left	left	1	11	15.873	693
21	51	4	40	10	left	left	1	8	15.595	513
21	52	4	40	10	right	right	1	10	16	625
21	53	4	40	10	left	left	1	9	15.986	563
21	54	4	40	10	left	left	1	12	15.873	756
21	55	4	40	10	left	left	1	8	16.097	497
22	1	4	40	10	left	right	0	15	15.707	955
22	2	4	40	10	right	right	1	9	16.014	562
22	3	4	40	10	left	left	1	11	15.385	715
22	4	4	40	10	right	right	1	13	15.187	856
22	5	4	40	10	right	right	1	11	15.647	703
22	6	4	40	10	right	right	1	11	15.896	692
22	7	4	40	10	left	left	1	11	15.647	703
22	8	4	40	10	left	left	1	17	15.469	1099
22	9	4	40	10	right	right	1	8	15.81	506
22	10	4	40	10	right	left	0	8	16.129	496
22	11	4	40	10	left	left	1	7	15.487	452
22	12	4	40	10	left	left	1	10	16.807	595
22	13	4	40	10	left	right	0	14	15.695	892
22	14	4	40	10	left	right	0	12	16.086	746
22	15	4	40	10	left	left	1	8	16.529	484
22	16	4	40	10	right	right	1	15	15.707	955
22	17	4	40	10	left	left	1	9	16.854	534
22	18	4	40	10	left	left	1	13	16.129	806
22	19	4	40	10	left	right	0	14	15.556	900
22	20	4	40	10	left	left	1	10	16.807	595
22	21	4	40	10	right	right	1	9	16.187	556
22	22	4	40	10	left	left	1	7	16.055	436
22	23	4	40	10	left	left	1	10	15.576	642
22	24	4	40	10	right	right	1	25	15.499	1613
22	25	4	40	10	right	right	1	14	15.891	881
22	26	4	40	10	right	left	0	13	15.606	833
22	27	4	40	10	right	left	0	11	16.035	686
22	28	4	40	10	right	right	1	11	15.493	710
22	29	4	40	10	left	left	1	10	15.361	651
22	30	4	40	10	left	left	1	19	15.768	1205
22	31	4	40	10	right	right	1	14	16.092	870
22	32	4	40	10	left	left	1	13	15.205	855
22	33	4	40	10	right	right	1	11	15.32	718
22	34	4	40	10	right	right	1	19	15.807	1202
22	35	4	40	10	left	left	1	19	15.9	1195
22	36	4	40	10	right	right	1	9	15.734	572
22	37	4	40	10	right	right	1	11	15.873	693
22	38	4	40	10	right	left	0	9	16.043	561
22	39	4	40	10	left	left	1	19	15.536	1223
22	40	4	40	10	left	left	1	17	15.399	1104
22	41	4	40	10	left	left	1	13	16.27	799
22	42	4	40	10	right	right	1	12	16.194	741
22	43	4	40	10	left	left	1	17	15.712	1082
22	44	4	40	10	left	left	1	16	15.385	1040
22	45	4	40	10	right	right	1	10	15.898	629
22	46	4	40	10	left	left	1	11	15.805	696
22	47	4	40	10	right	right	1	10	15.528	644
22	48	4	40	10	right	right	1	15	15.4	974
23	1	4	40	10	right	right	1	14	16.222	863
23	2	4	40	10	right	right	1	8	16.393	488
23	3	4	40	10	right	left	0	9	16.575	543
23	4	4	40	10	right	left	0	8	16.529	484
23	5	4	40	10	right	right	1	13	16.109	807
23	6	4	40	10	right	right	1	9	15.707	573
23	7	4	40	10	left	left	1	9	15.929	565
23	8	4	40	10	left	left	1	10	15.873	630
23	9	4	40	10	left	left	1	10	15.601	641
23	10	4	40	10	left	right	0	10	16.155	619
23	11	4	40	10	right	right	1	10	16.393	610
23	12	4	40	10	right	right	1	9	16.667	540
23	13	4	40	10	right	right	1	9	16.667	540
23	14	4	40	10	right	right	1	9	15.517	580
23	15	4	40	10	right	right	1	9	16.393	549
23	16	4	40	10	right	right	1	10	15.48	646
23	17	4	40	10	right	right	1	9	15.411	584
23	18	4	40	10	right	right	1	11	16.32	674
23	19	4	40	10	left	left	1	12	15.666	766
23	20	4	40	10	left	left	1	10	15.552	643
23	21	4	40	10	right	right	1	9	15.464	582
23	22	4	40	10	right	right	1	9	15.437	583
23	23	4	40	10	left	left	1	9	15.845	568
23	24	4	40	10	right	right	1	7	16.787	417
23	25	4	40	10	left	left	1	6	15.707	382
23	26	4	40	10	left	left	1	9	16.014	562
23	27	4	40	10	left	left	1	7	16.746	418
23	28	4	40	10	left	left	1	8	16.427	487
23	29	4	40	10	right	right	1	8	16.736	478
23	30	4	40	10	right	right	1	7	15.217	460
23	31	4	40	10	right	right	1	8	15.564	514
23	32	4	40	10	left	left	1	12	15.132	793
23	33	4	40	10	right	right	1	8	15.385	520
23	34	4	40	10	right	right	1	10	16.26	615
23	35	4	40	10	left	right	0	9	15.817	569
23	36	4	40	10	right	right	1	9	16.334	551
23	37	4	40	10	left	left	1	8	15.18	527
23	38	4	40	10	left	left	1	9	15.873	567
23	39	4	40	10	left	left	1	9	15.228	591
23	40	4	40	10	right	left	0	8	16.949	472
23	41	4	40	10	right	right	1	10	15.337	652
23	42	4	40	10	left	left	1	10	15.674	638
23	43	4	40	10	right	right	1	8	16.097	497
23	44	4	40	10	right	left	0	10	15.823	632
23	45	4	40	10	left	left	1	12	16.151	743
23	46	4	40	10	right	right	1	17	15.814	1075
23	47	4	40	10	left	left	1	9	15.598	577
23	48	4	40	10	left	right	0	8	15.094	530
23	49	4	40	10	right	right	1	11	15.131	727
23	50	4	40	10	left	left	1	15	15.957	940
23	51	4	40	10	right	right	1	14	15.66	894
23	52	4	40	10	right	right	1	11	15.471	711
23	53	4	40	10	right	left	0	8	15.534	515
23	54	4	40	10	right	right	1	13	15.33	848
23	55	4	40	10	right	right	1	9	15.845	568
23	56	4	40	10	right	right	1	10	15.823	632
24	1	4	40	10	left	left	1	16	15.936	1004
24	2	4	40	10	right	right	1	10	16.026	624
24	3	4	40	10	left	left	1	8	15.779	507
24	4	4	40	10	right	right	1	10	15.974	626
24	5	4	40	10	left	left	1	9	15.734	572
24	6	4	40	10	left	left	1	10	15.699	637
24	7	4	40	10	right	right	1	10	16.051	623
24	8	4	40	10	left	left	1	9	15.177	593
24	9	4	40	10	right	left	0	13	15.134	859
24	10	4	40	10	left	left	1	16	15.625	1024
24	11	4	40	10	right	right	1	9	15.306	588
24	12	4	40	10	right	right	1	11	15.32	718
24	13	4	40	10	left	left	1	11	15.235	722
24	14	4	40	10	left	left	1	11	16.393	671
24	15	4	40	10	right	right	1	8	15.296	523
24	16	4	40	10	right	right	1	9	16.014	562
24	17	4	40	10	right	right	1	12	15.267	786
24	18	4	40	10	left	right	0	12	15.306	784
24	19	4	40	10	right	right	1	11	15.559	707
24	20	4	40	10	right	right	1	19	15.833	1200
24	21	4	40	10	left	left	1	11	16.541	665
24	22	4	40	10	left	right	0	10	15.723	636
24	23	4	40	10	right	right	1	13	16.189	803
24	24	4	40	10	left	left	1	8	15.355	521
24	25	4	40	10	left	left	1	9	16.043	561
24	26	4	40	10	left	right	0	15	16.251	923
24	27	4	40	10	left	left	1	9	16.275	553
24	28	4	40	10	right	right	1	11	15.603	705
24	29	4	40	10	right	right	1	12	15.831	758
24	30	4	40	10	left	left	1	10	15.552	643
24	31	4	40	10	left	left	1	9	15.464	582
24	32	4	40	10	right	right	1	8	16.162	495
24	33	4	40	10	left	left	1	10	16.077	622
24	34	4	40	10	left	right	0	11	15.988	688
24	35	4	40	10	right	right	1	9	15.385	585
24	36	4	40	10	left	right	0	16	15.717	1018
24	37	4	40	10	right	right	1	9	15.762	571
24	38	4	40	10	right	right	1	13	15.258	852
24	39	4	40	10	right	right	1	11	15.193	724
24	40	4	40	10	right	right	1	13	15.458	841
24	41	4	40	10	left	left	1	10	16.42	609
24	42	4	40	10	right	right	1	9	15.986	563
24	43	4	40	10	left	right	0	15	16.094	932
24	44	4	40	10	right	right	1	10	16.835	594
24	45	4	40	10	right	right	1	13	16.169	804
24	46	4	40	10	right	right	1	11	16.296	675
24	47	4	40	10	left	left	1	12	15.979	751
24	48	4	40	10	left	left	1	10	15.924	628
24	49	4	40	10	right	right	1	11	15.67	702
24	50	4	40	10	right	right	1	20	15.699	1274
24	51	4	40	10	right	right	1	11	15.873	693
