
blkNum	trlNum	coherentDots	numberofDots	percentCoherence	winningDirection	response	correct	eventCount	averageFrameRate	RT
1	1	4	40	10	left	left	1	23	15.797	1456
1	2	4	40	10	left	left	1	15	15.89	944
1	3	4	40	10	left	left	1	13	15.439	842
1	4	4	40	10	right	right	1	16	15.355	1042
1	5	4	40	10	right	right	1	25	15.635	1599
1	6	4	40	10	left	left	1	18	15.707	1146
1	7	4	40	10	left	left	1	23	15.604	1474
1	8	4	40	10	left	right	0	20	15.408	1298
1	9	4	40	10	left	left	1	29	15.344	1890
1	10	4	40	10	left	left	1	24	15.18	1581
1	11	4	40	10	left	left	1	36	15.152	2376
1	12	4	40	10	right	right	1	29	15.434	1879
1	13	4	40	10	right	right	1	41	15.202	2697
1	14	4	40	10	right	right	1	36	15.352	2345
1	15	4	40	10	right	right	1	26	15.348	1694
1	16	4	40	10	left	left	1	18	15.345	1173
1	17	4	40	10	right	right	1	24	15.267	1572
1	18	4	40	10	left	left	1	20	15.748	1270
1	19	4	40	10	right	right	1	27	15.263	1769
1	20	4	40	10	right	right	1	23	15.202	1513
1	21	4	40	10	left	left	1	21	15.789	1330
1	22	4	40	10	left	left	1	26	15.421	1686
1	23	4	40	10	left	left	1	19	15.176	1252
1	24	4	40	10	left	right	0	22	15.471	1422
1	25	4	40	10	left	right	0	35	15.507	2257
1	26	4	40	10	left	left	1	24	15.769	1522
1	27	4	40	10	right	left	0	49	15.298	3203
1	28	4	40	10	left	left	1	19	15.067	1261
1	29	4	40	10	right	left	0	27	15.707	1719
2	1	4	40	10	left	left	1	20	15.613	1281
2	2	4	40	10	left	left	1	21	15.683	1339
2	3	4	40	10	right	right	1	22	15.363	1432
2	4	4	40	10	right	right	1	22	15.46	1423
2	5	4	40	10	right	right	1	18	15.762	1142
2	6	4	40	10	left	left	1	15	15.416	973
2	7	4	40	10	left	left	1	19	15.422	1232
2	8	4	40	10	right	left	0	32	15.549	2058
2	9	4	40	10	right	right	1	18	15.652	1150
2	10	4	40	10	right	left	0	26	15.214	1709
2	11	4	40	10	left	left	1	14	15.217	920
2	12	4	40	10	left	left	1	13	15.588	834
2	13	4	40	10	left	left	1	10	15.576	642
2	14	4	40	10	right	right	1	20	15.385	1300
2	15	4	40	10	left	right	0	24	15.544	1544
2	16	4	40	10	right	right	1	32	15.64	2046
2	17	4	40	10	left	left	1	16	15.549	1029
2	18	4	40	10	right	left	0	43	15.396	2793
2	19	4	40	10	right	left	0	25	15.625	1600
2	20	4	40	10	left	left	1	18	15.517	1160
2	21	4	40	10	left	left	1	15	15.496	968
2	22	4	40	10	left	left	1	19	15.677	1212
2	23	4	40	10	left	left	1	16	15.094	1060
2	24	4	40	10	right	right	1	18	15.831	1137
2	25	4	40	10	left	right	0	28	15.564	1799
2	26	4	40	10	left	left	1	22	15.482	1421
2	27	4	40	10	right	right	1	25	15.664	1596
2	28	4	40	10	left	left	1	21	15.73	1335
2	29	4	40	10	left	left	1	20	15.302	1307
2	30	4	40	10	left	left	1	19	15.953	1191
2	31	4	40	10	left	left	1	25	15.17	1648
2	32	4	40	10	left	left	1	19	15.079	1260
2	33	4	40	10	left	left	1	21	15.184	1383
3	1	4	40	10	right	right	1	27	15.643	1726
3	2	4	40	10	left	left	1	16	15.08	1061
3	3	4	40	10	left	left	1	18	15.817	1138
3	4	4	40	10	right	right	1	20	15.699	1274
3	5	4	40	10	left	left	1	16	15.08	1061
3	6	4	40	10	right	right	1	17	15.483	1098
3	7	4	40	10	right	right	1	19	15.94	1192
3	8	4	40	10	left	left	1	29	15.491	1872
3	9	4	40	10	left	left	1	20	15.686	1275
3	10	4	40	10	left	left	1	16	15.296	1046
3	11	4	40	10	left	left	1	16	15.952	1003
3	12	4	40	10	left	left	1	15	15.773	951
3	13	4	40	10	left	left	1	13	15.312	849
3	14	4	40	10	right	right	1	19	15.31	1241
3	15	4	40	10	right	right	1	20	15.117	1323
3	16	4	40	10	left	left	1	17	15.873	1071
3	17	4	40	10	left	right	0	19	15.873	1197
3	18	4	40	10	left	left	1	12	15.748	762
3	19	4	40	10	right	left	0	17	15.977	1064
3	20	4	40	10	left	left	1	13	16.189	803
3	21	4	40	10	right	left	0	13	15.169	857
3	22	4	40	10	left	left	1	16	15.905	1006
3	23	4	40	10	left	left	1	21	15.51	1354
3	24	4	40	10	right	left	0	32	15.633	2047
3	25	4	40	10	right	left	0	26	15.231	1707
3	26	4	40	10	right	left	0	44	15.417	2854
3	27	4	40	10	left	left	1	14	16.092	870
3	28	4	40	10	right	right	1	28	15.713	1782
3	29	4	40	10	left	left	1	14	16.092	870
3	30	4	40	10	left	left	1	16	15.549	1029
3	31	4	40	10	left	left	1	11	15.581	706
3	32	4	40	10	right	right	1	16	15.656	1022
3	33	4	40	10	left	left	1	9	15.544	579
3	34	4	40	10	left	left	1	11	16.082	684
3	35	4	40	10	left	left	1	13	16.25	800
3	36	4	40	10	left	left	1	12	15.19	790
3	37	4	40	10	right	left	0	37	15.283	2421
4	1	4	40	10	right	right	1	27	15.28	1767
4	2	4	40	10	left	left	1	17	15.413	1103
4	3	4	40	10	right	right	1	38	15.441	2461
4	4	4	40	10	right	right	1	18	15.639	1151
4	5	4	40	10	right	left	0	44	15.417	2854
4	6	4	40	10	left	left	1	16	15.534	1030
4	7	4	40	10	right	right	1	21	15.396	1364
4	8	4	40	10	left	left	1	16	15.61	1025
4	9	4	40	10	left	left	1	22	15.839	1389
4	10	4	40	10	right	right	1	28	15.53	1803
4	11	4	40	10	right	right	1	16	15.209	1052
4	12	4	40	10	right	right	1	27	15.194	1777
4	13	4	40	10	left	left	1	15	15.353	977
4	14	4	40	10	right	right	1	22	15.32	1436
4	15	4	40	10	right	right	1	19	15.913	1194
4	16	4	40	10	right	right	1	19	15.286	1243
4	17	4	40	10	left	left	1	16	15.311	1045
4	18	4	40	10	right	right	1	41	15.107	2714
4	19	4	40	10	left	left	1	18	15.929	1130
4	20	4	40	10	right	right	1	13	15.312	849
4	21	4	40	10	right	right	1	18	15.293	1177
4	22	4	40	10	left	left	1	15	15.48	969
4	23	4	40	10	right	right	1	17	15.903	1069
4	24	4	40	10	right	right	1	15	15.213	986
4	25	4	40	10	left	right	0	44	15.246	2886
4	26	4	40	10	right	right	1	39	15.336	2543
4	27	4	40	10	right	right	1	25	15.596	1603
4	28	4	40	10	right	right	1	16	15.534	1030
4	29	4	40	10	right	left	0	16	15.224	1051
4	30	4	40	10	left	left	1	13	15.834	821
4	31	4	40	10	right	right	1	33	15.138	2180
4	32	4	40	10	left	right	0	42	15.453	2718
5	1	4	40	10	right	right	1	21	15.385	1365
5	2	4	40	10	left	left	1	15	15.213	986
5	3	4	40	10	left	left	1	19	15.261	1245
5	4	4	40	10	right	right	1	17	15.873	1071
5	5	4	40	10	left	left	1	17	15.903	1069
5	6	4	40	10	right	right	1	15	15.593	962
5	7	4	40	10	right	right	1	14	15.819	885
5	8	4	40	10	left	left	1	23	15.572	1477
5	9	4	40	10	left	left	1	17	15.903	1069
5	10	4	40	10	left	left	1	21	15.141	1387
5	11	4	40	10	right	right	1	29	15.223	1905
5	12	4	40	10	left	left	1	16	15.936	1004
5	13	4	40	10	right	right	1	25	15.47	1616
5	14	4	40	10	right	right	1	19	15.69	1211
5	15	4	40	10	right	right	1	28	15.317	1828
5	16	4	40	10	left	left	1	17	15.426	1102
5	17	4	40	10	right	right	1	16	15.81	1012
5	18	4	40	10	right	right	1	13	15.931	816
5	19	4	40	10	right	left	0	44	15.455	2847
5	20	4	40	10	right	right	1	20	15.349	1303
5	21	4	40	10	right	right	1	22	15.504	1419
5	22	4	40	10	left	left	1	22	15.439	1425
5	23	4	40	10	left	left	1	19	15.224	1248
5	24	4	40	10	left	left	1	38	15.51	2450
5	25	4	40	10	right	right	1	21	15.239	1378
5	26	4	40	10	right	right	1	22	15.278	1440
5	27	4	40	10	left	left	1	19	15.638	1215
5	28	4	40	10	left	left	1	20	15.723	1272
5	29	4	40	10	left	left	1	22	15.681	1403
5	30	4	40	10	right	right	1	25	15.152	1650
5	31	4	40	10	right	right	1	30	15.584	1925
5	32	4	40	10	left	left	1	24	15.779	1521
5	33	4	40	10	left	left	1	24	15.524	1546
5	34	4	40	10	left	left	1	17	15.683	1084
6	1	4	40	10	right	right	1	39	15.409	2531
6	2	4	40	10	right	left	0	33	15.406	2142
6	3	4	40	10	left	left	1	16	15.444	1036
6	4	4	40	10	left	left	1	23	15.614	1473
6	5	4	40	10	left	left	1	20	15.14	1321
6	6	4	40	10	right	right	1	24	15.738	1525
6	7	4	40	10	left	left	1	15	15.03	998
6	8	4	40	10	left	right	0	25	15.605	1602
6	9	4	40	10	right	right	1	20	15.129	1322
6	10	4	40	10	right	right	1	26	15.644	1662
6	11	4	40	10	right	right	1	21	15.683	1339
6	12	4	40	10	right	right	1	16	15.282	1047
6	13	4	40	10	right	right	1	16	15.936	1004
6	14	4	40	10	left	left	1	16	16	1000
6	15	4	40	10	left	right	0	17	15.799	1076
6	16	4	40	10	left	right	0	18	15.748	1143
6	17	4	40	10	right	right	1	36	15.497	2323
6	18	4	40	10	right	right	1	41	15.524	2641
6	19	4	40	10	left	left	1	19	15.237	1247
6	20	4	40	10	right	right	1	17	15.497	1097
6	21	4	40	10	left	left	1	16	15.625	1024
6	22	4	40	10	right	right	1	21	15.306	1372
6	23	4	40	10	left	left	1	14	15.748	889
6	24	4	40	10	right	right	1	16	15.37	1041
6	25	4	40	10	left	left	1	19	15.86	1198
6	26	4	40	10	left	left	1	29	15.303	1895
6	27	4	40	10	right	right	1	19	15.103	1258
6	28	4	40	10	right	right	1	19	15.574	1220
6	29	4	40	10	left	left	1	17	16.008	1062
6	30	4	40	10	right	right	1	18	15.803	1139
6	31	4	40	10	right	right	1	33	15.603	2115
6	32	4	40	10	right	right	1	21	15.778	1331
6	33	4	40	10	right	right	1	22	15.193	1448
7	1	4	40	10	left	left	1	19	15.548	1222
7	2	4	40	10	right	right	1	20	15.625	1280
7	3	4	40	10	right	right	1	22	15.771	1395
7	4	4	40	10	left	left	1	19	15.212	1249
7	5	4	40	10	right	right	1	19	15.993	1188
7	6	4	40	10	left	left	1	23	15.252	1508
7	7	4	40	10	right	right	1	19	15.561	1221
7	8	4	40	10	right	right	1	35	15.257	2294
7	9	4	40	10	left	left	1	17	15.683	1084
7	10	4	40	10	right	right	1	23	15.436	1490
7	11	4	40	10	left	right	0	24	15.209	1578
7	12	4	40	10	left	left	1	31	15.423	2010
7	13	4	40	10	left	left	1	26	15.476	1680
7	14	4	40	10	right	right	1	25	15.124	1653
7	15	4	40	10	left	left	1	22	15.352	1433
7	16	4	40	10	left	left	1	22	15.625	1408
7	17	4	40	10	right	right	1	19	15.347	1238
7	18	4	40	10	right	right	1	24	15.544	1544
7	19	4	40	10	right	right	1	32	15.377	2081
7	20	4	40	10	left	left	1	26	15.691	1657
7	21	4	40	10	right	right	1	37	15.133	2445
7	22	4	40	10	left	left	1	17	15.903	1069
7	23	4	40	10	right	left	0	30	15.609	1922
7	24	4	40	10	left	left	1	16	15.34	1043
7	25	4	40	10	right	right	1	21	15.262	1376
7	26	4	40	10	right	right	1	26	15.504	1677
7	27	4	40	10	right	right	1	22	15.417	1427
7	28	4	40	10	left	left	1	21	15.34	1369
7	29	4	40	10	right	right	1	22	15.559	1414
7	30	4	40	10	right	right	1	21	15.579	1348
7	31	4	40	10	right	right	1	20	15.711	1273
7	32	4	40	10	left	left	1	19	15.574	1220
8	1	4	40	10	right	right	1	19	15.435	1231
8	2	4	40	10	right	right	1	19	15.523	1224
8	3	4	40	10	left	left	1	21	15.521	1353
8	4	4	40	10	left	left	1	21	15.556	1350
8	5	4	40	10	right	right	1	17	15.357	1107
8	6	4	40	10	left	left	1	20	15.798	1266
8	7	4	40	10	left	left	1	23	15.499	1484
8	8	4	40	10	right	left	0	18	15.901	1132
8	9	4	40	10	right	left	0	54	15.271	3536
8	10	4	40	10	right	left	0	39	15.27	2554
8	11	4	40	10	left	left	1	20	15.601	1282
8	12	4	40	10	right	left	0	21	15.66	1341
8	13	4	40	10	left	left	1	29	15.368	1887
8	14	4	40	10	right	left	0	46	15.202	3026
8	15	4	40	10	left	left	1	35	15.466	2263
8	16	4	40	10	left	left	1	29	15.207	1907
8	17	4	40	10	right	right	1	24	15.161	1583
8	18	4	40	10	left	left	1	19	15.212	1249
8	19	4	40	10	right	right	1	31	15.347	2020
8	20	4	40	10	left	left	1	61	15.185	4017
8	21	4	40	10	right	left	0	40	15.232	2626
8	22	4	40	10	left	left	1	22	15.31	1437
8	23	4	40	10	right	left	0	28	15.461	1811
8	24	4	40	10	right	right	1	35	15.178	2306
8	25	4	40	10	left	left	1	40	15.296	2615
9	1	4	40	10	left	left	1	18	16	1125
9	2	4	40	10	right	right	1	21	15.385	1365
9	3	4	40	10	left	left	1	28	15.201	1842
9	4	4	40	10	right	right	1	23	15.509	1483
9	5	4	40	10	left	left	1	31	15.477	2003
9	6	4	40	10	left	left	1	24	15.152	1584
9	7	4	40	10	left	left	1	21	15.152	1386
9	8	4	40	10	right	right	1	24	15.544	1544
9	9	4	40	10	left	left	1	42	15.295	2746
9	10	4	40	10	right	right	1	17	15.814	1075
9	11	4	40	10	right	right	1	49	15.428	3176
9	12	4	40	10	left	left	1	53	15.318	3460
9	13	4	40	10	right	left	0	34	15.406	2207
9	14	4	40	10	left	left	1	23	15.395	1494
9	15	4	40	10	left	left	1	30	15.314	1959
9	16	4	40	10	left	left	1	30	15.221	1971
9	17	4	40	10	right	right	1	21	15.813	1328
9	18	4	40	10	right	right	1	22	15.225	1445
9	19	4	40	10	right	right	1	43	15.168	2835
9	20	4	40	10	left	right	0	33	15.124	2182
9	21	4	40	10	right	right	1	42	15.368	2733
9	22	4	40	10	right	right	1	39	15.348	2541
9	23	4	40	10	left	left	1	25	15.244	1640
9	24	4	40	10	right	right	1	24	15.267	1572
9	25	4	40	10	left	left	1	33	15.349	2150
9	26	4	40	10	right	left	0	38	15.176	2504
10	1	4	40	10	left	left	1	23	15.509	1483
10	2	4	40	10	left	left	1	21	15.683	1339
10	3	4	40	10	right	left	0	41	15.344	2672
10	4	4	40	10	right	right	1	45	15.106	2979
10	5	4	40	10	left	right	0	31	15.609	1986
10	6	4	40	10	right	right	1	52	15.321	3394
10	7	4	40	10	right	right	1	34	15.371	2212
10	8	4	40	10	right	right	1	19	15.139	1255
10	9	4	40	10	right	right	1	22	15.703	1401
10	10	4	40	10	left	left	1	26	15.71	1655
10	11	4	40	10	right	left	0	50	15.375	3252
10	12	4	40	10	right	right	1	39	15.152	2574
10	13	4	40	10	right	right	1	28	15.599	1795
10	14	4	40	10	left	left	1	23	15.509	1483
10	15	4	40	10	left	left	1	32	15.187	2107
10	16	4	40	10	left	left	1	21	15.396	1364
10	17	4	40	10	right	left	0	33	15.271	2161
10	18	4	40	10	right	left	0	32	15.209	2104
10	19	4	40	10	right	right	1	43	15.379	2796
10	20	4	40	10	left	left	1	26	15.43	1685
10	21	4	40	10	left	left	1	22	15.771	1395
10	22	4	40	10	left	left	1	18	15.398	1169
10	23	4	40	10	right	right	1	33	15.5	2129
10	24	4	40	10	left	left	1	26	15.24	1706
11	1	4	40	10	right	right	1	30	15.322	1958
11	2	4	40	10	right	right	1	38	15.36	2474
11	3	4	40	10	left	left	1	38	15.354	2475
11	4	4	40	10	left	left	1	31	15.278	2029
11	5	4	40	10	right	right	1	14	15.873	882
11	6	4	40	10	left	left	1	11	16.492	667
11	7	4	40	10	right	right	1	31	15.271	2030
11	8	4	40	10	right	right	1	18	15.557	1157
11	9	4	40	10	right	right	1	13	15.834	821
11	10	4	40	10	right	right	1	23	15.753	1460
11	11	4	40	10	left	left	1	19	15.372	1236
11	12	4	40	10	left	left	1	34	15.192	2238
11	13	4	40	10	left	left	1	27	15.473	1745
11	14	4	40	10	left	left	1	51	15.143	3368
11	15	4	40	10	right	right	1	18	15.504	1161
11	16	4	40	10	left	left	1	20	15.723	1272
11	17	4	40	10	right	right	1	17	15.582	1091
11	18	4	40	10	left	left	1	21	15.613	1345
11	19	4	40	10	right	left	0	39	15.199	2566
11	20	4	40	10	left	left	1	23	15.636	1471
11	21	4	40	10	left	left	1	44	15.412	2855
11	22	4	40	10	left	left	1	24	15.306	1568
11	23	4	40	10	left	left	1	18	15.817	1138
11	24	4	40	10	right	right	1	12	15.424	778
11	25	4	40	10	left	left	1	15	15.89	944
11	26	4	40	10	left	left	1	11	15.235	722
11	27	4	40	10	right	right	1	14	15.642	895
11	28	4	40	10	left	right	0	55	15.21	3616
11	29	4	40	10	left	left	1	31	15.469	2004
12	1	4	40	10	left	left	1	23	15.499	1484
12	2	4	40	10	right	right	1	41	15.23	2692
12	3	4	40	10	right	right	1	32	15.296	2092
12	4	4	40	10	left	left	1	18	15.679	1148
12	5	4	40	10	left	left	1	19	15.9	1195
12	6	4	40	10	left	left	1	29	15.393	1884
12	7	4	40	10	right	right	1	22	15.299	1438
12	8	4	40	10	left	left	1	18	15.544	1158
12	9	4	40	10	right	right	1	21	15.66	1341
12	10	4	40	10	left	left	1	19	15.51	1225
12	11	4	40	10	left	left	1	14	15.453	906
12	12	4	40	10	left	left	1	27	15.661	1724
12	13	4	40	10	right	right	1	29	15.152	1914
12	14	4	40	10	right	right	1	25	15.489	1614
12	15	4	40	10	right	right	1	14	15.608	897
12	16	4	40	10	left	left	1	18	15.371	1171
12	17	4	40	10	left	left	1	17	15.357	1107
12	18	4	40	10	left	left	1	31	15.301	2026
12	19	4	40	10	right	right	1	40	15.48	2584
12	20	4	40	10	right	left	0	34	15.152	2244
12	21	4	40	10	left	left	1	35	15.535	2253
12	22	4	40	10	right	left	0	81	15.269	5305
12	23	4	40	10	left	left	1	17	15.977	1064
12	24	4	40	10	left	left	1	24	15.727	1526
12	25	4	40	10	right	left	0	36	15.418	2335
12	26	4	40	10	left	left	1	30	15.416	1946
12	27	4	40	10	left	left	1	13	15.24	853
12	28	4	40	10	right	right	1	60	15.194	3949
13	1	4	40	10	left	left	1	28	15.301	1830
13	2	4	40	10	left	left	1	16	15.889	1007
13	3	4	40	10	left	left	1	23	15.509	1483
13	4	4	40	10	right	right	1	29	15.199	1908
13	5	4	40	10	left	left	1	23	15.636	1471
13	6	4	40	10	left	left	1	43	15.275	2815
13	7	4	40	10	right	right	1	30	15.361	1953
13	8	4	40	10	left	left	1	18	15.544	1158
13	9	4	40	10	left	left	1	11	15.152	726
13	10	4	40	10	left	left	1	12	15.748	762
13	11	4	40	10	left	left	1	13	15.625	832
13	12	4	40	10	left	left	1	17	15.873	1071
13	13	4	40	10	right	right	1	27	15.437	1749
13	14	4	40	10	right	right	1	29	15.328	1892
13	15	4	40	10	right	right	1	76	15.279	4974
13	16	4	40	10	left	left	1	22	15.363	1432
13	17	4	40	10	right	right	1	19	15.742	1207
13	18	4	40	10	left	left	1	11	16.743	657
13	19	4	40	10	left	left	1	14	16.298	859
13	20	4	40	10	right	right	1	28	15.393	1819
13	21	4	40	10	right	right	1	20	15.198	1316
13	22	4	40	10	right	right	1	23	15.293	1504
13	23	4	40	10	left	left	1	14	15.334	913
13	24	4	40	10	right	right	1	11	16.692	659
13	25	4	40	10	left	right	0	24	15.171	1582
13	26	4	40	10	right	right	1	15	16.199	926
13	27	4	40	10	right	right	1	15	15.756	952
13	28	4	40	10	left	left	1	21	15.419	1362
13	29	4	40	10	right	right	1	19	15.224	1248
13	30	4	40	10	right	right	1	21	15.51	1354
13	31	4	40	10	left	left	1	17	15.525	1095
13	32	4	40	10	right	right	1	23	15.082	1525
13	33	4	40	10	right	right	1	42	15.228	2758
14	1	4	40	10	right	right	1	21	15.362	1367
14	2	4	40	10	right	right	1	18	15.358	1172
14	3	4	40	10	right	left	0	49	15.175	3229
14	4	4	40	10	right	right	1	14	15.368	911
14	5	4	40	10	right	right	1	13	15.312	849
14	6	4	40	10	left	left	1	15	15.353	977
14	7	4	40	10	left	left	1	29	15.136	1916
14	8	4	40	10	right	right	1	17	15.315	1110
14	9	4	40	10	right	right	1	21	15.385	1365
14	10	4	40	10	right	right	1	36	15.19	2370
14	11	4	40	10	left	left	1	19	15.212	1249
14	12	4	40	10	left	left	1	24	15.584	1540
14	13	4	40	10	left	left	1	19	15.98	1189
14	14	4	40	10	right	right	1	22	15.737	1398
14	15	4	40	10	right	right	1	17	15.799	1076
14	16	4	40	10	left	left	1	24	15.444	1554
14	17	4	40	10	right	right	1	33	15.478	2132
14	18	4	40	10	right	right	1	27	15.58	1733
14	19	4	40	10	right	right	1	27	15.455	1747
14	20	4	40	10	right	right	1	17	15.152	1122
14	21	4	40	10	right	left	0	17	15.726	1081
14	22	4	40	10	left	left	1	14	15.267	917
14	23	4	40	10	left	left	1	30	15.504	1935
14	24	4	40	10	right	right	1	48	15.37	3123
14	25	4	40	10	left	left	1	39	15.495	2517
14	26	4	40	10	right	right	1	29	15.295	1896
14	27	4	40	10	right	right	1	28	15.201	1842
14	28	4	40	10	left	left	1	13	15.403	844
14	29	4	40	10	right	right	1	20	15.492	1291
14	30	4	40	10	left	left	1	26	15.569	1670
15	1	4	40	10	right	right	1	19	15.953	1191
15	2	4	40	10	right	right	1	33	15.278	2160
15	3	4	40	10	left	left	1	14	16.037	873
15	4	4	40	10	right	right	1	32	15.61	2050
15	5	4	40	10	left	left	1	14	15.487	904
15	6	4	40	10	left	left	1	11	15.068	730
15	7	4	40	10	right	right	1	36	15.477	2326
15	8	4	40	10	left	left	1	11	16.272	676
15	9	4	40	10	right	right	1	20	15.432	1296
15	10	4	40	10	right	right	1	31	15.531	1996
15	11	4	40	10	left	left	1	15	15.228	985
15	12	4	40	10	left	left	1	14	16.11	869
15	13	4	40	10	left	left	1	23	15.488	1485
15	14	4	40	10	left	left	1	16	15.195	1053
15	15	4	40	10	right	right	1	75	15.21	4931
15	16	4	40	10	right	left	0	31	15.531	1996
15	17	4	40	10	left	left	1	17	15.992	1063
15	18	4	40	10	left	left	1	15	15.322	979
15	19	4	40	10	right	right	1	25	15.489	1614
15	20	4	40	10	right	left	0	31	15.485	2002
15	21	4	40	10	left	left	1	14	15.964	877
15	22	4	40	10	right	right	1	14	15.402	909
15	23	4	40	10	left	left	1	11	15.32	718
15	24	4	40	10	right	left	0	44	15.347	2867
15	25	4	40	10	right	right	1	18	15.584	1155
15	26	4	40	10	left	left	1	11	15.048	731
15	27	4	40	10	right	right	1	20	15.152	1320
15	28	4	40	10	left	left	1	10	15.337	652
15	29	4	40	10	right	right	1	26	15.485	1679
15	30	4	40	10	right	right	1	33	15.193	2172
15	31	4	40	10	left	left	1	16	15.18	1054
15	32	4	40	10	right	right	1	14	16	875
16	1	4	40	10	left	left	1	18	15.293	1177
16	2	4	40	10	right	right	1	26	15.606	1666
16	3	4	40	10	left	left	1	11	15.32	718
16	4	4	40	10	left	left	1	14	16.148	867
16	5	4	40	10	left	left	1	13	16.189	803
16	6	4	40	10	right	right	1	19	15.807	1202
16	7	4	40	10	right	right	1	15	15.075	995
16	8	4	40	10	left	left	1	15	16.181	927
16	9	4	40	10	right	right	1	30	15.552	1929
16	10	4	40	10	left	left	1	11	15.537	708
16	11	4	40	10	right	right	1	18	15.721	1145
16	12	4	40	10	right	right	1	11	15.625	704
16	13	4	40	10	right	right	1	40	15.215	2629
16	14	4	40	10	left	left	1	12	15.267	786
16	15	4	40	10	left	left	1	29	15.491	1872
16	16	4	40	10	right	right	1	29	15.401	1883
16	17	4	40	10	left	left	1	10	15.699	637
16	18	4	40	10	right	right	1	54	15.169	3560
16	19	4	40	10	right	left	0	33	15.299	2157
16	20	4	40	10	right	right	1	45	15.437	2915
16	21	4	40	10	left	left	1	21	15.351	1368
16	22	4	40	10	left	left	1	24	15.18	1581
16	23	4	40	10	right	right	1	40	15.244	2624
16	24	4	40	10	right	right	1	26	15.214	1709
16	25	4	40	10	left	right	0	60	15.171	3955
16	26	4	40	10	left	left	1	12	15.957	752
16	27	4	40	10	left	left	1	22	15.57	1413
16	28	4	40	10	right	right	1	18	15.789	1140
16	29	4	40	10	right	right	1	22	15.32	1436
16	30	4	40	10	right	right	1	36	15.287	2355
17	1	4	40	10	left	left	1	27	15.491	1743
17	2	4	40	10	right	right	1	16	15.414	1038
17	3	4	40	10	right	right	1	47	15.245	3083
17	4	4	40	10	left	left	1	14	15.556	900
17	5	4	40	10	right	right	1	27	15.228	1773
17	6	4	40	10	left	left	1	13	16.149	805
17	7	4	40	10	left	left	1	13	15.854	820
17	8	4	40	10	right	right	1	47	15.166	3099
17	9	4	40	10	left	left	1	19	15.472	1228
17	10	4	40	10	right	right	1	19	15.651	1214
17	11	4	40	10	left	left	1	16	15.399	1039
17	12	4	40	10	right	right	1	38	15.152	2508
17	13	4	40	10	left	left	1	15	15.4	974
17	14	4	40	10	left	left	1	18	15.398	1169
17	15	4	40	10	left	left	1	27	15.402	1753
17	16	4	40	10	right	right	1	18	15.398	1169
17	17	4	40	10	right	right	1	35	15.562	2249
17	18	4	40	10	left	left	1	17	15.233	1116
17	19	4	40	10	right	right	1	27	15.246	1771
17	20	4	40	10	right	right	1	22	15.515	1418
17	21	4	40	10	right	right	1	27	15.625	1728
17	22	4	40	10	left	left	1	20	15.637	1279
17	23	4	40	10	left	left	1	29	15.215	1906
17	24	4	40	10	left	left	1	53	15.278	3469
17	25	4	40	10	right	right	1	15	15.756	952
17	26	4	40	10	right	right	1	34	15.433	2203
17	27	4	40	10	left	left	1	28	15.642	1790
17	28	4	40	10	left	left	1	29	15.575	1862
17	29	4	40	10	left	left	1	33	15.11	2184
17	30	4	40	10	right	right	1	30	15.536	1931
18	1	4	40	10	right	right	1	22	15.827	1390
18	2	4	40	10	right	right	1	38	15.403	2467
18	3	4	40	10	left	left	1	16	15.429	1037
18	4	4	40	10	left	left	1	28	15.47	1810
18	5	4	40	10	right	right	1	35	15.331	2283
18	6	4	40	10	left	left	1	24	15.474	1551
18	7	4	40	10	left	left	1	18	15.831	1137
18	8	4	40	10	right	right	1	12	16.282	737
18	9	4	40	10	right	right	1	33	15.186	2173
18	10	4	40	10	left	left	1	17	15.873	1071
18	11	4	40	10	left	left	1	42	15.323	2741
18	12	4	40	10	left	left	1	27	15.22	1774
18	13	4	40	10	right	right	1	18	15.666	1149
18	14	4	40	10	right	right	1	16	15.311	1045
18	15	4	40	10	right	right	1	40	15.522	2577
18	16	4	40	10	left	left	1	15	15.674	957
18	17	4	40	10	left	left	1	27	15.203	1776
18	18	4	40	10	left	left	1	23	15.71	1464
18	19	4	40	10	left	left	1	13	15.205	855
18	20	4	40	10	left	left	1	18	15.639	1151
18	21	4	40	10	left	left	1	90	15.267	5895
18	22	4	40	10	right	right	1	22	15.193	1448
18	23	4	40	10	right	right	1	28	15.359	1823
18	24	4	40	10	left	left	1	23	15.052	1528
18	25	4	40	10	left	left	1	16	15.489	1033
18	26	4	40	10	right	right	1	19	15.651	1214
18	27	4	40	10	left	left	1	19	15.435	1231
18	28	4	40	10	left	left	1	20	15.81	1265
18	29	4	40	10	right	right	1	18	15.584	1155
18	30	4	40	10	right	right	1	19	15.385	1235
19	1	4	40	10	left	left	1	18	15.411	1168
19	2	4	40	10	right	right	1	28	15.152	1848
19	3	4	40	10	right	right	1	13	16.069	809
19	4	4	40	10	left	left	1	15	15.756	952
19	5	4	40	10	left	left	1	11	16.105	683
19	6	4	40	10	left	left	1	11	15.67	702
19	7	4	40	10	right	right	1	17	15.697	1083
19	8	4	40	10	right	right	1	43	15.396	2793
19	9	4	40	10	left	left	1	17	15.582	1091
19	10	4	40	10	right	right	1	18	15.293	1177
19	11	4	40	10	right	right	1	12	15.936	753
19	12	4	40	10	right	right	1	42	15.228	2758
19	13	4	40	10	right	right	1	44	15.455	2847
19	14	4	40	10	right	right	1	32	15.489	2066
19	15	4	40	10	left	left	1	13	15.458	841
19	16	4	40	10	left	left	1	28	15.419	1816
19	17	4	40	10	left	left	1	32	15.318	2089
19	18	4	40	10	left	left	1	18	15.611	1153
19	19	4	40	10	right	right	1	30	15.236	1969
19	20	4	40	10	left	left	1	13	15.99	813
19	21	4	40	10	left	left	1	18	15.776	1141
19	22	4	40	10	left	left	1	13	16.311	797
19	23	4	40	10	right	right	1	18	15.584	1155
19	24	4	40	10	left	left	1	14	15.855	883
19	25	4	40	10	left	left	1	13	15.258	852
19	26	4	40	10	left	left	1	18	15.679	1148
19	27	4	40	10	left	left	1	13	15.403	844
19	28	4	40	10	left	left	1	36	15.177	2372
19	29	4	40	10	left	left	1	25	15.674	1595
19	30	4	40	10	left	left	1	32	15.109	2118
19	31	4	40	10	right	left	0	22	15.559	1414
19	32	4	40	10	left	left	1	29	15.352	1889
19	33	4	40	10	left	left	1	27	15.661	1724
20	1	4	40	10	right	right	1	49	15.308	3201
20	2	4	40	10	right	left	0	34	15.145	2245
20	3	4	40	10	left	left	1	14	15.251	918
20	4	4	40	10	right	right	1	32	15.451	2071
20	5	4	40	10	right	right	1	18	15.437	1166
20	6	4	40	10	left	left	1	13	15.663	830
20	7	4	40	10	left	left	1	30	15.259	1966
20	8	4	40	10	left	left	1	21	15.141	1387
20	9	4	40	10	right	right	1	24	15.544	1544
20	10	4	40	10	left	left	1	15	15.991	938
20	11	4	40	10	right	left	0	36	15.544	2316
20	12	4	40	10	left	left	1	12	16.173	742
20	13	4	40	10	right	right	1	17	15.247	1115
20	14	4	40	10	right	right	1	13	15.738	826
20	15	4	40	10	right	right	1	41	15.385	2665
20	16	4	40	10	left	left	1	14	15.368	911
20	17	4	40	10	left	left	1	11	15.965	689
20	18	4	40	10	right	right	1	46	15.514	2965
20	19	4	40	10	right	right	1	21	15.498	1355
20	20	4	40	10	left	left	1	13	16.089	808
20	21	4	40	10	left	left	1	12	15.81	759
20	22	4	40	10	left	left	1	23	15.323	1501
20	23	4	40	10	right	right	1	13	16.291	798
20	24	4	40	10	right	right	1	14	15.982	876
20	25	4	40	10	right	right	1	14	16.11	869
20	26	4	40	10	right	right	1	13	15.815	822
20	27	4	40	10	left	left	1	14	16.26	861
20	28	4	40	10	right	right	1	15	15.045	997
20	29	4	40	10	left	left	1	13	16.069	809
20	30	4	40	10	left	left	1	37	15.264	2424
20	31	4	40	10	right	right	1	34	15.343	2216
20	32	4	40	10	right	right	1	45	14.227	3163
21	1	4	40	10	left	left	1	17	15.192	1119
21	2	4	40	10	right	right	1	16	15.18	1054
21	3	4	40	10	left	left	1	12	15.404	779
21	4	4	40	10	left	left	1	15	15.353	977
21	5	4	40	10	left	left	1	11	16.667	660
21	6	4	40	10	left	left	1	33	15.11	2184
21	7	4	40	10	left	left	1	23	15.354	1498
21	8	4	40	10	left	left	1	39	15.312	2547
21	9	4	40	10	right	right	1	34	15.525	2190
21	10	4	40	10	left	left	1	15	15.106	993
21	11	4	40	10	right	right	1	14	15.267	917
21	12	4	40	10	right	right	1	15	16.06	934
21	13	4	40	10	right	right	1	33	15.221	2168
21	14	4	40	10	left	left	1	26	15.385	1690
21	15	4	40	10	right	right	1	16	16	1000
21	16	4	40	10	right	right	1	24	15.584	1540
21	17	4	40	10	right	right	1	24	15.584	1540
21	18	4	40	10	left	left	1	17	15.755	1079
21	19	4	40	10	right	right	1	20	15.385	1300
21	20	4	40	10	right	right	1	31	15.204	2039
21	21	4	40	10	left	left	1	20	15.361	1302
21	22	4	40	10	right	right	1	18	15.831	1137
21	23	4	40	10	right	right	1	13	15.758	825
21	24	4	40	10	left	left	1	11	16.566	664
21	25	4	40	10	left	left	1	75	15.356	4884
21	26	4	40	10	left	left	1	17	15.582	1091
21	27	4	40	10	right	right	1	14	16.037	873
21	28	4	40	10	right	right	1	26	15.249	1705
21	29	4	40	10	right	right	1	15	15.259	983
21	30	4	40	10	left	left	1	13	15.276	851
21	31	4	40	10	left	left	1	18	15.693	1147
21	32	4	40	10	right	right	1	15	15.198	987
21	33	4	40	10	right	right	1	17	15.413	1103
21	34	4	40	10	left	left	1	23	15.488	1485
22	1	4	40	10	left	left	1	16	15.92	1005
22	2	4	40	10	left	left	1	14	15.47	905
22	3	4	40	10	left	left	1	11	16.129	682
22	4	4	40	10	left	left	1	14	16.092	870
22	5	4	40	10	left	left	1	24	15.094	1590
22	6	4	40	10	right	right	1	19	15.82	1201
22	7	4	40	10	right	right	1	21	15.789	1330
22	8	4	40	10	left	left	1	18	15.319	1175
22	9	4	40	10	right	right	1	22	15.288	1439
22	10	4	40	10	left	left	1	17	15.654	1086
22	11	4	40	10	right	right	1	30	15.464	1940
22	12	4	40	10	left	left	1	14	15.217	920
22	13	4	40	10	left	left	1	15	15.228	985
22	14	4	40	10	right	right	1	12	15.852	757
22	15	4	40	10	left	left	1	15	16.112	931
22	16	4	40	10	left	left	1	17	15.441	1101
22	17	4	40	10	left	left	1	33	15.37	2147
22	18	4	40	10	right	right	1	52	15.312	3396
22	19	4	40	10	left	left	1	14	15.251	918
22	20	4	40	10	left	left	1	28	15.368	1822
22	21	4	40	10	left	left	1	16	15.399	1039
22	22	4	40	10	left	left	1	20	15.773	1268
22	23	4	40	10	right	right	1	20	15.552	1286
22	24	4	40	10	right	right	1	27	15.679	1722
22	25	4	40	10	right	right	1	29	15.558	1864
22	26	4	40	10	right	right	1	13	16.049	810
22	27	4	40	10	right	right	1	46	15.369	2993
22	28	4	40	10	right	right	1	15	15.369	976
22	29	4	40	10	right	right	1	43	15.168	2835
22	30	4	40	10	right	right	1	34	15.42	2205
22	31	4	40	10	left	left	1	20	15.337	1304
22	32	4	40	10	left	left	1	27	15.589	1732
22	33	4	40	10	left	left	1	46	15.318	3003
23	1	4	40	10	right	right	1	27	15.28	1767
23	2	4	40	10	right	left	0	37	15.176	2438
23	3	4	40	10	left	left	1	20	15.576	1284
23	4	4	40	10	right	right	1	15	15.512	967
23	5	4	40	10	left	left	1	12	15.915	754
23	6	4	40	10	right	right	1	36	15.578	2311
23	7	4	40	10	right	right	1	21	15.475	1357
23	8	4	40	10	right	right	1	17	15.152	1122
23	9	4	40	10	left	left	1	14	15.608	897
23	10	4	40	10	right	right	1	22	15.342	1434
23	11	4	40	10	right	right	1	15	15.609	961
23	12	4	40	10	right	right	1	15	15.69	956
23	13	4	40	10	left	left	1	15	15.512	967
23	14	4	40	10	right	right	1	18	15.491	1162
23	15	4	40	10	left	left	1	21	15.328	1370
23	16	4	40	10	left	left	1	15	15.259	983
23	17	4	40	10	left	left	1	15	15.723	954
23	18	4	40	10	right	right	1	14	15.267	917
23	19	4	40	10	left	left	1	13	16.109	807
23	20	4	40	10	left	left	1	35	15.311	2286
23	21	4	40	10	right	right	1	15	15.723	954
23	22	4	40	10	right	right	1	23	15.488	1485
23	23	4	40	10	right	right	1	18	15.557	1157
23	24	4	40	10	right	right	1	17	15.568	1092
23	25	4	40	10	right	right	1	15	15.974	939
23	26	4	40	10	right	right	1	15	15.806	949
23	27	4	40	10	left	left	1	32	15.504	2064
23	28	4	40	10	right	right	1	19	15.044	1263
23	29	4	40	10	left	left	1	14	15.301	915
23	30	4	40	10	right	right	1	16	15.936	1004
23	31	4	40	10	right	left	0	13	15.476	840
23	32	4	40	10	right	right	1	18	15.254	1180
23	33	4	40	10	right	right	1	18	15.241	1181
23	34	4	40	10	right	right	1	12	15.524	773
23	35	4	40	10	left	left	1	15	15.576	963
23	36	4	40	10	left	left	1	12	15.831	758
23	37	4	40	10	right	right	1	21	15.217	1380
24	1	4	40	10	left	left	1	26	15.357	1693
24	2	4	40	10	right	right	1	19	15.298	1242
24	3	4	40	10	right	right	1	19	15.36	1237
24	4	4	40	10	right	right	1	17	15.977	1064
24	5	4	40	10	right	right	1	14	15.419	908
24	6	4	40	10	left	left	1	22	15.559	1414
24	7	4	40	10	right	right	1	16	15.209	1052
24	8	4	40	10	right	right	1	14	16.185	865
24	9	4	40	10	right	right	1	14	15.909	880
24	10	4	40	10	right	right	1	13	15.169	857
24	11	4	40	10	left	left	1	15	15.213	986
24	12	4	40	10	right	right	1	33	15.529	2125
24	13	4	40	10	left	left	1	36	15.371	2342
24	14	4	40	10	left	left	1	21	15.217	1380
24	15	4	40	10	left	left	1	10	15.576	642
24	16	4	40	10	left	left	1	11	16.058	685
24	17	4	40	10	left	left	1	23	15.212	1512
24	18	4	40	10	right	right	1	26	15.541	1673
24	19	4	40	10	left	left	1	12	15.19	790
24	20	4	40	10	left	left	1	14	15.819	885
24	21	4	40	10	right	right	1	30	15.267	1965
24	22	4	40	10	left	left	1	11	16.129	682
24	23	4	40	10	right	right	1	22	15.482	1421
24	24	4	40	10	left	left	1	17	15.683	1084
24	25	4	40	10	right	right	1	14	16.166	866
24	26	4	40	10	right	right	1	17	15.469	1099
24	27	4	40	10	right	right	1	16	15.984	1001
24	28	4	40	10	left	left	1	14	15.538	901
24	29	4	40	10	left	left	1	26	15.56	1671
24	30	4	40	10	right	left	0	49	15.189	3226
24	31	4	40	10	right	right	1	38	15.397	2468
24	32	4	40	10	left	left	1	19	15.966	1190
24	33	4	40	10	right	right	1	11	15.67	702
24	34	4	40	10	left	left	1	12	15.727	763
24	35	4	40	10	right	right	1	15	16.164	928
24	36	4	40	10	left	left	1	9	15.571	578
24	37	4	40	10	right	right	1	14	15.436	907
