
blkNum	trlNum	coherentDots	numberofDots	percentCoherence	winningDirection	response	correct	eventCount	averageFrameRate	RT
1	1	4	40	10	left	left	1	369	15.157	24345
1	2	4	40	10	right	right	1	62	15.241	4068
1	3	4	40	10	left	right	0	50	15.142	3302
1	4	4	40	10	left	right	0	107	15.177	7050
1	5	4	40	10	left	left	1	44	15.422	2853
1	6	4	40	10	right	left	0	54	15.203	3552
1	7	4	40	10	left	right	0	107	15.212	7034
1	8	4	40	10	left	left	1	19	15.067	1261
1	9	4	40	10	right	left	0	16	16	1000
2	1	4	40	10	right	left	0	45	15.254	2950
2	2	4	40	10	left	left	1	25	15.235	1641
2	3	4	40	10	left	left	1	16	15.311	1045
2	4	4	40	10	left	right	0	38	15.212	2498
2	5	4	40	10	left	left	1	9	15.177	593
2	6	4	40	10	right	left	0	10	16.367	611
2	7	4	40	10	right	left	0	38	15.267	2489
2	8	4	40	10	right	left	0	12	15.484	775
2	9	4	40	10	left	left	1	46	15.162	3034
2	10	4	40	10	left	left	1	34	15.497	2194
2	11	4	40	10	right	right	1	47	15.196	3093
2	12	4	40	10	left	right	0	24	15.248	1574
2	13	4	40	10	left	right	0	41	15.448	2654
2	14	4	40	10	left	right	0	16	15.61	1025
2	15	4	40	10	right	right	1	47	15.171	3098
2	16	4	40	10	right	right	1	36	15.28	2356
2	17	4	40	10	right	right	1	12	15.404	779
2	18	4	40	10	right	right	1	13	15.758	825
2	19	4	40	10	right	right	1	10	16.234	616
2	20	4	40	10	right	right	1	12	15.748	762
2	21	4	40	10	left	right	0	9	15.845	568
2	22	4	40	10	left	right	0	143	15.218	9397
2	23	4	40	10	right	left	0	14	16.26	861
3	1	4	40	10	left	right	0	33	15.186	2173
3	2	4	40	10	right	left	0	9	15.734	572
3	3	4	40	10	left	right	0	11	15.581	706
3	4	4	40	10	right	left	0	19	15.286	1243
3	5	4	40	10	right	right	1	16	15.474	1034
3	6	4	40	10	left	right	0	19	15.044	1263
3	7	4	40	10	left	left	1	27	15.716	1718
3	8	4	40	10	right	left	0	21	15.754	1333
3	9	4	40	10	right	right	1	11	15.85	694
3	10	4	40	10	left	right	0	22	15.692	1402
3	11	4	40	10	left	left	1	16	15.686	1020
3	12	4	40	10	right	left	0	19	15.625	1216
3	13	4	40	10	right	right	1	15	15.641	959
3	14	4	40	10	right	right	1	21	15.789	1330
3	15	4	40	10	right	right	1	14	15.66	894
3	16	4	40	10	left	right	0	18	15.859	1135
3	17	4	40	10	right	left	0	28	15.326	1827
3	18	4	40	10	right	right	1	356	15.187	23441
3	19	4	40	10	right	right	1	15	15.56	964
3	20	4	40	10	left	right	0	12	16.327	735
3	21	4	40	10	left	right	0	30	15.617	1921
4	1	4	40	10	left	left	1	29	15.566	1863
4	2	4	40	10	left	left	1	13	15.606	833
4	3	4	40	10	right	right	1	18	15.762	1142
4	4	4	40	10	right	right	1	25	15.47	1616
4	5	4	40	10	left	right	0	24	15.666	1532
4	6	4	40	10	right	right	1	102	15.138	6738
4	7	4	40	10	right	right	1	19	15.51	1225
4	8	4	40	10	left	right	0	17	15.138	1123
4	9	4	40	10	left	right	0	36	15.477	2326
4	10	4	40	10	right	left	0	35	15.244	2296
4	11	4	40	10	right	right	1	25	15.152	1650
4	12	4	40	10	left	right	0	13	15.971	814
4	13	4	40	10	left	right	0	23	15.604	1474
4	14	4	40	10	left	left	1	30	15.19	1975
4	15	4	40	10	left	left	1	15	16.112	931
4	16	4	40	10	right	left	0	16	15.671	1021
4	17	4	40	10	right	right	1	10	15.456	647
4	18	4	40	10	right	right	1	26	15.616	1665
4	19	4	40	10	left	right	0	19	15.447	1230
4	20	4	40	10	right	right	1	15	15.416	973
4	21	4	40	10	left	right	0	15	16.164	928
4	22	4	40	10	left	right	0	14	15.368	911
4	23	4	40	10	left	left	1	11	16.058	685
4	24	4	40	10	left	left	1	17	15.625	1088
4	25	4	40	10	left	left	1	10	16.722	598
4	26	4	40	10	left	left	1	24	15.306	1568
4	27	4	40	10	left	left	1	12	16.064	747
4	28	4	40	10	right	left	0	45	15.244	2952
4	29	4	40	10	right	left	0	10	16.779	596
5	1	4	40	10	right	right	1	18	15.929	1130
5	2	4	40	10	right	right	1	7	15.59	449
5	3	4	40	10	right	right	1	8	16.985	471
5	4	4	40	10	right	right	1	7	15.73	445
5	5	4	40	10	left	right	0	8	15.534	515
5	6	4	40	10	right	left	0	11	16.2	679
5	7	4	40	10	left	right	0	9	15.437	583
5	8	4	40	10	left	left	1	23	15.829	1453
5	9	4	40	10	right	left	0	18	15.345	1173
5	10	4	40	10	right	right	1	11	15.759	698
5	11	4	40	10	left	right	0	13	16.129	806
5	12	4	40	10	left	left	1	9	16.014	562
5	13	4	40	10	left	left	1	18	15.28	1178
5	14	4	40	10	right	left	0	10	16.393	610
5	15	4	40	10	left	right	0	9	16.76	537
5	16	4	40	10	right	left	0	10	15.873	630
5	17	4	40	10	right	right	1	11	15.172	725
5	18	4	40	10	left	right	0	39	15.318	2546
5	19	4	40	10	left	left	1	14	16	875
5	20	4	40	10	right	left	0	20	15.686	1275
5	21	4	40	10	right	right	1	8	16.842	475
5	22	4	40	10	left	right	0	13	15.312	849
5	23	4	40	10	right	left	0	9	15.254	590
5	24	4	40	10	left	right	0	11	15.537	708
5	25	4	40	10	right	right	1	24	15.267	1572
5	26	4	40	10	right	right	1	12	15.171	791
5	27	4	40	10	left	right	0	25	15.347	1629
5	28	4	40	10	left	right	0	13	15.513	838
5	29	4	40	10	left	right	0	14	16.166	866
5	30	4	40	10	right	left	0	28	15.234	1838
5	31	4	40	10	left	right	0	10	16.529	605
5	32	4	40	10	left	right	0	161	15.23	10571
6	1	4	40	10	right	right	1	20	15.81	1265
6	2	4	40	10	right	right	1	20	15.209	1315
6	3	4	40	10	left	right	0	10	15.848	631
6	4	4	40	10	left	right	0	14	15.642	895
6	5	4	40	10	left	right	0	43	15.468	2780
6	6	4	40	10	left	right	0	34	15.497	2194
6	7	4	40	10	right	left	0	16	15.984	1001
6	8	4	40	10	right	right	1	10	15.576	642
6	9	4	40	10	left	right	0	11	15.692	701
6	10	4	40	10	left	right	0	12	16.327	735
6	11	4	40	10	right	right	1	18	15.625	1152
6	12	4	40	10	right	right	1	11	15.449	712
6	13	4	40	10	right	right	1	12	16.216	740
6	14	4	40	10	left	right	0	16	15.253	1049
6	15	4	40	10	left	right	0	18	15.803	1139
6	16	4	40	10	left	right	0	16	15.873	1008
6	17	4	40	10	right	left	0	15	15.496	968
6	18	4	40	10	left	right	0	9	15.177	593
6	19	4	40	10	right	right	1	49	15.317	3199
6	20	4	40	10	left	right	0	11	15.214	723
6	21	4	40	10	right	right	1	18	15.666	1149
6	22	4	40	10	left	right	0	222	15.185	14620
6	23	4	40	10	left	right	0	54	15.263	3538
6	24	4	40	10	left	left	1	25	15.281	1636
7	1	4	40	10	left	left	1	36	15.404	2337
7	2	4	40	10	left	left	1	12	15.484	775
7	3	4	40	10	left	left	1	41	15.27	2685
7	4	4	40	10	left	right	0	43	15.248	2820
7	5	4	40	10	right	left	0	20	15.987	1251
7	6	4	40	10	left	right	0	20	15.408	1298
7	7	4	40	10	left	left	1	26	15.449	1683
7	8	4	40	10	left	left	1	15	15.756	952
7	9	4	40	10	right	left	0	11	15.782	697
7	10	4	40	10	right	right	1	13	15.276	851
7	11	4	40	10	left	right	0	12	15.404	779
7	12	4	40	10	left	left	1	11	15.172	725
7	13	4	40	10	right	left	0	12	15.748	762
7	14	4	40	10	right	right	1	8	15.267	524
7	15	4	40	10	left	right	0	19	15.677	1212
7	16	4	40	10	left	left	1	21	15.602	1346
7	17	4	40	10	right	left	0	15	15.259	983
7	18	4	40	10	left	right	0	12	15.81	759
7	19	4	40	10	right	left	0	13	16.209	802
7	20	4	40	10	left	right	0	10	16.103	621
7	21	4	40	10	right	right	1	19	15.079	1260
7	22	4	40	10	right	right	1	22	15.737	1398
7	23	4	40	10	left	left	1	43	15.335	2804
7	24	4	40	10	left	left	1	25	15.413	1622
7	25	4	40	10	right	left	0	27	15.332	1761
7	26	4	40	10	right	right	1	19	15.651	1214
7	27	4	40	10	left	right	0	17	15.639	1087
7	28	4	40	10	right	right	1	22	15.342	1434
7	29	4	40	10	right	right	1	20	15.528	1288
7	30	4	40	10	right	right	1	16	15.702	1019
7	31	4	40	10	right	right	1	16	15.519	1031
7	32	4	40	10	left	right	0	12	16.064	747
8	1	4	40	10	right	left	0	16	15.889	1007
8	2	4	40	10	left	right	0	29	15.558	1864
8	3	4	40	10	left	left	1	22	15.726	1399
8	4	4	40	10	right	right	1	20	15.564	1285
8	5	4	40	10	left	left	1	18	15.517	1160
8	6	4	40	10	right	right	1	18	15.845	1136
8	7	4	40	10	right	right	1	33	15.117	2183
8	8	4	40	10	left	right	0	21	15.801	1329
8	9	4	40	10	left	left	1	7	15.801	443
8	10	4	40	10	right	right	1	14	15.487	904
8	11	4	40	10	left	left	1	17	15.712	1082
8	12	4	40	10	left	right	0	19	15.833	1200
8	13	4	40	10	right	right	1	22	15.31	1437
8	14	4	40	10	left	left	1	22	15.67	1404
8	15	4	40	10	left	right	0	21	15.239	1378
8	16	4	40	10	left	left	1	24	15.113	1588
8	17	4	40	10	right	left	0	33	15.349	2150
8	18	4	40	10	right	right	1	16	15.444	1036
8	19	4	40	10	left	right	0	28	15.209	1841
8	20	4	40	10	left	left	1	31	15.256	2032
8	21	4	40	10	left	left	1	41	15.448	2654
8	22	4	40	10	right	right	1	20	15.094	1325
8	23	4	40	10	left	left	1	20	15.711	1273
8	24	4	40	10	right	right	1	18	15.915	1131
8	25	4	40	10	left	left	1	20	15.396	1299
8	26	4	40	10	left	right	0	18	15.544	1158
8	27	4	40	10	right	right	1	22	15.428	1426
8	28	4	40	10	left	left	1	17	15.371	1106
8	29	4	40	10	right	right	1	28	15.217	1840
8	30	4	40	10	left	left	1	15	15.106	993
8	31	4	40	10	left	left	1	41	15.362	2669
9	1	4	40	10	right	right	1	16	15.296	1046
9	2	4	40	10	right	right	1	25	15.142	1651
9	3	4	40	10	left	left	1	19	15.536	1223
9	4	4	40	10	right	right	1	19	15.833	1200
9	5	4	40	10	left	right	0	59	15.393	3833
9	6	4	40	10	left	left	1	16	15.238	1050
9	7	4	40	10	left	left	1	76	15.227	4991
9	8	4	40	10	right	right	1	24	15.209	1578
9	9	4	40	10	right	right	1	27	15.437	1749
9	10	4	40	10	left	left	1	35	15.324	2284
9	11	4	40	10	right	right	1	33	15.559	2121
9	12	4	40	10	right	left	0	27	15.194	1777
9	13	4	40	10	left	right	0	36	15.584	2310
9	14	4	40	10	left	left	1	17	15.399	1104
9	15	4	40	10	right	right	1	41	15.448	2654
9	16	4	40	10	left	left	1	30	15.52	1933
9	17	4	40	10	left	right	0	168	15.184	11064
9	18	4	40	10	left	left	1	30	15.159	1979
9	19	4	40	10	right	right	1	15	16.043	935
9	20	4	40	10	left	left	1	12	15.113	794
9	21	4	40	10	left	right	0	12	15.957	752
9	22	4	40	10	left	right	0	47	15.41	3050
10	1	4	40	10	left	right	0	18	15.734	1144
10	2	4	40	10	left	right	0	26	15.663	1660
10	3	4	40	10	left	left	1	7	16.627	421
10	4	4	40	10	right	left	0	12	15.248	787
10	5	4	40	10	left	right	0	28	15.301	1830
10	6	4	40	10	left	left	1	30	15.275	1964
10	7	4	40	10	right	right	1	18	15.734	1144
10	8	4	40	10	left	left	1	61	15.315	3983
10	9	4	40	10	right	left	0	39	15.385	2535
10	10	4	40	10	right	right	1	21	15.184	1383
10	11	4	40	10	right	right	1	26	15.504	1677
10	12	4	40	10	left	right	0	22	15.428	1426
10	13	4	40	10	right	left	0	17	15.219	1117
10	14	4	40	10	left	right	0	12	15.152	792
10	15	4	40	10	right	left	0	60	15.353	3908
10	16	4	40	10	left	right	0	19	15.139	1255
10	17	4	40	10	right	right	1	34	15.357	2214
10	18	4	40	10	right	right	1	15	15.609	961
10	19	4	40	10	left	right	0	73	15.323	4764
10	20	4	40	10	right	left	0	114	15.279	7461
10	21	4	40	10	left	right	0	47	15.41	3050
11	1	4	40	10	left	right	0	19	15.993	1188
11	2	4	40	10	left	right	0	25	15.605	1602
11	3	4	40	10	right	left	0	46	15.162	3034
11	4	4	40	10	right	right	1	177	15.219	11630
11	5	4	40	10	right	left	0	99	15.252	6491
11	6	4	40	10	right	right	1	46	15.293	3008
11	7	4	40	10	left	left	1	59	15.179	3887
11	8	4	40	10	right	right	1	34	15.42	2205
11	9	4	40	10	left	left	1	29	15.36	1888
11	10	4	40	10	right	right	1	153	15.198	10067
11	11	4	40	10	right	left	0	113	15.239	7415
11	12	4	40	10	left	right	0	95	15.154	6269
12	1	4	40	10	right	right	1	46	15.287	3009
12	2	4	40	10	left	right	0	16	15.152	1056
12	3	4	40	10	left	right	0	55	15.235	3610
12	4	4	40	10	right	right	1	29	15.128	1917
12	5	4	40	10	left	right	0	24	15.534	1545
12	6	4	40	10	right	right	1	61	15.223	4007
12	7	4	40	10	left	left	1	37	15.315	2416
12	8	4	40	10	left	left	1	37	15.214	2432
12	9	4	40	10	right	left	0	21	15.719	1336
12	10	4	40	10	right	right	1	15	15.991	938
12	11	4	40	10	left	right	0	24	15.831	1516
12	12	4	40	10	right	right	1	20	15.408	1298
12	13	4	40	10	left	right	0	28	15.722	1781
12	14	4	40	10	left	right	0	14	15.73	890
12	15	4	40	10	right	right	1	23	15.541	1480
12	16	4	40	10	left	left	1	40	15.291	2616
12	17	4	40	10	right	right	1	74	15.195	4870
12	18	4	40	10	right	right	1	53	15.243	3477
12	19	4	40	10	left	right	0	35	15.412	2271
12	20	4	40	10	right	left	0	21	15.162	1385
12	21	4	40	10	left	right	0	12	15.424	778
12	22	4	40	10	left	left	1	36	15.584	2310
13	1	4	40	10	right	right	1	13	16.169	804
13	2	4	40	10	left	right	0	15	15.974	939
13	3	4	40	10	right	right	1	74	15.334	4826
13	4	4	40	10	right	right	1	37	15.315	2416
13	5	4	40	10	left	right	0	28	15.094	1855
13	6	4	40	10	left	left	1	18	15.986	1126
13	7	4	40	10	right	left	0	21	15.295	1373
13	8	4	40	10	left	right	0	17	15.992	1063
13	9	4	40	10	right	left	0	27	15.535	1738
13	10	4	40	10	left	right	0	23	15.488	1485
13	11	4	40	10	right	left	0	24	15.605	1538
13	12	4	40	10	left	right	0	65	15.183	4281
13	13	4	40	10	left	right	0	38	15.385	2470
13	14	4	40	10	right	right	1	66	15.179	4348
13	15	4	40	10	right	right	1	39	15.246	2558
13	16	4	40	10	left	left	1	36	15.345	2346
13	17	4	40	10	left	left	1	21	15.173	1384
13	18	4	40	10	right	left	0	71	15.368	4620
13	19	4	40	10	right	right	1	119	15.206	7826
14	1	4	40	10	right	right	1	86	15.221	5650
14	2	4	40	10	right	right	1	49	15.289	3205
14	3	4	40	10	left	right	0	36	15.404	2337
14	4	4	40	10	left	right	0	44	15.385	2860
14	5	4	40	10	right	right	1	144	15.236	9451
14	6	4	40	10	right	left	0	49	15.351	3192
14	7	4	40	10	right	right	1	51	15.357	3321
14	8	4	40	10	left	right	0	51	15.361	3320
14	9	4	40	10	right	right	1	28	15.251	1836
14	10	4	40	10	left	right	0	36	15.274	2357
14	11	4	40	10	right	left	0	17	15.962	1065
14	12	4	40	10	left	right	0	18	15.679	1148
14	13	4	40	10	right	right	1	26	15.7	1656
14	14	4	40	10	right	right	1	16	15.195	1053
14	15	4	40	10	right	right	1	33	15.207	2170
14	16	4	40	10	left	left	1	35	15.487	2260
14	17	4	40	10	left	right	0	38	15.176	2504
15	1	4	40	10	left	left	1	177	15.218	11631
15	2	4	40	10	right	right	1	33	15.193	2172
15	3	4	40	10	right	right	1	25	15.188	1646
15	4	4	40	10	right	right	1	87	15.269	5698
15	5	4	40	10	right	right	1	66	15.2	4342
15	6	4	40	10	left	right	0	49	15.467	3168
15	7	4	40	10	left	left	1	36	15.404	2337
15	8	4	40	10	right	left	0	37	15.17	2439
15	9	4	40	10	left	left	1	64	15.311	4180
15	10	4	40	10	right	left	0	27	15.194	1777
15	11	4	40	10	right	right	1	24	15.821	1517
15	12	4	40	10	left	right	0	36	15.267	2358
15	13	4	40	10	left	left	1	19	15.31	1241
15	14	4	40	10	left	left	1	42	15.334	2739
15	15	4	40	10	right	left	0	28	15.453	1812
15	16	4	40	10	right	right	1	16	15.733	1017
15	17	4	40	10	right	right	1	30	15.259	1966
16	1	4	40	10	right	right	1	13	15.663	830
16	2	4	40	10	right	right	1	11	15.32	718
16	3	4	40	10	left	left	1	28	15.259	1835
16	4	4	40	10	right	right	1	18	15.358	1172
16	5	4	40	10	right	left	0	12	15.385	780
16	6	4	40	10	right	right	1	9	16.1	559
16	7	4	40	10	left	left	1	27	15.634	1727
16	8	4	40	10	right	right	1	13	15.222	854
16	9	4	40	10	right	left	0	21	15.464	1358
16	10	4	40	10	right	right	1	17	15.639	1087
16	11	4	40	10	right	right	1	12	16.173	742
16	12	4	40	10	left	left	1	22	15.257	1442
16	13	4	40	10	right	right	1	17	15.611	1089
16	14	4	40	10	right	right	1	28	15.564	1799
16	15	4	40	10	right	left	0	17	15.192	1119
16	16	4	40	10	right	right	1	21	15.683	1339
16	17	4	40	10	left	left	1	36	15.101	2384
16	18	4	40	10	left	left	1	55	15.316	3591
16	19	4	40	10	left	left	1	21	15.66	1341
16	20	4	40	10	right	right	1	28	15.334	1826
16	21	4	40	10	right	right	1	21	15.59	1347
16	22	4	40	10	left	left	1	20	15.152	1320
16	23	4	40	10	left	left	1	20	15.198	1316
16	24	4	40	10	right	right	1	20	15.152	1320
16	25	4	40	10	right	left	0	48	15.287	3140
16	26	4	40	10	right	right	1	52	15.276	3404
16	27	4	40	10	right	right	1	33	15.349	2150
16	28	4	40	10	left	left	1	22	15.46	1423
16	29	4	40	10	right	right	1	55	15.223	3613
17	1	4	40	10	left	left	1	19	15.372	1236
17	2	4	40	10	right	left	0	14	15.66	894
17	3	4	40	10	right	right	1	15	15.957	940
17	4	4	40	10	right	right	1	16	15.166	1055
17	5	4	40	10	right	left	0	19	15.886	1196
17	6	4	40	10	right	right	1	22	15.342	1434
17	7	4	40	10	left	right	0	17	15.843	1073
17	8	4	40	10	left	left	1	22	15.592	1411
17	9	4	40	10	right	right	1	59	15.265	3865
17	10	4	40	10	left	left	1	21	15.648	1342
17	11	4	40	10	left	right	0	21	15.228	1379
17	12	4	40	10	left	left	1	17	15.539	1094
17	13	4	40	10	right	left	0	31	15.347	2020
17	14	4	40	10	left	left	1	40	15.349	2606
17	15	4	40	10	right	right	1	22	15.681	1403
17	16	4	40	10	right	right	1	86	15.243	5642
17	17	4	40	10	right	right	1	45	15.475	2908
17	18	4	40	10	left	right	0	50	15.466	3233
17	19	4	40	10	left	left	1	16	15.109	1059
17	20	4	40	10	left	left	1	20	15.42	1297
17	21	4	40	10	left	left	1	36	15.437	2332
17	22	4	40	10	right	left	0	31	15.301	2026
17	23	4	40	10	right	right	1	13	15.24	853
17	24	4	40	10	right	right	1	21	15.295	1373
17	25	4	40	10	left	left	1	37	15.404	2402
17	26	4	40	10	right	left	0	32	15.429	2074
18	1	4	40	10	left	right	0	41	15.519	2642
18	2	4	40	10	right	left	0	12	15.209	789
18	3	4	40	10	left	left	1	67	15.367	4360
18	4	4	40	10	right	right	1	32	15.13	2115
18	5	4	40	10	right	left	0	29	15.401	1883
18	6	4	40	10	right	right	1	31	13.778	2250
18	7	4	40	10	left	left	1	29	15.575	1862
18	8	4	40	10	right	right	1	19	15.625	1216
18	9	4	40	10	left	right	0	79	15.257	5178
18	10	4	40	10	left	left	1	44	15.251	2885
18	11	4	40	10	left	left	1	50	15.239	3281
18	12	4	40	10	right	right	1	30	15.504	1935
18	13	4	40	10	left	left	1	60	15.205	3946
18	14	4	40	10	left	right	0	36	15.293	2354
18	15	4	40	10	left	left	1	52	15.2	3421
18	16	4	40	10	right	left	0	36	15.313	2351
18	17	4	40	10	right	right	1	79	15.23	5187
18	18	4	40	10	left	right	0	45	15.317	2938
19	1	4	40	10	left	left	1	44	15.412	2855
19	2	4	40	10	right	right	1	24	15.209	1578
19	3	4	40	10	left	left	1	19	15.067	1261
19	4	4	40	10	left	right	0	15	15.907	943
19	5	4	40	10	left	left	1	14	15.945	878
19	6	4	40	10	left	left	1	24	15.474	1551
19	7	4	40	10	left	left	1	24	15.779	1521
19	8	4	40	10	right	left	0	19	15.103	1258
19	9	4	40	10	left	right	0	12	15.605	769
19	10	4	40	10	right	right	1	33	15.363	2148
19	11	4	40	10	right	right	1	26	15.43	1685
19	12	4	40	10	left	left	1	61	15.361	3971
19	13	4	40	10	right	right	1	32	15.362	2083
19	14	4	40	10	left	left	1	29	15.475	1874
19	15	4	40	10	left	left	1	72	15.187	4741
19	16	4	40	10	right	right	1	67	15.363	4361
19	17	4	40	10	right	right	1	74	15.208	4866
19	18	4	40	10	right	right	1	30	15.361	1953
19	19	4	40	10	left	right	0	45	15.427	2917
19	20	4	40	10	right	left	0	41	15.259	2687
19	21	4	40	10	left	left	1	120	15.236	7876
20	1	4	40	10	left	right	0	27	15.589	1732
20	2	4	40	10	right	left	0	35	15.351	2280
20	3	4	40	10	left	left	1	28	15.276	1833
20	4	4	40	10	left	left	1	291	15.174	19178
20	5	4	40	10	left	left	1	33	15.221	2168
20	6	4	40	10	right	right	1	34	15.441	2202
20	7	4	40	10	left	right	0	28	15.111	1853
20	8	4	40	10	left	left	1	43	15.254	2819
20	9	4	40	10	right	left	0	42	15.368	2733
20	10	4	40	10	left	right	0	19	15.794	1203
20	11	4	40	10	right	left	0	20	15.81	1265
20	12	4	40	10	right	right	1	29	15.5	1871
20	13	4	40	10	right	right	1	20	15.129	1322
20	14	4	40	10	left	right	0	30	15.385	1950
20	15	4	40	10	right	left	0	51	15.329	3327
20	16	4	40	10	left	right	0	48	15.171	3164
21	1	4	40	10	left	right	0	52	15.303	3398
21	2	4	40	10	right	right	1	37	15.139	2444
21	3	4	40	10	left	left	1	35	15.158	2309
21	4	4	40	10	left	left	1	35	15.5	2258
21	5	4	40	10	left	right	0	70	15.175	4613
21	6	4	40	10	left	left	1	38	15.255	2491
21	7	4	40	10	right	right	1	29	15.45	1877
21	8	4	40	10	left	left	1	36	15.578	2311
21	9	4	40	10	right	right	1	28	15.582	1797
21	10	4	40	10	right	right	1	172	15.209	11309
21	11	4	40	10	right	right	1	40	15.474	2585
21	12	4	40	10	right	right	1	24	15.645	1534
21	13	4	40	10	right	right	1	49	15.241	3215
21	14	4	40	10	right	right	1	26	15.663	1660
21	15	4	40	10	left	right	0	36	15.457	2329
21	16	4	40	10	right	left	0	30	15.601	1923
21	17	4	40	10	left	right	0	39	15.169	2571
21	18	4	40	10	right	right	1	71	15.184	4676
22	1	4	40	10	left	right	0	14	16.298	859
22	2	4	40	10	right	right	1	21	15.813	1328
22	3	4	40	10	right	right	1	39	15.205	2565
22	4	4	40	10	right	right	1	24	15.142	1585
22	5	4	40	10	left	left	1	43	15.468	2780
22	6	4	40	10	right	right	1	16	15.92	1005
22	7	4	40	10	left	left	1	18	15.504	1161
22	8	4	40	10	right	right	1	20	15.326	1305
22	9	4	40	10	right	right	1	25	15.432	1620
22	10	4	40	10	left	left	1	36	15.464	2328
22	11	4	40	10	left	left	1	32	15.64	2046
22	12	4	40	10	left	left	1	27	15.446	1748
22	13	4	40	10	left	left	1	25	15.142	1651
22	14	4	40	10	left	right	0	33	15.449	2136
22	15	4	40	10	left	left	1	24	15.821	1517
22	16	4	40	10	left	left	1	31	15.392	2014
22	17	4	40	10	left	left	1	47	15.161	3100
22	18	4	40	10	left	left	1	32	15.459	2070
22	19	4	40	10	right	right	1	119	15.247	7805
22	20	4	40	10	right	right	1	35	15.351	2280
22	21	4	40	10	left	left	1	51	15.306	3332
22	22	4	40	10	left	left	1	26	15.663	1660
22	23	4	40	10	right	right	1	35	15.398	2273
23	1	4	40	10	right	right	1	41	15.35	2671
23	2	4	40	10	right	left	0	29	15.376	1886
23	3	4	40	10	right	right	1	12	15.852	757
23	4	4	40	10	left	right	0	26	15.449	1683
23	5	4	40	10	left	left	1	18	15.666	1149
23	6	4	40	10	left	left	1	21	15.385	1365
23	7	4	40	10	left	left	1	22	15.257	1442
23	8	4	40	10	left	left	1	26	15.321	1697
23	9	4	40	10	right	right	1	16	15.64	1023
23	10	4	40	10	right	right	1	110	15.254	7211
23	11	4	40	10	right	right	1	30	15.504	1935
23	12	4	40	10	right	right	1	20	15.314	1306
23	13	4	40	10	right	right	1	24	15.414	1557
23	14	4	40	10	right	right	1	15	15.136	991
23	15	4	40	10	right	right	1	36	15.287	2355
23	16	4	40	10	right	right	1	22	15.428	1426
23	17	4	40	10	left	right	0	23	15.7	1465
23	18	4	40	10	left	left	1	16	15.429	1037
23	19	4	40	10	right	left	0	67	15.332	4370
23	20	4	40	10	left	right	0	26	15.616	1665
23	21	4	40	10	right	left	0	17	15.247	1115
23	22	4	40	10	left	right	0	23	15.562	1478
23	23	4	40	10	left	left	1	52	15.426	3371
23	24	4	40	10	left	left	1	23	15.416	1492
23	25	4	40	10	right	left	0	30	15.4	1948
24	1	4	40	10	right	right	1	42	15.306	2744
24	2	4	40	10	left	left	1	40	15.385	2600
24	3	4	40	10	left	right	0	29	15.516	1869
24	4	4	40	10	left	left	1	20	15.48	1292
24	5	4	40	10	left	left	1	119	15.258	7799
24	6	4	40	10	right	right	1	88	15.188	5794
24	7	4	40	10	right	left	0	52	15.29	3401
24	8	4	40	10	left	left	1	66	15.253	4327
24	9	4	40	10	right	right	1	50	15.138	3303
24	10	4	40	10	left	left	1	155	15.235	10174
24	11	4	40	10	right	right	1	55	15.389	3574
24	12	4	40	10	left	left	1	35	15.439	2267
24	13	4	40	10	left	left	1	59	15.144	3896
24	14	4	40	10	left	left	1	38	15.435	2462
