
blkNum	trlNum	coherentDots	numberofDots	percentCoherence	winningDirection	response	correct	eventCount	averageFrameRate	RT
1	1	4	40	10	right	right	1	253	15.148	16702
1	2	4	40	10	left	left	1	37	15.488	2389
1	3	4	40	10	right	right	1	30	15.337	1956
1	4	4	40	10	right	right	1	37	15.315	2416
1	5	4	40	10	left	left	1	21	15.813	1328
1	6	4	40	10	left	left	1	23	15.829	1453
1	7	4	40	10	left	left	1	20	15.291	1308
1	8	4	40	10	right	left	0	26	15.403	1688
1	9	4	40	10	left	left	1	20	15.314	1306
1	10	4	40	10	right	right	1	34	15.247	2230
1	11	4	40	10	right	left	0	36	15.352	2345
1	12	4	40	10	left	right	0	89	15.232	5843
1	13	4	40	10	left	left	1	64	15.296	4184
1	14	4	40	10	right	left	0	31	15.331	2022
1	15	4	40	10	left	right	0	30	15.424	1945
1	16	4	40	10	right	left	0	31	15.233	2035
1	17	4	40	10	right	left	0	29	15.128	1917
1	18	4	40	10	left	right	0	27	15.228	1773
1	19	4	40	10	right	right	1	36	15.248	2361
1	20	4	40	10	right	right	1	29	15.491	1872
1	21	4	40	10	left	right	0	57	15.38	3706
1	22	4	40	10	right	right	1	41	15.253	2688
1	23	4	40	10	right	right	1	103	15.273	6744
1	24	4	40	10	right	right	1	22	15.288	1439
1	25	4	40	10	right	right	1	40	15.444	2590
1	26	4	40	10	left	right	0	27	15.679	1722
1	27	4	40	10	right	right	1	52	15.308	3397
1	28	4	40	10	right	left	0	36	15.113	2382
1	29	4	40	10	left	right	0	63	15.195	4146
1	30	4	40	10	right	right	1	43	15.21	2827
1	31	4	40	10	left	right	0	61	15.197	4014
1	32	4	40	10	left	right	0	60	15.198	3948
1	33	4	40	10	left	right	0	40	15.198	2632
1	34	4	40	10	left	left	1	41	15.379	2666
1	35	4	40	10	right	left	0	43	15.178	2833
1	36	4	40	10	left	right	0	16	15.748	1016
1	37	4	40	10	left	right	0	117	15.152	7722
1	38	4	40	10	left	right	0	104	15.174	6854
1	39	4	40	10	left	left	1	36	15.222	2365
1	40	4	40	10	right	right	1	19	15.574	1220
2	1	4	40	10	left	right	0	42	15.289	2747
2	2	4	40	10	right	left	0	60	15.148	3961
2	3	4	40	10	left	right	0	28	15.722	1781
2	4	4	40	10	right	left	0	140	15.188	9218
2	5	4	40	10	left	right	0	17	15.654	1086
2	6	4	40	10	left	left	1	42	15.262	2752
2	7	4	40	10	right	right	1	227	15.206	14928
2	8	4	40	10	right	left	0	43	15.346	2802
2	9	4	40	10	right	right	1	18	15.504	1161
2	10	4	40	10	right	right	1	86	15.16	5673
2	11	4	40	10	left	left	1	77	15.217	5060
2	12	4	40	10	left	left	1	29	15.167	1912
2	13	4	40	10	right	left	0	30	15.601	1923
2	14	4	40	10	right	left	0	56	15.267	3668
2	15	4	40	10	left	right	0	100	15.263	6552
2	16	4	40	10	left	left	1	30	15.314	1959
2	17	4	40	10	right	right	1	40	15.267	2620
2	18	4	40	10	left	right	0	43	15.396	2793
2	19	4	40	10	right	right	1	56	15.251	3672
2	20	4	40	10	right	left	0	21	15.625	1344
2	21	4	40	10	left	right	0	29	15.541	1866
2	22	4	40	10	right	left	0	19	15.212	1249
2	23	4	40	10	left	right	0	151	15.234	9912
2	24	4	40	10	left	right	0	42	15.368	2733
2	25	4	40	10	left	right	0	58	15.191	3818
2	26	4	40	10	left	left	1	12	15.248	787
2	27	4	40	10	left	left	1	43	15.259	2818
2	28	4	40	10	right	left	0	58	15.219	3811
2	29	4	40	10	right	right	1	33	15.25	2164
2	30	4	40	10	left	right	0	62	15.385	4030
2	31	4	40	10	left	left	1	50	15.263	3276
2	32	4	40	10	left	left	1	31	15.354	2019
2	33	4	40	10	left	left	1	37	15.258	2425
2	34	4	40	10	right	right	1	28	15.547	1801
2	35	4	40	10	left	right	0	47	15.215	3089
2	36	4	40	10	right	left	0	70	15.351	4560
2	37	4	40	10	right	right	1	91	14.687	6196
2	38	4	40	10	right	right	1	156	15.18	10277
2	39	4	40	10	right	right	1	138	15.148	9110
2	40	4	40	10	right	left	0	36	15.345	2346
3	1	4	40	10	right	right	1	90	15.164	5935
3	2	4	40	10	left	left	1	36	15.511	2321
3	3	4	40	10	right	right	1	86	15.273	5631
3	4	4	40	10	left	left	1	38	15.466	2457
3	5	4	40	10	left	right	0	92	15.187	6058
3	6	4	40	10	right	left	0	53	15.243	3477
3	7	4	40	10	right	right	1	72	15.27	4715
3	8	4	40	10	right	right	1	42	15.453	2718
3	9	4	40	10	left	left	1	42	15.402	2727
3	10	4	40	10	left	left	1	59	15.305	3855
3	11	4	40	10	left	left	1	60	15.353	3908
3	12	4	40	10	left	left	1	56	15.176	3690
3	13	4	40	10	right	right	1	77	15.245	5051
3	14	4	40	10	left	left	1	55	15.252	3606
3	15	4	40	10	right	left	0	47	15.23	3086
3	16	4	40	10	right	right	1	67	15.241	4396
3	17	4	40	10	left	left	1	42	15.402	2727
3	18	4	40	10	left	left	1	60	15.349	3909
3	19	4	40	10	left	left	1	32	15.474	2068
3	20	4	40	10	left	left	1	39	15.217	2563
3	21	4	40	10	left	right	0	73	15.288	4775
3	22	4	40	10	right	right	1	75	15.216	4929
3	23	4	40	10	left	left	1	22	15.526	1417
3	24	4	40	10	right	right	1	28	15.419	1816
3	25	4	40	10	right	right	1	38	15.224	2496
3	26	4	40	10	right	right	1	104	15.18	6851
3	27	4	40	10	right	right	1	85	15.143	5613
3	28	4	40	10	right	right	1	75	15.247	4919
3	29	4	40	10	left	left	1	171	15.238	11222
3	30	4	40	10	left	left	1	22	15.703	1401
3	31	4	40	10	right	right	1	85	15.16	5607
3	32	4	40	10	right	right	1	28	15.686	1785
3	33	4	40	10	left	right	0	38	15.218	2497
3	34	4	40	10	right	right	1	62	15.377	4032
3	35	4	40	10	right	left	0	42	15.295	2746
3	36	4	40	10	right	right	1	110	15.179	7247
3	37	4	40	10	left	left	1	96	15.262	6290
3	38	4	40	10	left	left	1	56	15.326	3654
3	39	4	40	10	right	left	0	40	15.444	2590
3	40	4	40	10	left	right	0	160	15.163	10552
4	1	4	40	10	right	right	1	60	15.19	3950
4	2	4	40	10	right	right	1	41	15.264	2686
4	3	4	40	10	right	right	1	93	15.204	6117
4	4	4	40	10	left	right	0	121	15.239	7940
4	5	4	40	10	left	left	1	96	15.291	6278
4	6	4	40	10	left	left	1	50	15.202	3289
4	7	4	40	10	left	left	1	49	15.279	3207
4	8	4	40	10	right	right	1	24	15.666	1532
4	9	4	40	10	left	left	1	15	15.94	941
4	10	4	40	10	left	right	0	14	15.351	912
4	11	4	40	10	right	right	1	32	15.166	2110
4	12	4	40	10	right	right	1	68	15.267	4454
4	13	4	40	10	left	left	1	67	15.272	4387
4	14	4	40	10	right	right	1	39	15.199	2566
4	15	4	40	10	right	left	0	24	15.444	1554
4	16	4	40	10	right	right	1	31	15.256	2032
4	17	4	40	10	right	right	1	25	15.404	1623
4	18	4	40	10	left	left	1	56	15.205	3683
4	19	4	40	10	right	right	1	88	15.167	5802
4	20	4	40	10	left	left	1	44	15.31	2874
4	21	4	40	10	left	left	1	49	15.322	3198
4	22	4	40	10	left	right	0	46	15.364	2994
4	23	4	40	10	left	right	0	67	15.318	4374
4	24	4	40	10	left	left	1	65	15.198	4277
4	25	4	40	10	right	right	1	31	15.271	2030
4	26	4	40	10	left	left	1	25	15.207	1644
4	27	4	40	10	right	left	0	34	15.399	2208
4	28	4	40	10	left	right	0	37	15.164	2440
4	29	4	40	10	right	right	1	122	15.21	8021
4	30	4	40	10	right	right	1	80	15.14	5284
4	31	4	40	10	right	left	0	63	15.21	4142
4	32	4	40	10	left	right	0	153	15.204	10063
4	33	4	40	10	right	right	1	48	15.301	3137
4	34	4	40	10	right	left	0	326	15.163	21499
4	35	4	40	10	right	right	1	24	15.615	1537
4	36	4	40	10	left	right	0	41	15.191	2699
4	37	4	40	10	left	left	1	32	15.511	2063
4	38	4	40	10	right	right	1	83	15.174	5470
4	39	4	40	10	left	right	0	75	15.328	4893
4	40	4	40	10	left	left	1	26	15.394	1689
5	1	4	40	10	left	right	0	36	15.451	2330
5	2	4	40	10	left	left	1	55	15.223	3613
5	3	4	40	10	left	left	1	16	15.209	1052
5	4	4	40	10	left	right	0	18	15.611	1153
5	5	4	40	10	left	left	1	14	15.677	893
5	6	4	40	10	left	left	1	24	15.8	1519
5	7	4	40	10	right	right	1	15	15.385	975
5	8	4	40	10	right	left	0	13	15.569	835
5	9	4	40	10	left	right	0	35	15.412	2271
5	10	4	40	10	right	right	1	31	15.377	2016
5	11	4	40	10	right	right	1	20	15.267	1310
5	12	4	40	10	right	right	1	44	15.482	2842
5	13	4	40	10	right	right	1	31	15.633	1983
5	14	4	40	10	right	right	1	28	15.201	1842
5	15	4	40	10	right	right	1	38	15.491	2453
5	16	4	40	10	right	right	1	30	15.267	1965
5	17	4	40	10	left	right	0	27	15.616	1729
5	18	4	40	10	left	left	1	56	15.234	3676
5	19	4	40	10	right	right	1	24	15.574	1541
5	20	4	40	10	right	right	1	59	15.152	3894
5	21	4	40	10	left	left	1	28	15.59	1796
5	22	4	40	10	left	right	0	20	15.564	1285
5	23	4	40	10	right	left	0	49	15.365	3189
5	24	4	40	10	right	right	1	12	15.852	757
5	25	4	40	10	left	left	1	21	15.498	1355
5	26	4	40	10	left	right	0	43	15.232	2823
5	27	4	40	10	left	left	1	34	15.247	2230
5	28	4	40	10	left	left	1	22	15.692	1402
5	29	4	40	10	left	left	1	27	15.271	1768
5	30	4	40	10	right	right	1	17	15.399	1104
5	31	4	40	10	right	left	0	20	15.649	1278
5	32	4	40	10	left	right	0	23	15.562	1478
5	33	4	40	10	left	left	1	26	15.522	1675
5	34	4	40	10	right	left	0	19	15.032	1264
5	35	4	40	10	right	right	1	21	15.544	1351
5	36	4	40	10	left	right	0	23	15.344	1499
5	37	4	40	10	left	left	1	72	15.303	4705
5	38	4	40	10	right	right	1	30	15.464	1940
5	39	4	40	10	right	right	1	21	15.625	1344
5	40	4	40	10	right	left	0	17	15.219	1117
6	1	4	40	10	right	right	1	15	16.269	922
6	2	4	40	10	left	right	0	13	15.569	835
6	3	4	40	10	left	right	0	17	15.873	1071
6	4	4	40	10	right	left	0	8	16.878	474
6	5	4	40	10	left	left	1	20	15.279	1309
6	6	4	40	10	right	right	1	17	15.274	1113
6	7	4	40	10	left	left	1	15	15.136	991
6	8	4	40	10	left	right	0	13	15.439	842
6	9	4	40	10	left	left	1	21	15.453	1359
6	10	4	40	10	left	left	1	30	15.593	1924
6	11	4	40	10	right	left	0	14	15.625	896
6	12	4	40	10	right	right	1	13	16.149	805
6	13	4	40	10	right	right	1	19	15.993	1188
6	14	4	40	10	left	left	1	14	15.677	893
6	15	4	40	10	right	right	1	14	15.385	910
6	16	4	40	10	left	left	1	14	15.766	888
6	17	4	40	10	right	right	1	17	15.399	1104
6	18	4	40	10	right	left	0	15	15.015	999
6	19	4	40	10	right	right	1	46	15.298	3007
6	20	4	40	10	right	left	0	14	15.504	903
6	21	4	40	10	left	left	1	23	15.252	1508
6	22	4	40	10	left	left	1	19	15.261	1245
6	23	4	40	10	left	left	1	19	15.953	1191
6	24	4	40	10	left	left	1	15	15.496	968
6	25	4	40	10	right	right	1	24	15.676	1531
6	26	4	40	10	left	left	1	32	15.474	2068
6	27	4	40	10	left	right	0	25	15.432	1620
6	28	4	40	10	right	left	0	24	15.19	1580
6	29	4	40	10	right	right	1	13	16.01	812
6	30	4	40	10	left	left	1	26	15.231	1707
6	31	4	40	10	right	right	1	26	15.321	1697
6	32	4	40	10	right	left	0	17	15.525	1095
6	33	4	40	10	right	left	0	23	15.71	1464
6	34	4	40	10	right	right	1	17	15.668	1085
6	35	4	40	10	right	right	1	15	15.091	994
6	36	4	40	10	left	left	1	21	15.284	1374
6	37	4	40	10	left	left	1	42	15.289	2747
6	38	4	40	10	right	right	1	23	15.416	1492
6	39	4	40	10	left	left	1	41	15.27	2685
6	40	4	40	10	left	right	0	15	15.06	996
7	1	4	40	10	left	left	1	27	15.482	1744
7	2	4	40	10	right	left	0	19	15.447	1230
7	3	4	40	10	right	left	0	17	15.668	1085
7	4	4	40	10	left	left	1	27	15.341	1760
7	5	4	40	10	left	right	0	15	15.136	991
7	6	4	40	10	left	left	1	16	15.889	1007
7	7	4	40	10	right	left	0	23	15.84	1452
7	8	4	40	10	left	left	1	28	15.695	1784
7	9	4	40	10	right	right	1	17	15.977	1064
7	10	4	40	10	left	left	1	20	15.468	1293
7	11	4	40	10	left	left	1	21	15.34	1369
7	12	4	40	10	right	right	1	21	15.373	1366
7	13	4	40	10	left	right	0	22	15.681	1403
7	14	4	40	10	right	right	1	32	15.519	2062
7	15	4	40	10	right	right	1	18	15.776	1141
7	16	4	40	10	left	left	1	19	15.079	1260
7	17	4	40	10	left	left	1	44	15.199	2895
7	18	4	40	10	right	right	1	27	15.598	1731
7	19	4	40	10	right	right	1	43	15.259	2818
7	20	4	40	10	right	right	1	21	15.217	1380
7	21	4	40	10	left	right	0	19	15.913	1194
7	22	4	40	10	left	left	1	24	15.238	1575
7	23	4	40	10	right	right	1	18	15.707	1146
7	24	4	40	10	right	left	0	17	15.497	1097
7	25	4	40	10	right	right	1	13	16.169	804
7	26	4	40	10	right	right	1	16	15.968	1002
7	27	4	40	10	right	right	1	16	15.656	1022
7	28	4	40	10	left	left	1	16	15.842	1010
7	29	4	40	10	right	left	0	22	15.46	1423
7	30	4	40	10	left	right	0	19	15.913	1194
7	31	4	40	10	left	left	1	23	15.457	1488
7	32	4	40	10	left	right	0	14	15.351	912
7	33	4	40	10	right	left	0	31	15.446	2007
7	34	4	40	10	right	right	1	30	15.298	1961
7	35	4	40	10	right	right	1	15	16.216	925
7	36	4	40	10	right	left	0	21	15.637	1343
7	37	4	40	10	left	right	0	32	15.557	2057
7	38	4	40	10	left	left	1	19	15.664	1213
7	39	4	40	10	left	right	0	22	15.737	1398
7	40	4	40	10	left	left	1	14	15.334	913
8	1	4	40	10	left	left	1	21	15.579	1348
8	2	4	40	10	right	right	1	21	15.707	1337
8	3	4	40	10	left	left	1	28	15.176	1845
8	4	4	40	10	right	right	1	15	15.385	975
8	5	4	40	10	right	right	1	28	15.201	1842
8	6	4	40	10	right	right	1	42	15.284	2748
8	7	4	40	10	left	right	0	24	15.821	1517
8	8	4	40	10	left	left	1	22	15.592	1411
8	9	4	40	10	right	right	1	15	16.009	937
8	10	4	40	10	right	right	1	15	16.112	931
8	11	4	40	10	right	right	1	34	15.413	2206
8	12	4	40	10	left	left	1	16	15.733	1017
8	13	4	40	10	right	right	1	23	15.252	1508
8	14	4	40	10	left	right	0	31	15.339	2021
8	15	4	40	10	left	left	1	36	15.411	2336
8	16	4	40	10	right	right	1	21	15.556	1350
8	17	4	40	10	right	left	0	13	16.069	809
8	18	4	40	10	left	left	1	27	15.297	1765
8	19	4	40	10	right	right	1	19	15.781	1204
8	20	4	40	10	left	left	1	41	15.356	2670
8	21	4	40	10	left	right	0	26	15.366	1692
8	22	4	40	10	right	left	0	26	15.634	1663
8	23	4	40	10	left	right	0	20	15.823	1264
8	24	4	40	10	left	left	1	31	15.5	2000
8	25	4	40	10	right	right	1	21	15.195	1382
8	26	4	40	10	left	left	1	21	15.683	1339
8	27	4	40	10	left	right	0	20	15.81	1265
8	28	4	40	10	right	right	1	24	15.161	1583
8	29	4	40	10	left	left	1	27	15.393	1754
8	30	4	40	10	right	left	0	57	15.385	3705
8	31	4	40	10	left	left	1	82	15.233	5383
8	32	4	40	10	left	right	0	56	15.368	3644
8	33	4	40	10	right	left	0	35	15.351	2280
8	34	4	40	10	right	left	0	19	15.41	1233
8	35	4	40	10	left	right	0	42	15.262	2752
8	36	4	40	10	right	left	0	8	15.717	509
8	37	4	40	10	left	right	0	13	15.912	817
8	38	4	40	10	right	tooFast	2	3	16.575	181
8	39	4	40	10	right	left	0	56	15.184	3688
8	40	4	40	10	left	left	1	28	15.168	1846
9	1	4	40	10	right	right	1	28	15.242	1837
9	2	4	40	10	right	right	1	28	15.292	1831
9	3	4	40	10	right	right	1	29	15.566	1863
9	4	4	40	10	right	right	1	34	15.441	2202
9	5	4	40	10	left	right	0	34	15.152	2244
9	6	4	40	10	left	right	0	39	15.495	2517
9	7	4	40	10	left	left	1	30	15.213	1972
9	8	4	40	10	right	left	0	26	15.691	1657
9	9	4	40	10	right	right	1	27	15.186	1778
9	10	4	40	10	left	left	1	42	15.43	2722
9	11	4	40	10	right	right	1	33	15.32	2154
9	12	4	40	10	left	left	1	55	15.261	3604
9	13	4	40	10	left	left	1	40	15.326	2610
9	14	4	40	10	left	right	0	25	15.47	1616
9	15	4	40	10	right	right	1	40	15.48	2584
9	16	4	40	10	right	left	0	53	14.605	3629
9	17	4	40	10	left	right	0	19	15.323	1240
9	18	4	40	10	left	left	1	22	15.288	1439
9	19	4	40	10	left	left	1	46	15.222	3022
9	20	4	40	10	left	left	1	36	15.584	2310
9	21	4	40	10	right	right	1	30	15.159	1979
9	22	4	40	10	right	right	1	26	15.476	1680
9	23	4	40	10	left	right	0	83	15.269	5436
9	24	4	40	10	left	left	1	32	15.224	2102
9	25	4	40	10	left	left	1	56	15.389	3639
9	26	4	40	10	right	right	1	29	15.508	1870
9	27	4	40	10	left	left	1	40	15.291	2616
9	28	4	40	10	right	left	0	19	15.347	1238
9	29	4	40	10	left	left	1	47	15.24	3084
9	30	4	40	10	right	right	1	38	15.237	2494
9	31	4	40	10	left	left	1	25	15.694	1593
9	32	4	40	10	right	right	1	19	15.091	1259
9	33	4	40	10	right	left	0	34	15.145	2245
9	34	4	40	10	left	left	1	76	15.161	5013
9	35	4	40	10	right	left	0	28	15.487	1808
9	36	4	40	10	left	left	1	37	15.277	2422
9	37	4	40	10	right	right	1	41	15.174	2702
9	38	4	40	10	right	right	1	26	15.421	1686
9	39	4	40	10	left	left	1	27	15.246	1771
9	40	4	40	10	right	left	0	21	15.683	1339
10	1	4	40	10	left	left	1	63	15.21	4142
10	2	4	40	10	left	left	1	62	15.275	4059
10	3	4	40	10	right	right	1	34	15.308	2221
10	4	4	40	10	right	right	1	28	15.556	1800
10	5	4	40	10	right	left	0	19	15.82	1201
10	6	4	40	10	right	right	1	34	15.357	2214
10	7	4	40	10	right	right	1	40	15.285	2617
10	8	4	40	10	right	right	1	28	15.713	1782
10	9	4	40	10	left	left	1	41	15.495	2646
10	10	4	40	10	left	left	1	28	15.521	1804
10	11	4	40	10	left	right	0	36	15.326	2349
10	12	4	40	10	right	right	1	24	15.385	1560
10	13	4	40	10	left	left	1	22	15.793	1393
10	14	4	40	10	left	right	0	60	15.31	3919
10	15	4	40	10	right	right	1	27	15.526	1739
10	16	4	40	10	left	left	1	18	15.28	1178
10	17	4	40	10	right	right	1	17	15.483	1098
10	18	4	40	10	left	left	1	17	15.274	1113
10	19	4	40	10	left	left	1	24	15.385	1560
10	20	4	40	10	right	right	1	30	15.228	1970
10	21	4	40	10	right	right	1	89	15.221	5847
10	22	4	40	10	right	left	0	41	15.304	2679
10	23	4	40	10	left	left	1	57	15.31	3723
10	24	4	40	10	left	left	1	31	15.469	2004
10	25	4	40	10	left	left	1	18	15.385	1170
10	26	4	40	10	left	right	0	21	15.51	1354
10	27	4	40	10	right	right	1	36	15.544	2316
10	28	4	40	10	right	left	0	36	15.139	2378
10	29	4	40	10	left	right	0	56	15.263	3669
10	30	4	40	10	right	right	1	39	15.519	2513
10	31	4	40	10	left	left	1	28	15.73	1780
10	32	4	40	10	left	left	1	25	15.281	1636
10	33	4	40	10	left	left	1	25	15.547	1608
10	34	4	40	10	right	right	1	39	15.169	2571
10	35	4	40	10	left	right	0	28	15.284	1832
10	36	4	40	10	left	left	1	59	15.369	3839
10	37	4	40	10	right	right	1	31	15.174	2043
10	38	4	40	10	right	right	1	59	15.265	3865
10	39	4	40	10	right	right	1	19	15.347	1238
10	40	4	40	10	right	right	1	31	15.438	2008
11	1	4	40	10	left	left	1	42	15.396	2728
11	2	4	40	10	right	right	1	40	15.25	2623
11	3	4	40	10	right	right	1	22	15.395	1429
11	4	4	40	10	right	right	1	44	15.471	2844
11	5	4	40	10	right	right	1	36	15.261	2359
11	6	4	40	10	left	right	0	55	15.219	3614
11	7	4	40	10	left	left	1	24	15.454	1553
11	8	4	40	10	right	left	0	18	15.803	1139
11	9	4	40	10	left	left	1	54	15.203	3552
11	10	4	40	10	right	right	1	18	15.241	1181
11	11	4	40	10	left	left	1	16	15.195	1053
11	12	4	40	10	left	left	1	26	15.691	1657
11	13	4	40	10	left	left	1	32	15.64	2046
11	14	4	40	10	right	right	1	27	15.652	1725
11	15	4	40	10	left	left	1	47	15.364	3059
11	16	4	40	10	left	left	1	47	15.319	3068
11	17	4	40	10	left	left	1	33	15.242	2165
11	18	4	40	10	right	left	0	28	15.16	1847
11	19	4	40	10	left	left	1	63	15.188	4148
11	20	4	40	10	left	left	1	67	15.252	4393
11	21	4	40	10	right	right	1	19	15.472	1228
11	22	4	40	10	right	right	1	28	15.376	1821
11	23	4	40	10	right	right	1	71	15.256	4654
11	24	4	40	10	left	left	1	51	15.325	3328
11	25	4	40	10	left	right	0	68	15.209	4471
11	26	4	40	10	left	left	1	38	15.366	2473
11	27	4	40	10	left	right	0	25	15.3	1634
11	28	4	40	10	right	left	0	73	15.148	4819
11	29	4	40	10	right	right	1	13	15.513	838
11	30	4	40	10	right	right	1	22	15.57	1413
11	31	4	40	10	right	right	1	55	15.333	3587
11	32	4	40	10	right	right	1	24	15.375	1561
11	33	4	40	10	left	left	1	20	15.699	1274
11	34	4	40	10	right	right	1	16	15.671	1021
11	35	4	40	10	left	left	1	17	15.26	1114
11	36	4	40	10	right	right	1	18	15.517	1160
11	37	4	40	10	left	left	1	19	15.127	1256
11	38	4	40	10	left	left	1	21	15.228	1379
11	39	4	40	10	right	right	1	17	15.399	1104
11	40	4	40	10	right	left	0	19	15.651	1214
12	1	4	40	10	right	right	1	33	15.529	2125
12	2	4	40	10	left	right	0	16	15.18	1054
12	3	4	40	10	left	left	1	20	15.81	1265
12	4	4	40	10	left	right	0	102	15.299	6667
12	5	4	40	10	left	left	1	15	16.216	925
12	6	4	40	10	right	left	0	23	15.721	1463
12	7	4	40	10	right	right	1	15	15.306	980
12	8	4	40	10	right	left	0	34	15.295	2223
12	9	4	40	10	right	right	1	14	16.073	871
12	10	4	40	10	right	right	1	22	15.537	1416
12	11	4	40	10	left	right	0	17	15.329	1109
12	12	4	40	10	left	right	0	51	15.32	3329
12	13	4	40	10	left	left	1	12	16.194	741
12	14	4	40	10	left	left	1	21	15.328	1370
12	15	4	40	10	right	left	0	26	15.196	1711
12	16	4	40	10	left	left	1	177	15.153	11681
12	17	4	40	10	right	right	1	68	15.264	4455
12	18	4	40	10	right	right	1	16	15.826	1011
12	19	4	40	10	left	right	0	19	15.953	1191
12	20	4	40	10	left	left	1	48	15.204	3157
12	21	4	40	10	left	left	1	20	15.528	1288
12	22	4	40	10	left	right	0	16	15.444	1036
12	23	4	40	10	right	right	1	16	15.311	1045
12	24	4	40	10	right	right	1	19	15.298	1242
12	25	4	40	10	left	left	1	12	15.385	780
12	26	4	40	10	right	left	0	18	15.491	1162
12	27	4	40	10	right	right	1	39	15.433	2527
12	28	4	40	10	right	left	0	24	15.605	1538
12	29	4	40	10	left	left	1	51	15.143	3368
12	30	4	40	10	left	left	1	54	15.267	3537
12	31	4	40	10	left	left	1	74	15.22	4862
12	32	4	40	10	left	left	1	24	15.414	1557
12	33	4	40	10	left	left	1	16	15.166	1055
12	34	4	40	10	right	right	1	26	15.672	1659
12	35	4	40	10	left	right	0	18	15.19	1185
12	36	4	40	10	right	right	1	41	15.448	2654
12	37	4	40	10	right	right	1	24	15.584	1540
12	38	4	40	10	right	right	1	29	15.312	1894
12	39	4	40	10	right	right	1	36	15.564	2313
12	40	4	40	10	right	right	1	22	15.471	1422
13	1	4	40	10	left	left	1	26	15.169	1714
13	2	4	40	10	left	left	1	28	15.351	1824
13	3	4	40	10	right	left	0	13	15.187	856
13	4	4	40	10	left	left	1	20	15.279	1309
13	5	4	40	10	right	right	1	13	15.912	817
13	6	4	40	10	right	right	1	33	15.392	2144
13	7	4	40	10	left	left	1	50	15.314	3265
13	8	4	40	10	right	right	1	25	15.253	1639
13	9	4	40	10	left	left	1	19	15.574	1220
13	10	4	40	10	right	right	1	30	15.584	1925
13	11	4	40	10	left	right	0	45	15.116	2977
13	12	4	40	10	left	left	1	78	15.27	5108
13	13	4	40	10	right	left	0	22	15.603	1410
13	14	4	40	10	right	right	1	28	15.651	1789
13	15	4	40	10	left	right	0	24	15.656	1533
13	16	4	40	10	right	right	1	28	15.461	1811
13	17	4	40	10	left	right	0	39	15.507	2515
13	18	4	40	10	right	left	0	32	15.489	2066
13	19	4	40	10	left	left	1	33	15.179	2174
13	20	4	40	10	right	right	1	16	15.748	1016
13	21	4	40	10	right	right	1	22	15.482	1421
13	22	4	40	10	right	left	0	26	15.672	1659
13	23	4	40	10	left	left	1	28	15.309	1829
13	24	4	40	10	left	left	1	34	15.192	2238
13	25	4	40	10	right	right	1	44	15.225	2890
13	26	4	40	10	left	left	1	123	15.24	8071
13	27	4	40	10	left	left	1	56	15.217	3680
13	28	4	40	10	left	left	1	31	15.5	2000
13	29	4	40	10	right	right	1	81	15.14	5350
13	30	4	40	10	right	right	1	21	15.613	1345
13	31	4	40	10	right	right	1	29	15.376	1886
13	32	4	40	10	right	right	1	24	15.8	1519
13	33	4	40	10	right	right	1	30	15.432	1944
13	34	4	40	10	right	right	1	41	15.414	2660
13	35	4	40	10	left	right	0	58	15.251	3803
13	36	4	40	10	left	left	1	63	15.31	4115
13	37	4	40	10	left	left	1	21	15.825	1327
13	38	4	40	10	left	right	0	60	15.294	3923
13	39	4	40	10	left	left	1	18	15.972	1127
13	40	4	40	10	right	left	0	21	15.825	1327
14	1	4	40	10	right	right	1	35	15.514	2256
14	2	4	40	10	right	right	1	16	15.326	1044
14	3	4	40	10	right	right	1	22	15.449	1424
14	4	4	40	10	left	left	1	22	15.46	1423
14	5	4	40	10	right	right	1	15	15.03	998
14	6	4	40	10	right	right	1	16	15.968	1002
14	7	4	40	10	left	left	1	15	15.275	982
14	8	4	40	10	left	left	1	42	15.217	2760
14	9	4	40	10	right	left	0	20	15.798	1266
14	10	4	40	10	left	left	1	36	15.411	2336
14	11	4	40	10	right	left	0	39	15.342	2542
14	12	4	40	10	right	right	1	16	15.889	1007
14	13	4	40	10	left	right	0	21	15.407	1363
14	14	4	40	10	left	left	1	48	15.36	3125
14	15	4	40	10	right	right	1	16	16.016	999
14	16	4	40	10	right	left	0	20	15.785	1267
14	17	4	40	10	left	left	1	34	15.546	2187
14	18	4	40	10	right	right	1	21	15.295	1373
14	19	4	40	10	left	right	0	33	15.2	2171
14	20	4	40	10	right	left	0	30	15.48	1938
14	21	4	40	10	right	right	1	32	15.602	2051
14	22	4	40	10	left	right	0	74	15.334	4826
14	23	4	40	10	left	left	1	12	15.707	764
14	24	4	40	10	left	right	0	36	15.3	2353
14	25	4	40	10	left	left	1	19	15.561	1221
14	26	4	40	10	right	left	0	18	15.776	1141
14	27	4	40	10	left	right	0	30	15.167	1978
14	28	4	40	10	left	left	1	49	15.222	3219
14	29	4	40	10	right	left	0	15	15.369	976
14	30	4	40	10	right	right	1	21	15.813	1328
14	31	4	40	10	right	right	1	52	15.312	3396
14	32	4	40	10	right	right	1	15	15.291	981
14	33	4	40	10	left	left	1	33	15.442	2137
14	34	4	40	10	left	right	0	41	15.157	2705
14	35	4	40	10	left	left	1	15	15.789	950
14	36	4	40	10	right	left	0	14	15.625	896
14	37	4	40	10	left	left	1	34	15.138	2246
14	38	4	40	10	right	right	1	22	15.515	1418
14	39	4	40	10	left	left	1	23	15.7	1465
14	40	4	40	10	left	right	0	26	15.403	1688
15	1	4	40	10	left	right	0	29	15.207	1907
15	2	4	40	10	right	left	0	21	15.695	1338
15	3	4	40	10	right	right	1	38	15.403	2467
15	4	4	40	10	left	left	1	16	15.311	1045
15	5	4	40	10	right	right	1	43	15.479	2778
15	6	4	40	10	right	left	0	24	15.666	1532
15	7	4	40	10	right	right	1	14	15.317	914
15	8	4	40	10	left	left	1	22	15.32	1436
15	9	4	40	10	right	right	1	16	15.702	1019
15	10	4	40	10	left	left	1	37	15.22	2431
15	11	4	40	10	left	left	1	26	15.476	1680
15	12	4	40	10	left	left	1	24	15.494	1549
15	13	4	40	10	left	right	0	19	15.966	1190
15	14	4	40	10	right	right	1	28	15.66	1788
15	15	4	40	10	left	right	0	34	15.426	2204
15	16	4	40	10	right	left	0	39	15.354	2540
15	17	4	40	10	right	left	0	104	15.249	6820
15	18	4	40	10	left	left	1	22	15.257	1442
15	19	4	40	10	left	right	0	16	15.37	1041
15	20	4	40	10	left	left	1	17	15.483	1098
15	21	4	40	10	left	left	1	26	15.625	1664
15	22	4	40	10	left	left	1	17	15.219	1117
15	23	4	40	10	right	right	1	18	15.789	1140
15	24	4	40	10	left	left	1	23	15.593	1475
15	25	4	40	10	right	left	0	23	15.509	1483
15	26	4	40	10	right	left	0	19	15.94	1192
15	27	4	40	10	left	right	0	25	15.645	1598
15	28	4	40	10	left	left	1	26	15.71	1655
15	29	4	40	10	left	left	1	18	15.707	1146
15	30	4	40	10	right	left	0	17	15.947	1066
15	31	4	40	10	right	right	1	16	15.311	1045
15	32	4	40	10	right	right	1	46	15.287	3009
15	33	4	40	10	right	right	1	19	15.94	1192
15	34	4	40	10	right	right	1	37	15.41	2401
15	35	4	40	10	right	right	1	49	15.462	3169
15	36	4	40	10	left	left	1	45	15.141	2972
15	37	4	40	10	left	left	1	52	15.389	3379
15	38	4	40	10	left	right	0	30	15.528	1932
15	39	4	40	10	right	right	1	40	15.314	2612
15	40	4	40	10	right	right	1	26	15.187	1712
16	1	4	40	10	right	right	1	29	15.533	1867
16	2	4	40	10	right	right	1	28	15.184	1844
16	3	4	40	10	left	left	1	34	15.469	2198
16	4	4	40	10	right	right	1	36	15.254	2360
16	5	4	40	10	right	right	1	35	15.358	2279
16	6	4	40	10	left	left	1	28	15.119	1852
16	7	4	40	10	left	left	1	22	15.737	1398
16	8	4	40	10	left	left	1	47	15.359	3060
16	9	4	40	10	left	right	0	44	15.167	2901
16	10	4	40	10	left	left	1	34	15.525	2190
16	11	4	40	10	left	left	1	51	15.361	3320
16	12	4	40	10	right	left	0	31	15.263	2031
16	13	4	40	10	right	right	1	32	15.137	2114
16	14	4	40	10	right	left	0	32	15.362	2083
16	15	4	40	10	left	right	0	21	15.373	1366
16	16	4	40	10	right	right	1	19	15.127	1256
16	17	4	40	10	right	right	1	25	15.291	1635
16	18	4	40	10	right	right	1	26	15.267	1703
16	19	4	40	10	right	right	1	23	15.818	1454
16	20	4	40	10	right	right	1	28	15.73	1780
16	21	4	40	10	left	right	0	20	15.385	1300
16	22	4	40	10	left	right	0	20	15.76	1269
16	23	4	40	10	right	left	0	20	15.385	1300
16	24	4	40	10	left	left	1	46	15.308	3005
16	25	4	40	10	left	left	1	38	15.298	2484
16	26	4	40	10	right	right	1	73	15.32	4765
16	27	4	40	10	right	left	0	29	15.541	1866
16	28	4	40	10	left	right	0	27	15.194	1777
16	29	4	40	10	left	right	0	59	15.281	3861
16	30	4	40	10	right	left	0	17	15.206	1118
16	31	4	40	10	left	left	1	57	15.385	3705
16	32	4	40	10	right	right	1	44	15.347	2867
16	33	4	40	10	left	left	1	36	15.371	2342
16	34	4	40	10	left	left	1	27	15.58	1733
16	35	4	40	10	right	right	1	25	15.133	1652
16	36	4	40	10	left	left	1	38	15.472	2456
16	37	4	40	10	right	left	0	43	15.308	2809
16	38	4	40	10	left	right	0	40	15.238	2625
16	39	4	40	10	right	right	1	26	15.672	1659
16	40	4	40	10	left	left	1	30	15.369	1952
17	1	4	40	10	left	left	1	34	15.525	2190
17	2	4	40	10	left	left	1	18	15.398	1169
17	3	4	40	10	right	right	1	17	15.385	1105
17	4	4	40	10	left	right	0	17	15.302	1111
17	5	4	40	10	right	right	1	25	15.3	1634
17	6	4	40	10	left	left	1	20	15.267	1310
17	7	4	40	10	left	right	0	15	15.213	986
17	8	4	40	10	right	left	0	14	15.573	899
17	9	4	40	10	right	right	1	15	16.026	936
17	10	4	40	10	left	right	0	24	15.758	1523
17	11	4	40	10	right	right	1	35	14.153	2473
17	12	4	40	10	left	left	1	32	15.37	2082
17	13	4	40	10	right	right	1	21	15.51	1354
17	14	4	40	10	left	left	1	48	15.394	3118
17	15	4	40	10	left	right	0	24	15.464	1552
17	16	4	40	10	right	left	0	50	15.361	3255
17	17	4	40	10	right	right	1	19	15.498	1226
17	18	4	40	10	left	left	1	31	15.415	2011
17	19	4	40	10	right	right	1	27	15.194	1777
17	20	4	40	10	left	right	0	88	15.212	5785
17	21	4	40	10	left	left	1	44	15.172	2900
17	22	4	40	10	left	left	1	13	15.931	816
17	23	4	40	10	right	left	0	29	15.434	1879
17	24	4	40	10	left	left	1	24	15.727	1526
17	25	4	40	10	right	left	0	37	15.572	2376
17	26	4	40	10	right	right	1	14	15.873	882
17	27	4	40	10	right	left	0	32	15.187	2107
17	28	4	40	10	left	left	1	68	15.26	4456
17	29	4	40	10	right	right	1	21	15.306	1372
17	30	4	40	10	right	right	1	65	15.352	4234
17	31	4	40	10	left	right	0	18	15.943	1129
17	32	4	40	10	left	left	1	15	15.94	941
17	33	4	40	10	right	right	1	13	16.109	807
17	34	4	40	10	left	left	1	29	15.183	1910
17	35	4	40	10	left	left	1	23	15.786	1457
17	36	4	40	10	left	left	1	19	15.212	1249
17	37	4	40	10	right	right	1	47	15.245	3083
17	38	4	40	10	right	right	1	30	15.33	1957
17	39	4	40	10	right	right	1	28	15.342	1825
17	40	4	40	10	right	right	1	35	15.391	2274
18	1	4	40	10	right	right	1	45	15.385	2925
18	2	4	40	10	left	left	1	22	15.692	1402
18	3	4	40	10	left	left	1	27	15.411	1752
18	4	4	40	10	right	right	1	22	15.193	1448
18	5	4	40	10	left	left	1	13	15.205	855
18	6	4	40	10	right	right	1	17	15.639	1087
18	7	4	40	10	left	left	1	34	15.308	2221
18	8	4	40	10	left	left	1	19	15.523	1224
18	9	4	40	10	left	right	0	16	15.842	1010
18	10	4	40	10	left	left	1	34	15.378	2211
18	11	4	40	10	left	left	1	14	15.538	901
18	12	4	40	10	right	right	1	20	15.748	1270
18	13	4	40	10	right	right	1	22	15.793	1393
18	14	4	40	10	right	left	0	16	15.889	1007
18	15	4	40	10	left	left	1	22	15.805	1392
18	16	4	40	10	right	right	1	18	15.437	1166
18	17	4	40	10	left	right	0	46	15.426	2982
18	18	4	40	10	right	right	1	20	15.232	1313
18	19	4	40	10	right	right	1	17	15.668	1085
18	20	4	40	10	right	right	1	17	15.469	1099
18	21	4	40	10	left	left	1	18	15.929	1130
18	22	4	40	10	right	right	1	16	15.748	1016
18	23	4	40	10	left	right	0	14	15.538	901
18	24	4	40	10	left	right	0	22	15.257	1442
18	25	4	40	10	right	right	1	25	15.557	1607
18	26	4	40	10	right	left	0	26	15.169	1714
18	27	4	40	10	right	right	1	12	15.365	781
18	28	4	40	10	left	right	0	21	15.766	1332
18	29	4	40	10	right	right	1	16	15.08	1061
18	30	4	40	10	right	right	1	15	16.112	931
18	31	4	40	10	left	left	1	18	15.451	1165
18	32	4	40	10	left	left	1	16	15.311	1045
18	33	4	40	10	left	left	1	28	15.677	1786
18	34	4	40	10	right	right	1	15	16.129	930
18	35	4	40	10	right	right	1	15	15.306	980
18	36	4	40	10	left	left	1	20	15.163	1319
18	37	4	40	10	right	right	1	24	15.842	1515
18	38	4	40	10	left	left	1	18	16	1125
18	39	4	40	10	left	left	1	20	15.396	1299
18	40	4	40	10	right	right	1	14	16.241	862
19	1	4	40	10	left	left	1	39	15.348	2541
19	2	4	40	10	right	right	1	13	16.089	808
19	3	4	40	10	left	left	1	15	15.907	943
19	4	4	40	10	right	right	1	15	15.228	985
19	5	4	40	10	right	right	1	17	15.219	1117
19	6	4	40	10	left	left	1	19	15.9	1195
19	7	4	40	10	left	left	1	25	15.356	1628
19	8	4	40	10	left	right	0	30	15.244	1968
19	9	4	40	10	right	left	0	12	16.107	745
19	10	4	40	10	right	right	1	14	15.284	916
19	11	4	40	10	right	right	1	20	15.564	1285
19	12	4	40	10	left	left	1	25	15.394	1624
19	13	4	40	10	right	right	1	27	15.725	1717
19	14	4	40	10	right	right	1	19	15.69	1211
19	15	4	40	10	left	left	1	18	15.571	1156
19	16	4	40	10	left	left	1	24	15.19	1580
19	17	4	40	10	left	left	1	17	15.525	1095
19	18	4	40	10	right	right	1	19	15.067	1261
19	19	4	40	10	right	right	1	19	15.523	1224
19	20	4	40	10	left	left	1	24	15.697	1529
19	21	4	40	10	left	right	0	17	15.469	1099
19	22	4	40	10	left	left	1	13	16.129	806
19	23	4	40	10	right	left	0	31	15.278	2029
19	24	4	40	10	left	left	1	19	15.523	1224
19	25	4	40	10	right	right	1	18	15.929	1130
19	26	4	40	10	right	right	1	17	15.274	1113
19	27	4	40	10	right	left	0	20	15.163	1319
19	28	4	40	10	right	right	1	18	15.203	1184
19	29	4	40	10	left	left	1	22	15.278	1440
19	30	4	40	10	right	right	1	16	15.625	1024
19	31	4	40	10	left	left	1	13	15.55	836
19	32	4	40	10	right	right	1	14	15.284	916
19	33	4	40	10	left	left	1	34	15.253	2229
19	34	4	40	10	left	left	1	18	15.517	1160
19	35	4	40	10	left	right	0	20	15.823	1264
19	36	4	40	10	right	right	1	33	15.165	2176
19	37	4	40	10	left	right	0	44	15.482	2842
19	38	4	40	10	right	right	1	16	15.595	1026
19	39	4	40	10	right	left	0	30	15.44	1943
19	40	4	40	10	left	left	1	16	15.889	1007
20	1	4	40	10	left	left	1	17	15.829	1074
20	2	4	40	10	right	right	1	16	16	1000
20	3	4	40	10	right	right	1	12	15.873	756
20	4	4	40	10	right	left	0	14	15.909	880
20	5	4	40	10	right	left	0	11	15.152	726
20	6	4	40	10	left	right	0	13	15.495	839
20	7	4	40	10	right	left	0	22	15.658	1405
20	8	4	40	10	left	left	1	18	15.216	1183
20	9	4	40	10	left	right	0	18	15.748	1143
20	10	4	40	10	right	left	0	34	15.315	2220
20	11	4	40	10	left	left	1	25	15.133	1652
20	12	4	40	10	left	left	1	18	15.625	1152
20	13	4	40	10	right	right	1	18	15.411	1168
20	14	4	40	10	right	right	1	17	15.977	1064
20	15	4	40	10	left	left	1	15	15.275	982
20	16	4	40	10	left	right	0	14	16.037	873
20	17	4	40	10	left	left	1	40	15.492	2582
20	18	4	40	10	right	left	0	39	15.318	2546
20	19	4	40	10	left	left	1	15	15.198	987
20	20	4	40	10	left	right	0	22	15.374	1431
20	21	4	40	10	right	right	1	19	16.007	1187
20	22	4	40	10	right	right	1	15	16.112	931
20	23	4	40	10	left	right	0	13	15.24	853
20	24	4	40	10	left	left	1	20	15.314	1306
20	25	4	40	10	right	right	1	28	15.376	1821
20	26	4	40	10	right	right	1	22	15.647	1406
20	27	4	40	10	left	right	0	16	15.209	1052
20	28	4	40	10	left	left	1	13	15.366	846
20	29	4	40	10	right	right	1	19	15.447	1230
20	30	4	40	10	left	right	0	18	15.972	1127
20	31	4	40	10	right	right	1	18	15.477	1163
20	32	4	40	10	right	right	1	23	15.262	1507
20	33	4	40	10	left	left	1	19	15.079	1260
20	34	4	40	10	right	right	1	19	15.966	1190
20	35	4	40	10	left	left	1	17	15.873	1071
20	36	4	40	10	left	right	0	16	15.671	1021
20	37	4	40	10	right	right	1	65	15.166	4286
20	38	4	40	10	right	left	0	27	15.571	1734
20	39	4	40	10	left	left	1	15	15.091	994
20	40	4	40	10	right	left	0	22	15.225	1445
21	1	4	40	10	left	left	1	35	15.473	2262
21	2	4	40	10	right	right	1	28	15.608	1794
21	3	4	40	10	right	left	0	17	15.138	1123
21	4	4	40	10	left	left	1	42	15.407	2726
21	5	4	40	10	left	left	1	30	15.448	1942
21	6	4	40	10	right	right	1	19	15.612	1217
21	7	4	40	10	right	left	0	18	15.477	1163
21	8	4	40	10	right	right	1	31	15.196	2040
21	9	4	40	10	right	right	1	21	15.195	1382
21	10	4	40	10	left	left	1	17	15.247	1115
21	11	4	40	10	left	left	1	17	15.596	1090
21	12	4	40	10	right	right	1	27	15.271	1768
21	13	4	40	10	left	right	0	22	15.449	1424
21	14	4	40	10	right	right	1	31	15.354	2019
21	15	4	40	10	left	left	1	22	15.703	1401
21	16	4	40	10	right	right	1	17	15.639	1087
21	17	4	40	10	right	right	1	20	15.373	1301
21	18	4	40	10	left	right	0	18	15.203	1184
21	19	4	40	10	right	right	1	21	15.385	1365
21	20	4	40	10	right	left	0	19	15.69	1211
21	21	4	40	10	left	left	1	16	15.733	1017
21	22	4	40	10	right	right	1	10	15.898	629
21	23	4	40	10	left	left	1	15	15.641	959
21	24	4	40	10	left	left	1	14	16.018	874
21	25	4	40	10	left	right	0	21	15.683	1339
21	26	4	40	10	left	right	0	32	15.474	2068
21	27	4	40	10	left	right	0	21	15.625	1344
21	28	4	40	10	right	left	0	8	16.878	474
21	29	4	40	10	right	right	1	24	15.656	1533
21	30	4	40	10	right	left	0	17	15.888	1070
21	31	4	40	10	left	right	0	32	15.572	2055
21	32	4	40	10	right	left	0	18	15.584	1155
21	33	4	40	10	left	left	1	19	15.94	1192
21	34	4	40	10	left	right	0	18	15.293	1177
21	35	4	40	10	right	left	0	14	15.385	910
21	36	4	40	10	right	left	0	31	15.347	2020
21	37	4	40	10	right	left	0	69	15.188	4543
21	38	4	40	10	left	right	0	30	15.544	1930
21	39	4	40	10	left	left	1	44	15.347	2867
21	40	4	40	10	left	left	1	25	15.645	1598
22	1	4	40	10	right	right	1	23	15.721	1463
22	2	4	40	10	left	left	1	18	15.531	1159
22	3	4	40	10	left	left	1	25	15.404	1623
22	4	4	40	10	right	right	1	18	15.371	1171
22	5	4	40	10	right	right	1	14	16	875
22	6	4	40	10	right	right	1	24	15.584	1540
22	7	4	40	10	right	right	1	20	15.662	1277
22	8	4	40	10	left	left	1	31	15.256	2032
22	9	4	40	10	right	right	1	16	15.296	1046
22	10	4	40	10	left	left	1	31	15.174	2043
22	11	4	40	10	left	left	1	32	15.37	2082
22	12	4	40	10	right	right	1	22	15.614	1409
22	13	4	40	10	left	left	1	17	15.413	1103
22	14	4	40	10	right	right	1	15	16.06	934
22	15	4	40	10	right	left	0	11	15.449	712
22	16	4	40	10	left	left	1	37	15.208	2433
22	17	4	40	10	right	right	1	19	15.913	1194
22	18	4	40	10	left	right	0	32	15.602	2051
22	19	4	40	10	right	left	0	15	15.03	998
22	20	4	40	10	right	right	1	17	15.192	1119
22	21	4	40	10	right	right	1	31	15.211	2038
22	22	4	40	10	left	right	0	19	15.261	1245
22	23	4	40	10	left	left	1	15	15.322	979
22	24	4	40	10	right	right	1	41	15.304	2679
22	25	4	40	10	left	left	1	18	15.451	1165
22	26	4	40	10	left	left	1	18	15.451	1165
22	27	4	40	10	left	left	1	17	15.668	1085
22	28	4	40	10	right	right	1	17	15.357	1107
22	29	4	40	10	left	left	1	19	15.807	1202
22	30	4	40	10	right	right	1	18	15.803	1139
22	31	4	40	10	left	left	1	16	15.952	1003
22	32	4	40	10	left	right	0	27	15.211	1775
22	33	4	40	10	left	left	1	15	15.707	955
22	34	4	40	10	left	left	1	25	15.576	1605
22	35	4	40	10	left	left	1	29	15.55	1865
22	36	4	40	10	right	left	0	25	15.518	1611
22	37	4	40	10	right	right	1	17	15.582	1091
22	38	4	40	10	left	left	1	19	15.715	1209
22	39	4	40	10	right	right	1	18	15.707	1146
22	40	4	40	10	right	left	0	17	15.371	1106
23	1	4	40	10	left	right	0	25	15.244	1640
23	2	4	40	10	left	left	1	9	15.598	577
23	3	4	40	10	left	left	1	27	15.254	1770
23	4	4	40	10	right	right	1	17	15.712	1082
23	5	4	40	10	right	left	0	14	15.625	896
23	6	4	40	10	right	right	1	10	16.077	622
23	7	4	40	10	left	right	0	13	15.476	840
23	8	4	40	10	right	right	1	15	15.182	988
23	9	4	40	10	left	left	1	12	15.152	792
23	10	4	40	10	left	left	1	20	15.649	1278
23	11	4	40	10	right	right	1	15	15.228	985
23	12	4	40	10	left	left	1	11	15.873	693
23	13	4	40	10	left	right	0	14	15.766	888
23	14	4	40	10	left	left	1	11	16.224	678
23	15	4	40	10	left	left	1	20	15.129	1322
23	16	4	40	10	right	right	1	15	15.94	941
23	17	4	40	10	right	left	0	14	15.487	904
23	18	4	40	10	right	right	1	11	15.692	701
23	19	4	40	10	right	right	1	24	15.375	1561
23	20	4	40	10	left	left	1	21	15.498	1355
23	21	4	40	10	left	right	0	40	15.528	2576
23	22	4	40	10	right	left	0	12	15.605	769
23	23	4	40	10	right	right	1	20	15.106	1324
23	24	4	40	10	right	right	1	16	15.764	1015
23	25	4	40	10	left	left	1	15	15.182	988
23	26	4	40	10	left	right	0	15	15.625	960
23	27	4	40	10	right	right	1	15	16.043	935
23	28	4	40	10	right	left	0	17	15.274	1113
23	29	4	40	10	right	right	1	9	16.393	549
23	30	4	40	10	left	right	0	16	15.429	1037
23	31	4	40	10	right	right	1	28	15.573	1798
23	32	4	40	10	left	left	1	22	15.214	1446
23	33	4	40	10	left	right	0	17	15.77	1078
23	34	4	40	10	left	right	0	17	15.611	1089
23	35	4	40	10	right	left	0	9	15.332	587
23	36	4	40	10	right	right	1	25	15.615	1601
23	37	4	40	10	left	right	0	25	15.509	1612
23	38	4	40	10	right	left	0	27	15.58	1733
23	39	4	40	10	right	right	1	19	15.51	1225
23	40	4	40	10	left	right	0	19	15.2	1250
24	1	4	40	10	left	left	1	16	15.109	1059
24	2	4	40	10	right	right	1	21	15.521	1353
24	3	4	40	10	right	right	1	57	15.335	3717
24	4	4	40	10	left	right	0	37	15.22	2431
24	5	4	40	10	left	right	0	18	15.358	1172
24	6	4	40	10	right	left	0	11	16.517	666
24	7	4	40	10	left	right	0	21	15.695	1338
24	8	4	40	10	left	left	1	14	15.317	914
24	9	4	40	10	left	left	1	38	15.152	2508
24	10	4	40	10	left	left	1	16	15.414	1038
24	11	4	40	10	right	left	0	21	15.778	1331
24	12	4	40	10	left	right	0	25	15.281	1636
24	13	4	40	10	left	left	1	13	15.258	852
24	14	4	40	10	right	left	0	19	15.98	1189
24	15	4	40	10	right	right	1	12	16.064	747
24	16	4	40	10	left	left	1	16	15.625	1024
24	17	4	40	10	left	left	1	21	15.487	1356
24	18	4	40	10	left	left	1	21	15.441	1360
24	19	4	40	10	left	left	1	20	15.175	1318
24	20	4	40	10	left	left	1	36	15.19	2370
24	21	4	40	10	right	left	0	18	15.611	1153
24	22	4	40	10	right	right	1	13	15.258	852
24	23	4	40	10	right	left	0	27	15.725	1717
24	24	4	40	10	right	right	1	10	15.848	631
24	25	4	40	10	left	right	0	9	15.571	578
24	26	4	40	10	right	right	1	12	15.152	792
24	27	4	40	10	left	right	0	18	15.652	1150
24	28	4	40	10	right	right	1	22	15.681	1403
24	29	4	40	10	left	left	1	24	15.464	1552
24	30	4	40	10	right	right	1	18	15.817	1138
24	31	4	40	10	left	left	1	17	15.829	1074
24	32	4	40	10	left	left	1	32	15.625	2048
24	33	4	40	10	right	right	1	15	15.4	974
24	34	4	40	10	right	left	0	18	15.385	1170
24	35	4	40	10	right	right	1	39	15.385	2535
24	36	4	40	10	right	left	0	25	15.528	1610
24	37	4	40	10	right	right	1	13	15.421	843
24	38	4	40	10	left	left	1	22	15.692	1402
24	39	4	40	10	right	right	1	14	15.217	920
24	40	4	40	10	right	right	1	17	15.483	1098
