
blkNum	trlNum	coherentDots	numberofDots	percentCoherence	winningDirection	response	correct	eventCount	averageFrameRate	RT
1	1	4	40	10	right	left	0	99	15.254	6490
1	2	4	40	10	right	right	1	130	15.155	8578
1	3	4	40	10	right	right	1	76	15.179	5007
1	4	4	40	10	left	left	1	36	15.365	2343
1	5	4	40	10	left	right	0	31	15.144	2047
1	6	4	40	10	right	left	0	67	15.356	4363
1	7	4	40	10	right	right	1	136	15.255	8915
1	8	4	40	10	right	right	1	84	15.201	5526
1	9	4	40	10	left	left	1	39	15.146	2575
1	10	4	40	10	right	right	1	27	15.429	1750
1	11	4	40	10	left	left	1	66	15.37	4294
1	12	4	40	10	right	right	1	49	15.241	3215
1	13	4	40	10	right	right	1	33	15.399	2143
1	14	4	40	10	left	left	1	20	15.256	1311
1	15	4	40	10	right	left	0	50	15.211	3287
1	16	4	40	10	right	right	1	57	15.277	3731
1	17	4	40	10	right	right	1	87	15.215	5718
1	18	4	40	10	left	right	0	50	15.442	3238
1	19	4	40	10	left	left	1	29	15.207	1907
1	20	4	40	10	left	left	1	57	15.164	3759
1	21	4	40	10	left	left	1	30	15.377	1951
1	22	4	40	10	left	left	1	41	15.213	2695
1	23	4	40	10	right	right	1	60	15.31	3919
1	24	4	40	10	left	left	1	32	15.459	2070
1	25	4	40	10	right	right	1	28	15.642	1790
1	26	4	40	10	right	left	0	27	15.28	1767
1	27	4	40	10	left	right	0	45	15.395	2923
1	28	4	40	10	left	left	1	107	15.227	7027
1	29	4	40	10	left	left	1	75	15.219	4928
1	30	4	40	10	left	left	1	63	15.291	4120
1	31	4	40	10	left	left	1	76	15.227	4991
1	32	4	40	10	right	left	0	26	15.569	1670
1	33	4	40	10	left	left	1	44	15.477	2843
1	34	4	40	10	left	left	1	65	15.247	4263
1	35	4	40	10	right	right	1	27	15.571	1734
1	36	4	40	10	left	left	1	33	15.179	2174
1	37	4	40	10	right	right	1	50	15.216	3286
1	38	4	40	10	right	left	0	38	15.378	2471
1	39	4	40	10	right	right	1	33	15.257	2163
1	40	4	40	10	left	right	0	62	15.32	4047
2	1	4	40	10	right	right	1	68	15.25	4459
2	2	4	40	10	left	left	1	88	15.28	5759
2	3	4	40	10	left	right	0	53	15.411	3439
2	4	4	40	10	left	left	1	18	16.028	1123
2	5	4	40	10	right	left	0	31	15.454	2006
2	6	4	40	10	left	right	0	54	15.224	3547
2	7	4	40	10	right	right	1	82	15.199	5395
2	8	4	40	10	left	left	1	102	15.253	6687
2	9	4	40	10	right	right	1	58	15.203	3815
2	10	4	40	10	left	left	1	21	15.825	1327
2	11	4	40	10	right	right	1	39	15.193	2567
2	12	4	40	10	right	right	1	59	15.369	3839
2	13	4	40	10	right	left	0	44	15.493	2840
2	14	4	40	10	right	right	1	36	15.504	2322
2	15	4	40	10	left	left	1	47	15.147	3103
2	16	4	40	10	right	right	1	33	15.179	2174
2	17	4	40	10	left	left	1	39	15.246	2558
2	18	4	40	10	right	right	1	49	15.241	3215
2	19	4	40	10	left	left	1	40	15.486	2583
2	20	4	40	10	right	right	1	48	15.429	3111
2	21	4	40	10	left	left	1	40	15.296	2615
2	22	4	40	10	right	right	1	52	15.227	3415
2	23	4	40	10	right	right	1	46	15.293	3008
2	24	4	40	10	left	left	1	40	15.198	2632
2	25	4	40	10	right	right	1	29	15.303	1895
2	26	4	40	10	right	right	1	63	15.328	4110
2	27	4	40	10	right	right	1	29	15.5	1871
2	28	4	40	10	right	right	1	62	15.17	4087
2	29	4	40	10	right	right	1	53	15.269	3471
2	30	4	40	10	left	right	0	75	15.322	4895
2	31	4	40	10	right	left	0	24	15.758	1523
2	32	4	40	10	left	left	1	117	15.165	7715
2	33	4	40	10	right	right	1	42	15.402	2727
2	34	4	40	10	left	right	0	62	15.381	4031
2	35	4	40	10	left	left	1	47	15.245	3083
2	36	4	40	10	left	right	0	46	15.338	2999
2	37	4	40	10	left	left	1	17	15.357	1107
2	38	4	40	10	left	left	1	56	15.393	3638
2	39	4	40	10	left	left	1	46	15.177	3031
2	40	4	40	10	left	left	1	145	15.182	9551
3	1	4	40	10	right	right	1	20	15.492	1291
3	2	4	40	10	left	right	0	99	15.224	6503
3	3	4	40	10	left	left	1	20	15.302	1307
3	4	4	40	10	right	right	1	15	15.773	951
3	5	4	40	10	left	right	0	31	15.633	1983
3	6	4	40	10	right	right	1	47	15.201	3092
3	7	4	40	10	right	right	1	30	15.44	1943
3	8	4	40	10	right	right	1	47	15.309	3070
3	9	4	40	10	right	right	1	50	15.366	3254
3	10	4	40	10	left	left	1	17	15.77	1078
3	11	4	40	10	left	right	0	63	15.265	4127
3	12	4	40	10	right	right	1	26	15.597	1667
3	13	4	40	10	right	right	1	57	15.294	3727
3	14	4	40	10	left	left	1	19	15.249	1246
3	15	4	40	10	right	right	1	17	15.539	1094
3	16	4	40	10	right	right	1	35	15.198	2303
3	17	4	40	10	left	right	0	27	15.553	1736
3	18	4	40	10	left	right	0	14	16.148	867
3	19	4	40	10	right	right	1	56	14.074	3979
3	20	4	40	10	right	right	1	70	15.274	4583
3	21	4	40	10	left	left	1	16	15.748	1016
3	22	4	40	10	left	right	0	57	15.36	3711
3	23	4	40	10	left	left	1	32	15.362	2083
3	24	4	40	10	left	left	1	20	15.736	1271
3	25	4	40	10	left	left	1	31	15.211	2038
3	26	4	40	10	left	left	1	48	15.316	3134
3	27	4	40	10	left	left	1	26	15.196	1711
3	28	4	40	10	left	left	1	16	15.889	1007
3	29	4	40	10	left	left	1	16	15.282	1047
3	30	4	40	10	right	right	1	15	15.244	984
3	31	4	40	10	left	left	1	23	15.142	1519
3	32	4	40	10	right	right	1	20	15.54	1287
3	33	4	40	10	right	right	1	22	15.299	1438
3	34	4	40	10	right	right	1	27	15.571	1734
3	35	4	40	10	right	right	1	18	15.762	1142
3	36	4	40	10	right	right	1	18	15.748	1143
3	37	4	40	10	left	left	1	21	15.273	1375
3	38	4	40	10	right	right	1	13	16.27	799
3	39	4	40	10	right	right	1	24	15.554	1543
3	40	4	40	10	left	left	1	20	15.54	1287
4	1	4	40	10	right	left	0	17	15.799	1076
4	2	4	40	10	left	left	1	35	15.439	2267
4	3	4	40	10	right	left	0	29	15.36	1888
4	4	4	40	10	right	right	1	67	15.328	4371
4	5	4	40	10	right	left	0	29	15.247	1902
4	6	4	40	10	right	left	0	20	15.492	1291
4	7	4	40	10	right	left	0	126	15.214	8282
4	8	4	40	10	left	left	1	95	15.237	6235
4	9	4	40	10	left	left	1	32	15.166	2110
4	10	4	40	10	left	left	1	18	15.639	1151
4	11	4	40	10	right	right	1	57	15.228	3743
4	12	4	40	10	left	left	1	38	15.329	2479
4	13	4	40	10	left	right	0	34	15.295	2223
4	14	4	40	10	right	left	0	12	15.564	771
4	15	4	40	10	right	right	1	48	15.409	3115
4	16	4	40	10	left	left	1	20	15.528	1288
4	17	4	40	10	left	left	1	66	15.363	4296
4	18	4	40	10	right	right	1	113	15.16	7454
4	19	4	40	10	left	left	1	28	15.226	1839
4	20	4	40	10	right	right	1	17	15.525	1095
4	21	4	40	10	left	left	1	20	15.736	1271
4	22	4	40	10	right	right	1	18	15.748	1143
4	23	4	40	10	left	right	0	23	15.385	1495
4	24	4	40	10	left	right	0	44	15.304	2875
4	25	4	40	10	right	right	1	61	15.242	4002
4	26	4	40	10	left	right	0	52	15.299	3399
4	27	4	40	10	left	left	1	81	15.171	5339
4	28	4	40	10	left	left	1	29	15.5	1871
4	29	4	40	10	left	left	1	44	15.406	2856
4	30	4	40	10	right	left	0	35	15.244	2296
4	31	4	40	10	right	right	1	23	15.182	1515
4	32	4	40	10	left	left	1	45	15.249	2951
4	33	4	40	10	left	right	0	88	15.241	5774
4	34	4	40	10	right	left	0	34	15.213	2235
4	35	4	40	10	left	right	0	44	15.22	2891
4	36	4	40	10	right	right	1	61	15.239	4003
4	37	4	40	10	right	right	1	61	15.227	4006
4	38	4	40	10	right	right	1	47	15.265	3079
4	39	4	40	10	left	right	0	58	15.332	3783
4	40	4	40	10	right	right	1	69	15.31	4507
5	1	4	40	10	right	right	1	16	15.826	1011
5	2	4	40	10	left	right	0	33	15.285	2159
5	3	4	40	10	right	right	1	45	15.27	2947
5	4	4	40	10	left	left	1	13	15.971	814
5	5	4	40	10	left	left	1	28	15.634	1791
5	6	4	40	10	right	right	1	51	15.183	3359
5	7	4	40	10	left	left	1	88	15.154	5807
5	8	4	40	10	left	left	1	18	15.859	1135
5	9	4	40	10	left	left	1	14	15.234	919
5	10	4	40	10	right	right	1	16	15.166	1055
5	11	4	40	10	left	left	1	13	15.777	824
5	12	4	40	10	left	left	1	13	15.625	832
5	13	4	40	10	left	left	1	17	15.179	1120
5	14	4	40	10	right	left	0	22	15.449	1424
5	15	4	40	10	right	left	0	20	15.798	1266
5	16	4	40	10	left	left	1	62	15.309	4050
5	17	4	40	10	right	right	1	30	15.385	1950
5	18	4	40	10	left	left	1	36	15.371	2342
5	19	4	40	10	right	right	1	24	15.306	1568
5	20	4	40	10	right	right	1	39	15.385	2535
5	21	4	40	10	left	left	1	73	15.262	4783
5	22	4	40	10	right	right	1	25	15.713	1591
5	23	4	40	10	right	left	0	37	15.277	2422
5	24	4	40	10	left	left	1	57	15.31	3723
5	25	4	40	10	right	right	1	18	15.972	1127
5	26	4	40	10	right	right	1	53	15.269	3471
5	27	4	40	10	left	left	1	17	15.873	1071
5	28	4	40	10	left	right	0	22	15.726	1399
5	29	4	40	10	right	right	1	29	15.458	1876
5	30	4	40	10	right	right	1	42	15.487	2712
5	31	4	40	10	left	left	1	30	15.385	1950
5	32	4	40	10	right	right	1	28	15.686	1785
5	33	4	40	10	right	right	1	23	15.478	1486
5	34	4	40	10	left	left	1	18	15.986	1126
5	35	4	40	10	left	left	1	19	15.447	1230
5	36	4	40	10	right	right	1	24	15.717	1527
5	37	4	40	10	right	left	0	18	15.424	1167
5	38	4	40	10	left	left	1	42	15.334	2739
5	39	4	40	10	right	right	1	23	15.467	1487
5	40	4	40	10	left	left	1	44	15.157	2903
6	1	4	40	10	right	right	1	30	15.4	1948
6	2	4	40	10	left	left	1	13	15.971	814
6	3	4	40	10	left	left	1	15	15.512	967
6	4	4	40	10	right	right	1	18	15.972	1127
6	5	4	40	10	left	left	1	18	15.972	1127
6	6	4	40	10	right	right	1	15	15.907	943
6	7	4	40	10	right	right	1	33	15.335	2152
6	8	4	40	10	right	right	1	20	15.444	1295
6	9	4	40	10	left	right	0	34	15.399	2208
6	10	4	40	10	right	right	1	14	15.982	876
6	11	4	40	10	right	right	1	28	15.152	1848
6	12	4	40	10	right	left	0	11	15.647	703
6	13	4	40	10	left	left	1	40	15.226	2627
6	14	4	40	10	left	left	1	25	15.489	1614
6	15	4	40	10	right	right	1	37	15.27	2423
6	16	4	40	10	left	left	1	17	15.77	1078
6	17	4	40	10	left	left	1	25	15.404	1623
6	18	4	40	10	right	left	0	35	15.358	2279
6	19	4	40	10	left	left	1	13	15.569	835
6	20	4	40	10	left	left	1	16	15.166	1055
6	21	4	40	10	right	right	1	14	16.073	871
6	22	4	40	10	left	left	1	15	15.385	975
6	23	4	40	10	right	right	1	25	15.404	1623
6	24	4	40	10	left	left	1	19	15.536	1223
6	25	4	40	10	right	right	1	17	16.068	1058
6	26	4	40	10	left	left	1	21	15.837	1326
6	27	4	40	10	right	right	1	21	15.73	1335
6	28	4	40	10	left	left	1	19	15.237	1247
6	29	4	40	10	left	right	0	18	15.972	1127
6	30	4	40	10	left	left	1	12	15.727	763
6	31	4	40	10	right	right	1	31	15.324	2023
6	32	4	40	10	left	right	0	18	15.319	1175
6	33	4	40	10	right	right	1	12	15.564	771
6	34	4	40	10	left	left	1	13	15.495	839
6	35	4	40	10	right	right	1	17	15.511	1096
6	36	4	40	10	right	right	1	14	16.055	872
6	37	4	40	10	right	right	1	14	15.217	920
6	38	4	40	10	left	left	1	26	15.403	1688
6	39	4	40	10	right	right	1	45	15.332	2935
6	40	4	40	10	left	right	0	20	15.175	1318
7	1	4	40	10	right	right	1	11	16.105	683
7	2	4	40	10	right	right	1	20	15.163	1319
7	3	4	40	10	right	left	0	36	15.471	2327
7	4	4	40	10	left	right	0	20	15.785	1267
7	5	4	40	10	left	right	0	14	15.436	907
7	6	4	40	10	left	left	1	17	15.933	1067
7	7	4	40	10	right	right	1	46	15.421	2983
7	8	4	40	10	left	left	1	12	16.173	742
7	9	4	40	10	left	left	1	11	15.32	718
7	10	4	40	10	right	right	1	26	15.634	1663
7	11	4	40	10	left	left	1	13	15.796	823
7	12	4	40	10	right	right	1	14	15.368	911
7	13	4	40	10	right	right	1	17	15.992	1063
7	14	4	40	10	left	left	1	10	16.694	599
7	15	4	40	10	right	left	0	16	15.889	1007
7	16	4	40	10	right	right	1	30	15.472	1939
7	17	4	40	10	left	left	1	21	15.73	1335
7	18	4	40	10	right	left	0	20	15.736	1271
7	19	4	40	10	right	right	1	18	15.358	1172
7	20	4	40	10	left	left	1	25	15.47	1616
7	21	4	40	10	left	right	0	18	15.748	1143
7	22	4	40	10	left	left	1	19	15.372	1236
7	23	4	40	10	right	left	0	16	15.296	1046
7	24	4	40	10	right	right	1	25	15.605	1602
7	25	4	40	10	right	right	1	29	15.247	1902
7	26	4	40	10	left	left	1	36	15.477	2326
7	27	4	40	10	left	right	0	11	16.2	679
7	28	4	40	10	left	left	1	38	15.304	2483
7	29	4	40	10	right	left	0	24	15.161	1583
7	30	4	40	10	left	right	0	11	16.296	675
7	31	4	40	10	left	left	1	16	16.08	995
7	32	4	40	10	left	right	0	18	15.972	1127
7	33	4	40	10	left	left	1	17	15.582	1091
7	34	4	40	10	right	right	1	25	15.557	1607
7	35	4	40	10	right	right	1	71	15.252	4655
7	36	4	40	10	left	left	1	17	15.192	1119
7	37	4	40	10	right	right	1	12	15.979	751
7	38	4	40	10	right	right	1	30	15.568	1927
7	39	4	40	10	right	right	1	47	15.425	3047
7	40	4	40	10	left	right	0	26	15.56	1671
8	1	4	40	10	right	right	1	25	15.366	1627
8	2	4	40	10	right	right	1	22	15.737	1398
8	3	4	40	10	left	right	0	19	15.953	1191
8	4	4	40	10	right	right	1	14	15.184	922
8	5	4	40	10	right	left	0	10	15.291	654
8	6	4	40	10	right	right	1	13	15.588	834
8	7	4	40	10	left	right	0	45	15.291	2943
8	8	4	40	10	left	left	1	20	15.302	1307
8	9	4	40	10	left	left	1	25	15.713	1591
8	10	4	40	10	left	left	1	26	15.196	1711
8	11	4	40	10	right	right	1	11	15.827	695
8	12	4	40	10	right	right	1	24	15.238	1575
8	13	4	40	10	left	left	1	15	15.136	991
8	14	4	40	10	right	right	1	16	15.519	1031
8	15	4	40	10	left	left	1	17	15.525	1095
8	16	4	40	10	right	right	1	29	15.303	1895
8	17	4	40	10	right	left	0	29	15.239	1903
8	18	4	40	10	right	right	1	10	15.175	659
8	19	4	40	10	right	right	1	19	15.847	1199
8	20	4	40	10	right	left	0	26	15.625	1664
8	21	4	40	10	left	right	0	17	15.697	1083
8	22	4	40	10	right	right	1	12	16.416	731
8	23	4	40	10	left	right	0	22	15.288	1439
8	24	4	40	10	left	left	1	21	15.206	1381
8	25	4	40	10	left	left	1	31	15.204	2039
8	26	4	40	10	left	left	1	19	15.323	1240
8	27	4	40	10	right	right	1	15	15.259	983
8	28	4	40	10	left	left	1	22	15.214	1446
8	29	4	40	10	left	right	0	25	15.645	1598
8	30	4	40	10	left	left	1	19	15.599	1218
8	31	4	40	10	right	left	0	34	15.582	2182
8	32	4	40	10	right	left	0	20	15.886	1259
8	33	4	40	10	left	left	1	19	15.286	1243
8	34	4	40	10	left	left	1	90	15.267	5895
8	35	4	40	10	left	left	1	23	15.303	1503
8	36	4	40	10	right	left	0	31	15.508	1999
8	37	4	40	10	right	right	1	20	15.686	1275
8	38	4	40	10	left	left	1	21	15.825	1327
8	39	4	40	10	right	right	1	19	15.94	1192
8	40	4	40	10	left	left	1	17	15.873	1071
9	1	4	40	10	right	right	1	57	15.347	3714
9	2	4	40	10	left	left	1	12	15.345	782
9	3	4	40	10	left	left	1	21	15.464	1358
9	4	4	40	10	left	left	1	16	15.296	1046
9	5	4	40	10	left	left	1	11	15.647	703
9	6	4	40	10	left	left	1	9	15.652	575
9	7	4	40	10	right	right	1	13	15.205	855
9	8	4	40	10	left	left	1	10	15.456	647
9	9	4	40	10	right	left	0	15	15.385	975
9	10	4	40	10	right	right	1	10	15.552	643
9	11	4	40	10	left	left	1	34	15.295	2223
9	12	4	40	10	left	right	0	8	15.18	527
9	13	4	40	10	right	left	0	11	15.385	715
9	14	4	40	10	right	right	1	11	15.559	707
9	15	4	40	10	left	right	0	33	15.172	2175
9	16	4	40	10	left	left	1	15	15.198	987
9	17	4	40	10	right	left	0	20	15.54	1287
9	18	4	40	10	left	left	1	34	15.49	2195
9	19	4	40	10	left	left	1	52	15.263	3407
9	20	4	40	10	right	right	1	36	15.209	2367
9	21	4	40	10	right	right	1	38	15.479	2455
9	22	4	40	10	left	right	0	40	15.25	2623
9	23	4	40	10	right	right	1	39	15.163	2572
9	24	4	40	10	right	left	0	19	15.953	1191
9	25	4	40	10	left	right	0	18	15.929	1130
9	26	4	40	10	right	left	0	43	15.216	2826
9	27	4	40	10	right	right	1	63	15.31	4115
9	28	4	40	10	right	right	1	38	15.479	2455
9	29	4	40	10	left	left	1	32	15.159	2111
9	30	4	40	10	left	right	0	33	15.228	2167
9	31	4	40	10	right	right	1	49	15.184	3227
9	32	4	40	10	right	left	0	28	15.564	1799
9	33	4	40	10	right	right	1	16	15.952	1003
9	34	4	40	10	left	left	1	61	15.163	4023
9	35	4	40	10	right	left	0	48	15.39	3119
9	36	4	40	10	left	left	1	19	15.485	1227
9	37	4	40	10	left	left	1	22	15.548	1415
9	38	4	40	10	left	right	0	25	15.319	1632
9	39	4	40	10	right	right	1	29	15.271	1899
9	40	4	40	10	right	right	1	22	15.726	1399
10	1	4	40	10	left	left	1	23	15.509	1483
10	2	4	40	10	right	right	1	10	16.474	607
10	3	4	40	10	left	right	0	12	15.484	775
10	4	4	40	10	right	left	0	27	15.446	1748
10	5	4	40	10	left	right	0	11	15.581	706
10	6	4	40	10	left	left	1	19	15.599	1218
10	7	4	40	10	right	right	1	35	15.364	2278
10	8	4	40	10	left	left	1	21	15.195	1382
10	9	4	40	10	right	left	0	18	15.859	1135
10	10	4	40	10	left	left	1	14	15.436	907
10	11	4	40	10	left	left	1	60	15.373	3903
10	12	4	40	10	right	right	1	35	15.466	2263
10	13	4	40	10	right	right	1	22	15.374	1431
10	14	4	40	10	left	left	1	15	16.164	928
10	15	4	40	10	right	left	0	23	15.797	1456
10	16	4	40	10	right	right	1	11	15.759	698
10	17	4	40	10	left	left	1	32	15.572	2055
10	18	4	40	10	right	right	1	20	15.444	1295
10	19	4	40	10	left	left	1	15	15.512	967
10	20	4	40	10	right	left	0	40	15.296	2615
10	21	4	40	10	right	left	0	19	15.69	1211
10	22	4	40	10	right	right	1	22	15.692	1402
10	23	4	40	10	left	left	1	13	16.25	800
10	24	4	40	10	left	right	0	28	15.234	1838
10	25	4	40	10	right	right	1	30	15.601	1923
10	26	4	40	10	right	right	1	20	15.736	1271
10	27	4	40	10	left	left	1	15	15.259	983
10	28	4	40	10	left	left	1	27	15.35	1759
10	29	4	40	10	left	right	0	15	15.275	982
10	30	4	40	10	right	right	1	9	16.245	554
10	31	4	40	10	left	left	1	11	15.152	726
10	32	4	40	10	right	right	1	24	15.789	1520
10	33	4	40	10	right	left	0	21	15.195	1382
10	34	4	40	10	left	right	0	31	15.294	2027
10	35	4	40	10	left	left	1	20	15.886	1259
10	36	4	40	10	right	right	1	14	15.368	911
10	37	4	40	10	right	right	1	23	15.142	1519
10	38	4	40	10	left	left	1	19	15.435	1231
10	39	4	40	10	right	right	1	16	15.748	1016
10	40	4	40	10	left	right	0	19	15.335	1239
11	1	4	40	10	right	right	1	22	15.681	1403
11	2	4	40	10	right	right	1	23	15.303	1503
11	3	4	40	10	right	right	1	14	15.927	879
11	4	4	40	10	left	left	1	12	15.81	759
11	5	4	40	10	right	right	1	11	15.299	719
11	6	4	40	10	right	right	1	12	15.81	759
11	7	4	40	10	left	right	0	31	15.385	2015
11	8	4	40	10	left	right	0	11	16.492	667
11	9	4	40	10	left	left	1	12	15.404	779
11	10	4	40	10	right	right	1	11	15.278	720
11	11	4	40	10	right	left	0	12	15.171	791
11	12	4	40	10	left	left	1	16	15.224	1051
11	13	4	40	10	left	right	0	25	15.253	1639
11	14	4	40	10	left	left	1	18	15.164	1187
11	15	4	40	10	left	right	0	38	15.378	2471
11	16	4	40	10	left	left	1	17	15.483	1098
11	17	4	40	10	right	right	1	12	16.349	734
11	18	4	40	10	left	left	1	11	16.2	679
11	19	4	40	10	left	left	1	17	15.302	1111
11	20	4	40	10	right	right	1	25	15.328	1631
11	21	4	40	10	left	right	0	36	15.524	2319
11	22	4	40	10	right	left	0	14	15.436	907
11	23	4	40	10	right	right	1	11	15.214	723
11	24	4	40	10	right	left	0	19	15.435	1231
11	25	4	40	10	right	right	1	14	16	875
11	26	4	40	10	left	left	1	18	15.639	1151
11	27	4	40	10	left	left	1	21	15.262	1376
11	28	4	40	10	left	left	1	11	15.827	695
11	29	4	40	10	right	left	0	10	16.051	623
11	30	4	40	10	left	left	1	28	15.53	1803
11	31	4	40	10	left	left	1	21	15.184	1383
11	32	4	40	10	left	left	1	29	15.368	1887
11	33	4	40	10	right	right	1	19	15.742	1207
11	34	4	40	10	left	left	1	12	15.345	782
11	35	4	40	10	right	right	1	11	15.152	726
11	36	4	40	10	right	right	1	21	15.544	1351
11	37	4	40	10	right	right	1	20	15.444	1295
11	38	4	40	10	left	left	1	11	16.393	671
11	39	4	40	10	right	left	0	14	15.642	895
11	40	4	40	10	right	left	0	20	15.873	1260
12	1	4	40	10	right	right	1	11	15.559	707
12	2	4	40	10	left	left	1	9	15.652	575
12	3	4	40	10	left	right	0	9	16.575	543
12	4	4	40	10	left	left	1	19	15.385	1235
12	5	4	40	10	right	right	1	14	15.351	912
12	6	4	40	10	left	left	1	11	16.176	680
12	7	4	40	10	right	right	1	10	16.694	599
12	8	4	40	10	right	right	1	18	12.312	1462
12	9	4	40	10	left	left	1	12	15.748	762
12	10	4	40	10	right	right	1	12	16.086	746
12	11	4	40	10	left	right	0	16	15.282	1047
12	12	4	40	10	left	right	0	14	15.573	899
12	13	4	40	10	left	right	0	8	16.598	482
12	14	4	40	10	left	right	0	8	16.064	498
12	15	4	40	10	left	left	1	47	15.44	3044
12	16	4	40	10	left	right	0	10	15.873	630
12	17	4	40	10	right	right	1	13	16.189	803
12	18	4	40	10	left	left	1	17	15.992	1063
12	19	4	40	10	left	left	1	37	15.27	2423
12	20	4	40	10	left	left	1	32	15.572	2055
12	21	4	40	10	left	right	0	26	15.276	1702
12	22	4	40	10	right	right	1	13	15.738	826
12	23	4	40	10	right	left	0	14	15.504	903
12	24	4	40	10	right	right	1	48	15.449	3107
12	25	4	40	10	left	left	1	40	15.391	2599
12	26	4	40	10	right	right	1	18	15.859	1135
12	27	4	40	10	right	right	1	46	15.379	2991
12	28	4	40	10	right	right	1	14	15.784	887
12	29	4	40	10	left	right	0	27	15.411	1752
12	30	4	40	10	left	right	0	14	15.284	916
12	31	4	40	10	right	right	1	13	15.873	819
12	32	4	40	10	left	left	1	15	15.136	991
12	33	4	40	10	right	left	0	16	15.519	1031
12	34	4	40	10	right	left	0	13	15.134	859
12	35	4	40	10	right	right	1	10	15.949	627
12	36	4	40	10	right	right	1	33	15.573	2119
12	37	4	40	10	right	right	1	20	15.54	1287
12	38	4	40	10	left	left	1	24	15.404	1558
12	39	4	40	10	right	right	1	31	15.324	2023
12	40	4	40	10	right	right	1	34	15.575	2183
13	1	4	40	10	right	right	1	8	15.748	508
13	2	4	40	10	left	left	1	10	15.649	639
13	3	4	40	10	right	right	1	10	15.873	630
13	4	4	40	10	right	left	0	12	16.173	742
13	5	4	40	10	right	left	0	14	16.018	874
13	6	4	40	10	left	right	0	9	15.762	571
13	7	4	40	10	right	right	1	20	15.492	1291
13	8	4	40	10	right	left	0	17	15.873	1071
13	9	4	40	10	right	left	0	13	15.276	851
13	10	4	40	10	left	left	1	14	15.573	899
13	11	4	40	10	left	right	0	17	15.525	1095
13	12	4	40	10	left	left	1	12	15.248	787
13	13	4	40	10	left	left	1	74	15.217	4863
13	14	4	40	10	left	left	1	16	15.873	1008
13	15	4	40	10	left	left	1	20	15.823	1264
13	16	4	40	10	right	left	0	19	15.742	1207
13	17	4	40	10	left	left	1	13	16.352	795
13	18	4	40	10	left	right	0	24	15.474	1551
13	19	4	40	10	right	right	1	20	15.302	1307
13	20	4	40	10	left	left	1	12	15.19	790
13	21	4	40	10	left	left	1	18	15.652	1150
13	22	4	40	10	right	left	0	16	16.032	998
13	23	4	40	10	left	left	1	13	15.569	835
13	24	4	40	10	left	left	1	12	15.645	767
13	25	4	40	10	left	right	0	15	15.773	951
13	26	4	40	10	left	left	1	12	16.416	731
13	27	4	40	10	right	right	1	16	15.166	1055
13	28	4	40	10	left	left	1	25	15.253	1639
13	29	4	40	10	left	right	0	26	15.56	1671
13	30	4	40	10	right	right	1	13	15.152	858
13	31	4	40	10	left	left	1	15	15.924	942
13	32	4	40	10	right	right	1	18	15.972	1127
13	33	4	40	10	right	left	0	14	15.504	903
13	34	4	40	10	right	left	0	11	15.737	699
13	35	4	40	10	right	right	1	14	15.855	883
13	36	4	40	10	right	right	1	27	15.211	1775
13	37	4	40	10	left	left	1	15	15.641	959
13	38	4	40	10	right	right	1	22	15.288	1439
13	39	4	40	10	right	left	0	24	15.316	1567
13	40	4	40	10	right	right	1	11	15.214	723
14	1	4	40	10	left	right	0	10	16.155	619
14	2	4	40	10	right	left	0	26	15.597	1667
14	3	4	40	10	right	left	0	12	15.564	771
14	4	4	40	10	right	right	1	20	15.492	1291
14	5	4	40	10	right	left	0	16	15.414	1038
14	6	4	40	10	left	left	1	15	15.448	971
14	7	4	40	10	right	right	1	19	15.447	1230
14	8	4	40	10	left	left	1	14	15.234	919
14	9	4	40	10	left	left	1	15	15.773	951
14	10	4	40	10	left	left	1	14	15.234	919
14	11	4	40	10	right	right	1	14	15.234	919
14	12	4	40	10	right	left	0	16	16.016	999
14	13	4	40	10	left	left	1	14	16	875
14	14	4	40	10	right	right	1	14	15.504	903
14	15	4	40	10	right	left	0	24	15.635	1535
14	16	4	40	10	left	left	1	16	15.238	1050
14	17	4	40	10	left	left	1	17	15.539	1094
14	18	4	40	10	right	right	1	11	15.471	711
14	19	4	40	10	left	left	1	21	15.544	1351
14	20	4	40	10	right	right	1	13	15.796	823
14	21	4	40	10	left	left	1	11	15.299	719
14	22	4	40	10	left	left	1	17	15.302	1111
14	23	4	40	10	left	left	1	21	15.73	1335
14	24	4	40	10	left	left	1	29	15.239	1903
14	25	4	40	10	right	left	0	36	15.313	2351
14	26	4	40	10	left	left	1	10	15.552	643
14	27	4	40	10	left	right	0	35	15.514	2256
14	28	4	40	10	right	left	0	10	16.129	620
14	29	4	40	10	right	left	0	13	15.421	843
14	30	4	40	10	right	right	1	5	16.287	307
14	31	4	40	10	right	left	0	14	16.222	863
14	32	4	40	10	left	left	1	13	15.276	851
14	33	4	40	10	left	left	1	14	16.241	862
14	34	4	40	10	left	left	1	39	15.246	2558
14	35	4	40	10	right	right	1	15	16.06	934
14	36	4	40	10	right	left	0	15	16.164	928
14	37	4	40	10	right	left	0	12	15.424	778
14	38	4	40	10	right	right	1	14	15.855	883
14	39	4	40	10	left	left	1	43	15.407	2791
14	40	4	40	10	left	left	1	43	15.49	2776
15	1	4	40	10	right	left	0	23	15.426	1491
15	2	4	40	10	left	left	1	18	15.477	1163
15	3	4	40	10	left	right	0	12	16.151	743
15	4	4	40	10	right	left	0	10	15.198	658
15	5	4	40	10	left	left	1	11	15.235	722
15	6	4	40	10	right	right	1	15	15.259	983
15	7	4	40	10	right	right	1	18	15.639	1151
15	8	4	40	10	left	left	1	11	16.591	663
15	9	4	40	10	right	right	1	11	15.471	711
15	10	4	40	10	left	right	0	19	15.638	1215
15	11	4	40	10	left	left	1	14	16.129	868
15	12	4	40	10	right	right	1	22	15.548	1415
15	13	4	40	10	left	left	1	10	16.474	607
15	14	4	40	10	left	right	0	9	15.228	591
15	15	4	40	10	right	right	1	18	15.267	1179
15	16	4	40	10	right	right	1	29	15.368	1887
15	17	4	40	10	right	right	1	17	15.511	1096
15	18	4	40	10	right	left	0	12	15.171	791
15	19	4	40	10	right	right	1	10	16.155	619
15	20	4	40	10	right	right	1	17	15.755	1079
15	21	4	40	10	right	right	1	14	16.241	862
15	22	4	40	10	left	left	1	13	16.129	806
15	23	4	40	10	right	right	1	11	16.224	678
15	24	4	40	10	right	right	1	14	15.251	918
15	25	4	40	10	left	left	1	35	15.419	2270
15	26	4	40	10	left	right	0	12	15.645	767
15	27	4	40	10	left	left	1	9	15.789	570
15	28	4	40	10	right	right	1	10	15.267	655
15	29	4	40	10	right	left	0	13	15.205	855
15	30	4	40	10	left	left	1	16	15.952	1003
15	31	4	40	10	right	right	1	16	15.889	1007
15	32	4	40	10	right	right	1	15	16.043	935
15	33	4	40	10	left	left	1	11	15.647	703
15	34	4	40	10	left	right	0	13	16.27	799
15	35	4	40	10	left	left	1	10	16.129	620
15	36	4	40	10	left	left	1	23	15.303	1503
15	37	4	40	10	left	right	0	13	15.495	839
15	38	4	40	10	left	left	1	10	15.748	635
15	39	4	40	10	right	right	1	19	15.847	1199
15	40	4	40	10	left	left	1	24	15.717	1527
16	1	4	40	10	left	left	1	14	15.556	900
16	2	4	40	10	left	left	1	19	15.237	1247
16	3	4	40	10	left	left	1	12	15.152	792
16	4	4	40	10	left	right	0	11	15.805	696
16	5	4	40	10	right	left	0	9	15.734	572
16	6	4	40	10	left	right	0	10	16.155	619
16	7	4	40	10	left	left	1	17	15.947	1066
16	8	4	40	10	right	right	1	19	15.447	1230
16	9	4	40	10	right	right	1	21	15.284	1374
16	10	4	40	10	right	right	1	18	15.437	1166
16	11	4	40	10	left	left	1	14	15.521	902
16	12	4	40	10	left	left	1	14	15.251	918
16	13	4	40	10	right	right	1	18	15.859	1135
16	14	4	40	10	left	left	1	14	15.234	919
16	15	4	40	10	right	right	1	14	15.234	919
16	16	4	40	10	right	left	0	15	15.512	967
16	17	4	40	10	right	right	1	18	15.477	1163
16	18	4	40	10	left	right	0	23	15.636	1471
16	19	4	40	10	left	left	1	10	16.584	603
16	20	4	40	10	right	right	1	15	16.043	935
16	21	4	40	10	right	right	1	21	15.637	1343
16	22	4	40	10	right	right	1	17	15.315	1110
16	23	4	40	10	right	right	1	17	15.873	1071
16	24	4	40	10	right	left	0	13	15.625	832
16	25	4	40	10	right	right	1	11	15.214	723
16	26	4	40	10	right	right	1	16	15.64	1023
16	27	4	40	10	right	left	0	19	15.536	1223
16	28	4	40	10	left	right	0	14	16.148	867
16	29	4	40	10	left	left	1	23	15.509	1483
16	30	4	40	10	left	left	1	32	15.451	2071
16	31	4	40	10	right	right	1	18	15.859	1135
16	32	4	40	10	left	left	1	11	15.805	696
16	33	4	40	10	left	left	1	20	15.528	1288
16	34	4	40	10	right	right	1	13	15.931	816
16	35	4	40	10	left	left	1	16	16	1000
16	36	4	40	10	left	right	0	22	15.714	1400
16	37	4	40	10	right	right	1	10	16.367	611
16	38	4	40	10	left	left	1	10	15.456	647
16	39	4	40	10	right	right	1	12	16.349	734
16	40	4	40	10	left	left	1	10	15.291	654
17	1	4	40	10	right	right	1	20	15.785	1267
17	2	4	40	10	right	left	0	22	15.385	1430
17	3	4	40	10	right	right	1	9	15.986	563
17	4	4	40	10	left	left	1	11	15.827	695
17	5	4	40	10	right	right	1	16	15.282	1047
17	6	4	40	10	right	right	1	19	15.237	1247
17	7	4	40	10	right	left	0	11	16.012	687
17	8	4	40	10	left	left	1	35	15.385	2275
17	9	4	40	10	left	left	1	42	15.402	2727
17	10	4	40	10	left	left	1	21	15.464	1358
17	11	4	40	10	left	left	1	15	15.259	983
17	12	4	40	10	right	right	1	25	15.557	1607
17	13	4	40	10	left	left	1	17	15.413	1103
17	14	4	40	10	right	right	1	18	15.748	1143
17	15	4	40	10	left	left	1	13	15.495	839
17	16	4	40	10	left	right	0	23	15.222	1511
17	17	4	40	10	left	left	1	9	15.762	571
17	18	4	40	10	left	left	1	19	15.638	1215
17	19	4	40	10	left	left	1	16	15.282	1047
17	20	4	40	10	right	right	1	23	15.467	1487
17	21	4	40	10	left	right	0	17	15.858	1072
17	22	4	40	10	right	left	0	10	16.556	604
17	23	4	40	10	left	tooFast	2	3	15.957	188
17	24	4	40	10	right	right	1	15	15.448	971
17	25	4	40	10	left	left	1	79	15.152	5214
17	26	4	40	10	left	left	1	15	15.907	943
17	27	4	40	10	left	right	0	18	15.639	1151
17	28	4	40	10	right	right	1	27	15.598	1731
17	29	4	40	10	right	right	1	30	15.496	1936
17	30	4	40	10	left	left	1	14	15.784	887
17	31	4	40	10	right	right	1	16	15.779	1014
17	32	4	40	10	right	right	1	27	15.152	1782
17	33	4	40	10	right	right	1	24	15.727	1526
17	34	4	40	10	right	right	1	19	15.249	1246
17	35	4	40	10	left	left	1	34	15.302	2222
17	36	4	40	10	right	right	1	16	15.779	1014
17	37	4	40	10	right	right	1	17	15.413	1103
17	38	4	40	10	left	right	0	26	15.634	1663
17	39	4	40	10	left	left	1	12	16.416	731
17	40	4	40	10	right	left	0	25	15.253	1639
18	1	4	40	10	left	left	1	14	15.695	892
18	2	4	40	10	left	left	1	14	15.642	895
18	3	4	40	10	right	right	1	22	15.204	1447
18	4	4	40	10	right	left	0	13	15.644	831
18	5	4	40	10	right	left	0	14	15.301	915
18	6	4	40	10	left	left	1	12	15.727	763
18	7	4	40	10	right	left	0	40	15.296	2615
18	8	4	40	10	left	left	1	25	15.518	1611
18	9	4	40	10	left	right	0	35	15.576	2247
18	10	4	40	10	right	right	1	25	15.142	1651
18	11	4	40	10	left	left	1	14	15.909	880
18	12	4	40	10	right	right	1	17	15.858	1072
18	13	4	40	10	right	left	0	22	15.537	1416
18	14	4	40	10	right	right	1	24	15.584	1540
18	15	4	40	10	right	right	1	25	15.635	1599
18	16	4	40	10	left	right	0	28	15.642	1790
18	17	4	40	10	right	right	1	50	15.423	3242
18	18	4	40	10	right	left	0	14	15.784	887
18	19	4	40	10	left	right	0	20	15.504	1290
18	20	4	40	10	right	left	0	13	15.873	819
18	21	4	40	10	right	right	1	21	15.498	1355
18	22	4	40	10	right	right	1	32	15.216	2103
18	23	4	40	10	right	right	1	36	15.313	2351
18	24	4	40	10	left	right	0	49	15.317	3199
18	25	4	40	10	right	right	1	31	15.241	2034
18	26	4	40	10	left	left	1	13	15.644	831
18	27	4	40	10	left	left	1	14	15.784	887
18	28	4	40	10	left	left	1	17	15.413	1103
18	29	4	40	10	right	right	1	16	15.399	1039
18	30	4	40	10	left	right	0	23	15.385	1495
18	31	4	40	10	right	left	0	11	15.919	691
18	32	4	40	10	left	left	1	17	15.469	1099
18	33	4	40	10	left	right	0	26	15.634	1663
18	34	4	40	10	left	left	1	16	15.579	1027
18	35	4	40	10	left	left	1	18	15.957	1128
18	36	4	40	10	left	left	1	22	15.625	1408
18	37	4	40	10	right	right	1	19	15.224	1248
18	38	4	40	10	left	left	1	15	15.275	982
18	39	4	40	10	right	right	1	16	15.534	1030
18	40	4	40	10	left	right	0	23	15.313	1502
19	1	4	40	10	left	left	1	23	15.426	1491
19	2	4	40	10	right	right	1	11	15.471	711
19	3	4	40	10	left	right	0	18	15.972	1127
19	4	4	40	10	right	right	1	23	15.182	1515
19	5	4	40	10	right	right	1	21	15.637	1343
19	6	4	40	10	left	left	1	18	15.957	1128
19	7	4	40	10	right	left	0	20	15.835	1263
19	8	4	40	10	left	left	1	11	15.363	716
19	9	4	40	10	right	right	1	12	15.484	775
19	10	4	40	10	right	left	0	20	15.163	1319
19	11	4	40	10	right	right	1	18	15.28	1178
19	12	4	40	10	left	right	0	17	15.539	1094
19	13	4	40	10	right	left	0	10	15.198	658
19	14	4	40	10	left	right	0	10	16.393	610
19	15	4	40	10	left	right	0	11	15.235	722
19	16	4	40	10	right	right	1	11	16.296	675
19	17	4	40	10	left	right	0	20	15.163	1319
19	18	4	40	10	left	left	1	12	15.564	771
19	19	4	40	10	left	right	0	12	15.171	791
19	20	4	40	10	right	right	1	17	16.053	1059
19	21	4	40	10	right	right	1	15	16.164	928
19	22	4	40	10	left	left	1	51	15.441	3303
19	23	4	40	10	left	right	0	17	15.302	1111
19	24	4	40	10	left	right	0	13	16.189	803
19	25	4	40	10	left	right	0	13	15.719	827
19	26	4	40	10	right	right	1	17	15.814	1075
19	27	4	40	10	left	left	1	25	15.179	1647
19	28	4	40	10	right	left	0	44	15.412	2855
19	29	4	40	10	left	left	1	21	15.59	1347
19	30	4	40	10	left	right	0	53	15.34	3455
19	31	4	40	10	left	left	1	72	15.293	4708
19	32	4	40	10	right	left	0	14	15.368	911
19	33	4	40	10	right	left	0	35	15.391	2274
19	34	4	40	10	right	left	0	111	15.21	7298
19	35	4	40	10	right	right	1	54	15.328	3523
19	36	4	40	10	left	left	1	17	15.992	1063
19	37	4	40	10	left	left	1	14	15.368	911
19	38	4	40	10	right	right	1	26	15.485	1679
19	39	4	40	10	right	right	1	45	15.332	2935
19	40	4	40	10	right	right	1	16	15.889	1007
20	1	4	40	10	left	left	1	16	15.209	1052
20	2	4	40	10	left	right	0	9	15.437	583
20	3	4	40	10	left	left	1	35	15.331	2283
20	4	4	40	10	left	left	1	11	16.012	687
20	5	4	40	10	left	left	1	23	15.721	1463
20	6	4	40	10	left	right	0	23	15.313	1502
20	7	4	40	10	left	left	1	12	15.915	754
20	8	4	40	10	right	right	1	42	15.407	2726
20	9	4	40	10	left	left	1	63	15.328	4110
20	10	4	40	10	left	left	1	34	15.406	2207
20	11	4	40	10	right	left	0	35	15.466	2263
20	12	4	40	10	right	right	1	25	15.753	1587
20	13	4	40	10	right	right	1	34	15.462	2199
20	14	4	40	10	left	left	1	33	15.342	2151
20	15	4	40	10	right	right	1	19	15.638	1215
20	16	4	40	10	right	right	1	17	15.992	1063
20	17	4	40	10	right	left	0	16	16.016	999
20	18	4	40	10	right	right	1	12	15.404	779
20	19	4	40	10	right	right	1	13	15.644	831
20	20	4	40	10	right	right	1	12	15.484	775
20	21	4	40	10	right	right	1	15	16.181	927
20	22	4	40	10	left	right	0	14	16.222	863
20	23	4	40	10	right	right	1	15	15.974	939
20	24	4	40	10	right	right	1	17	15.755	1079
20	25	4	40	10	left	right	0	17	15.77	1078
20	26	4	40	10	left	right	0	10	16.75	597
20	27	4	40	10	left	right	0	12	16.238	739
20	28	4	40	10	left	right	0	11	16.492	667
20	29	4	40	10	right	left	0	17	15.582	1091
20	30	4	40	10	right	right	1	22	15.331	1435
20	31	4	40	10	left	left	1	17	15.206	1118
20	32	4	40	10	left	right	0	28	15.573	1798
20	33	4	40	10	right	right	1	13	15.588	834
20	34	4	40	10	left	left	1	12	15.171	791
20	35	4	40	10	right	left	0	20	15.256	1311
20	36	4	40	10	right	right	1	38	15.403	2467
20	37	4	40	10	right	right	1	35	15.145	2311
20	38	4	40	10	left	left	1	31	15.144	2047
20	39	4	40	10	left	left	1	22	15.726	1399
20	40	4	40	10	right	left	0	74	15.292	4839
21	1	4	40	10	right	right	1	21	15.861	1324
21	2	4	40	10	left	left	1	22	15.636	1407
21	3	4	40	10	right	right	1	21	15.533	1352
21	4	4	40	10	left	left	1	16	16.016	999
21	5	4	40	10	right	right	1	24	15.161	1583
21	6	4	40	10	right	right	1	13	15.644	831
21	7	4	40	10	left	left	1	21	15.73	1335
21	8	4	40	10	left	right	0	10	15.848	631
21	9	4	40	10	right	left	0	9	16.453	547
21	10	4	40	10	right	right	1	12	16.064	747
21	11	4	40	10	left	left	1	9	15.437	583
21	12	4	40	10	left	right	0	9	15.437	583
21	13	4	40	10	left	left	1	14	16	875
21	14	4	40	10	right	right	1	21	15.441	1360
21	15	4	40	10	right	left	0	11	15.471	711
21	16	4	40	10	right	right	1	9	16.698	539
21	17	4	40	10	left	left	1	16	15.64	1023
21	18	4	40	10	right	right	1	13	15.644	831
21	19	4	40	10	left	left	1	15	16.164	928
21	20	4	40	10	right	right	1	12	16.327	735
21	21	4	40	10	left	left	1	24	15.564	1542
21	22	4	40	10	right	right	1	11	16.418	670
21	23	4	40	10	left	left	1	12	15.504	774
21	24	4	40	10	left	right	0	12	15.831	758
21	25	4	40	10	left	left	1	9	16.216	555
21	26	4	40	10	left	left	1	15	16.181	927
21	27	4	40	10	left	left	1	24	15.474	1551
21	28	4	40	10	right	right	1	11	16.393	671
21	29	4	40	10	right	right	1	18	15.319	1175
21	30	4	40	10	right	left	0	21	15.362	1367
21	31	4	40	10	left	left	1	33	15.2	2171
21	32	4	40	10	left	left	1	22	15.288	1439
21	33	4	40	10	right	left	0	18	15.531	1159
21	34	4	40	10	right	right	1	11	15.737	699
21	35	4	40	10	right	right	1	22	15.625	1408
21	36	4	40	10	left	left	1	13	15.951	815
21	37	4	40	10	left	left	1	25	15.179	1647
21	38	4	40	10	right	right	1	15	15.773	951
21	39	4	40	10	left	left	1	13	15.205	855
21	40	4	40	10	right	left	0	18	15.972	1127
22	1	4	40	10	left	left	1	11	15.214	723
22	2	4	40	10	right	right	1	9	15.652	575
22	3	4	40	10	left	left	1	15	15.773	951
22	4	4	40	10	right	right	1	17	15.755	1079
22	5	4	40	10	right	right	1	16	15.296	1046
22	6	4	40	10	left	left	1	9	16.854	534
22	7	4	40	10	right	right	1	12	15.666	766
22	8	4	40	10	left	left	1	13	16.129	806
22	9	4	40	10	left	left	1	17	15.413	1103
22	10	4	40	10	right	right	1	13	15.951	815
22	11	4	40	10	right	right	1	13	15.205	855
22	12	4	40	10	right	left	0	11	16.591	663
22	13	4	40	10	left	left	1	16	16.08	995
22	14	4	40	10	right	right	1	9	15.437	583
22	15	4	40	10	right	left	0	10	15.649	639
22	16	4	40	10	left	right	0	15	15.839	947
22	17	4	40	10	left	left	1	11	16.105	683
22	18	4	40	10	right	right	1	18	15.859	1135
22	19	4	40	10	left	left	1	12	15.484	775
22	20	4	40	10	left	right	0	12	16.129	744
22	21	4	40	10	left	left	1	20	15.873	1260
22	22	4	40	10	right	right	1	23	15.142	1519
22	23	4	40	10	left	left	1	12	15.979	751
22	24	4	40	10	left	left	1	13	16.109	807
22	25	4	40	10	left	left	1	16	15.282	1047
22	26	4	40	10	right	right	1	27	15.35	1759
22	27	4	40	10	right	left	0	18	15.748	1143
22	28	4	40	10	left	left	1	10	16.367	611
22	29	4	40	10	right	right	1	10	16.287	614
22	30	4	40	10	left	left	1	13	15.951	815
22	31	4	40	10	left	left	1	11	15.67	702
22	32	4	40	10	right	right	1	11	16.393	671
22	33	4	40	10	right	right	1	20	13.307	1503
22	34	4	40	10	right	right	1	18	15.385	1170
22	35	4	40	10	left	right	0	11	15.131	727
22	36	4	40	10	left	right	0	38	15.354	2475
22	37	4	40	10	right	right	1	16	15.842	1010
22	38	4	40	10	left	left	1	10	15.291	654
22	39	4	40	10	right	right	1	10	15.873	630
22	40	4	40	10	right	right	1	21	15.453	1359
23	1	4	40	10	right	left	0	21	15.317	1371
23	2	4	40	10	right	right	1	8	15.296	523
23	3	4	40	10	right	left	0	12	15.645	767
23	4	4	40	10	left	left	1	9	15.126	595
23	5	4	40	10	left	left	1	11	16.393	671
23	6	4	40	10	left	right	0	10	16.26	615
23	7	4	40	10	left	left	1	11	16.296	675
23	8	4	40	10	left	left	1	11	16.566	664
23	9	4	40	10	right	right	1	10	16.474	607
23	10	4	40	10	left	left	1	11	15.299	719
23	11	4	40	10	left	right	0	11	15.278	720
23	12	4	40	10	left	left	1	8	15.504	516
23	13	4	40	10	left	left	1	13	15.951	815
23	14	4	40	10	right	right	1	18	15.972	1127
23	15	4	40	10	right	left	0	14	16.222	863
23	16	4	40	10	left	right	0	11	16.105	683
23	17	4	40	10	right	right	1	11	15.385	715
23	18	4	40	10	left	left	1	11	15.827	695
23	19	4	40	10	right	right	1	13	15.796	823
23	20	4	40	10	left	left	1	10	15.674	638
23	21	4	40	10	left	right	0	11	15.647	703
23	22	4	40	10	left	left	1	11	16.129	682
23	23	4	40	10	left	left	1	13	15.644	831
23	24	4	40	10	left	left	1	13	15.625	832
23	25	4	40	10	right	left	0	14	16.204	864
23	26	4	40	10	right	left	0	12	15.404	779
23	27	4	40	10	right	left	0	11	15.559	707
23	28	4	40	10	left	left	1	18	15.803	1139
23	29	4	40	10	right	right	1	17	15.413	1103
23	30	4	40	10	right	right	1	20	15.256	1311
23	31	4	40	10	right	right	1	13	16.129	806
23	32	4	40	10	right	left	0	11	15.493	710
23	33	4	40	10	right	left	0	31	15.609	1986
23	34	4	40	10	left	left	1	23	15.344	1499
23	35	4	40	10	right	right	1	10	15.456	647
23	36	4	40	10	right	left	0	19	15.953	1191
23	37	4	40	10	left	left	1	10	16.584	603
23	38	4	40	10	right	left	0	18	15.531	1159
23	39	4	40	10	left	left	1	30	15.408	1947
23	40	4	40	10	right	right	1	12	16.151	743
24	1	4	40	10	left	left	1	11	16.467	668
24	2	4	40	10	left	left	1	21	15.625	1344
24	3	4	40	10	left	right	0	9	15.203	592
24	4	4	40	10	left	left	1	10	15.552	643
24	5	4	40	10	right	right	1	12	15.171	791
24	6	4	40	10	right	left	0	9	15.437	583
24	7	4	40	10	right	right	1	11	16.492	667
24	8	4	40	10	left	left	1	14	15.909	880
24	9	4	40	10	right	right	1	15	15.641	959
24	10	4	40	10	right	left	0	19	15.847	1199
24	11	4	40	10	left	left	1	13	15.421	843
24	12	4	40	10	right	right	1	13	16.291	798
24	13	4	40	10	right	left	0	17	15.992	1063
24	14	4	40	10	left	left	1	18	15.371	1171
24	15	4	40	10	left	left	1	16	16.113	993
24	16	4	40	10	left	left	1	20	15.175	1318
24	17	4	40	10	left	left	1	25	15.404	1623
24	18	4	40	10	right	right	1	21	15.637	1343
24	19	4	40	10	right	right	1	20	15.911	1257
24	20	4	40	10	right	right	1	30	15.385	1950
24	21	4	40	10	right	right	1	24	15.404	1558
24	22	4	40	10	right	right	1	26	15.644	1662
24	23	4	40	10	left	left	1	10	15.456	647
24	24	4	40	10	left	right	0	15	15.136	991
24	25	4	40	10	right	left	0	10	16.367	611
24	26	4	40	10	right	right	1	13	16.03	811
24	27	4	40	10	right	right	1	22	15.46	1423
24	28	4	40	10	right	right	1	27	15.491	1743
24	29	4	40	10	right	right	1	15	15.136	991
24	30	4	40	10	right	left	0	17	15.413	1103
24	31	4	40	10	left	left	1	15	15.198	987
24	32	4	40	10	right	right	1	17	15.625	1088
24	33	4	40	10	right	left	0	14	16.055	872
24	34	4	40	10	left	left	1	11	15.214	723
24	35	4	40	10	left	left	1	16	16.016	999
24	36	4	40	10	left	left	1	19	15.638	1215
24	37	4	40	10	left	left	1	18	15.639	1151
24	38	4	40	10	left	left	1	22	15.816	1391
24	39	4	40	10	left	left	1	18	15.228	1182
24	40	4	40	10	left	left	1	19	15.742	1207
