
blkNum	trlNum	coherentDots	numberofDots	percentCoherence	winningDirection	response	correct	eventCount	averageFrameRate	RT
1	1	4	40	10	left	left	1	39	15.415	2530
1	2	4	40	10	right	right	1	23	15.572	1477
1	3	4	40	10	right	right	1	18	15.557	1157
1	4	4	40	10	right	right	1	19	15.768	1205
1	5	4	40	10	left	left	1	28	15.573	1798
1	6	4	40	10	right	right	1	25	15.404	1623
1	7	4	40	10	right	right	1	38	15.158	2507
1	8	4	40	10	left	left	1	34	15.199	2237
1	9	4	40	10	left	left	1	24	15.779	1521
1	10	4	40	10	right	left	0	33	15.32	2154
1	11	4	40	10	right	left	0	23	15.202	1513
1	12	4	40	10	left	left	1	74	15.318	4831
1	13	4	40	10	right	right	1	58	15.148	3829
1	14	4	40	10	right	right	1	40	15.379	2601
1	15	4	40	10	left	right	0	39	15.294	2550
1	16	4	40	10	right	left	0	36	15.424	2334
1	17	4	40	10	left	left	1	43	15.357	2800
1	18	4	40	10	right	right	1	38	15.46	2458
1	19	4	40	10	right	right	1	49	15.453	3171
1	20	4	40	10	right	right	1	49	15.394	3183
1	21	4	40	10	right	right	1	39	15.264	2555
2	1	4	40	10	right	right	1	37	15.449	2395
2	2	4	40	10	right	right	1	35	15.549	2251
2	3	4	40	10	left	left	1	16	16.016	999
2	4	4	40	10	left	right	0	17	15.814	1075
2	5	4	40	10	right	right	1	13	15.834	821
2	6	4	40	10	right	right	1	19	15.561	1221
2	7	4	40	10	right	left	0	16	15.905	1006
2	8	4	40	10	right	left	0	25	15.179	1647
2	9	4	40	10	right	left	0	53	15.371	3448
2	10	4	40	10	right	left	0	38	15.428	2463
2	11	4	40	10	right	right	1	75	15.253	4917
2	12	4	40	10	left	right	0	57	15.204	3749
2	13	4	40	10	right	right	1	39	15.348	2541
2	14	4	40	10	left	right	0	73	15.285	4776
2	15	4	40	10	left	left	1	24	15.444	1554
2	16	4	40	10	left	left	1	24	15.504	1548
2	17	4	40	10	left	right	0	36	15.371	2342
2	18	4	40	10	left	left	1	38	15.316	2481
2	19	4	40	10	right	right	1	38	15.206	2499
2	20	4	40	10	right	right	1	75	15.353	4885
3	1	4	40	10	left	left	1	23	15.354	1498
3	2	4	40	10	right	left	0	41	15.327	2675
3	3	4	40	10	right	left	0	20	15.564	1285
3	4	4	40	10	right	right	1	37	15.334	2413
3	5	4	40	10	left	left	1	52	15.417	3373
3	6	4	40	10	left	left	1	37	15.127	2446
3	7	4	40	10	right	left	0	46	15.421	2983
3	8	4	40	10	left	left	1	33	15.313	2155
3	9	4	40	10	right	left	0	22	15.493	1420
3	10	4	40	10	right	left	0	35	15.459	2264
3	11	4	40	10	right	right	1	25	15.615	1601
3	12	4	40	10	left	left	1	52	15.169	3428
3	13	4	40	10	left	left	1	61	15.284	3991
3	14	4	40	10	left	left	1	56	15.321	3655
3	15	4	40	10	left	right	0	41	15.168	2703
3	16	4	40	10	left	left	1	56	15.205	3683
3	17	4	40	10	left	left	1	44	15.172	2900
3	18	4	40	10	right	right	1	51	15.399	3312
3	19	4	40	10	right	left	0	62	15.26	4063
4	1	4	40	10	left	right	0	56	15.152	3696
4	2	4	40	10	right	right	1	48	15.199	3158
4	3	4	40	10	right	right	1	48	15.459	3105
4	4	4	40	10	right	right	1	49	15.336	3195
4	5	4	40	10	right	left	0	30	15.504	1935
4	6	4	40	10	left	left	1	65	15.301	4248
4	7	4	40	10	left	right	0	61	15.254	3999
4	8	4	40	10	left	left	1	52	15.417	3373
4	9	4	40	10	right	left	0	48	15.321	3133
4	10	4	40	10	left	left	1	63	15.247	4132
4	11	4	40	10	right	right	1	20	15.337	1304
4	12	4	40	10	left	left	1	18	15.477	1163
4	13	4	40	10	right	left	0	25	15.596	1603
4	14	4	40	10	right	left	0	30	15.337	1956
4	15	4	40	10	right	right	1	34	15.532	2189
4	16	4	40	10	right	right	1	28	15.704	1783
4	17	4	40	10	left	left	1	59	15.369	3839
4	18	4	40	10	right	left	0	111	15.239	7284
5	1	4	40	10	left	left	1	44	15.304	2875
5	2	4	40	10	right	left	0	54	15.276	3535
5	3	4	40	10	right	right	1	30	15.56	1928
5	4	4	40	10	right	left	0	47	15.161	3100
5	5	4	40	10	right	left	0	50	15.272	3274
5	6	4	40	10	right	right	1	69	15.33	4501
5	7	4	40	10	right	left	0	70	15.261	4587
5	8	4	40	10	right	left	0	62	15.26	4063
5	9	4	40	10	left	left	1	38	15.385	2470
5	10	4	40	10	left	right	0	44	15.368	2863
5	11	4	40	10	left	left	1	70	15.217	4600
5	12	4	40	10	right	left	0	52	15.222	3416
5	13	4	40	10	left	left	1	82	15.233	5383
5	14	4	40	10	left	left	1	44	15.262	2883
5	15	4	40	10	left	left	1	49	15.394	3183
6	1	4	40	10	right	right	1	23	15.593	1475
6	2	4	40	10	right	left	0	38	15.51	2450
6	3	4	40	10	right	left	0	42	15.356	2735
6	4	4	40	10	right	right	1	48	15.209	3156
6	5	4	40	10	right	right	1	42	15.356	2735
6	6	4	40	10	left	right	0	42	15.441	2720
6	7	4	40	10	right	left	0	42	15.413	2725
6	8	4	40	10	left	left	1	53	15.226	3481
6	9	4	40	10	right	left	0	119	15.2	7829
6	10	4	40	10	right	right	1	38	15.292	2485
6	11	4	40	10	left	left	1	43	15.319	2807
6	12	4	40	10	left	right	0	94	15.218	6177
6	13	4	40	10	left	left	1	30	15.448	1942
6	14	4	40	10	left	left	1	59	15.234	3873
6	15	4	40	10	left	left	1	52	15.412	3374
6	16	4	40	10	left	left	1	24	15.554	1543
7	1	4	40	10	right	left	0	42	15.13	2776
7	2	4	40	10	left	left	1	28	15.495	1807
7	3	4	40	10	left	left	1	30	15.625	1920
7	4	4	40	10	left	left	1	48	15.409	3115
7	5	4	40	10	left	right	0	53	15.349	3453
7	6	4	40	10	right	left	0	18	15.345	1173
7	7	4	40	10	left	left	1	56	15.147	3697
7	8	4	40	10	right	left	0	58	15.316	3787
7	9	4	40	10	left	left	1	32	15.187	2107
7	10	4	40	10	left	left	1	31	15.241	2034
7	11	4	40	10	right	right	1	15	15.74	953
7	12	4	40	10	right	left	0	53	15.217	3483
7	13	4	40	10	left	right	0	41	15.466	2651
7	14	4	40	10	left	left	1	34	15.518	2191
7	15	4	40	10	left	left	1	22	15.267	1441
7	16	4	40	10	left	left	1	29	15.608	1858
7	17	4	40	10	right	right	1	20	15.699	1274
7	18	4	40	10	left	left	1	28	15.651	1789
7	19	4	40	10	right	right	1	19	15.664	1213
7	20	4	40	10	right	left	0	22	15.737	1398
7	21	4	40	10	left	left	1	38	15.366	2473
7	22	4	40	10	left	left	1	26	15.449	1683
8	1	4	40	10	right	right	1	16	15.326	1044
8	2	4	40	10	right	right	1	19	15.612	1217
8	3	4	40	10	right	right	1	22	15.257	1442
8	4	4	40	10	right	right	1	16	15.984	1001
8	5	4	40	10	left	left	1	23	15.562	1478
8	6	4	40	10	right	left	0	20	15.456	1294
8	7	4	40	10	left	right	0	24	15.335	1565
8	8	4	40	10	left	right	0	26	15.222	1708
8	9	4	40	10	right	right	1	29	15.566	1863
8	10	4	40	10	left	right	0	35	15.237	2297
8	11	4	40	10	left	left	1	28	15.334	1826
8	12	4	40	10	left	left	1	18	15.901	1132
8	13	4	40	10	right	left	0	21	15.317	1371
8	14	4	40	10	right	left	0	29	15.191	1909
8	15	4	40	10	left	right	0	39	15.446	2525
8	16	4	40	10	left	left	1	26	15.357	1693
8	17	4	40	10	right	right	1	18	15.817	1138
8	18	4	40	10	right	left	0	21	15.602	1346
8	19	4	40	10	right	right	1	33	15.537	2124
8	20	4	40	10	right	right	1	25	15.654	1597
8	21	4	40	10	right	right	1	39	15.33	2544
8	22	4	40	10	right	right	1	28	15.73	1780
8	23	4	40	10	left	left	1	15	15.576	963
8	24	4	40	10	right	right	1	16	15.779	1014
8	25	4	40	10	left	left	1	13	16.209	802
8	26	4	40	10	right	right	1	15	15.609	961
8	27	4	40	10	left	left	1	23	15.851	1451
8	28	4	40	10	left	left	1	15	15.991	938
8	29	4	40	10	right	right	1	20	15.186	1317
8	30	4	40	10	left	left	1	18	15.734	1144
9	1	4	40	10	right	right	1	36	15.287	2355
9	2	4	40	10	left	right	0	11	15.965	689
9	3	4	40	10	right	left	0	31	15.362	2018
9	4	4	40	10	left	left	1	31	15.461	2005
9	5	4	40	10	right	left	0	15	15.856	946
9	6	4	40	10	right	right	1	27	15.323	1762
9	7	4	40	10	right	right	1	15	16.026	936
9	8	4	40	10	right	right	1	24	15.199	1579
9	9	4	40	10	left	right	0	27	15.289	1766
9	10	4	40	10	right	right	1	24	15.287	1570
9	11	4	40	10	right	left	0	22	15.31	1437
9	12	4	40	10	left	left	1	24	15.625	1536
9	13	4	40	10	right	left	0	24	15.842	1515
9	14	4	40	10	right	left	0	48	15.35	3127
9	15	4	40	10	right	right	1	22	15.548	1415
9	16	4	40	10	right	left	0	18	15.345	1173
9	17	4	40	10	right	right	1	35	15.507	2257
9	18	4	40	10	left	left	1	34	15.476	2197
9	19	4	40	10	right	left	0	35	15.459	2264
9	20	4	40	10	left	right	0	32	15.617	2049
9	21	4	40	10	left	right	0	26	15.578	1669
9	22	4	40	10	right	right	1	32	15.572	2055
9	23	4	40	10	left	right	0	46	15.267	3013
9	24	4	40	10	right	right	1	63	15.314	4114
10	1	4	40	10	left	right	0	35	15.453	2265
10	2	4	40	10	left	left	1	31	15.354	2019
10	3	4	40	10	right	left	0	19	15.612	1217
10	4	4	40	10	left	left	1	30	15.19	1975
10	5	4	40	10	right	left	0	33	15.145	2179
10	6	4	40	10	left	left	1	38	15.316	2481
10	7	4	40	10	left	left	1	32	15.362	2083
10	8	4	40	10	right	left	0	15	15.075	995
10	9	4	40	10	right	left	0	24	15.842	1515
10	10	4	40	10	right	right	1	40	15.379	2601
10	11	4	40	10	left	left	1	50	15.142	3302
10	12	4	40	10	right	right	1	25	15.198	1645
10	13	4	40	10	left	left	1	32	15.08	2122
10	14	4	40	10	left	left	1	22	15.515	1418
10	15	4	40	10	right	right	1	34	15.172	2241
10	16	4	40	10	right	left	0	47	15.201	3092
10	17	4	40	10	right	right	1	37	15.553	2379
10	18	4	40	10	right	right	1	26	15.385	1690
10	19	4	40	10	right	left	0	41	15.344	2672
10	20	4	40	10	right	right	1	35	15.494	2259
10	21	4	40	10	right	right	1	25	15.557	1607
10	22	4	40	10	left	left	1	51	15.348	3323
10	23	4	40	10	right	left	0	43	15.302	2810
11	1	4	40	10	left	left	1	31	15.508	1999
11	2	4	40	10	left	left	1	32	15.18	2108
11	3	4	40	10	right	left	0	28	15.176	1845
11	4	4	40	10	left	left	1	23	15.426	1491
11	5	4	40	10	left	left	1	28	15.453	1812
11	6	4	40	10	left	left	1	33	15.537	2124
11	7	4	40	10	left	left	1	33	15.242	2165
11	8	4	40	10	right	left	0	40	15.486	2583
11	9	4	40	10	right	left	0	58	15.393	3768
11	10	4	40	10	right	right	1	46	15.416	2984
11	11	4	40	10	right	right	1	43	14.262	3015
11	12	4	40	10	right	right	1	34	15.192	2238
11	13	4	40	10	left	right	0	38	15.416	2465
11	14	4	40	10	left	left	1	49	15.394	3183
11	15	4	40	10	left	left	1	34	15.213	2235
11	16	4	40	10	right	left	0	49	15.17	3230
11	17	4	40	10	right	left	0	59	15.269	3864
11	18	4	40	10	left	left	1	61	15.304	3986
11	19	4	40	10	right	right	1	32	15.253	2098
11	20	4	40	10	left	left	1	18	15.28	1178
12	1	4	40	10	right	right	1	41	15.23	2692
12	2	4	40	10	right	right	1	24	15.434	1555
12	3	4	40	10	left	left	1	21	15.295	1373
12	4	4	40	10	left	left	1	23	15.678	1467
12	5	4	40	10	right	left	0	26	15.449	1683
12	6	4	40	10	right	right	1	16	15.429	1037
12	7	4	40	10	right	right	1	17	15.611	1089
12	8	4	40	10	left	right	0	16	15.748	1016
12	9	4	40	10	right	right	1	44	15.278	2880
12	10	4	40	10	right	right	1	30	15.213	1972
12	11	4	40	10	right	left	0	15	15.228	985
12	12	4	40	10	left	right	0	41	15.524	2641
12	13	4	40	10	right	left	0	45	15.265	2948
12	14	4	40	10	right	right	1	38	15.329	2479
12	15	4	40	10	left	left	1	31	15.377	2016
12	16	4	40	10	left	left	1	26	15.569	1670
12	17	4	40	10	left	left	1	23	15.252	1508
12	18	4	40	10	left	left	1	28	15.521	1804
12	19	4	40	10	right	left	0	29	15.32	1893
12	20	4	40	10	left	left	1	43	15.418	2789
12	21	4	40	10	right	right	1	14	15.521	902
12	22	4	40	10	left	left	1	11	15.299	719
12	23	4	40	10	right	right	1	15	15.06	996
12	24	4	40	10	left	left	1	14	16.073	871
12	25	4	40	10	right	right	1	18	15.845	1136
12	26	4	40	10	right	left	0	21	15.544	1351
12	27	4	40	10	left	left	1	23	15.202	1513
12	28	4	40	10	right	right	1	17	15.726	1081
13	1	4	40	10	right	right	1	12	15.132	793
13	2	4	40	10	right	left	0	12	16.151	743
13	3	4	40	10	left	right	0	10	16.639	601
13	4	4	40	10	left	left	1	23	15.457	1488
13	5	4	40	10	left	right	0	27	15.553	1736
13	6	4	40	10	right	right	1	28	15.66	1788
13	7	4	40	10	left	left	1	17	15.233	1116
13	8	4	40	10	left	left	1	13	15.873	819
13	9	4	40	10	right	left	0	19	15.298	1242
13	10	4	40	10	right	right	1	16	15.504	1032
13	11	4	40	10	right	right	1	30	15.136	1982
13	12	4	40	10	left	right	0	24	15.444	1554
13	13	4	40	10	left	left	1	15	15.48	969
13	14	4	40	10	left	left	1	21	15.119	1389
13	15	4	40	10	left	left	1	21	15.141	1387
13	16	4	40	10	right	right	1	18	15.957	1128
13	17	4	40	10	left	left	1	15	15.512	967
13	18	4	40	10	left	right	0	14	15.873	882
13	19	4	40	10	left	left	1	13	15.187	856
13	20	4	40	10	left	left	1	14	16.204	864
13	21	4	40	10	left	left	1	13	15.625	832
13	22	4	40	10	left	left	1	14	15.217	920
13	23	4	40	10	right	right	1	14	16.037	873
13	24	4	40	10	right	left	0	18	15.929	1130
13	25	4	40	10	right	right	1	27	15.58	1733
13	26	4	40	10	left	left	1	11	15.027	732
13	27	4	40	10	right	right	1	12	15.605	769
13	28	4	40	10	left	left	1	11	15.647	703
13	29	4	40	10	right	right	1	23	15.509	1483
13	30	4	40	10	left	right	0	27	15.315	1763
13	31	4	40	10	right	right	1	19	15.625	1216
13	32	4	40	10	left	left	1	39	15.276	2553
13	33	4	40	10	left	left	1	16	15.195	1053
13	34	4	40	10	left	left	1	15	15.593	962
13	35	4	40	10	left	left	1	20	15.86	1261
13	36	4	40	10	left	left	1	23	15.721	1463
14	1	4	40	10	left	right	0	13	15.569	835
14	2	4	40	10	right	right	1	15	16.043	935
14	3	4	40	10	left	right	0	21	15.43	1361
14	4	4	40	10	left	left	1	18	15.929	1130
14	5	4	40	10	right	right	1	19	15.807	1202
14	6	4	40	10	right	left	0	37	15.397	2403
14	7	4	40	10	right	left	0	18	15.859	1135
14	8	4	40	10	right	right	1	26	15.532	1674
14	9	4	40	10	left	left	1	18	15.859	1135
14	10	4	40	10	left	left	1	18	15.531	1159
14	11	4	40	10	left	left	1	20	15.54	1287
14	12	4	40	10	right	left	0	20	16	1250
14	13	4	40	10	right	left	0	37	15.462	2393
14	14	4	40	10	right	right	1	16	15.195	1053
14	15	4	40	10	right	left	0	15	16.269	922
14	16	4	40	10	right	right	1	26	15.691	1657
14	17	4	40	10	left	left	1	22	15.816	1391
14	18	4	40	10	right	right	1	14	15.284	916
14	19	4	40	10	right	right	1	15	15.03	998
14	20	4	40	10	left	left	1	19	15.51	1225
14	21	4	40	10	right	right	1	21	15.778	1331
14	22	4	40	10	right	left	0	38	15.133	2511
14	23	4	40	10	right	left	0	41	15.213	2695
14	24	4	40	10	left	left	1	41	15.327	2675
14	25	4	40	10	right	right	1	35	15.446	2266
14	26	4	40	10	right	left	0	20	15.175	1318
14	27	4	40	10	left	right	0	21	15.184	1383
14	28	4	40	10	right	right	1	32	15.437	2073
14	29	4	40	10	right	right	1	34	15.172	2241
15	1	4	40	10	left	left	1	34	15.539	2188
15	2	4	40	10	left	left	1	27	15.491	1743
15	3	4	40	10	right	left	0	23	15.488	1485
15	4	4	40	10	left	left	1	12	15.094	795
15	5	4	40	10	left	left	1	18	15.19	1185
15	6	4	40	10	right	right	1	6	17.341	346
15	7	4	40	10	right	left	0	13	15.24	853
15	8	4	40	10	right	left	0	30	15.291	1962
15	9	4	40	10	left	left	1	21	15.683	1339
15	10	4	40	10	left	left	1	46	15.462	2975
15	11	4	40	10	left	right	0	36	15.424	2334
15	12	4	40	10	left	left	1	25	15.694	1593
15	13	4	40	10	left	left	1	31	15.408	2012
15	14	4	40	10	left	left	1	41	15.293	2681
15	15	4	40	10	right	right	1	25	15.319	1632
15	16	4	40	10	left	left	1	45	15.146	2971
15	17	4	40	10	left	left	1	32	15.26	2097
15	18	4	40	10	left	left	1	28	15.547	1801
15	19	4	40	10	left	left	1	15	15.609	961
15	20	4	40	10	left	left	1	14	16.279	860
15	21	4	40	10	left	left	1	17	15.668	1085
15	22	4	40	10	right	left	0	19	15.794	1203
15	23	4	40	10	left	left	1	35	15.184	2305
15	24	4	40	10	left	left	1	35	15.364	2278
15	25	4	40	10	right	left	0	38	15.354	2475
15	26	4	40	10	left	left	1	46	15.247	3017
15	27	4	40	10	left	left	1	28	15.547	1801
16	1	4	40	10	left	left	1	25	15.337	1630
16	2	4	40	10	left	left	1	24	15.605	1538
16	3	4	40	10	left	right	0	29	15.136	1916
16	4	4	40	10	right	left	0	29	15.328	1892
16	5	4	40	10	right	left	0	43	15.341	2803
16	6	4	40	10	right	left	0	26	15.178	1713
16	7	4	40	10	left	left	1	21	15.579	1348
16	8	4	40	10	right	left	0	28	15.547	1801
16	9	4	40	10	left	left	1	17	15.654	1086
16	10	4	40	10	left	right	0	36	15.437	2332
16	11	4	40	10	right	right	1	37	15.372	2407
16	12	4	40	10	left	left	1	14	15.234	919
16	13	4	40	10	left	left	1	16	15.733	1017
16	14	4	40	10	left	left	1	20	15.662	1277
16	15	4	40	10	left	left	1	12	16.129	744
16	16	4	40	10	left	right	0	21	15.567	1349
16	17	4	40	10	right	right	1	17	15.525	1095
16	18	4	40	10	left	left	1	16	15.195	1053
16	19	4	40	10	right	right	1	25	15.605	1602
16	20	4	40	10	left	left	1	12	15.19	790
16	21	4	40	10	right	right	1	12	15.228	788
16	22	4	40	10	right	right	1	15	15.322	979
16	23	4	40	10	right	right	1	20	15.456	1294
16	24	4	40	10	right	left	0	15	15.48	969
16	25	4	40	10	left	left	1	26	15.394	1689
16	26	4	40	10	left	left	1	20	14.892	1343
16	27	4	40	10	left	left	1	20	15.613	1281
16	28	4	40	10	left	left	1	35	15.158	2309
16	29	4	40	10	right	right	1	47	15.41	3050
16	30	4	40	10	right	right	1	45	15.311	2939
17	1	4	40	10	right	left	0	27	15.634	1727
17	2	4	40	10	left	left	1	32	15.311	2090
17	3	4	40	10	left	left	1	13	15.33	848
17	4	4	40	10	left	left	1	17	15.179	1120
17	5	4	40	10	left	left	1	14	15.234	919
17	6	4	40	10	left	right	0	17	15.726	1081
17	7	4	40	10	left	left	1	33	15.306	2156
17	8	4	40	10	right	left	0	39	15.495	2517
17	9	4	40	10	left	right	0	13	15.834	821
17	10	4	40	10	left	right	0	23	15.53	1481
17	11	4	40	10	left	right	0	18	15.437	1166
17	12	4	40	10	right	left	0	57	15.31	3723
17	13	4	40	10	right	right	1	22	15.703	1401
17	14	4	40	10	right	left	0	16	15.764	1015
17	15	4	40	10	left	right	0	20	15.723	1272
17	16	4	40	10	left	left	1	61	15.22	4008
17	17	4	40	10	left	right	0	45	15.448	2913
17	18	4	40	10	left	right	0	38	15.51	2450
17	19	4	40	10	right	left	0	39	15.519	2513
17	20	4	40	10	left	left	1	30	15.369	1952
17	21	4	40	10	right	right	1	42	15.195	2764
17	22	4	40	10	right	right	1	34	15.42	2205
17	23	4	40	10	left	right	0	28	15.094	1855
17	24	4	40	10	right	left	0	31	15.385	2015
18	1	4	40	10	left	left	1	20	15.686	1275
18	2	4	40	10	right	right	1	15	16.199	926
18	3	4	40	10	right	left	0	13	15.777	824
18	4	4	40	10	right	left	0	31	15.347	2020
18	5	4	40	10	left	left	1	24	15.717	1527
18	6	4	40	10	left	left	1	16	15.748	1016
18	7	4	40	10	left	left	1	19	15.261	1245
18	8	4	40	10	left	left	1	26	15.339	1695
18	9	4	40	10	right	right	1	27	15.661	1724
18	10	4	40	10	left	left	1	16	15.717	1018
18	11	4	40	10	right	right	1	17	15.302	1111
18	12	4	40	10	left	left	1	15	15.045	997
18	13	4	40	10	left	left	1	32	15.202	2105
18	14	4	40	10	right	right	1	18	15.734	1144
18	15	4	40	10	left	left	1	21	15.801	1329
18	16	4	40	10	right	right	1	24	15.748	1524
18	17	4	40	10	left	left	1	21	15.475	1357
18	18	4	40	10	left	left	1	18	15.598	1154
18	19	4	40	10	right	left	0	20	15.117	1323
18	20	4	40	10	right	left	0	25	15.596	1603
18	21	4	40	10	left	left	1	33	15.486	2131
18	22	4	40	10	right	right	1	41	15.507	2644
18	23	4	40	10	left	left	1	43	15.302	2810
18	24	4	40	10	right	right	1	50	15.37	3253
18	25	4	40	10	right	right	1	21	15.239	1378
18	26	4	40	10	right	right	1	38	15.273	2488
18	27	4	40	10	right	right	1	26	15.385	1690
18	28	4	40	10	left	left	1	15	15.773	951
18	29	4	40	10	left	right	0	21	15.51	1354
18	30	4	40	10	left	left	1	21	15.407	1363
19	1	4	40	10	left	left	1	25	15.518	1611
19	2	4	40	10	right	left	0	33	15.117	2183
19	3	4	40	10	left	left	1	18	15.887	1133
19	4	4	40	10	left	left	1	19	15.176	1252
19	5	4	40	10	right	left	0	31	15.516	1998
19	6	4	40	10	left	left	1	30	15.244	1968
19	7	4	40	10	right	right	1	17	15.668	1085
19	8	4	40	10	right	left	0	27	15.315	1763
19	9	4	40	10	right	left	0	36	15.261	2359
19	10	4	40	10	right	left	0	33	15.662	2107
19	11	4	40	10	left	left	1	45	15.496	2904
19	12	4	40	10	left	left	1	29	15.255	1901
19	13	4	40	10	right	right	1	18	15.531	1159
19	14	4	40	10	left	left	1	19	15.335	1239
19	15	4	40	10	right	left	0	59	15.325	3850
19	16	4	40	10	right	right	1	50	15.342	3259
19	17	4	40	10	right	right	1	15	15.353	977
19	18	4	40	10	left	left	1	23	15.753	1460
19	19	4	40	10	right	right	1	15	15.322	979
19	20	4	40	10	right	left	0	31	15.633	1983
19	21	4	40	10	right	right	1	24	15.697	1529
19	22	4	40	10	left	left	1	24	15.605	1538
19	23	4	40	10	right	left	0	15	15.198	987
19	24	4	40	10	right	right	1	28	15.127	1851
19	25	4	40	10	right	left	0	39	15.252	2557
20	1	4	40	10	left	left	1	21	15.141	1387
20	2	4	40	10	left	left	1	24	15.219	1577
20	3	4	40	10	right	left	0	23	15.583	1476
20	4	4	40	10	right	right	1	16	15.984	1001
20	5	4	40	10	left	left	1	13	15.834	821
20	6	4	40	10	left	left	1	50	15.3	3268
20	7	4	40	10	left	left	1	19	15.807	1202
20	8	4	40	10	right	left	0	22	15.246	1443
20	9	4	40	10	left	left	1	32	15.451	2071
20	10	4	40	10	left	left	1	30	15.512	1934
20	11	4	40	10	right	right	1	12	15.915	754
20	12	4	40	10	right	left	0	22	15.805	1392
20	13	4	40	10	left	left	1	61	15.239	4003
20	14	4	40	10	right	left	0	39	15.513	2514
20	15	4	40	10	left	left	1	15	15.723	954
20	16	4	40	10	right	right	1	32	15.289	2093
20	17	4	40	10	right	left	0	36	15.584	2310
20	18	4	40	10	right	right	1	59	15.21	3879
20	19	4	40	10	right	right	1	48	15.243	3149
20	20	4	40	10	right	right	1	28	15.094	1855
20	21	4	40	10	right	left	0	25	15.538	1609
20	22	4	40	10	right	right	1	37	15.359	2409
20	23	4	40	10	right	left	0	14	15.748	889
20	24	4	40	10	left	left	1	21	15.825	1327
20	25	4	40	10	right	right	1	41	15.185	2700
21	1	4	40	10	left	left	1	15	15.674	957
21	2	4	40	10	right	right	1	17	15.399	1104
21	3	4	40	10	right	left	0	15	16.199	926
21	4	4	40	10	right	left	0	20	15.373	1301
21	5	4	40	10	right	left	0	31	15.523	1997
21	6	4	40	10	right	right	1	35	15.198	2303
21	7	4	40	10	right	right	1	24	15.345	1564
21	8	4	40	10	left	right	0	24	15.727	1526
21	9	4	40	10	right	left	0	27	15.508	1741
21	10	4	40	10	left	left	1	31	15.256	2032
21	11	4	40	10	left	left	1	40	15.302	2614
21	12	4	40	10	left	left	1	36	15.551	2315
21	13	4	40	10	left	left	1	43	15.44	2785
21	14	4	40	10	left	left	1	46	15.282	3010
21	15	4	40	10	left	left	1	60	15.144	3962
21	16	4	40	10	right	left	0	47	15.176	3097
21	17	4	40	10	right	left	0	33	15.449	2136
21	18	4	40	10	right	left	0	26	15.504	1677
21	19	4	40	10	right	right	1	14	15.927	879
21	20	4	40	10	right	right	1	16	15.267	1048
21	21	4	40	10	right	right	1	23	15.743	1461
21	22	4	40	10	right	right	1	30	15.267	1965
21	23	4	40	10	left	right	0	59	15.333	3848
21	24	4	40	10	left	right	0	28	15.402	1818
22	1	4	40	10	left	left	1	24	15.504	1548
22	2	4	40	10	right	left	0	16	15.905	1006
22	3	4	40	10	left	left	1	26	15.339	1695
22	4	4	40	10	left	left	1	20	15.291	1308
22	5	4	40	10	left	left	1	20	15.244	1312
22	6	4	40	10	right	right	1	26	15.663	1660
22	7	4	40	10	left	right	0	24	15.375	1561
22	8	4	40	10	right	right	1	30	15.496	1936
22	9	4	40	10	left	left	1	15	15.69	956
22	10	4	40	10	left	left	1	19	15.139	1255
22	11	4	40	10	right	right	1	15	15.106	993
22	12	4	40	10	right	left	0	16	15.92	1005
22	13	4	40	10	left	right	0	11	15.32	718
22	14	4	40	10	right	left	0	28	15.292	1831
22	15	4	40	10	left	left	1	12	15.852	757
22	16	4	40	10	left	left	1	43	15.473	2779
22	17	4	40	10	right	right	1	31	15.218	2037
22	18	4	40	10	left	right	0	26	15.312	1698
22	19	4	40	10	left	left	1	12	16	750
22	20	4	40	10	left	left	1	20	15.221	1314
22	21	4	40	10	right	left	0	24	15.171	1582
22	22	4	40	10	right	right	1	17	15.654	1086
22	23	4	40	10	right	right	1	17	15.357	1107
22	24	4	40	10	left	right	0	19	15.599	1218
22	25	4	40	10	left	left	1	57	15.188	3753
22	26	4	40	10	left	left	1	22	15.331	1435
22	27	4	40	10	left	left	1	20	15.129	1322
22	28	4	40	10	right	left	0	45	15.379	2926
22	29	4	40	10	right	right	1	18	15.957	1128
22	30	4	40	10	left	right	0	14	15.504	903
23	1	4	40	10	left	left	1	32	15.437	2073
23	2	4	40	10	left	right	0	19	15.224	1248
23	3	4	40	10	right	right	1	16	15.399	1039
23	4	4	40	10	right	right	1	21	15.487	1356
23	5	4	40	10	right	right	1	20	15.81	1265
23	6	4	40	10	right	right	1	16	15.34	1043
23	7	4	40	10	right	left	0	29	15.434	1879
23	8	4	40	10	right	right	1	23	15.646	1470
23	9	4	40	10	right	right	1	21	15.284	1374
23	10	4	40	10	right	right	1	22	15.235	1444
23	11	4	40	10	right	right	1	15	15.448	971
23	12	4	40	10	left	left	1	18	15.319	1175
23	13	4	40	10	left	left	1	14	15.234	919
23	14	4	40	10	right	left	0	18	15.306	1176
23	15	4	40	10	left	left	1	25	15.576	1605
23	16	4	40	10	left	left	1	21	15.813	1328
23	17	4	40	10	left	right	0	16	15.795	1013
23	18	4	40	10	right	left	0	43	15.157	2837
23	19	4	40	10	right	left	0	13	15.385	845
23	20	4	40	10	right	left	0	14	15.317	914
23	21	4	40	10	left	left	1	20	15.432	1296
23	22	4	40	10	left	left	1	19	15.574	1220
23	23	4	40	10	right	left	0	16	15.795	1013
23	24	4	40	10	right	left	0	17	15.206	1118
23	25	4	40	10	left	left	1	21	15.695	1338
23	26	4	40	10	right	left	0	29	15.376	1886
23	27	4	40	10	left	left	1	21	15.66	1341
23	28	4	40	10	left	right	0	13	15.738	826
23	29	4	40	10	left	left	1	58	15.303	3790
23	30	4	40	10	left	left	1	31	15.385	2015
24	1	4	40	10	right	right	1	32	15.511	2063
24	2	4	40	10	left	left	1	15	16.043	935
24	3	4	40	10	right	right	1	21	15.521	1353
24	4	4	40	10	right	left	0	15	16.06	934
24	5	4	40	10	right	right	1	15	15.544	965
24	6	4	40	10	right	right	1	14	15.234	919
24	7	4	40	10	left	right	0	17	15.962	1065
24	8	4	40	10	left	right	0	24	15.277	1571
24	9	4	40	10	left	left	1	32	15.61	2050
24	10	4	40	10	right	left	0	17	15.726	1081
24	11	4	40	10	right	right	1	37	15.599	2372
24	12	4	40	10	left	left	1	26	15.449	1683
24	13	4	40	10	left	left	1	16	16	1000
24	14	4	40	10	left	right	0	18	16	1125
24	15	4	40	10	left	left	1	15	12.669	1184
24	16	4	40	10	right	left	0	25	15.615	1601
24	17	4	40	10	right	right	1	20	15.81	1265
24	18	4	40	10	right	right	1	30	15.464	1940
24	19	4	40	10	right	right	1	27	15.341	1760
24	20	4	40	10	right	right	1	17	15.426	1102
24	21	4	40	10	left	left	1	19	15.574	1220
24	22	4	40	10	right	right	1	51	15.334	3326
24	23	4	40	10	right	left	0	38	15.335	2478
24	24	4	40	10	left	left	1	27	15.661	1724
24	25	4	40	10	right	left	0	73	15.33	4762
24	26	4	40	10	left	left	1	24	15.113	1588
24	27	4	40	10	left	left	1	22	15.385	1430
24	28	4	40	10	left	left	1	13	15.532	837
