
blkNum	trlNum	coherentDots	numberofDots	percentCoherence	winningDirection	response	correct	eventCount	averageFrameRate	RT
1	1	4	40	10	right	right	1	17	15.858	1072
1	2	4	40	10	right	right	1	23	15.152	1518
1	3	4	40	10	right	right	1	21	15.273	1375
1	4	4	40	10	right	right	1	21	15.766	1332
1	5	4	40	10	right	right	1	18	15.611	1153
1	6	4	40	10	left	left	1	12	15.789	760
1	7	4	40	10	left	left	1	15	15.528	966
1	8	4	40	10	right	right	1	13	16.069	809
1	9	4	40	10	left	left	1	10	15.649	639
1	10	4	40	10	right	right	1	10	16.807	595
1	11	4	40	10	right	right	1	10	15.337	652
1	12	4	40	10	right	right	1	9	15.437	583
1	13	4	40	10	left	left	1	10	15.649	639
1	14	4	40	10	right	right	1	29	15.279	1898
1	15	4	40	10	left	left	1	16	15.92	1005
1	16	4	40	10	left	left	1	14	16.185	865
1	17	4	40	10	left	left	1	13	15.458	841
1	18	4	40	10	right	right	1	15	15.228	985
1	19	4	40	10	left	left	1	13	15.385	845
1	20	4	40	10	left	left	1	13	15.532	837
1	21	4	40	10	right	right	1	12	16.216	740
1	22	4	40	10	right	right	1	18	15.177	1186
1	23	4	40	10	left	left	1	12	16.26	738
1	24	4	40	10	right	right	1	12	15.152	792
1	25	4	40	10	left	left	1	17	15.554	1093
1	26	4	40	10	right	right	1	10	15.552	643
1	27	4	40	10	right	right	1	13	15.971	814
1	28	4	40	10	right	right	1	28	15.176	1845
1	29	4	40	10	left	left	1	11	16.2	679
1	30	4	40	10	left	left	1	21	15.317	1371
1	31	4	40	10	left	left	1	21	15.625	1344
1	32	4	40	10	right	right	1	11	16.442	669
1	33	4	40	10	left	left	1	11	16.743	657
1	34	4	40	10	right	right	1	10	16.155	619
1	35	4	40	10	left	left	1	12	15.365	781
1	36	4	40	10	left	left	1	18	15.584	1155
1	37	4	40	10	left	left	1	24	15.595	1539
1	38	4	40	10	left	left	1	19	15.46	1229
1	39	4	40	10	right	right	1	19	15.055	1262
1	40	4	40	10	left	left	1	12	15.605	769
2	1	4	40	10	right	right	1	31	15.174	2043
2	2	4	40	10	right	right	1	15	15.856	946
2	3	4	40	10	right	right	1	15	16.094	932
2	4	4	40	10	right	right	1	17	16.008	1062
2	5	4	40	10	right	left	0	17	15.683	1084
2	6	4	40	10	left	left	1	16	15.429	1037
2	7	4	40	10	right	right	1	16	15.842	1010
2	8	4	40	10	left	left	1	18	15.986	1126
2	9	4	40	10	left	left	1	16	15.18	1054
2	10	4	40	10	right	right	1	15	15.075	995
2	11	4	40	10	right	right	1	15	15.4	974
2	12	4	40	10	right	right	1	57	15.184	3754
2	13	4	40	10	left	left	1	13	15.403	844
2	14	4	40	10	left	left	1	17	15.683	1084
2	15	4	40	10	left	left	1	12	15.424	778
2	16	4	40	10	left	left	1	16	15.504	1032
2	17	4	40	10	right	right	1	15	15.544	965
2	18	4	40	10	right	right	1	15	15.136	991
2	19	4	40	10	right	right	1	16	15.34	1043
2	20	4	40	10	left	left	1	13	15.495	839
2	21	4	40	10	right	left	0	14	15.368	911
2	22	4	40	10	left	left	1	19	15.36	1237
2	23	4	40	10	right	right	1	13	15.476	840
2	24	4	40	10	right	right	1	17	15.992	1063
2	25	4	40	10	left	left	1	15	15.674	957
2	26	4	40	10	right	right	1	23	15.457	1488
2	27	4	40	10	right	right	1	35	15.244	2296
2	28	4	40	10	left	left	1	15	16.077	933
2	29	4	40	10	left	left	1	12	16.151	743
2	30	4	40	10	left	left	1	20	15.468	1293
2	31	4	40	10	left	left	1	21	15.637	1343
2	32	4	40	10	left	left	1	17	15.343	1108
2	33	4	40	10	right	right	1	12	16.26	738
2	34	4	40	10	left	left	1	13	15.187	856
2	35	4	40	10	left	left	1	19	15.833	1200
2	36	4	40	10	left	left	1	93	15.137	6144
2	37	4	40	10	left	left	1	112	15.201	7368
2	38	4	40	10	right	right	1	16	15.385	1040
2	39	4	40	10	right	right	1	25	15.586	1604
2	40	4	40	10	left	left	1	28	15.625	1792
3	1	4	40	10	right	right	1	32	15.459	2070
3	2	4	40	10	right	right	1	20	15.76	1269
3	3	4	40	10	right	right	1	19	15.139	1255
3	4	4	40	10	left	left	1	14	15.47	905
3	5	4	40	10	right	right	1	11	15.235	722
3	6	4	40	10	left	left	1	12	15.171	791
3	7	4	40	10	right	right	1	12	16.173	742
3	8	4	40	10	right	right	1	14	16.148	867
3	9	4	40	10	right	right	1	23	15.509	1483
3	10	4	40	10	left	left	1	14	15.556	900
3	11	4	40	10	right	right	1	20	15.094	1325
3	12	4	40	10	right	left	0	22	15.439	1425
3	13	4	40	10	right	right	1	20	15.468	1293
3	14	4	40	10	right	right	1	14	15.909	880
3	15	4	40	10	left	left	1	13	15.187	856
3	16	4	40	10	right	right	1	53	15.438	3433
3	17	4	40	10	left	left	1	11	15.214	723
3	18	4	40	10	left	left	1	13	15.625	832
3	19	4	40	10	left	left	1	20	15.444	1295
3	20	4	40	10	right	right	1	16	15.968	1002
3	21	4	40	10	left	left	1	16	15.18	1054
3	22	4	40	10	left	left	1	18	15.464	1164
3	23	4	40	10	left	left	1	15	15.432	972
3	24	4	40	10	right	left	0	13	15.644	831
3	25	4	40	10	right	right	1	11	15.048	731
3	26	4	40	10	left	left	1	12	15.306	784
3	27	4	40	10	right	right	1	50	15.475	3231
3	28	4	40	10	left	left	1	19	15.188	1251
3	29	4	40	10	left	left	1	20	15.279	1309
3	30	4	40	10	right	right	1	56	15.246	3673
3	31	4	40	10	right	left	0	169	15.175	11137
3	32	4	40	10	left	left	1	24	15.326	1566
3	33	4	40	10	left	left	1	17	15.625	1088
3	34	4	40	10	left	left	1	41	15.219	2694
3	35	4	40	10	left	left	1	25	15.124	1653
3	36	4	40	10	left	left	1	61	15.273	3994
3	37	4	40	10	right	left	0	31	15.294	2027
3	38	4	40	10	right	right	1	18	15.228	1182
3	39	4	40	10	left	left	1	39	15.488	2518
3	40	4	40	10	left	left	1	43	15.401	2792
4	1	4	40	10	left	left	1	46	15.374	2992
4	2	4	40	10	right	right	1	13	15.495	839
4	3	4	40	10	left	left	1	14	15.234	919
4	4	4	40	10	right	right	1	12	15.625	768
4	5	4	40	10	left	left	1	15	15.4	974
4	6	4	40	10	right	right	1	31	15.301	2026
4	7	4	40	10	left	left	1	15	15.89	944
4	8	4	40	10	left	left	1	30	15.167	1978
4	9	4	40	10	left	left	1	20	15.349	1303
4	10	4	40	10	right	right	1	49	15.457	3170
4	11	4	40	10	left	left	1	15	15.924	942
4	12	4	40	10	right	right	1	17	15.977	1064
4	13	4	40	10	left	left	1	22	15.385	1430
4	14	4	40	10	right	right	1	34	15.199	2237
4	15	4	40	10	left	left	1	80	15.337	5216
4	16	4	40	10	left	left	1	91	15.251	5967
4	17	4	40	10	right	right	1	64	15.202	4210
4	18	4	40	10	left	left	1	14	15.909	880
4	19	4	40	10	left	left	1	15	15.106	993
4	20	4	40	10	left	left	1	14	15.837	884
4	21	4	40	10	right	right	1	16	15.429	1037
4	22	4	40	10	left	left	1	19	15.599	1218
4	23	4	40	10	left	left	1	16	15.109	1059
4	24	4	40	10	right	right	1	15	16.269	922
4	25	4	40	10	right	right	1	80	15.282	5235
4	26	4	40	10	right	right	1	37	15.245	2427
4	27	4	40	10	right	right	1	30	15.221	1971
4	28	4	40	10	right	right	1	27	15.698	1720
4	29	4	40	10	right	right	1	21	15.813	1328
4	30	4	40	10	left	left	1	20	15.302	1307
4	31	4	40	10	right	right	1	68	15.291	4447
4	32	4	40	10	right	right	1	89	15.235	5842
4	33	4	40	10	left	left	1	12	15.748	762
4	34	4	40	10	left	left	1	12	16.304	736
4	35	4	40	10	left	left	1	14	16.11	869
4	36	4	40	10	right	right	1	11	15.32	718
4	37	4	40	10	left	left	1	12	15.915	754
4	38	4	40	10	right	right	1	11	16.369	672
4	39	4	40	10	right	right	1	80	15.14	5284
4	40	4	40	10	right	right	1	17	15.219	1117
5	1	4	40	10	right	right	1	25	15.704	1592
5	2	4	40	10	left	left	1	14	15.713	891
5	3	4	40	10	right	right	1	17	15.683	1084
5	4	4	40	10	right	right	1	30	15.48	1938
5	5	4	40	10	left	left	1	16	15.18	1054
5	6	4	40	10	right	right	1	12	16.238	739
5	7	4	40	10	left	left	1	11	15.278	720
5	8	4	40	10	right	right	1	12	16.194	741
5	9	4	40	10	right	left	0	12	15.584	770
5	10	4	40	10	left	left	1	10	16.75	597
5	11	4	40	10	right	right	1	17	15.539	1094
5	12	4	40	10	left	left	1	17	15.668	1085
5	13	4	40	10	left	left	1	16	15.702	1019
5	14	4	40	10	left	left	1	13	15.205	855
5	15	4	40	10	right	right	1	13	15.495	839
5	16	4	40	10	right	right	1	10	15.267	655
5	17	4	40	10	right	right	1	26	15.169	1714
5	18	4	40	10	right	right	1	19	15.833	1200
5	19	4	40	10	left	left	1	10	15.798	633
5	20	4	40	10	right	right	1	17	15.357	1107
5	21	4	40	10	left	left	1	18	15.929	1130
5	22	4	40	10	left	left	1	13	15.606	833
5	23	4	40	10	left	left	1	19	15.926	1193
5	24	4	40	10	right	right	1	13	15.439	842
5	25	4	40	10	right	right	1	29	15.159	1913
5	26	4	40	10	right	right	1	17	15.568	1092
5	27	4	40	10	right	right	1	17	15.712	1082
5	28	4	40	10	left	left	1	16	15.873	1008
5	29	4	40	10	left	left	1	16	15.81	1012
5	30	4	40	10	left	left	1	14	15.927	879
5	31	4	40	10	left	left	1	13	15.33	848
5	32	4	40	10	left	left	1	14	15.766	888
5	33	4	40	10	left	left	1	29	15.159	1913
5	34	4	40	10	left	right	0	15	15.448	971
5	35	4	40	10	left	left	1	17	15.357	1107
5	36	4	40	10	right	right	1	11	15.235	722
5	37	4	40	10	right	right	1	11	16.591	663
5	38	4	40	10	left	left	1	11	15.068	730
5	39	4	40	10	right	right	1	11	15.131	727
5	40	4	40	10	right	left	0	12	15.544	772
6	1	4	40	10	right	right	1	55	15.231	3611
6	2	4	40	10	left	left	1	11	15.759	698
6	3	4	40	10	right	right	1	10	15.674	638
6	4	4	40	10	left	left	1	11	16.369	672
6	5	4	40	10	right	right	1	10	16.34	612
6	6	4	40	10	right	right	1	11	15.85	694
6	7	4	40	10	right	right	1	12	15.915	754
6	8	4	40	10	left	left	1	8	16.427	487
6	9	4	40	10	left	left	1	13	16.129	806
6	10	4	40	10	left	left	1	15	15.416	973
6	11	4	40	10	right	right	1	12	15.464	776
6	12	4	40	10	right	right	1	11	15.32	718
6	13	4	40	10	right	right	1	14	15.713	891
6	14	4	40	10	right	right	1	10	15.723	636
6	15	4	40	10	left	left	1	9	15.652	575
6	16	4	40	10	right	right	1	10	16.26	615
6	17	4	40	10	left	left	1	10	15.408	649
6	18	4	40	10	right	right	1	11	15.363	716
6	19	4	40	10	left	left	1	9	15.817	569
6	20	4	40	10	left	left	1	11	15.759	698
6	21	4	40	10	right	right	1	9	16.854	534
6	22	4	40	10	left	left	1	10	15.48	646
6	23	4	40	10	left	right	0	9	16.791	536
6	24	4	40	10	right	right	1	14	15.267	917
6	25	4	40	10	right	right	1	18	15.972	1127
6	26	4	40	10	right	right	1	21	15.742	1334
6	27	4	40	10	left	left	1	9	15.571	578
6	28	4	40	10	left	left	1	11	16.082	684
6	29	4	40	10	left	left	1	10	15.432	648
6	30	4	40	10	right	right	1	10	16.584	603
6	31	4	40	10	left	left	1	9	16.393	549
6	32	4	40	10	left	left	1	11	15.873	693
6	33	4	40	10	right	right	1	13	16.069	809
6	34	4	40	10	right	right	1	9	15.411	584
6	35	4	40	10	left	left	1	16	16	1000
6	36	4	40	10	left	left	1	10	15.898	629
6	37	4	40	10	right	right	1	10	15.674	638
6	38	4	40	10	left	left	1	16	15.504	1032
6	39	4	40	10	left	left	1	10	15.314	653
6	40	4	40	10	right	right	1	11	15.988	688
7	1	4	40	10	left	left	1	13	16.109	807
7	2	4	40	10	right	right	1	9	15.491	581
7	3	4	40	10	left	left	1	9	16.1	559
7	4	4	40	10	left	left	1	11	15.471	711
7	5	4	40	10	left	left	1	9	15.957	564
7	6	4	40	10	right	right	1	9	16.187	556
7	7	4	40	10	left	left	1	11	15.537	708
7	8	4	40	10	left	left	1	11	16.541	665
7	9	4	40	10	right	right	1	10	16.779	596
7	10	4	40	10	left	left	1	13	15.222	854
7	11	4	40	10	right	right	1	10	15.291	654
7	12	4	40	10	left	left	1	11	15.805	696
7	13	4	40	10	right	right	1	10	16.779	596
7	14	4	40	10	right	right	1	26	15.495	1678
7	15	4	40	10	left	left	1	13	15.569	835
7	16	4	40	10	left	left	1	10	16.393	610
7	17	4	40	10	left	left	1	20	15.186	1317
7	18	4	40	10	right	right	1	11	16.345	673
7	19	4	40	10	left	left	1	8	16.26	492
7	20	4	40	10	right	right	1	9	15.762	571
7	21	4	40	10	right	right	1	14	16.298	859
7	22	4	40	10	left	left	1	12	15.385	780
7	23	4	40	10	right	right	1	11	15.428	713
7	24	4	40	10	right	right	1	10	16.529	605
7	25	4	40	10	left	left	1	9	15.652	575
7	26	4	40	10	right	right	1	10	15.06	664
7	27	4	40	10	right	right	1	11	15.235	722
7	28	4	40	10	left	left	1	14	15.642	895
7	29	4	40	10	right	right	1	11	16.717	658
7	30	4	40	10	left	left	1	10	16.556	604
7	31	4	40	10	right	right	1	34	15.308	2221
7	32	4	40	10	right	right	1	20	15.613	1281
7	33	4	40	10	right	right	1	17	15.814	1075
7	34	4	40	10	left	left	1	9	15.817	569
7	35	4	40	10	left	left	1	10	15.576	642
7	36	4	40	10	left	left	1	25	15.586	1604
7	37	4	40	10	right	right	1	18	15.517	1160
7	38	4	40	10	right	right	1	15	15.756	952
7	39	4	40	10	right	right	1	19	15.103	1258
7	40	4	40	10	left	left	1	8	15.238	525
8	1	4	40	10	right	right	1	26	15.321	1697
8	2	4	40	10	right	right	1	12	15.979	751
8	3	4	40	10	left	left	1	11	16.296	675
8	4	4	40	10	left	left	1	12	15.979	751
8	5	4	40	10	left	left	1	11	16.082	684
8	6	4	40	10	right	right	1	11	16.566	664
8	7	4	40	10	left	left	1	12	15.404	779
8	8	4	40	10	right	right	1	10	16.835	594
8	9	4	40	10	right	left	0	12	15.894	755
8	10	4	40	10	left	left	1	12	16.021	749
8	11	4	40	10	left	left	1	11	16.32	674
8	12	4	40	10	right	right	1	10	16.077	622
8	13	4	40	10	right	right	1	11	15.11	728
8	14	4	40	10	left	left	1	10	16.129	620
8	15	4	40	10	right	right	1	9	15.679	574
8	16	4	40	10	right	right	1	15	16.043	935
8	17	4	40	10	left	left	1	11	16.345	673
8	18	4	40	10	left	left	1	11	15.193	724
8	19	4	40	10	left	left	1	13	16.069	809
8	20	4	40	10	right	right	1	17	15.858	1072
8	21	4	40	10	left	left	1	11	16.418	670
8	22	4	40	10	right	right	1	12	15.936	753
8	23	4	40	10	left	left	1	10	15.48	646
8	24	4	40	10	left	left	1	12	16.282	737
8	25	4	40	10	left	left	1	10	15.649	639
8	26	4	40	10	right	right	1	10	15.408	649
8	27	4	40	10	right	right	1	9	15.332	587
8	28	4	40	10	right	right	1	21	15.475	1357
8	29	4	40	10	right	right	1	13	15.169	857
8	30	4	40	10	left	left	1	9	15.817	569
8	31	4	40	10	left	left	1	11	15.942	690
8	32	4	40	10	right	right	1	11	16.616	662
8	33	4	40	10	left	left	1	14	16.037	873
8	34	4	40	10	left	left	1	14	15.73	890
8	35	4	40	10	left	left	1	13	15.719	827
8	36	4	40	10	right	right	1	13	16.03	811
8	37	4	40	10	right	right	1	11	15.782	697
8	38	4	40	10	right	right	1	15	15.416	973
8	39	4	40	10	right	right	1	12	15.789	760
8	40	4	40	10	left	left	1	10	16.103	621
9	1	4	40	10	right	right	1	16	15.686	1020
9	2	4	40	10	right	left	0	13	15.33	848
9	3	4	40	10	right	right	1	7	15.184	461
9	4	4	40	10	right	right	1	10	15.552	643
9	5	4	40	10	left	left	1	9	15.254	590
9	6	4	40	10	right	right	1	13	15.348	847
9	7	4	40	10	left	left	1	9	16.1	559
9	8	4	40	10	right	right	1	22	15.288	1439
9	9	4	40	10	right	right	1	10	15.267	655
9	10	4	40	10	left	left	1	10	15.798	633
9	11	4	40	10	right	right	1	10	16.367	611
9	12	4	40	10	left	left	1	10	16.313	613
9	13	4	40	10	left	left	1	12	15.645	767
9	14	4	40	10	left	left	1	12	16.194	741
9	15	4	40	10	right	right	1	10	15.552	643
9	16	4	40	10	left	left	1	9	15.28	589
9	17	4	40	10	left	left	1	17	15.413	1103
9	18	4	40	10	right	right	1	11	15.172	725
9	19	4	40	10	left	left	1	8	15.094	530
9	20	4	40	10	left	left	1	10	16.835	594
9	21	4	40	10	left	left	1	11	15.214	723
9	22	4	40	10	left	left	1	10	16.234	616
9	23	4	40	10	right	right	1	11	16.717	658
9	24	4	40	10	right	right	1	19	15.164	1253
9	25	4	40	10	left	left	1	10	15.625	640
9	26	4	40	10	right	right	1	10	15.408	649
9	27	4	40	10	left	left	1	10	16.556	604
9	28	4	40	10	right	right	1	8	15.444	518
9	29	4	40	10	right	left	0	11	15.692	701
9	30	4	40	10	right	right	1	13	15.644	831
9	31	4	40	10	left	left	1	9	15.464	582
9	32	4	40	10	left	left	1	9	15.625	576
9	33	4	40	10	left	left	1	9	15.625	576
9	34	4	40	10	right	right	1	10	15.601	641
9	35	4	40	10	right	right	1	9	15.957	564
9	36	4	40	10	right	right	1	11	16.272	676
9	37	4	40	10	left	left	1	9	16.071	560
9	38	4	40	10	left	left	1	9	16.304	552
9	39	4	40	10	left	left	1	10	16.234	616
9	40	4	40	10	right	right	1	10	16.835	594
10	1	4	40	10	left	left	1	15	15.674	957
10	2	4	40	10	right	right	1	13	15.205	855
10	3	4	40	10	right	right	1	12	15.81	759
10	4	4	40	10	right	right	1	12	16.194	741
10	5	4	40	10	left	left	1	11	15.759	698
10	6	4	40	10	right	right	1	11	16.224	678
10	7	4	40	10	right	right	1	10	16.611	602
10	8	4	40	10	right	right	1	19	15.372	1236
10	9	4	40	10	right	right	1	9	15.254	590
10	10	4	40	10	right	right	1	9	15.437	583
10	11	4	40	10	left	left	1	8	16.393	488
10	12	4	40	10	left	left	1	9	16.334	551
10	13	4	40	10	left	left	1	14	15.368	911
10	14	4	40	10	right	right	1	10	16.026	624
10	15	4	40	10	right	right	1	11	15.942	690
10	16	4	40	10	left	left	1	9	16.854	534
10	17	4	40	10	right	left	0	13	15.971	814
10	18	4	40	10	right	left	0	11	15.068	730
10	19	4	40	10	right	right	1	20	15.385	1300
10	20	4	40	10	left	left	1	9	15.845	568
10	21	4	40	10	right	right	1	15	15.496	968
10	22	4	40	10	left	left	1	10	14.97	668
10	23	4	40	10	left	left	1	15	16.043	935
10	24	4	40	10	left	left	1	14	16.204	864
10	25	4	40	10	left	left	1	18	15.293	1177
10	26	4	40	10	left	left	1	48	15.224	3153
10	27	4	40	10	left	left	1	24	15.831	1516
10	28	4	40	10	left	left	1	15	16.216	925
10	29	4	40	10	right	right	1	85	15.16	5607
10	30	4	40	10	right	right	1	53	15.362	3450
10	31	4	40	10	right	right	1	41	15.23	2692
10	32	4	40	10	right	right	1	28	15.184	1844
10	33	4	40	10	left	left	1	13	16.149	805
10	34	4	40	10	left	left	1	21	15.766	1332
10	35	4	40	10	left	left	1	49	15.351	3192
10	36	4	40	10	right	right	1	22	15.504	1419
10	37	4	40	10	left	left	1	27	15.607	1730
10	38	4	40	10	left	left	1	23	15.374	1496
10	39	4	40	10	left	left	1	16	16	1000
10	40	4	40	10	right	left	0	18	15.901	1132
11	1	4	40	10	left	left	1	25	15.124	1653
11	2	4	40	10	right	right	1	13	15.312	849
11	3	4	40	10	left	left	1	12	16.107	745
11	4	4	40	10	left	left	1	11	15.85	694
11	5	4	40	10	left	left	1	12	15.915	754
11	6	4	40	10	left	left	1	12	15.979	751
11	7	4	40	10	right	left	0	11	15.363	716
11	8	4	40	10	right	right	1	13	15.513	838
11	9	4	40	10	right	right	1	10	15.699	637
11	10	4	40	10	right	right	1	10	16.026	624
11	11	4	40	10	right	right	1	13	15.439	842
11	12	4	40	10	right	right	1	15	15.856	946
11	13	4	40	10	left	left	1	12	15.873	756
11	14	4	40	10	right	right	1	10	15.773	634
11	15	4	40	10	right	right	1	10	16.556	604
11	16	4	40	10	left	left	1	15	15.275	982
11	17	4	40	10	left	left	1	13	16.049	810
11	18	4	40	10	left	left	1	20	15.516	1289
11	19	4	40	10	left	left	1	40	15.175	2636
11	20	4	40	10	left	left	1	22	15.342	1434
11	21	4	40	10	left	left	1	12	15.789	760
11	22	4	40	10	right	right	1	14	16.241	862
11	23	4	40	10	right	right	1	11	16.418	670
11	24	4	40	10	right	right	1	11	15.782	697
11	25	4	40	10	right	right	1	13	15.385	845
11	26	4	40	10	right	left	0	16	15.795	1013
11	27	4	40	10	right	right	1	21	15.284	1374
11	28	4	40	10	left	left	1	10	15.337	652
11	29	4	40	10	left	left	1	10	16.502	606
11	30	4	40	10	right	left	0	11	16.176	680
11	31	4	40	10	right	right	1	11	16.566	664
11	32	4	40	10	right	right	1	10	15.552	643
11	33	4	40	10	right	right	1	10	16.287	614
11	34	4	40	10	left	left	1	10	15.625	640
11	35	4	40	10	left	left	1	12	16.238	739
11	36	4	40	10	right	right	1	9	15.845	568
11	37	4	40	10	left	left	1	12	16.304	736
11	38	4	40	10	left	left	1	20	15.552	1286
11	39	4	40	10	left	left	1	16	15.489	1033
11	40	4	40	10	left	left	1	17	15.888	1070
12	1	4	40	10	right	right	1	24	15.123	1587
12	2	4	40	10	left	left	1	8	15.686	510
12	3	4	40	10	right	left	0	12	15.209	789
12	4	4	40	10	left	left	1	15	15.48	969
12	5	4	40	10	right	right	1	12	15.707	764
12	6	4	40	10	right	right	1	11	16.32	674
12	7	4	40	10	right	left	0	15	15.806	949
12	8	4	40	10	left	left	1	9	15.734	572
12	9	4	40	10	left	left	1	12	15.686	765
12	10	4	40	10	left	left	1	13	15.569	835
12	11	4	40	10	left	left	1	10	15.748	635
12	12	4	40	10	left	left	1	12	15.365	781
12	13	4	40	10	left	left	1	16	15.564	1028
12	14	4	40	10	left	left	1	12	15.152	792
12	15	4	40	10	right	left	0	17	15.873	1071
12	16	4	40	10	left	left	1	26	15.178	1713
12	17	4	40	10	left	left	1	12	16	750
12	18	4	40	10	right	right	1	18	15.789	1140
12	19	4	40	10	right	right	1	12	15.727	763
12	20	4	40	10	right	right	1	17	15.843	1073
12	21	4	40	10	right	right	1	13	16.291	798
12	22	4	40	10	right	right	1	18	15.451	1165
12	23	4	40	10	right	right	1	15	16.216	925
12	24	4	40	10	left	left	1	12	15.645	767
12	25	4	40	10	right	right	1	15	15.806	949
12	26	4	40	10	right	right	1	16	15.152	1056
12	27	4	40	10	left	left	1	10	16.529	605
12	28	4	40	10	left	left	1	19	15.638	1215
12	29	4	40	10	right	right	1	16	15.504	1032
12	30	4	40	10	left	left	1	11	15.342	717
12	31	4	40	10	right	right	1	10	16	625
12	32	4	40	10	right	right	1	16	15.686	1020
12	33	4	40	10	left	left	1	16	15.873	1008
12	34	4	40	10	left	left	1	15	15.957	940
12	35	4	40	10	right	right	1	22	15.299	1438
12	36	4	40	10	right	right	1	15	16.216	925
12	37	4	40	10	left	left	1	11	15.827	695
12	38	4	40	10	right	right	1	16	15.702	1019
12	39	4	40	10	left	left	1	33	15.515	2127
12	40	4	40	10	left	left	1	11	15.988	688
13	1	4	40	10	left	left	1	17	15.947	1066
13	2	4	40	10	right	right	1	11	16.393	671
13	3	4	40	10	right	right	1	12	15.564	771
13	4	4	40	10	left	left	1	10	15.221	657
13	5	4	40	10	right	right	1	9	15.306	588
13	6	4	40	10	left	left	1	9	15.28	589
13	7	4	40	10	left	left	1	9	15.901	566
13	8	4	40	10	right	right	1	11	15.647	703
13	9	4	40	10	left	left	1	12	15.727	763
13	10	4	40	10	left	left	1	11	16.566	664
13	11	4	40	10	right	right	1	13	15.719	827
13	12	4	40	10	left	left	1	10	15.949	627
13	13	4	40	10	left	left	1	10	15.898	629
13	14	4	40	10	right	right	1	10	16.26	615
13	15	4	40	10	left	left	1	11	15.428	713
13	16	4	40	10	left	left	1	13	15.385	845
13	17	4	40	10	left	right	0	8	15.238	525
13	18	4	40	10	left	left	1	10	16.42	609
13	19	4	40	10	right	right	1	12	16.216	740
13	20	4	40	10	right	right	1	10	16.639	601
13	21	4	40	10	right	right	1	12	15.748	762
13	22	4	40	10	right	right	1	16	15.152	1056
13	23	4	40	10	left	left	1	9	16.158	557
13	24	4	40	10	right	right	1	10	16.722	598
13	25	4	40	10	right	right	1	9	16.334	551
13	26	4	40	10	right	right	1	11	15.11	728
13	27	4	40	10	right	right	1	15	15.306	980
13	28	4	40	10	left	left	1	12	15.464	776
13	29	4	40	10	right	right	1	11	15.172	725
13	30	4	40	10	left	left	1	10	16.181	618
13	31	4	40	10	right	right	1	9	16.917	532
13	32	4	40	10	left	left	1	10	16.556	604
13	33	4	40	10	left	left	1	12	16.173	742
13	34	4	40	10	left	right	0	9	16.453	547
13	35	4	40	10	right	right	1	14	16.222	863
13	36	4	40	10	right	right	1	10	16.667	600
13	37	4	40	10	left	left	1	11	16.541	665
13	38	4	40	10	left	left	1	11	15.85	694
13	39	4	40	10	right	left	0	11	15.428	713
13	40	4	40	10	right	right	1	10	15.773	634
14	1	4	40	10	left	left	1	22	15.625	1408
14	2	4	40	10	left	left	1	14	15.251	918
14	3	4	40	10	right	right	1	15	16.164	928
14	4	4	40	10	right	right	1	11	16.743	657
14	5	4	40	10	left	left	1	13	15.682	829
14	6	4	40	10	left	left	1	9	15.734	572
14	7	4	40	10	right	right	1	9	15.28	589
14	8	4	40	10	left	left	1	13	15.513	838
14	9	4	40	10	right	right	1	10	16.502	606
14	10	4	40	10	right	right	1	10	15.432	648
14	11	4	40	10	left	left	1	9	15.358	586
14	12	4	40	10	left	left	1	9	16.698	539
14	13	4	40	10	right	right	1	10	15.949	627
14	14	4	40	10	right	right	1	12	16	750
14	15	4	40	10	right	right	1	8	15.779	507
14	16	4	40	10	right	right	1	9	15.332	587
14	17	4	40	10	left	left	1	10	16.34	612
14	18	4	40	10	left	left	1	13	15.222	854
14	19	4	40	10	right	right	1	8	16.194	494
14	20	4	40	10	left	left	1	10	16.129	620
14	21	4	40	10	left	left	1	10	16.502	606
14	22	4	40	10	left	left	1	9	15.203	592
14	23	4	40	10	right	right	1	9	15.598	577
14	24	4	40	10	left	right	0	10	16.393	610
14	25	4	40	10	left	left	1	10	15.221	657
14	26	4	40	10	left	left	1	10	16.129	620
14	27	4	40	10	left	left	1	11	15.32	718
14	28	4	40	10	right	right	1	11	15.257	721
14	29	4	40	10	right	right	1	11	16.224	678
14	30	4	40	10	left	left	1	16	15.61	1025
14	31	4	40	10	right	right	1	15	15.674	957
14	32	4	40	10	left	left	1	11	15.805	696
14	33	4	40	10	right	right	1	14	15.556	900
14	34	4	40	10	right	right	1	24	15.494	1549
14	35	4	40	10	right	right	1	31	15.263	2031
14	36	4	40	10	right	right	1	11	16.616	662
14	37	4	40	10	right	right	1	12	15.132	793
14	38	4	40	10	left	left	1	10	15.848	631
14	39	4	40	10	left	left	1	9	16.014	562
14	40	4	40	10	right	right	1	11	16.129	682
15	1	4	40	10	left	left	1	28	15.342	1825
15	2	4	40	10	right	right	1	10	15.601	641
15	3	4	40	10	right	right	1	17	15.785	1077
15	4	4	40	10	left	left	1	8	15.066	531
15	5	4	40	10	right	left	0	10	15.974	626
15	6	4	40	10	right	right	1	8	15.355	521
15	7	4	40	10	left	left	1	8	15.123	529
15	8	4	40	10	left	left	1	10	15.408	649
15	9	4	40	10	left	left	1	9	15.957	564
15	10	4	40	10	right	right	1	12	16.064	747
15	11	4	40	10	right	right	1	9	16.76	537
15	12	4	40	10	left	left	1	9	15.817	569
15	13	4	40	10	right	left	0	20	15.14	1321
15	14	4	40	10	left	left	1	9	15.986	563
15	15	4	40	10	right	right	1	10	15.528	644
15	16	4	40	10	left	left	1	12	15.19	790
15	17	4	40	10	left	left	1	12	15.544	772
15	18	4	40	10	left	left	1	11	15.581	706
15	19	4	40	10	left	left	1	16	15.399	1039
15	20	4	40	10	right	right	1	15	15.974	939
15	21	4	40	10	left	left	1	11	15.692	701
15	22	4	40	10	left	left	1	11	16.153	681
15	23	4	40	10	right	right	1	9	15.707	573
15	24	4	40	10	right	right	1	9	16.636	541
15	25	4	40	10	right	right	1	16	15.195	1053
15	26	4	40	10	right	right	1	11	15.759	698
15	27	4	40	10	right	right	1	13	15.513	838
15	28	4	40	10	right	right	1	17	15.539	1094
15	29	4	40	10	right	right	1	15	15.182	988
15	30	4	40	10	right	right	1	14	16.204	864
15	31	4	40	10	right	right	1	23	15.53	1481
15	32	4	40	10	left	left	1	13	15.606	833
15	33	4	40	10	left	left	1	8	16.949	472
15	34	4	40	10	left	left	1	12	16.327	735
15	35	4	40	10	left	left	1	13	16.169	804
15	36	4	40	10	right	left	0	8	15.534	515
15	37	4	40	10	right	right	1	9	15.437	583
15	38	4	40	10	left	left	1	13	15.625	832
15	39	4	40	10	left	left	1	8	15.656	511
15	40	4	40	10	left	left	1	9	15.679	574
16	1	4	40	10	right	right	1	18	15.584	1155
16	2	4	40	10	left	left	1	11	15.737	699
16	3	4	40	10	right	right	1	11	16.2	679
16	4	4	40	10	left	left	1	16	15.702	1019
16	5	4	40	10	right	right	1	10	16.26	615
16	6	4	40	10	right	right	1	15	15.228	985
16	7	4	40	10	left	left	1	9	15.28	589
16	8	4	40	10	left	left	1	19	15.651	1214
16	9	4	40	10	left	left	1	10	16.694	599
16	10	4	40	10	left	left	1	15	15.106	993
16	11	4	40	10	right	right	1	10	16.129	620
16	12	4	40	10	left	left	1	10	15.291	654
16	13	4	40	10	right	right	1	13	15.912	817
16	14	4	40	10	left	left	1	9	15.817	569
16	15	4	40	10	left	left	1	28	15.547	1801
16	16	4	40	10	right	right	1	49	15.341	3194
16	17	4	40	10	left	left	1	16	15.779	1014
16	18	4	40	10	right	right	1	16	15.717	1018
16	19	4	40	10	left	left	1	13	16.109	807
16	20	4	40	10	right	right	1	12	15.666	766
16	21	4	40	10	left	left	1	12	15.544	772
16	22	4	40	10	right	right	1	12	15.287	785
16	23	4	40	10	right	right	1	19	15.127	1256
16	24	4	40	10	right	right	1	13	15.738	826
16	25	4	40	10	right	right	1	27	15.607	1730
16	26	4	40	10	left	left	1	16	15.748	1016
16	27	4	40	10	left	left	1	13	15.7	828
16	28	4	40	10	right	right	1	11	15.363	716
16	29	4	40	10	right	right	1	12	16.129	744
16	30	4	40	10	left	left	1	13	15.385	845
16	31	4	40	10	right	right	1	13	16.332	796
16	32	4	40	10	right	right	1	12	15.727	763
16	33	4	40	10	left	left	1	12	16.129	744
16	34	4	40	10	left	left	1	13	15.222	854
16	35	4	40	10	left	left	1	14	16.241	862
16	36	4	40	10	left	left	1	14	15.66	894
16	37	4	40	10	left	left	1	16	15.764	1015
16	38	4	40	10	right	right	1	19	15.677	1212
16	39	4	40	10	right	right	1	13	15.99	813
16	40	4	40	10	right	right	1	15	16.094	932
17	1	4	40	10	left	left	1	16	15.459	1035
17	2	4	40	10	right	right	1	12	15.789	760
17	3	4	40	10	right	right	1	13	15.815	822
17	4	4	40	10	left	left	1	15	15.674	957
17	5	4	40	10	right	right	1	22	15.278	1440
17	6	4	40	10	left	left	1	13	15.796	823
17	7	4	40	10	right	right	1	13	15.815	822
17	8	4	40	10	right	right	1	14	15.964	877
17	9	4	40	10	left	left	1	11	16.224	678
17	10	4	40	10	left	left	1	14	16.166	866
17	11	4	40	10	left	right	0	9	15.789	570
17	12	4	40	10	right	right	1	14	15.909	880
17	13	4	40	10	left	left	1	9	15.203	592
17	14	4	40	10	left	left	1	10	15.773	634
17	15	4	40	10	left	left	1	11	15.214	723
17	16	4	40	10	right	right	1	8	15.385	520
17	17	4	40	10	right	right	1	9	16.1	559
17	18	4	40	10	left	left	1	10	16.447	608
17	19	4	40	10	right	right	1	13	15.276	851
17	20	4	40	10	right	right	1	10	15.773	634
17	21	4	40	10	left	left	1	12	15.873	756
17	22	4	40	10	left	left	1	12	16.282	737
17	23	4	40	10	left	left	1	9	15.254	590
17	24	4	40	10	left	left	1	10	15.848	631
17	25	4	40	10	right	left	0	13	15.892	818
17	26	4	40	10	right	left	0	17	16.008	1062
17	27	4	40	10	left	left	1	8	15.152	528
17	28	4	40	10	left	left	1	11	16.369	672
17	29	4	40	10	right	right	1	8	16.293	491
17	30	4	40	10	right	right	1	8	16.064	498
17	31	4	40	10	right	right	1	10	16.835	594
17	32	4	40	10	right	right	1	35	15.494	2259
17	33	4	40	10	right	left	0	48	15.311	3135
17	34	4	40	10	right	right	1	20	15.083	1326
17	35	4	40	10	right	right	1	10	16.181	618
17	36	4	40	10	left	left	1	13	16.01	812
17	37	4	40	10	left	left	1	11	15.385	715
17	38	4	40	10	right	right	1	15	16.164	928
17	39	4	40	10	left	left	1	12	15.769	761
17	40	4	40	10	left	left	1	21	15.73	1335
18	1	4	40	10	right	right	1	25	15.461	1617
18	2	4	40	10	right	right	1	13	16.169	804
18	3	4	40	10	left	left	1	34	15.158	2243
18	4	4	40	10	right	right	1	16	15.519	1031
18	5	4	40	10	right	right	1	11	16.272	676
18	6	4	40	10	right	right	1	12	15.979	751
18	7	4	40	10	left	left	1	8	16.771	477
18	8	4	40	10	left	left	1	9	16.453	547
18	9	4	40	10	left	left	1	9	15.734	572
18	10	4	40	10	left	left	1	11	16.442	669
18	11	4	40	10	left	right	0	12	15.957	752
18	12	4	40	10	left	left	1	10	15.974	626
18	13	4	40	10	right	right	1	10	16.556	604
18	14	4	40	10	right	right	1	10	15.504	645
18	15	4	40	10	right	right	1	9	16.544	544
18	16	4	40	10	right	left	0	12	15.789	760
18	17	4	40	10	right	right	1	18	15.707	1146
18	18	4	40	10	left	left	1	11	15.235	722
18	19	4	40	10	left	left	1	10	16.474	607
18	20	4	40	10	right	right	1	11	16.369	672
18	21	4	40	10	left	left	1	15	15.707	955
18	22	4	40	10	right	right	1	12	15.831	758
18	23	4	40	10	left	left	1	11	16.082	684
18	24	4	40	10	left	left	1	19	15.953	1191
18	25	4	40	10	right	right	1	10	15.06	664
18	26	4	40	10	right	right	1	13	16.03	811
18	27	4	40	10	right	left	0	10	15.974	626
18	28	4	40	10	right	right	1	12	15.113	794
18	29	4	40	10	left	left	1	15	16.026	936
18	30	4	40	10	left	left	1	12	15.915	754
18	31	4	40	10	right	right	1	16	15.873	1008
18	32	4	40	10	left	left	1	13	16.169	804
18	33	4	40	10	right	right	1	11	15.385	715
18	34	4	40	10	left	left	1	18	15.748	1143
18	35	4	40	10	right	right	1	14	15.784	887
18	36	4	40	10	left	left	1	18	15.517	1160
18	37	4	40	10	left	left	1	13	15.348	847
18	38	4	40	10	left	left	1	24	15.474	1551
18	39	4	40	10	right	right	1	20	15.516	1289
18	40	4	40	10	left	left	1	12	15.365	781
19	1	4	40	10	right	right	1	14	16.092	870
19	2	4	40	10	right	right	1	11	15.299	719
19	3	4	40	10	right	right	1	15	15.182	988
19	4	4	40	10	left	left	1	10	15.649	639
19	5	4	40	10	left	left	1	10	15.385	650
19	6	4	40	10	left	left	1	12	16.349	734
19	7	4	40	10	left	left	1	12	15.424	778
19	8	4	40	10	left	left	1	12	15.789	760
19	9	4	40	10	right	right	1	14	15.66	894
19	10	4	40	10	left	left	1	12	16.327	735
19	11	4	40	10	right	right	1	11	15.714	700
19	12	4	40	10	left	left	1	8	16.393	488
19	13	4	40	10	right	right	1	11	16.393	671
19	14	4	40	10	right	right	1	22	15.342	1434
19	15	4	40	10	left	left	1	11	15.089	729
19	16	4	40	10	left	left	1	11	16.035	686
19	17	4	40	10	left	left	1	10	15.974	626
19	18	4	40	10	right	left	0	10	16.556	604
19	19	4	40	10	right	right	1	13	15.421	843
19	20	4	40	10	right	right	1	9	16.917	532
19	21	4	40	10	right	right	1	13	15.569	835
19	22	4	40	10	right	right	1	9	15.789	570
19	23	4	40	10	left	left	1	13	16.189	803
19	24	4	40	10	left	left	1	11	15.406	714
19	25	4	40	10	left	left	1	11	15.647	703
19	26	4	40	10	right	right	1	14	16	875
19	27	4	40	10	right	right	1	13	16.169	804
19	28	4	40	10	left	left	1	19	15.485	1227
19	29	4	40	10	left	left	1	11	15.193	724
19	30	4	40	10	left	right	0	10	15.038	665
19	31	4	40	10	right	right	1	7	17.157	408
19	32	4	40	10	right	right	1	15	15.416	973
19	33	4	40	10	right	right	1	13	16.089	808
19	34	4	40	10	left	left	1	10	15.848	631
19	35	4	40	10	left	left	1	10	15.601	641
19	36	4	40	10	right	right	1	11	15.363	716
19	37	4	40	10	left	left	1	46	15.287	3009
19	38	4	40	10	right	right	1	12	16.304	736
19	39	4	40	10	right	right	1	15	16.077	933
19	40	4	40	10	left	left	1	13	15.796	823
20	1	4	40	10	left	left	1	16	15.549	1029
20	2	4	40	10	left	left	1	11	15.965	689
20	3	4	40	10	right	right	1	11	15.172	725
20	4	4	40	10	right	right	1	9	15.789	570
20	5	4	40	10	left	left	1	14	15.436	907
20	6	4	40	10	right	right	1	11	15.692	701
20	7	4	40	10	left	left	1	11	15.603	705
20	8	4	40	10	left	left	1	13	16.311	797
20	9	4	40	10	right	right	1	11	16.272	676
20	10	4	40	10	right	right	1	12	16.327	735
20	11	4	40	10	left	left	1	8	17.021	470
20	12	4	40	10	left	left	1	10	16.155	619
20	13	4	40	10	left	left	1	11	15.007	733
20	14	4	40	10	right	right	1	10	16.42	609
20	15	4	40	10	left	left	1	9	16.698	539
20	16	4	40	10	left	left	1	10	15.361	651
20	17	4	40	10	right	right	1	10	16.502	606
20	18	4	40	10	left	left	1	10	16.234	616
20	19	4	40	10	right	right	1	9	16.245	554
20	20	4	40	10	left	left	1	9	16.245	554
20	21	4	40	10	right	right	1	10	16.181	618
20	22	4	40	10	left	left	1	11	15.714	700
20	23	4	40	10	right	right	1	11	15.625	704
20	24	4	40	10	left	left	1	12	15.852	757
20	25	4	40	10	right	right	1	9	16.275	553
20	26	4	40	10	right	right	1	14	15.73	890
20	27	4	40	10	right	right	1	15	15.839	947
20	28	4	40	10	right	right	1	12	15.666	766
20	29	4	40	10	right	right	1	12	15.894	755
20	30	4	40	10	right	right	1	21	15.613	1345
20	31	4	40	10	left	left	1	8	16.985	471
20	32	4	40	10	right	left	0	17	15.233	1116
20	33	4	40	10	left	left	1	8	15.385	520
20	34	4	40	10	right	right	1	10	16.051	623
20	35	4	40	10	left	left	1	11	16.153	681
20	36	4	40	10	left	left	1	23	15.743	1461
20	37	4	40	10	right	right	1	9	16.393	549
20	38	4	40	10	left	left	1	12	16	750
20	39	4	40	10	right	right	1	12	15.915	754
20	40	4	40	10	left	left	1	9	16.544	544
21	1	4	40	10	left	left	1	23	15.562	1478
21	2	4	40	10	right	right	1	9	16.854	534
21	3	4	40	10	left	left	1	8	15.936	502
21	4	4	40	10	right	right	1	9	16.886	533
21	5	4	40	10	left	left	1	10	16.529	605
21	6	4	40	10	left	right	0	11	16.418	670
21	7	4	40	10	right	right	1	7	16.908	414
21	8	4	40	10	left	left	1	11	16.105	683
21	9	4	40	10	right	right	1	9	15.437	583
21	10	4	40	10	left	left	1	11	15.647	703
21	11	4	40	10	left	left	1	10	15.337	652
21	12	4	40	10	left	left	1	14	15.801	886
21	13	4	40	10	right	right	1	11	15.471	711
21	14	4	40	10	right	left	0	8	15.267	524
21	15	4	40	10	right	right	1	20	15.528	1288
21	16	4	40	10	left	left	1	11	16.105	683
21	17	4	40	10	right	right	1	9	16.129	558
21	18	4	40	10	left	left	1	11	16.393	671
21	19	4	40	10	right	right	1	12	15.113	794
21	20	4	40	10	right	right	1	14	15.891	881
21	21	4	40	10	left	left	1	9	16.014	562
21	22	4	40	10	left	left	1	15	15.707	955
21	23	4	40	10	right	right	1	12	15.686	765
21	24	4	40	10	left	left	1	10	16.367	611
21	25	4	40	10	left	left	1	16	15.311	1045
21	26	4	40	10	left	left	1	10	15.773	634
21	27	4	40	10	right	right	1	17	15.903	1069
21	28	4	40	10	right	right	1	12	16.26	738
21	29	4	40	10	right	right	1	11	16.393	671
21	30	4	40	10	right	right	1	16	15.579	1027
21	31	4	40	10	right	right	1	14	15.217	920
21	32	4	40	10	left	left	1	12	16.282	737
21	33	4	40	10	right	right	1	12	15.19	790
21	34	4	40	10	right	right	1	13	15.854	820
21	35	4	40	10	right	right	1	13	15.7	828
21	36	4	40	10	left	left	1	11	16.296	675
21	37	4	40	10	left	left	1	14	15.642	895
21	38	4	40	10	right	right	1	16	16	1000
21	39	4	40	10	left	left	1	11	15.537	708
21	40	4	40	10	left	left	1	18	15.734	1144
22	1	4	40	10	left	left	1	16	15.936	1004
22	2	4	40	10	right	right	1	11	15.11	728
22	3	4	40	10	left	left	1	11	15.873	693
22	4	4	40	10	right	right	1	11	15.965	689
22	5	4	40	10	right	right	1	16	15.936	1004
22	6	4	40	10	right	right	1	10	16.639	601
22	7	4	40	10	left	left	1	12	16.086	746
22	8	4	40	10	left	left	1	10	15.848	631
22	9	4	40	10	left	left	1	10	16.393	610
22	10	4	40	10	left	left	1	9	15.517	580
22	11	4	40	10	right	right	1	11	15.172	725
22	12	4	40	10	left	left	1	11	16.129	682
22	13	4	40	10	right	right	1	12	15.209	789
22	14	4	40	10	right	right	1	20	15.302	1307
22	15	4	40	10	left	left	1	9	15.228	591
22	16	4	40	10	left	left	1	11	16.743	657
22	17	4	40	10	right	right	1	9	16.216	555
22	18	4	40	10	left	left	1	8	16.032	499
22	19	4	40	10	right	right	1	9	15.571	578
22	20	4	40	10	left	left	1	7	15.217	460
22	21	4	40	10	right	right	1	8	16.327	490
22	22	4	40	10	left	left	1	9	15.411	584
22	23	4	40	10	right	right	1	8	15.564	514
22	24	4	40	10	right	right	1	9	16.514	545
22	25	4	40	10	left	left	1	12	15.132	793
22	26	4	40	10	left	left	1	13	15.495	839
22	27	4	40	10	left	left	1	12	15.326	783
22	28	4	40	10	left	left	1	11	16.442	669
22	29	4	40	10	right	left	0	11	15.805	696
22	30	4	40	10	left	right	0	11	15.278	720
22	31	4	40	10	right	right	1	20	15.221	1314
22	32	4	40	10	left	left	1	12	15.345	782
22	33	4	40	10	right	right	1	12	15.385	780
22	34	4	40	10	right	right	1	10	15.385	650
22	35	4	40	10	right	right	1	13	15.834	821
22	36	4	40	10	right	right	1	11	15.172	725
22	37	4	40	10	right	right	1	10	15.798	633
22	38	4	40	10	left	right	0	10	16.34	612
22	39	4	40	10	left	left	1	11	16.296	675
22	40	4	40	10	right	right	1	14	15.385	910
23	1	4	40	10	right	right	1	31	15.601	1987
23	2	4	40	10	left	left	1	9	15.625	576
23	3	4	40	10	left	left	1	9	15.385	585
23	4	4	40	10	left	left	1	10	15.974	626
23	5	4	40	10	right	right	1	11	15.873	693
23	6	4	40	10	left	left	1	11	15.11	728
23	7	4	40	10	left	left	1	9	15.28	589
23	8	4	40	10	right	right	1	15	15.658	958
23	9	4	40	10	right	right	1	9	15.598	577
23	10	4	40	10	left	left	1	10	16.611	602
23	11	4	40	10	left	left	1	9	16.187	556
23	12	4	40	10	right	left	0	14	15.677	893
23	13	4	40	10	left	left	1	15	15.856	946
23	14	4	40	10	left	left	1	12	16.216	740
23	15	4	40	10	left	left	1	13	15.912	817
23	16	4	40	10	right	right	1	16	15.748	1016
23	17	4	40	10	right	right	1	11	15.342	717
23	18	4	40	10	left	left	1	10	15.576	642
23	19	4	40	10	left	left	1	11	15.027	732
23	20	4	40	10	right	right	1	11	16.541	665
23	21	4	40	10	right	right	1	28	15.184	1844
23	22	4	40	10	right	right	1	12	15.504	774
23	23	4	40	10	right	right	1	12	15.385	780
23	24	4	40	10	right	right	1	14	16.298	859
23	25	4	40	10	left	left	1	11	16.129	682
23	26	4	40	10	left	left	1	10	16.722	598
23	27	4	40	10	right	right	1	12	15.979	751
23	28	4	40	10	left	left	1	39	15.252	2557
23	29	4	40	10	left	left	1	10	15.823	632
23	30	4	40	10	right	right	1	16	15.579	1027
23	31	4	40	10	left	left	1	11	15.299	719
23	32	4	40	10	right	right	1	11	15.896	692
23	33	4	40	10	left	left	1	10	16.234	616
23	34	4	40	10	left	left	1	15	15.856	946
23	35	4	40	10	right	right	1	12	15.544	772
23	36	4	40	10	right	right	1	13	15.152	858
23	37	4	40	10	right	right	1	20	15.785	1267
23	38	4	40	10	left	left	1	10	15.898	629
23	39	4	40	10	right	right	1	17	15.625	1088
23	40	4	40	10	right	right	1	12	15.831	758
24	1	4	40	10	right	right	1	14	15.909	880
24	2	4	40	10	left	left	1	11	15.782	697
24	3	4	40	10	left	left	1	11	15.692	701
24	4	4	40	10	left	left	1	10	15.974	626
24	5	4	40	10	right	left	0	13	16.169	804
24	6	4	40	10	left	left	1	9	15.845	568
24	7	4	40	10	right	right	1	11	16.153	681
24	8	4	40	10	left	left	1	8	16.26	492
24	9	4	40	10	left	left	1	12	16.238	739
24	10	4	40	10	right	right	1	14	15.766	888
24	11	4	40	10	right	right	1	11	15.449	712
24	12	4	40	10	right	right	1	10	15.699	637
24	13	4	40	10	left	left	1	8	16.393	488
24	14	4	40	10	right	right	1	11	15.85	694
24	15	4	40	10	left	left	1	11	15.406	714
24	16	4	40	10	left	left	1	9	16.575	543
24	17	4	40	10	right	right	1	10	15.848	631
24	18	4	40	10	left	left	1	10	16.639	601
24	19	4	40	10	left	left	1	14	16.018	874
24	20	4	40	10	right	right	1	10	15.949	627
24	21	4	40	10	right	right	1	18	15.652	1150
24	22	4	40	10	right	left	0	10	15.504	645
24	23	4	40	10	right	right	1	16	15.549	1029
24	24	4	40	10	right	right	1	10	16	625
24	25	4	40	10	left	left	1	11	15.919	691
24	26	4	40	10	right	right	1	17	15.873	1071
24	27	4	40	10	left	left	1	34	15.199	2237
24	28	4	40	10	left	left	1	11	15.449	712
24	29	4	40	10	left	left	1	15	16.077	933
24	30	4	40	10	right	right	1	11	16.2	679
24	31	4	40	10	right	right	1	38	15.212	2498
24	32	4	40	10	left	left	1	34	15.145	2245
24	33	4	40	10	left	left	1	10	15.649	639
24	34	4	40	10	right	right	1	14	16.018	874
24	35	4	40	10	right	right	1	21	15.228	1379
24	36	4	40	10	left	right	0	20	15.14	1321
24	37	4	40	10	left	left	1	9	16.043	561
24	38	4	40	10	right	left	0	10	16.611	602
24	39	4	40	10	right	right	1	11	16.345	673
24	40	4	40	10	left	left	1	10	15.723	636
