
blkNum	trlNum	coherentDots	numberofDots	percentCoherence	winningDirection	response	correct	eventCount	averageFrameRate	RT
1	1	4	40	10	left	right	0	68	15.172	4482
1	2	4	40	10	left	right	0	110	15.168	7252
1	3	4	40	10	left	right	0	142	15.176	9357
1	4	4	40	10	left	left	1	241	15.15	15908
1	5	4	40	10	right	left	0	122	15.256	7997
1	6	4	40	10	left	left	1	36	15.3	2353
1	7	4	40	10	right	right	1	24	15.8	1519
1	8	4	40	10	right	left	0	54	15.169	3560
1	9	4	40	10	right	right	1	30	15.221	1971
1	10	4	40	10	left	left	1	45	15.121	2976
1	11	4	40	10	right	right	1	67	15.318	4374
1	12	4	40	10	left	left	1	40	15.152	2640
1	13	4	40	10	left	right	0	73	15.339	4759
1	14	4	40	10	right	right	1	47	15.22	3088
1	15	4	40	10	right	right	1	41	15.157	2705
1	16	4	40	10	right	right	1	29	15.287	1897
1	17	4	40	10	right	right	1	33	15.138	2180
1	18	4	40	10	left	right	0	37	15.488	2389
1	19	4	40	10	left	left	1	22	15.439	1425
1	20	4	40	10	right	right	1	44	15.449	2848
1	21	4	40	10	right	right	1	23	15.764	1459
1	22	4	40	10	left	left	1	15	15.839	947
1	23	4	40	10	left	right	0	23	15.242	1509
1	24	4	40	10	right	right	1	24	15.277	1571
1	25	4	40	10	left	left	1	29	15.516	1869
1	26	4	40	10	right	right	1	21	15.825	1327
1	27	4	40	10	left	left	1	36	15.444	2331
1	28	4	40	10	left	right	0	15	15.48	969
1	29	4	40	10	right	right	1	45	15.28	2945
1	30	4	40	10	left	left	1	25	15.328	1631
1	31	4	40	10	right	right	1	40	15.414	2595
1	32	4	40	10	right	left	0	22	15.363	1432
1	33	4	40	10	right	right	1	55	15.265	3603
1	34	4	40	10	right	right	1	65	15.323	4242
1	35	4	40	10	left	left	1	27	15.482	1744
1	36	4	40	10	left	left	1	26	15.476	1680
1	37	4	40	10	left	left	1	31	15.4	2013
1	38	4	40	10	left	left	1	16	15.842	1010
1	39	4	40	10	right	right	1	17	15.888	1070
1	40	4	40	10	right	left	0	23	15.668	1468
2	1	4	40	10	left	left	1	41	15.339	2673
2	2	4	40	10	left	left	1	27	15.553	1736
2	3	4	40	10	left	left	1	15	16.181	927
2	4	4	40	10	right	right	1	15	16.146	929
2	5	4	40	10	right	right	1	14	15.713	891
2	6	4	40	10	left	right	0	17	15.683	1084
2	7	4	40	10	right	right	1	49	15.467	3168
2	8	4	40	10	right	right	1	18	15.803	1139
2	9	4	40	10	left	left	1	14	15.301	915
2	10	4	40	10	right	right	1	26	15.663	1660
2	11	4	40	10	left	left	1	26	15.541	1673
2	12	4	40	10	right	right	1	14	15.945	878
2	13	4	40	10	right	right	1	16	15.166	1055
2	14	4	40	10	left	left	1	14	15.982	876
2	15	4	40	10	left	left	1	36	15.484	2325
2	16	4	40	10	right	right	1	45	15.395	2923
2	17	4	40	10	left	left	1	13	15.625	832
2	18	4	40	10	right	right	1	11	15.11	728
2	19	4	40	10	right	right	1	33	15.544	2123
2	20	4	40	10	left	left	1	13	16.169	804
2	21	4	40	10	left	left	1	47	15.205	3091
2	22	4	40	10	left	left	1	34	15.371	2212
2	23	4	40	10	left	left	1	30	15.448	1942
2	24	4	40	10	right	right	1	13	16.049	810
2	25	4	40	10	right	left	0	24	15.375	1561
2	26	4	40	10	left	left	1	40	15.198	2632
2	27	4	40	10	left	left	1	14	15.521	902
2	28	4	40	10	left	left	1	67	15.203	4407
2	29	4	40	10	left	left	1	67	15.388	4354
2	30	4	40	10	right	right	1	15	16.234	924
2	31	4	40	10	right	left	0	27	15.28	1767
2	32	4	40	10	right	right	1	34	15.546	2187
2	33	4	40	10	right	right	1	28	15.722	1781
2	34	4	40	10	right	right	1	29	15.45	1877
2	35	4	40	10	right	right	1	24	15.228	1576
2	36	4	40	10	right	right	1	21	15.789	1330
2	37	4	40	10	left	left	1	11	15.471	711
2	38	4	40	10	left	left	1	23	15.593	1475
2	39	4	40	10	left	right	0	53	15.358	3451
2	40	4	40	10	right	right	1	25	15.375	1626
3	1	4	40	10	right	right	1	31	15.339	2021
3	2	4	40	10	left	left	1	14	15.713	891
3	3	4	40	10	left	left	1	19	15.176	1252
3	4	4	40	10	right	right	1	17	15.315	1110
3	5	4	40	10	left	left	1	16	15.195	1053
3	6	4	40	10	right	left	0	18	15.385	1170
3	7	4	40	10	left	left	1	16	15.873	1008
3	8	4	40	10	right	right	1	16	15.444	1036
3	9	4	40	10	left	left	1	23	15.293	1504
3	10	4	40	10	left	left	1	26	15.321	1697
3	11	4	40	10	left	left	1	19	15.742	1207
3	12	4	40	10	right	right	1	16	15.385	1040
3	13	4	40	10	left	left	1	22	15.581	1412
3	14	4	40	10	left	left	1	11	15.214	723
3	15	4	40	10	left	right	0	60	15.373	3903
3	16	4	40	10	right	right	1	44	15.444	2849
3	17	4	40	10	right	right	1	30	15.213	1972
3	18	4	40	10	left	right	0	43	15.479	2778
3	19	4	40	10	right	left	0	24	15.316	1567
3	20	4	40	10	right	right	1	32	15.326	2088
3	21	4	40	10	right	right	1	17	15.888	1070
3	22	4	40	10	left	left	1	12	16.043	748
3	23	4	40	10	left	left	1	67	15.392	4353
3	24	4	40	10	left	left	1	61	15.208	4011
3	25	4	40	10	left	left	1	20	15.106	1324
3	26	4	40	10	left	left	1	23	15.293	1504
3	27	4	40	10	right	right	1	14	15.334	913
3	28	4	40	10	right	right	1	20	15.117	1323
3	29	4	40	10	right	right	1	17	15.525	1095
3	30	4	40	10	left	left	1	16	15.549	1029
3	31	4	40	10	right	right	1	16	15.717	1018
3	32	4	40	10	right	left	0	21	15.813	1328
3	33	4	40	10	right	right	1	24	15.152	1584
3	34	4	40	10	right	right	1	17	15.247	1115
3	35	4	40	10	left	left	1	13	15.458	841
3	36	4	40	10	left	left	1	75	15.191	4937
3	37	4	40	10	right	right	1	15	16.129	930
3	38	4	40	10	right	right	1	45	15.234	2954
3	39	4	40	10	left	left	1	19	15.115	1257
3	40	4	40	10	right	right	1	12	15.564	771
4	1	4	40	10	left	left	1	32	15.087	2121
4	2	4	40	10	right	right	1	25	15.605	1602
4	3	4	40	10	right	right	1	27	15.297	1765
4	4	4	40	10	left	right	0	23	15.242	1509
4	5	4	40	10	left	left	1	14	15.855	883
4	6	4	40	10	right	right	1	13	16.169	804
4	7	4	40	10	left	left	1	18	15.817	1138
4	8	4	40	10	right	right	1	14	15.317	914
4	9	4	40	10	left	left	1	15	15.56	964
4	10	4	40	10	right	right	1	13	15.222	854
4	11	4	40	10	left	left	1	12	15.504	774
4	12	4	40	10	left	right	0	15	15.56	964
4	13	4	40	10	right	right	1	27	15.589	1732
4	14	4	40	10	right	right	1	11	15.068	730
4	15	4	40	10	left	left	1	11	15.827	695
4	16	4	40	10	right	right	1	41	15.281	2683
4	17	4	40	10	right	left	0	24	15.514	1547
4	18	4	40	10	right	right	1	43	15.264	2817
4	19	4	40	10	right	right	1	25	15.133	1652
4	20	4	40	10	left	left	1	37	15.315	2416
4	21	4	40	10	left	left	1	17	15.192	1119
4	22	4	40	10	left	left	1	26	15.421	1686
4	23	4	40	10	right	right	1	26	15.439	1684
4	24	4	40	10	left	left	1	15	15.48	969
4	25	4	40	10	left	left	1	18	15.901	1132
4	26	4	40	10	left	left	1	17	15.357	1107
4	27	4	40	10	right	right	1	14	16.018	874
4	28	4	40	10	left	left	1	20	15.396	1299
4	29	4	40	10	right	right	1	16	15.282	1047
4	30	4	40	10	right	left	0	13	15.55	836
4	31	4	40	10	right	right	1	31	15.377	2016
4	32	4	40	10	right	right	1	20	15.456	1294
4	33	4	40	10	right	left	0	19	15.702	1210
4	34	4	40	10	right	right	1	14	15.625	896
4	35	4	40	10	left	left	1	48	15.262	3145
4	36	4	40	10	left	left	1	50	15.337	3260
4	37	4	40	10	right	left	0	21	15.789	1330
4	38	4	40	10	left	left	1	16	15.34	1043
4	39	4	40	10	left	left	1	15	15.121	992
4	40	4	40	10	left	left	1	21	15.498	1355
5	1	4	40	10	left	left	1	11	16.616	662
5	2	4	40	10	left	left	1	11	15.603	705
5	3	4	40	10	left	left	1	11	16.418	670
5	4	4	40	10	left	left	1	10	16.835	594
5	5	4	40	10	right	left	0	14	15.873	882
5	6	4	40	10	right	left	0	14	15.625	896
5	7	4	40	10	right	right	1	14	15.385	910
5	8	4	40	10	left	left	1	17	15.399	1104
5	9	4	40	10	right	right	1	15	15.674	957
5	10	4	40	10	left	left	1	17	15.288	1112
5	11	4	40	10	right	right	1	11	15.471	711
5	12	4	40	10	right	right	1	26	15.222	1708
5	13	4	40	10	right	right	1	19	15.2	1250
5	14	4	40	10	left	left	1	29	15.525	1868
5	15	4	40	10	right	right	1	28	15.713	1782
5	16	4	40	10	right	left	0	23	15.232	1510
5	17	4	40	10	right	right	1	15	15.448	971
5	18	4	40	10	left	left	1	28	15.436	1814
5	19	4	40	10	right	right	1	50	15.361	3255
5	20	4	40	10	left	left	1	54	15.429	3500
5	21	4	40	10	right	right	1	17	15.625	1088
5	22	4	40	10	left	left	1	21	15.373	1366
5	23	4	40	10	right	right	1	19	15.574	1220
5	24	4	40	10	left	left	1	15	15.306	980
5	25	4	40	10	right	right	1	20	15.349	1303
5	26	4	40	10	right	left	0	15	15.576	963
5	27	4	40	10	left	right	0	57	15.277	3731
5	28	4	40	10	left	left	1	15	15.48	969
5	29	4	40	10	right	right	1	12	15.852	757
5	30	4	40	10	left	left	1	17	15.596	1090
5	31	4	40	10	left	right	0	23	15.797	1456
5	32	4	40	10	left	left	1	17	15.668	1085
5	33	4	40	10	left	right	0	42	15.334	2739
5	34	4	40	10	left	left	1	25	15.704	1592
5	35	4	40	10	right	right	1	23	15.678	1467
5	36	4	40	10	left	left	1	16	15.224	1051
5	37	4	40	10	right	right	1	27	15.544	1737
5	38	4	40	10	left	left	1	22	15.726	1399
5	39	4	40	10	right	right	1	35	15.535	2253
5	40	4	40	10	right	right	1	32	15.26	2097
6	1	4	40	10	right	right	1	20	15.279	1309
6	2	4	40	10	right	right	1	21	14.583	1440
6	3	4	40	10	left	right	0	17	15.873	1071
6	4	4	40	10	right	right	1	13	15.294	850
6	5	4	40	10	left	left	1	13	15.738	826
6	6	4	40	10	left	left	1	15	15.74	953
6	7	4	40	10	left	left	1	26	15.231	1707
6	8	4	40	10	right	right	1	26	15.249	1705
6	9	4	40	10	right	right	1	28	15.094	1855
6	10	4	40	10	left	left	1	14	15.334	913
6	11	4	40	10	right	right	1	15	15.091	994
6	12	4	40	10	right	right	1	28	15.651	1789
6	13	4	40	10	right	right	1	29	15.255	1901
6	14	4	40	10	left	left	1	13	15.777	824
6	15	4	40	10	right	right	1	29	15.231	1904
6	16	4	40	10	left	left	1	22	15.246	1443
6	17	4	40	10	left	right	0	28	15.677	1786
6	18	4	40	10	right	right	1	22	15.374	1431
6	19	4	40	10	left	left	1	20	15.552	1286
6	20	4	40	10	right	right	1	31	15.617	1985
6	21	4	40	10	left	left	1	28	15.642	1790
6	22	4	40	10	right	right	1	23	15.232	1510
6	23	4	40	10	right	right	1	44	15.368	2863
6	24	4	40	10	right	right	1	32	15.253	2098
6	25	4	40	10	left	left	1	11	15.385	715
6	26	4	40	10	right	left	0	25	15.557	1607
6	27	4	40	10	left	left	1	14	15.504	903
6	28	4	40	10	left	left	1	21	15.813	1328
6	29	4	40	10	left	right	0	12	15.365	781
6	30	4	40	10	right	right	1	32	15.101	2119
6	31	4	40	10	left	left	1	11	15.647	703
6	32	4	40	10	right	right	1	11	15.714	700
6	33	4	40	10	left	left	1	11	16.369	672
6	34	4	40	10	left	left	1	17	15.697	1083
6	35	4	40	10	right	right	1	14	15.334	913
6	36	4	40	10	right	right	1	11	16.692	659
6	37	4	40	10	left	left	1	11	15.67	702
6	38	4	40	10	right	right	1	13	15.873	819
6	39	4	40	10	left	left	1	17	15.726	1081
6	40	4	40	10	left	right	0	12	15.625	768
7	1	4	40	10	right	right	1	45	15.343	2933
7	2	4	40	10	right	right	1	21	15.419	1362
7	3	4	40	10	left	left	1	15	16.164	928
7	4	4	40	10	left	left	1	14	16.018	874
7	5	4	40	10	right	left	0	30	15.283	1963
7	6	4	40	10	right	right	1	25	15.664	1596
7	7	4	40	10	left	left	1	16	15.764	1015
7	8	4	40	10	left	left	1	22	15.417	1427
7	9	4	40	10	right	right	1	13	16.209	802
7	10	4	40	10	right	right	1	19	15.51	1225
7	11	4	40	10	right	right	1	33	15.435	2138
7	12	4	40	10	right	right	1	36	15.287	2355
7	13	4	40	10	right	right	1	32	15.087	2121
7	14	4	40	10	left	left	1	26	15.249	1705
7	15	4	40	10	left	left	1	20	15.163	1319
7	16	4	40	10	right	right	1	18	15.267	1179
7	17	4	40	10	right	right	1	13	16.01	812
7	18	4	40	10	right	right	1	49	15.375	3187
7	19	4	40	10	right	right	1	29	15.434	1879
7	20	4	40	10	right	right	1	44	15.358	2865
7	21	4	40	10	right	left	0	33	15.306	2156
7	22	4	40	10	right	right	1	21	15.683	1339
7	23	4	40	10	left	left	1	18	15.424	1167
7	24	4	40	10	right	left	0	33	15.515	2127
7	25	4	40	10	left	left	1	20	15.373	1301
7	26	4	40	10	left	left	1	15	15.106	993
7	27	4	40	10	left	left	1	16	15.444	1036
7	28	4	40	10	left	left	1	19	15.82	1201
7	29	4	40	10	right	left	0	16	15.733	1017
7	30	4	40	10	left	left	1	51	15.165	3363
7	31	4	40	10	left	right	0	25	15.366	1627
7	32	4	40	10	right	right	1	19	15.273	1244
7	33	4	40	10	left	left	1	15	15.03	998
7	34	4	40	10	left	left	1	17	15.843	1073
7	35	4	40	10	left	left	1	21	15.284	1374
7	36	4	40	10	left	right	0	15	15.839	947
7	37	4	40	10	left	left	1	13	15.569	835
7	38	4	40	10	left	left	1	15	16.129	930
7	39	4	40	10	left	left	1	65	15.258	4260
7	40	4	40	10	right	right	1	23	15.333	1500
8	1	4	40	10	right	right	1	45	15.228	2955
8	2	4	40	10	left	right	0	43	15.264	2817
8	3	4	40	10	left	left	1	17	15.179	1120
8	4	4	40	10	left	left	1	22	15.288	1439
8	5	4	40	10	left	left	1	28	15.102	1854
8	6	4	40	10	left	right	0	21	15.351	1368
8	7	4	40	10	left	left	1	10	15.601	641
8	8	4	40	10	right	right	1	15	15.823	948
8	9	4	40	10	left	left	1	14	15.927	879
8	10	4	40	10	right	right	1	18	15.424	1167
8	11	4	40	10	right	right	1	19	15.638	1215
8	12	4	40	10	right	left	0	12	15.605	769
8	13	4	40	10	left	left	1	26	15.522	1675
8	14	4	40	10	right	right	1	65	15.162	4287
8	15	4	40	10	right	right	1	17	15.192	1119
8	16	4	40	10	left	left	1	13	15.513	838
8	17	4	40	10	left	left	1	12	15.19	790
8	18	4	40	10	right	right	1	12	15.873	756
8	19	4	40	10	right	right	1	58	15.128	3834
8	20	4	40	10	right	right	1	15	15.789	950
8	21	4	40	10	right	right	1	20	15.711	1273
8	22	4	40	10	left	left	1	15	15.198	987
8	23	4	40	10	left	right	0	12	15.81	759
8	24	4	40	10	left	left	1	9	15.598	577
8	25	4	40	10	right	right	1	15	15.198	987
8	26	4	40	10	left	left	1	12	15.831	758
8	27	4	40	10	right	right	1	14	15.556	900
8	28	4	40	10	right	right	1	22	15.482	1421
8	29	4	40	10	left	left	1	11	15.363	716
8	30	4	40	10	right	right	1	9	15.203	592
8	31	4	40	10	right	left	0	11	16.153	681
8	32	4	40	10	right	right	1	14	15.334	913
8	33	4	40	10	left	left	1	14	15.855	883
8	34	4	40	10	right	right	1	25	15.432	1620
8	35	4	40	10	left	left	1	25	15.48	1615
8	36	4	40	10	left	left	1	32	15.542	2059
8	37	4	40	10	right	right	1	74	15.161	4881
8	38	4	40	10	left	left	1	76	15.221	4993
8	39	4	40	10	left	left	1	48	15.257	3146
8	40	4	40	10	right	right	1	45	15.136	2973
9	1	4	40	10	left	left	1	50	15.142	3302
9	2	4	40	10	right	right	1	18	15.241	1181
9	3	4	40	10	left	left	1	13	15.24	853
9	4	4	40	10	right	right	1	12	15.365	781
9	5	4	40	10	left	left	1	11	16.105	683
9	6	4	40	10	right	right	1	20	15.736	1271
9	7	4	40	10	left	left	1	12	15.584	770
9	8	4	40	10	right	right	1	14	16.204	864
9	9	4	40	10	left	left	1	11	15.278	720
9	10	4	40	10	left	right	0	13	15.682	829
9	11	4	40	10	right	left	0	22	15.439	1425
9	12	4	40	10	left	left	1	30	15.33	1957
9	13	4	40	10	right	right	1	18	15.831	1137
9	14	4	40	10	right	left	0	13	15.606	833
9	15	4	40	10	left	left	1	16	15.444	1036
9	16	4	40	10	right	right	1	15	16.287	921
9	17	4	40	10	left	left	1	14	15.573	899
9	18	4	40	10	left	left	1	14	15.267	917
9	19	4	40	10	right	right	1	13	15.513	838
9	20	4	40	10	right	right	1	19	15.966	1190
9	21	4	40	10	left	left	1	13	16.27	799
9	22	4	40	10	left	left	1	13	15.532	837
9	23	4	40	10	right	right	1	22	15.225	1445
9	24	4	40	10	left	left	1	14	15.855	883
9	25	4	40	10	left	left	1	20	15.773	1268
9	26	4	40	10	right	right	1	15	15.907	943
9	27	4	40	10	right	right	1	23	15.614	1473
9	28	4	40	10	left	left	1	12	15.936	753
9	29	4	40	10	left	left	1	32	15.333	2087
9	30	4	40	10	left	left	1	17	15.77	1078
9	31	4	40	10	right	right	1	13	15.403	844
9	32	4	40	10	left	left	1	11	15.896	692
9	33	4	40	10	right	right	1	11	16.768	656
9	34	4	40	10	right	right	1	16	15.579	1027
9	35	4	40	10	right	right	1	22	15.374	1431
9	36	4	40	10	right	right	1	18	15.332	1174
9	37	4	40	10	right	right	1	21	15.825	1327
9	38	4	40	10	left	left	1	13	15.569	835
9	39	4	40	10	left	left	1	11	15.581	706
9	40	4	40	10	right	right	1	9	15.228	591
10	1	4	40	10	right	right	1	10	16.103	621
10	2	4	40	10	right	right	1	9	16.334	551
10	3	4	40	10	left	left	1	21	15.453	1359
10	4	4	40	10	left	left	1	31	15.218	2037
10	5	4	40	10	left	left	1	18	15.803	1139
10	6	4	40	10	right	right	1	24	15.758	1523
10	7	4	40	10	left	right	0	32	15.534	2060
10	8	4	40	10	right	left	0	32	15.267	2096
10	9	4	40	10	left	left	1	16	15.311	1045
10	10	4	40	10	left	left	1	18	15.943	1129
10	11	4	40	10	right	right	1	14	15.891	881
10	12	4	40	10	left	left	1	11	15.257	721
10	13	4	40	10	right	right	1	12	15.686	765
10	14	4	40	10	left	left	1	11	16.492	667
10	15	4	40	10	left	right	0	23	15.808	1455
10	16	4	40	10	left	left	1	19	15.794	1203
10	17	4	40	10	left	left	1	33	15.138	2180
10	18	4	40	10	left	left	1	20	15.649	1278
10	19	4	40	10	right	right	1	11	15.782	697
10	20	4	40	10	right	left	0	9	16.636	541
10	21	4	40	10	left	left	1	20	15.232	1313
10	22	4	40	10	left	left	1	53	15.416	3438
10	23	4	40	10	right	right	1	33	15.278	2160
10	24	4	40	10	right	right	1	18	15.293	1177
10	25	4	40	10	left	left	1	29	15.608	1858
10	26	4	40	10	right	left	0	32	15.595	2052
10	27	4	40	10	right	right	1	17	15.525	1095
10	28	4	40	10	left	left	1	15	16.199	926
10	29	4	40	10	right	right	1	21	15.262	1376
10	30	4	40	10	right	right	1	25	15.347	1629
10	31	4	40	10	left	left	1	22	15.183	1449
10	32	4	40	10	right	right	1	16	15.857	1009
10	33	4	40	10	right	left	0	15	15.182	988
10	34	4	40	10	right	right	1	14	16.11	869
10	35	4	40	10	right	right	1	22	15.31	1437
10	36	4	40	10	left	left	1	73	15.196	4804
10	37	4	40	10	left	left	1	41	15.431	2657
10	38	4	40	10	right	right	1	36	15.107	2383
10	39	4	40	10	left	left	1	15	16.199	926
10	40	4	40	10	right	right	1	34	15.343	2216
11	1	4	40	10	left	left	1	25	15.654	1597
11	2	4	40	10	right	right	1	12	15.957	752
11	3	4	40	10	right	right	1	16	15.779	1014
11	4	4	40	10	right	left	0	9	16.245	554
11	5	4	40	10	left	left	1	16	15.385	1040
11	6	4	40	10	right	right	1	15	15.432	972
11	7	4	40	10	right	right	1	13	15.187	856
11	8	4	40	10	left	left	1	11	15.805	696
11	9	4	40	10	left	left	1	21	15.217	1380
11	10	4	40	10	left	left	1	13	16.23	801
11	11	4	40	10	right	left	0	18	15.845	1136
11	12	4	40	10	left	left	1	11	15.537	708
11	13	4	40	10	right	right	1	21	15.707	1337
11	14	4	40	10	left	left	1	20	15.279	1309
11	15	4	40	10	right	right	1	14	16.037	873
11	16	4	40	10	right	right	1	18	15.957	1128
11	17	4	40	10	left	left	1	15	15.512	967
11	18	4	40	10	left	left	1	19	15.103	1258
11	19	4	40	10	left	left	1	43	15.418	2789
11	20	4	40	10	right	right	1	13	15.205	855
11	21	4	40	10	right	left	0	32	15.572	2055
11	22	4	40	10	left	left	1	18	15.28	1178
11	23	4	40	10	right	right	1	14	15.873	882
11	24	4	40	10	left	left	1	11	15.559	707
11	25	4	40	10	left	left	1	25	15.47	1616
11	26	4	40	10	right	right	1	24	15.514	1547
11	27	4	40	10	left	left	1	23	15.829	1453
11	28	4	40	10	left	right	0	19	15.873	1197
11	29	4	40	10	right	right	1	16	15.842	1010
11	30	4	40	10	right	right	1	15	15.03	998
11	31	4	40	10	right	right	1	39	15.415	2530
11	32	4	40	10	left	left	1	14	15.677	893
11	33	4	40	10	left	left	1	48	15.272	3143
11	34	4	40	10	right	right	1	11	15.257	721
11	35	4	40	10	right	right	1	52	15.376	3382
11	36	4	40	10	right	right	1	29	15.175	1911
11	37	4	40	10	left	left	1	21	15.602	1346
11	38	4	40	10	left	right	0	14	15.642	895
11	39	4	40	10	left	left	1	8	15.968	501
11	40	4	40	10	right	right	1	12	15.544	772
12	1	4	40	10	left	left	1	35	15.217	2300
12	2	4	40	10	right	right	1	17	15.829	1074
12	3	4	40	10	right	right	1	18	15.639	1151
12	4	4	40	10	right	right	1	15	15.259	983
12	5	4	40	10	left	left	1	14	15.436	907
12	6	4	40	10	left	left	1	12	15.385	780
12	7	4	40	10	right	right	1	12	15.727	763
12	8	4	40	10	right	right	1	20	15.723	1272
12	9	4	40	10	right	right	1	15	15.198	987
12	10	4	40	10	left	left	1	12	15.979	751
12	11	4	40	10	left	left	1	13	15.532	837
12	12	4	40	10	right	right	1	15	15.06	996
12	13	4	40	10	left	left	1	15	16.164	928
12	14	4	40	10	left	left	1	15	15.337	978
12	15	4	40	10	left	left	1	17	15.668	1085
12	16	4	40	10	right	right	1	13	15.873	819
12	17	4	40	10	left	right	0	16	15.123	1058
12	18	4	40	10	left	left	1	10	16.34	612
12	19	4	40	10	right	right	1	13	15.815	822
12	20	4	40	10	right	right	1	23	15.405	1493
12	21	4	40	10	right	right	1	14	16.092	870
12	22	4	40	10	right	right	1	14	15.402	909
12	23	4	40	10	left	right	0	13	15.348	847
12	24	4	40	10	right	right	1	13	16.311	797
12	25	4	40	10	left	left	1	24	15.355	1563
12	26	4	40	10	left	right	0	26	15.578	1669
12	27	4	40	10	right	right	1	11	16.393	671
12	28	4	40	10	right	right	1	15	15.198	987
12	29	4	40	10	left	right	0	15	16.181	927
12	30	4	40	10	left	left	1	12	15.524	773
12	31	4	40	10	right	right	1	11	15.214	723
12	32	4	40	10	left	left	1	61	15.159	4024
12	33	4	40	10	left	right	0	23	15.604	1474
12	34	4	40	10	right	right	1	13	15.348	847
12	35	4	40	10	left	left	1	23	15.636	1471
12	36	4	40	10	right	right	1	16	15.64	1023
12	37	4	40	10	left	left	1	12	15.404	779
12	38	4	40	10	right	right	1	21	15.43	1361
12	39	4	40	10	left	left	1	11	15.152	726
12	40	4	40	10	right	right	1	16	15.224	1051
13	1	4	40	10	left	left	1	12	15.769	761
13	2	4	40	10	left	right	0	7	15.66	447
13	3	4	40	10	right	left	0	15	15.609	961
13	4	4	40	10	right	right	1	40	15.379	2601
13	5	4	40	10	left	left	1	14	16.26	861
13	6	4	40	10	right	right	1	43	15.286	2813
13	7	4	40	10	left	left	1	11	15.471	711
13	8	4	40	10	right	right	1	11	15.193	724
13	9	4	40	10	left	left	1	12	15.444	777
13	10	4	40	10	left	right	0	16	15.519	1031
13	11	4	40	10	left	left	1	12	15.152	792
13	12	4	40	10	right	right	1	18	15.748	1143
13	13	4	40	10	left	left	1	11	16.418	670
13	14	4	40	10	left	right	0	13	15.738	826
13	15	4	40	10	right	right	1	23	15.395	1494
13	16	4	40	10	left	left	1	23	15.818	1454
13	17	4	40	10	right	right	1	17	15.315	1110
13	18	4	40	10	left	left	1	12	16.021	749
13	19	4	40	10	right	right	1	15	15.723	954
13	20	4	40	10	left	left	1	18	15.451	1165
13	21	4	40	10	right	right	1	15	15.291	981
13	22	4	40	10	left	left	1	13	15.931	816
13	23	4	40	10	right	right	1	17	15.399	1104
13	24	4	40	10	right	left	0	14	16.241	862
13	25	4	40	10	right	right	1	29	15.271	1899
13	26	4	40	10	left	left	1	20	15.267	1310
13	27	4	40	10	right	right	1	12	15.584	770
13	28	4	40	10	left	left	1	9	15.845	568
13	29	4	40	10	right	right	1	9	16.275	553
13	30	4	40	10	left	left	1	23	15.202	1513
13	31	4	40	10	right	right	1	11	16.692	659
13	32	4	40	10	right	right	1	14	15.267	917
13	33	4	40	10	left	left	1	15	15.385	975
13	34	4	40	10	right	right	1	10	16.835	594
13	35	4	40	10	right	left	0	11	16.105	683
13	36	4	40	10	right	right	1	44	15.22	2891
13	37	4	40	10	left	left	1	15	16.043	935
13	38	4	40	10	right	right	1	15	15.593	962
13	39	4	40	10	left	left	1	23	15.657	1469
13	40	4	40	10	left	left	1	34	15.253	2229
14	1	4	40	10	left	left	1	24	15.635	1535
14	2	4	40	10	right	right	1	13	15.758	825
14	3	4	40	10	left	left	1	10	15.244	656
14	4	4	40	10	right	right	1	9	15.332	587
14	5	4	40	10	left	left	1	10	16.556	604
14	6	4	40	10	left	right	0	8	15.936	502
14	7	4	40	10	left	left	1	12	15.424	778
14	8	4	40	10	left	left	1	13	15.777	824
14	9	4	40	10	right	right	1	22	15.548	1415
14	10	4	40	10	left	left	1	10	16.502	606
14	11	4	40	10	left	left	1	28	15.292	1831
14	12	4	40	10	left	left	1	16	15.385	1040
14	13	4	40	10	right	right	1	18	15.666	1149
14	14	4	40	10	right	left	0	12	16.216	740
14	15	4	40	10	left	left	1	17	15.654	1086
14	16	4	40	10	left	left	1	28	15.59	1796
14	17	4	40	10	left	left	1	14	15.982	876
14	18	4	40	10	right	right	1	30	15.528	1932
14	19	4	40	10	right	left	0	11	15.131	727
14	20	4	40	10	right	right	1	37	15.462	2393
14	21	4	40	10	right	left	0	24	15.707	1528
14	22	4	40	10	right	right	1	29	15.368	1887
14	23	4	40	10	right	right	1	16	15.61	1025
14	24	4	40	10	left	left	1	12	16.173	742
14	25	4	40	10	right	right	1	14	16.298	859
14	26	4	40	10	left	left	1	28	15.461	1811
14	27	4	40	10	right	left	0	29	15.458	1876
14	28	4	40	10	right	right	1	18	15.371	1171
14	29	4	40	10	right	right	1	46	15.318	3003
14	30	4	40	10	right	right	1	31	15.539	1995
14	31	4	40	10	left	left	1	16	15.64	1023
14	32	4	40	10	right	right	1	15	15.56	964
14	33	4	40	10	left	left	1	14	16.222	863
14	34	4	40	10	left	left	1	32	15.392	2079
14	35	4	40	10	left	left	1	23	15.303	1503
14	36	4	40	10	right	right	1	12	15.306	784
14	37	4	40	10	left	left	1	16	15.534	1030
14	38	4	40	10	right	right	1	17	15.697	1083
14	39	4	40	10	left	left	1	10	15.408	649
14	40	4	40	10	right	right	1	14	15.556	900
15	1	4	40	10	right	right	1	26	15.339	1695
15	2	4	40	10	right	right	1	18	15.789	1140
15	3	4	40	10	left	left	1	11	15.363	716
15	4	4	40	10	right	right	1	15	15.496	968
15	5	4	40	10	left	left	1	9	15.306	588
15	6	4	40	10	right	right	1	28	15.651	1789
15	7	4	40	10	right	left	0	11	16.641	661
15	8	4	40	10	left	left	1	20	15.279	1309
15	9	4	40	10	left	left	1	13	15.476	840
15	10	4	40	10	left	left	1	16	15.504	1032
15	11	4	40	10	right	right	1	11	15.714	700
15	12	4	40	10	left	left	1	10	16.447	608
15	13	4	40	10	right	right	1	27	15.323	1762
15	14	4	40	10	left	left	1	12	15.113	794
15	15	4	40	10	right	right	1	23	15.457	1488
15	16	4	40	10	right	left	0	23	15.202	1513
15	17	4	40	10	left	left	1	13	15.644	831
15	18	4	40	10	right	right	1	13	16.291	798
15	19	4	40	10	right	right	1	19	15.664	1213
15	20	4	40	10	left	left	1	17	15.888	1070
15	21	4	40	10	left	right	0	23	15.84	1452
15	22	4	40	10	left	left	1	34	15.561	2185
15	23	4	40	10	left	left	1	30	15.544	1930
15	24	4	40	10	right	right	1	32	15.166	2110
15	25	4	40	10	left	left	1	26	15.348	1694
15	26	4	40	10	left	left	1	30	15.275	1964
15	27	4	40	10	right	right	1	10	15.432	648
15	28	4	40	10	left	right	0	13	15.873	819
15	29	4	40	10	right	right	1	12	16.173	742
15	30	4	40	10	right	right	1	31	15.415	2011
15	31	4	40	10	right	left	0	18	15.845	1136
15	32	4	40	10	left	left	1	17	15.343	1108
15	33	4	40	10	left	left	1	19	16.007	1187
15	34	4	40	10	right	right	1	18	15.254	1180
15	35	4	40	10	right	right	1	16	15.936	1004
15	36	4	40	10	right	right	1	21	15.719	1336
15	37	4	40	10	left	left	1	15	15.823	948
15	38	4	40	10	right	right	1	15	15.773	951
15	39	4	40	10	left	left	1	17	15.165	1121
15	40	4	40	10	left	right	0	18	15.216	1183
16	1	4	40	10	left	right	0	50	15.119	3307
16	2	4	40	10	left	left	1	14	15.927	879
16	3	4	40	10	left	right	0	26	15.476	1680
16	4	4	40	10	left	left	1	23	15.775	1458
16	5	4	40	10	left	left	1	51	15.138	3369
16	6	4	40	10	right	right	1	18	15.28	1178
16	7	4	40	10	left	left	1	12	16.064	747
16	8	4	40	10	right	right	1	19	15.323	1240
16	9	4	40	10	right	right	1	25	15.684	1594
16	10	4	40	10	left	left	1	16	15.311	1045
16	11	4	40	10	left	right	0	17	15.357	1107
16	12	4	40	10	right	right	1	16	15.209	1052
16	13	4	40	10	left	left	1	13	15.458	841
16	14	4	40	10	left	left	1	18	15.293	1177
16	15	4	40	10	right	right	1	18	15.504	1161
16	16	4	40	10	right	left	0	15	15.873	945
16	17	4	40	10	right	right	1	16	15.37	1041
16	18	4	40	10	left	left	1	22	15.31	1437
16	19	4	40	10	right	right	1	21	15.295	1373
16	20	4	40	10	left	left	1	12	15.915	754
16	21	4	40	10	left	left	1	40	15.528	2576
16	22	4	40	10	right	right	1	18	15.901	1132
16	23	4	40	10	left	left	1	11	16.492	667
16	24	4	40	10	left	left	1	17	15.525	1095
16	25	4	40	10	right	right	1	14	15.538	901
16	26	4	40	10	right	right	1	49	15.443	3173
16	27	4	40	10	right	right	1	15	15.48	969
16	28	4	40	10	right	right	1	14	16.279	860
16	29	4	40	10	left	left	1	13	15.99	813
16	30	4	40	10	right	right	1	10	15.337	652
16	31	4	40	10	left	left	1	9	15.873	567
16	32	4	40	10	right	right	1	10	16.026	624
16	33	4	40	10	right	left	0	8	16.097	497
16	34	4	40	10	left	left	1	35	15.264	2293
16	35	4	40	10	right	right	1	10	16.393	610
16	36	4	40	10	left	left	1	10	15.924	628
16	37	4	40	10	right	right	1	15	15.641	959
16	38	4	40	10	right	right	1	17	15.726	1081
16	39	4	40	10	right	right	1	23	15.625	1472
16	40	4	40	10	left	left	1	16	15.889	1007
17	1	4	40	10	left	left	1	26	15.625	1664
17	2	4	40	10	left	left	1	40	15.314	2612
17	3	4	40	10	left	right	0	10	15.773	634
17	4	4	40	10	left	left	1	9	16.514	545
17	5	4	40	10	right	right	1	15	15.609	961
17	6	4	40	10	left	left	1	13	15.258	852
17	7	4	40	10	left	left	1	27	15.517	1740
17	8	4	40	10	left	right	0	48	15.253	3147
17	9	4	40	10	left	left	1	11	16.517	666
17	10	4	40	10	right	right	1	17	15.668	1085
17	11	4	40	10	right	right	1	15	16.112	931
17	12	4	40	10	right	left	0	20	15.186	1317
17	13	4	40	10	left	left	1	24	15.326	1566
17	14	4	40	10	right	right	1	31	15.5	2000
17	15	4	40	10	left	left	1	19	15.152	1254
17	16	4	40	10	left	right	0	55	15.342	3585
17	17	4	40	10	right	right	1	20	15.291	1308
17	18	4	40	10	right	right	1	44	15.417	2854
17	19	4	40	10	right	right	1	11	15.737	699
17	20	4	40	10	right	right	1	11	15.299	719
17	21	4	40	10	left	right	0	19	15.781	1204
17	22	4	40	10	left	left	1	28	15.342	1825
17	23	4	40	10	left	left	1	12	15.915	754
17	24	4	40	10	left	left	1	70	15.301	4575
17	25	4	40	10	right	right	1	12	15.831	758
17	26	4	40	10	left	left	1	21	15.217	1380
17	27	4	40	10	right	right	1	12	15.748	762
17	28	4	40	10	right	right	1	20	15.256	1311
17	29	4	40	10	right	right	1	26	15.231	1707
17	30	4	40	10	right	right	1	19	15.212	1249
17	31	4	40	10	right	right	1	50	15.263	3276
17	32	4	40	10	right	right	1	57	15.347	3714
17	33	4	40	10	left	left	1	44	15.428	2852
17	34	4	40	10	left	left	1	46	15.338	2999
17	35	4	40	10	left	left	1	25	14.156	1766
17	36	4	40	10	right	right	1	15	16.199	926
17	37	4	40	10	right	right	1	26	15.403	1688
17	38	4	40	10	right	right	1	26	15.644	1662
17	39	4	40	10	left	left	1	12	15.267	786
17	40	4	40	10	right	right	1	14	15.891	881
18	1	4	40	10	right	right	1	18	15.748	1143
18	2	4	40	10	right	left	0	13	16.129	806
18	3	4	40	10	right	right	1	11	15.759	698
18	4	4	40	10	left	left	1	13	15.663	830
18	5	4	40	10	right	right	1	12	15.686	765
18	6	4	40	10	left	left	1	10	16.129	620
18	7	4	40	10	left	left	1	15	15.94	941
18	8	4	40	10	left	left	1	29	15.566	1863
18	9	4	40	10	right	right	1	13	16.069	809
18	10	4	40	10	right	right	1	47	15.339	3064
18	11	4	40	10	left	left	1	12	16.107	745
18	12	4	40	10	right	right	1	13	16.129	806
18	13	4	40	10	right	left	0	12	15.852	757
18	14	4	40	10	right	right	1	10	15.267	655
18	15	4	40	10	right	right	1	15	15.337	978
18	16	4	40	10	right	right	1	20	15.094	1325
18	17	4	40	10	left	left	1	14	15.608	897
18	18	4	40	10	left	left	1	47	15.364	3059
18	19	4	40	10	left	left	1	14	15.695	892
18	20	4	40	10	left	left	1	33	15.131	2181
18	21	4	40	10	right	right	1	13	16.109	807
18	22	4	40	10	right	left	0	9	15.491	581
18	23	4	40	10	right	right	1	10	15.552	643
18	24	4	40	10	left	left	1	12	15.345	782
18	25	4	40	10	right	right	1	52	15.205	3420
18	26	4	40	10	left	left	1	17	15.315	1110
18	27	4	40	10	left	left	1	59	15.249	3869
18	28	4	40	10	right	right	1	19	15.794	1203
18	29	4	40	10	left	left	1	12	15.404	779
18	30	4	40	10	right	left	0	14	15.748	889
18	31	4	40	10	right	right	1	57	15.393	3703
18	32	4	40	10	left	left	1	12	15.152	792
18	33	4	40	10	left	left	1	28	15.713	1782
18	34	4	40	10	left	right	0	14	15.385	910
18	35	4	40	10	right	right	1	26	15.357	1693
18	36	4	40	10	left	left	1	11	15.759	698
18	37	4	40	10	left	left	1	19	15.447	1230
18	38	4	40	10	right	right	1	33	15.228	2167
18	39	4	40	10	left	left	1	29	15.159	1913
18	40	4	40	10	left	tooFast	2	2	18.349	109
19	1	4	40	10	left	left	1	20	15.528	1288
19	2	4	40	10	right	right	1	23	15.509	1483
19	3	4	40	10	left	left	1	15	15.839	947
19	4	4	40	10	left	left	1	56	15.292	3662
19	5	4	40	10	left	right	0	43	15.286	2813
19	6	4	40	10	left	left	1	19	15.273	1244
19	7	4	40	10	right	right	1	12	15.504	774
19	8	4	40	10	left	left	1	27	15.725	1717
19	9	4	40	10	left	left	1	30	15.48	1938
19	10	4	40	10	right	right	1	12	15.645	767
19	11	4	40	10	left	left	1	11	16.248	677
19	12	4	40	10	right	right	1	15	15.369	976
19	13	4	40	10	right	right	1	31	15.294	2027
19	14	4	40	10	left	left	1	12	15.584	770
19	15	4	40	10	left	left	1	13	16.089	808
19	16	4	40	10	left	right	0	49	15.433	3175
19	17	4	40	10	left	left	1	17	15.873	1071
19	18	4	40	10	left	left	1	48	15.365	3124
19	19	4	40	10	right	right	1	20	15.835	1263
19	20	4	40	10	left	left	1	10	15.576	642
19	21	4	40	10	left	left	1	40	15.504	2580
19	22	4	40	10	right	right	1	18	15.504	1161
19	23	4	40	10	right	right	1	28	15.276	1833
19	24	4	40	10	right	right	1	23	15.354	1498
19	25	4	40	10	right	right	1	27	15.323	1762
19	26	4	40	10	right	right	1	23	15.272	1506
19	27	4	40	10	right	right	1	32	15.549	2058
19	28	4	40	10	right	right	1	19	15.51	1225
19	29	4	40	10	right	right	1	29	15.215	1906
19	30	4	40	10	right	right	1	19	15.873	1197
19	31	4	40	10	right	right	1	15	15.03	998
19	32	4	40	10	right	right	1	18	15.177	1186
19	33	4	40	10	right	right	1	20	15.314	1306
19	34	4	40	10	left	left	1	11	15.152	726
19	35	4	40	10	right	right	1	63	15.31	4115
19	36	4	40	10	right	right	1	19	15.249	1246
19	37	4	40	10	left	left	1	13	16.25	800
19	38	4	40	10	left	right	0	12	15.345	782
19	39	4	40	10	left	left	1	15	15.091	994
19	40	4	40	10	left	right	0	11	16.442	669
20	1	4	40	10	right	right	1	33	15.356	2149
20	2	4	40	10	left	left	1	25	15.404	1623
20	3	4	40	10	right	right	1	14	15.301	915
20	4	4	40	10	right	right	1	51	15.161	3364
20	5	4	40	10	right	left	0	11	16.248	677
20	6	4	40	10	left	left	1	14	15.964	877
20	7	4	40	10	right	right	1	15	15.528	966
20	8	4	40	10	left	left	1	8	16.36	489
20	9	4	40	10	left	left	1	56	15.355	3647
20	10	4	40	10	left	left	1	28	15.094	1855
20	11	4	40	10	right	right	1	13	16.23	801
20	12	4	40	10	left	left	1	11	15.152	726
20	13	4	40	10	left	left	1	16	15.459	1035
20	14	4	40	10	left	left	1	12	15.789	760
20	15	4	40	10	right	right	1	21	15.648	1342
20	16	4	40	10	left	right	0	19	15.498	1226
20	17	4	40	10	left	left	1	29	15.352	1889
20	18	4	40	10	right	right	1	13	15.7	828
20	19	4	40	10	right	right	1	53	15.182	3491
20	20	4	40	10	left	left	1	19	15.237	1247
20	21	4	40	10	right	right	1	32	15.144	2113
20	22	4	40	10	left	left	1	13	15.169	857
20	23	4	40	10	right	right	1	45	15.406	2921
20	24	4	40	10	left	left	1	11	15.647	703
20	25	4	40	10	right	right	1	13	15.719	827
20	26	4	40	10	right	right	1	37	15.145	2443
20	27	4	40	10	left	left	1	14	15.556	900
20	28	4	40	10	left	left	1	26	15.222	1708
20	29	4	40	10	right	left	0	40	15.516	2578
20	30	4	40	10	left	left	1	54	15.393	3508
20	31	4	40	10	right	right	1	33	15.172	2175
20	32	4	40	10	left	left	1	24	15.534	1545
20	33	4	40	10	left	left	1	31	15.531	1996
20	34	4	40	10	right	right	1	61	15.159	4024
20	35	4	40	10	left	left	1	27	15.616	1729
20	36	4	40	10	right	right	1	37	15.527	2383
20	37	4	40	10	right	right	1	63	15.265	4127
20	38	4	40	10	left	left	1	20	15.504	1290
20	39	4	40	10	right	right	1	28	15.368	1822
20	40	4	40	10	right	right	1	23	15.478	1486
21	1	4	40	10	left	right	0	42	15.239	2756
21	2	4	40	10	left	left	1	22	15.257	1442
21	3	4	40	10	left	left	1	42	15.39	2729
21	4	4	40	10	left	left	1	35	15.237	2297
21	5	4	40	10	right	right	1	13	15.366	846
21	6	4	40	10	left	left	1	12	16	750
21	7	4	40	10	right	right	1	17	15.343	1108
21	8	4	40	10	right	right	1	21	15.498	1355
21	9	4	40	10	right	right	1	15	15.512	967
21	10	4	40	10	left	left	1	10	15.552	643
21	11	4	40	10	left	left	1	41	15.27	2685
21	12	4	40	10	right	right	1	12	15.385	780
21	13	4	40	10	right	right	1	25	15.684	1594
21	14	4	40	10	right	right	1	29	15.247	1902
21	15	4	40	10	left	left	1	15	16.164	928
21	16	4	40	10	right	right	1	30	15.48	1938
21	17	4	40	10	left	left	1	11	16.591	663
21	18	4	40	10	right	right	1	32	15.61	2050
21	19	4	40	10	right	right	1	30	15.175	1977
21	20	4	40	10	left	left	1	14	16.26	861
21	21	4	40	10	right	right	1	32	15.64	2046
21	22	4	40	10	left	left	1	15	15.674	957
21	23	4	40	10	left	right	0	34	15.462	2199
21	24	4	40	10	left	left	1	23	15.222	1511
21	25	4	40	10	right	right	1	43	15.401	2792
21	26	4	40	10	left	left	1	14	16.166	866
21	27	4	40	10	right	right	1	25	15.225	1642
21	28	4	40	10	right	right	1	23	15.478	1486
21	29	4	40	10	left	left	1	58	15.401	3766
21	30	4	40	10	left	left	1	55	15.308	3593
21	31	4	40	10	left	left	1	25	15.625	1600
21	32	4	40	10	right	right	1	47	15.41	3050
21	33	4	40	10	left	right	0	62	15.309	4050
21	34	4	40	10	left	left	1	15	15.609	961
21	35	4	40	10	right	right	1	34	15.26	2228
21	36	4	40	10	right	right	1	30	15.377	1951
21	37	4	40	10	left	right	0	55	15.329	3588
21	38	4	40	10	right	right	1	55	15.181	3623
21	39	4	40	10	right	right	1	26	15.495	1678
21	40	4	40	10	right	right	1	23	15.416	1492
22	1	4	40	10	left	left	1	19	15.913	1194
22	2	4	40	10	left	left	1	19	15.385	1235
22	3	4	40	10	left	left	1	24	15.738	1525
22	4	4	40	10	right	right	1	12	15.666	766
22	5	4	40	10	left	left	1	9	15.517	580
22	6	4	40	10	left	left	1	30	15.152	1980
22	7	4	40	10	right	right	1	17	15.726	1081
22	8	4	40	10	right	right	1	33	15.464	2134
22	9	4	40	10	left	left	1	11	15.299	719
22	10	4	40	10	right	right	1	16	15.209	1052
22	11	4	40	10	right	right	1	20	15.516	1289
22	12	4	40	10	right	right	1	27	15.306	1764
22	13	4	40	10	right	right	1	31	15.339	2021
22	14	4	40	10	right	right	1	28	15.53	1803
22	15	4	40	10	right	left	0	12	15.727	763
22	16	4	40	10	left	left	1	31	15.516	1998
22	17	4	40	10	right	right	1	18	15.693	1147
22	18	4	40	10	left	left	1	12	15.564	771
22	19	4	40	10	left	left	1	16	15.984	1001
22	20	4	40	10	right	right	1	13	15.403	844
22	21	4	40	10	right	right	1	35	15.487	2260
22	22	4	40	10	right	left	0	32	15.444	2072
22	23	4	40	10	right	right	1	24	15.19	1580
22	24	4	40	10	right	right	1	21	15.273	1375
22	25	4	40	10	left	left	1	15	16.216	925
22	26	4	40	10	right	right	1	13	15.951	815
22	27	4	40	10	left	left	1	20	15.267	1310
22	28	4	40	10	left	left	1	17	15.712	1082
22	29	4	40	10	right	left	0	41	15.299	2680
22	30	4	40	10	left	left	1	33	15.2	2171
22	31	4	40	10	right	right	1	14	15.677	893
22	32	4	40	10	left	left	1	36	15.371	2342
22	33	4	40	10	left	left	1	38	15.397	2468
22	34	4	40	10	left	left	1	30	15.393	1949
22	35	4	40	10	left	left	1	53	15.291	3466
22	36	4	40	10	left	right	0	12	15.524	773
22	37	4	40	10	left	left	1	15	15.121	992
22	38	4	40	10	left	right	0	26	15.152	1716
22	39	4	40	10	right	left	0	13	15.796	823
22	40	4	40	10	right	right	1	28	15.193	1843
23	1	4	40	10	right	right	1	21	15.672	1340
23	2	4	40	10	left	left	1	14	15.351	912
23	3	4	40	10	left	left	1	22	15.692	1402
23	4	4	40	10	right	right	1	16	15.625	1024
23	5	4	40	10	left	left	1	40	15.267	2620
23	6	4	40	10	right	right	1	25	15.684	1594
23	7	4	40	10	right	right	1	18	15.451	1165
23	8	4	40	10	right	right	1	34	15.308	2221
23	9	4	40	10	left	left	1	11	15.988	688
23	10	4	40	10	right	right	1	32	15.534	2060
23	11	4	40	10	right	right	1	19	15.091	1259
23	12	4	40	10	left	left	1	11	16.248	677
23	13	4	40	10	right	right	1	13	15.187	856
23	14	4	40	10	left	left	1	17	15.858	1072
23	15	4	40	10	left	left	1	29	15.575	1862
23	16	4	40	10	right	right	1	12	15.306	784
23	17	4	40	10	left	left	1	13	15.815	822
23	18	4	40	10	left	right	0	15	16.077	933
23	19	4	40	10	right	right	1	21	15.217	1380
23	20	4	40	10	left	left	1	12	15.915	754
23	21	4	40	10	right	right	1	12	15.326	783
23	22	4	40	10	left	left	1	10	15.873	630
23	23	4	40	10	left	left	1	17	15.511	1096
23	24	4	40	10	right	right	1	12	15.645	767
23	25	4	40	10	right	right	1	16	15.671	1021
23	26	4	40	10	left	left	1	16	15.37	1041
23	27	4	40	10	left	left	1	35	15.419	2270
23	28	4	40	10	left	left	1	13	15.738	826
23	29	4	40	10	right	right	1	14	16.037	873
23	30	4	40	10	right	right	1	25	15.3	1634
23	31	4	40	10	left	left	1	11	16.418	670
23	32	4	40	10	left	left	1	10	15.773	634
23	33	4	40	10	right	right	1	10	15.949	627
23	34	4	40	10	left	left	1	15	15.94	941
23	35	4	40	10	right	right	1	15	15.259	983
23	36	4	40	10	right	left	0	15	15.974	939
23	37	4	40	10	right	right	1	17	15.152	1122
23	38	4	40	10	right	right	1	19	15.115	1257
23	39	4	40	10	left	left	1	11	15.919	691
23	40	4	40	10	left	left	1	33	15.457	2135
24	1	4	40	10	right	right	1	33	15.449	2136
24	2	4	40	10	left	left	1	12	15.625	768
24	3	4	40	10	right	right	1	18	15.228	1182
24	4	4	40	10	left	left	1	17	15.525	1095
24	5	4	40	10	left	left	1	23	15.082	1525
24	6	4	40	10	left	left	1	23	15.562	1478
24	7	4	40	10	left	left	1	20	15.267	1310
24	8	4	40	10	right	right	1	34	15.554	2186
24	9	4	40	10	left	left	1	11	15.172	725
24	10	4	40	10	right	right	1	15	16.146	929
24	11	4	40	10	right	right	1	19	16.007	1187
24	12	4	40	10	left	left	1	11	15.537	708
24	13	4	40	10	left	left	1	24	15.296	1569
24	14	4	40	10	left	left	1	70	15.234	4595
24	15	4	40	10	left	left	1	22	15.246	1443
24	16	4	40	10	left	left	1	34	15.554	2186
24	17	4	40	10	right	left	0	25	15.664	1596
24	18	4	40	10	right	right	1	17	15.455	1100
24	19	4	40	10	right	right	1	40	15.468	2586
24	20	4	40	10	left	left	1	13	16.27	799
24	21	4	40	10	left	left	1	22	15.737	1398
24	22	4	40	10	right	right	1	26	15.513	1676
24	23	4	40	10	right	right	1	27	15.616	1729
24	24	4	40	10	right	right	1	22	15.46	1423
24	25	4	40	10	left	left	1	14	15.119	926
24	26	4	40	10	left	left	1	36	15.358	2344
24	27	4	40	10	left	left	1	20	15.175	1318
24	28	4	40	10	right	right	1	11	15.581	706
24	29	4	40	10	right	right	1	38	15.385	2470
24	30	4	40	10	right	right	1	16	15.504	1032
24	31	4	40	10	left	left	1	16	15.795	1013
24	32	4	40	10	right	left	0	49	15.194	3225
24	33	4	40	10	right	right	1	12	15.584	770
24	34	4	40	10	right	right	1	20	15.711	1273
24	35	4	40	10	right	right	1	16	15.826	1011
24	36	4	40	10	left	left	1	11	15.827	695
24	37	4	40	10	right	right	1	14	16.148	867
24	38	4	40	10	left	left	1	11	16.082	684
24	39	4	40	10	left	left	1	35	15.412	2271
24	40	4	40	10	right	right	1	11	15.214	723
