
blkNum	trlNum	coherentDots	numberofDots	percentCoherence	winningDirection	response	correct	eventCount	averageFrameRate	RT
1	1	4	40	10	left	left	1	51	15.389	3314
1	2	4	40	10	left	right	0	40	15.25	2623
1	3	4	40	10	right	left	0	11	16.492	667
1	4	4	40	10	right	left	0	19	15.69	1211
1	5	4	40	10	left	left	1	99	15.175	6524
1	6	4	40	10	left	left	1	15	16.06	934
1	7	4	40	10	left	right	0	10	16.474	607
1	8	4	40	10	right	right	1	16	16.097	994
1	9	4	40	10	left	left	1	10	15.291	654
1	10	4	40	10	right	right	1	13	15.971	814
1	11	4	40	10	left	right	0	21	15.825	1327
1	12	4	40	10	left	left	1	9	15.544	579
1	13	4	40	10	right	left	0	18	15.639	1151
1	14	4	40	10	left	right	0	10	15.175	659
1	15	4	40	10	left	right	0	5	15.48	323
1	16	4	40	10	right	right	1	6	17.291	347
1	17	4	40	10	left	left	1	14	16.222	863
1	18	4	40	10	left	left	1	56	15.321	3655
1	19	4	40	10	left	left	1	41	15.168	2703
1	20	4	40	10	left	right	0	24	15.306	1568
1	21	4	40	10	right	left	0	15	15.839	947
1	22	4	40	10	right	left	0	21	15.861	1324
1	23	4	40	10	left	left	1	8	16.293	491
1	24	4	40	10	right	right	1	26	15.485	1679
1	25	4	40	10	right	right	1	22	15.636	1407
1	26	4	40	10	left	right	0	17	15.525	1095
1	27	4	40	10	right	left	0	9	16.729	538
1	28	4	40	10	right	right	1	10	16.584	603
1	29	4	40	10	left	left	1	16	15.764	1015
1	30	4	40	10	right	right	1	16	16.113	993
2	1	4	40	10	right	left	0	19	15.485	1227
2	2	4	40	10	left	right	0	7	16.706	419
2	3	4	40	10	right	left	0	7	16.129	434
2	4	4	40	10	left	left	1	89	15.255	5834
2	5	4	40	10	left	left	1	15	16.181	927
2	6	4	40	10	right	left	0	12	15.979	751
2	7	4	40	10	right	left	0	6	16.529	363
2	8	4	40	10	right	right	1	6	16.529	363
2	9	4	40	10	right	left	0	29	15.175	1911
2	10	4	40	10	right	right	1	19	15.188	1251
2	11	4	40	10	left	right	0	11	16.393	671
2	12	4	40	10	right	left	0	8	16.032	499
2	13	4	40	10	left	left	1	16	15.564	1028
2	14	4	40	10	right	left	0	17	15.179	1120
2	15	4	40	10	right	right	1	11	15.737	699
2	16	4	40	10	right	right	1	36	15.216	2366
2	17	4	40	10	left	right	0	21	15.73	1335
2	18	4	40	10	left	left	1	12	16.216	740
2	19	4	40	10	right	right	1	25	15.394	1624
2	20	4	40	10	left	right	0	14	15.368	911
2	21	4	40	10	left	left	1	7	17.073	410
2	22	4	40	10	left	left	1	14	16.073	871
2	23	4	40	10	left	left	1	15	15.385	975
2	24	4	40	10	right	left	0	16	15.64	1023
2	25	4	40	10	left	right	0	7	16.092	435
2	26	4	40	10	right	left	0	6	15.504	387
2	27	4	40	10	right	left	0	11	16.105	683
2	28	4	40	10	right	right	1	24	15.676	1531
2	29	4	40	10	left	right	0	46	15.303	3006
2	30	4	40	10	right	left	0	6	16.575	362
2	31	4	40	10	right	right	1	8	17.131	467
2	32	4	40	10	left	left	1	11	16.2	679
2	33	4	40	10	left	left	1	7	15.945	439
2	34	4	40	10	left	left	1	6	15.625	384
2	35	4	40	10	right	left	0	5	16.077	311
2	36	4	40	10	right	left	0	11	15.385	715
3	1	4	40	10	right	left	0	28	15.251	1836
3	2	4	40	10	right	right	1	12	15.564	771
3	3	4	40	10	left	right	0	23	15.551	1479
3	4	4	40	10	right	left	0	8	16.563	483
3	5	4	40	10	right	right	1	107	15.225	7028
3	6	4	40	10	right	left	0	80	15.296	5230
3	7	4	40	10	left	right	0	31	15.609	1986
3	8	4	40	10	right	right	1	20	15.588	1283
3	9	4	40	10	right	right	1	40	15.343	2607
3	10	4	40	10	left	right	0	23	15.551	1479
3	11	4	40	10	right	left	0	6	15.504	387
3	12	4	40	10	right	right	1	7	15.801	443
3	13	4	40	10	right	right	1	11	15.67	702
3	14	4	40	10	left	right	0	8	15.444	518
3	15	4	40	10	right	left	0	7	15.556	450
3	16	4	40	10	left	right	0	8	15.81	506
3	17	4	40	10	left	right	0	9	16.981	530
3	18	4	40	10	left	right	0	7	17.37	403
3	19	4	40	10	left	right	0	6	15.504	387
3	20	4	40	10	right	left	0	9	16.216	555
3	21	4	40	10	left	right	0	6	16.529	363
3	22	4	40	10	left	left	1	55	15.299	3595
3	23	4	40	10	right	left	0	32	15.572	2055
3	24	4	40	10	right	right	1	49	15.298	3203
3	25	4	40	10	right	right	1	34	15.413	2206
3	26	4	40	10	left	right	0	30	15.568	1927
4	1	4	40	10	left	left	1	55	15.363	3580
4	2	4	40	10	right	left	0	37	15.533	2382
4	3	4	40	10	left	right	0	24	15.758	1523
4	4	4	40	10	left	left	1	11	15.737	699
4	5	4	40	10	left	left	1	19	15.335	1239
4	6	4	40	10	left	left	1	17	15.873	1071
4	7	4	40	10	left	left	1	11	15.131	727
4	8	4	40	10	left	left	1	10	15.267	655
4	9	4	40	10	left	left	1	8	15.414	519
4	10	4	40	10	left	left	1	8	15.936	502
4	11	4	40	10	right	left	0	9	16.605	542
4	12	4	40	10	right	right	1	10	15.974	626
4	13	4	40	10	right	right	1	8	15.936	502
4	14	4	40	10	left	right	0	8	15.656	511
4	15	4	40	10	left	left	1	7	15.521	451
4	16	4	40	10	right	left	0	7	15.945	439
4	17	4	40	10	left	right	0	10	15.361	651
4	18	4	40	10	right	left	0	7	15.251	459
4	19	4	40	10	right	tooFast	2	4	18.957	211
4	20	4	40	10	left	right	0	68	15.219	4468
4	21	4	40	10	right	left	0	58	15.219	3811
4	22	4	40	10	right	right	1	90	15.175	5931
4	23	4	40	10	right	right	1	36	15.261	2359
4	24	4	40	10	left	right	0	39	15.439	2526
4	25	4	40	10	left	left	1	53	15.287	3467
4	26	4	40	10	left	left	1	24	15.238	1575
4	27	4	40	10	right	left	0	30	15.252	1967
5	1	4	40	10	right	right	1	26	15.16	1715
5	2	4	40	10	left	left	1	17	15.413	1103
5	3	4	40	10	left	right	0	18	15.972	1127
5	4	4	40	10	left	left	1	9	15.544	579
5	5	4	40	10	left	left	1	18	15.531	1159
5	6	4	40	10	right	left	0	16	15.889	1007
5	7	4	40	10	right	right	1	11	15.385	715
5	8	4	40	10	left	right	0	34	15.462	2199
5	9	4	40	10	right	left	0	19	15.574	1220
5	10	4	40	10	left	right	0	30	15.213	1972
5	11	4	40	10	right	right	1	41	15.507	2644
5	12	4	40	10	right	right	1	29	15.575	1862
5	13	4	40	10	left	right	0	25	15.337	1630
5	14	4	40	10	left	left	1	22	15.692	1402
5	15	4	40	10	left	right	0	24	15.484	1550
5	16	4	40	10	left	left	1	18	15.358	1172
5	17	4	40	10	right	left	0	10	15.649	639
5	18	4	40	10	right	right	1	24	15.199	1579
5	19	4	40	10	right	right	1	23	15.808	1455
5	20	4	40	10	right	left	0	39	15.525	2512
5	21	4	40	10	right	right	1	18	15.164	1187
5	22	4	40	10	right	right	1	25	15.489	1614
5	23	4	40	10	left	right	0	23	15.313	1502
5	24	4	40	10	right	left	0	16	15.579	1027
5	25	4	40	10	right	right	1	7	15.766	444
5	26	4	40	10	right	left	0	18	15.531	1159
5	27	4	40	10	left	right	0	24	15.199	1579
5	28	4	40	10	right	right	1	43	15.385	2795
5	29	4	40	10	left	right	0	88	15.238	5775
6	1	4	40	10	right	left	0	14	15.573	899
6	2	4	40	10	left	right	0	7	15.251	459
6	3	4	40	10	right	left	0	9	16.216	555
6	4	4	40	10	left	left	1	12	15.424	778
6	5	4	40	10	right	left	0	18	15.332	1174
6	6	4	40	10	right	right	1	6	16.216	370
6	7	4	40	10	left	right	0	19	15.742	1207
6	8	4	40	10	right	left	0	9	16.698	539
6	9	4	40	10	right	left	0	33	15.544	2123
6	10	4	40	10	left	left	1	30	15.345	1955
6	11	4	40	10	left	left	1	31	15.446	2007
6	12	4	40	10	right	left	0	25	15.179	1647
6	13	4	40	10	right	left	0	18	15.915	1131
6	14	4	40	10	left	right	0	11	16.492	667
6	15	4	40	10	right	left	0	40	15.32	2611
6	16	4	40	10	left	left	1	12	16.064	747
6	17	4	40	10	left	left	1	25	15.179	1647
6	18	4	40	10	right	left	0	33	15.399	2143
6	19	4	40	10	left	right	0	24	15.758	1523
6	20	4	40	10	left	left	1	24	15.504	1548
6	21	4	40	10	left	left	1	27	15.625	1728
6	22	4	40	10	left	left	1	22	15.193	1448
6	23	4	40	10	right	left	0	11	16.393	671
6	24	4	40	10	right	left	0	30	15.601	1923
6	25	4	40	10	right	right	1	7	16.393	427
6	26	4	40	10	right	left	0	16	15.656	1022
6	27	4	40	10	right	right	1	8	17.167	466
6	28	4	40	10	left	right	0	17	15.77	1078
6	29	4	40	10	right	left	0	27	15.598	1731
6	30	4	40	10	right	right	1	23	15.764	1459
6	31	4	40	10	left	right	0	94	15.302	6143
7	1	4	40	10	left	left	1	17	15.357	1107
7	2	4	40	10	left	left	1	17	15.77	1078
7	3	4	40	10	right	left	0	17	15.639	1087
7	4	4	40	10	left	right	0	8	16.842	475
7	5	4	40	10	left	left	1	10	16.393	610
7	6	4	40	10	right	left	0	13	15.796	823
7	7	4	40	10	left	left	1	28	15.259	1835
7	8	4	40	10	right	left	0	22	15.636	1407
7	9	4	40	10	left	right	0	17	16.053	1059
7	10	4	40	10	right	left	0	17	16.053	1059
7	11	4	40	10	left	left	1	9	16.917	532
7	12	4	40	10	left	left	1	27	15.553	1736
7	13	4	40	10	left	left	1	24	15.228	1576
7	14	4	40	10	right	left	0	18	15.639	1151
7	15	4	40	10	right	left	0	19	15.702	1210
7	16	4	40	10	left	right	0	14	15.855	883
7	17	4	40	10	right	left	0	25	15.753	1587
7	18	4	40	10	left	left	1	18	15.491	1162
7	19	4	40	10	right	left	0	22	15.827	1390
7	20	4	40	10	left	left	1	26	15.522	1675
7	21	4	40	10	left	left	1	26	15.267	1703
7	22	4	40	10	left	left	1	30	15.633	1919
7	23	4	40	10	left	left	1	26	15.412	1687
7	24	4	40	10	right	left	0	22	15.288	1439
7	25	4	40	10	right	right	1	8	15.296	523
7	26	4	40	10	left	left	1	14	15.784	887
7	27	4	40	10	left	right	0	11	15.67	702
7	28	4	40	10	right	right	1	11	16.296	675
7	29	4	40	10	right	right	1	11	15.471	711
7	30	4	40	10	right	left	0	6	16	375
7	31	4	40	10	left	left	1	15	15.707	955
7	32	4	40	10	left	left	1	8	16.985	471
7	33	4	40	10	left	right	0	12	15.326	783
7	34	4	40	10	left	right	0	17	15.582	1091
7	35	4	40	10	left	right	0	5	18.182	275
8	1	4	40	10	right	left	0	15	15.306	980
8	2	4	40	10	right	right	1	10	16.75	597
8	3	4	40	10	right	right	1	16	15.282	1047
8	4	4	40	10	left	right	0	20	15.823	1264
8	5	4	40	10	left	left	1	12	15.209	789
8	6	4	40	10	left	left	1	18	15.216	1183
8	7	4	40	10	right	tooFast	2	2	20.408	98
8	8	4	40	10	left	left	1	36	15.313	2351
8	9	4	40	10	right	left	0	44	15.162	2902
8	10	4	40	10	right	right	1	30	15.228	1970
8	11	4	40	10	right	left	0	40	15.343	2607
8	12	4	40	10	left	right	0	10	15.361	651
8	13	4	40	10	right	left	0	28	15.326	1827
8	14	4	40	10	right	right	1	40	15.51	2579
8	15	4	40	10	left	right	0	37	15.475	2391
8	16	4	40	10	left	left	1	30	15.48	1938
8	17	4	40	10	right	left	0	31	15.263	2031
8	18	4	40	10	left	right	0	44	15.39	2859
8	19	4	40	10	left	left	1	18	15.267	1179
8	20	4	40	10	right	left	0	47	15.147	3103
8	21	4	40	10	right	right	1	31	15.354	2019
8	22	4	40	10	right	right	1	77	15.163	5078
8	23	4	40	10	right	right	1	40	15.209	2630
8	24	4	40	10	right	left	0	30	15.576	1926
9	1	4	40	10	right	left	0	31	15.294	2027
9	2	4	40	10	left	left	1	14	15.436	907
9	3	4	40	10	right	left	0	24	15.554	1543
9	4	4	40	10	right	right	1	23	15.344	1499
9	5	4	40	10	right	right	1	25	15.328	1631
9	6	4	40	10	right	left	0	18	15.319	1175
9	7	4	40	10	left	right	0	18	15.571	1156
9	8	4	40	10	right	right	1	13	15.134	859
9	9	4	40	10	right	right	1	22	15.288	1439
9	10	4	40	10	left	right	0	33	15.515	2127
9	11	4	40	10	right	left	0	31	15.233	2035
9	12	4	40	10	right	left	0	26	15.597	1667
9	13	4	40	10	left	right	0	8	16.032	499
9	14	4	40	10	right	left	0	21	15.407	1363
9	15	4	40	10	left	left	1	16	15.702	1019
9	16	4	40	10	left	left	1	36	15.365	2343
9	17	4	40	10	left	left	1	28	15.487	1808
9	18	4	40	10	right	left	0	27	15.42	1751
9	19	4	40	10	right	left	0	16	15.355	1042
9	20	4	40	10	right	right	1	7	15.556	450
9	21	4	40	10	right	right	1	26	15.421	1686
9	22	4	40	10	left	right	0	17	15.888	1070
9	23	4	40	10	left	left	1	8	15.326	522
9	24	4	40	10	right	right	1	27	15.562	1735
9	25	4	40	10	right	right	1	20	15.256	1311
9	26	4	40	10	right	right	1	19	15.638	1215
9	27	4	40	10	right	right	1	15	15.136	991
9	28	4	40	10	right	right	1	13	16.27	799
9	29	4	40	10	right	left	0	9	15.873	567
9	30	4	40	10	right	left	0	16	15.459	1035
9	31	4	40	10	right	left	0	31	15.601	1987
10	1	4	40	10	left	right	0	13	15.873	819
10	2	4	40	10	right	right	1	10	16.367	611
10	3	4	40	10	left	right	0	16	15.64	1023
10	4	4	40	10	left	left	1	16	15.826	1011
10	5	4	40	10	right	right	1	18	15.319	1175
10	6	4	40	10	right	left	0	15	16.181	927
10	7	4	40	10	right	right	1	7	17.032	411
10	8	4	40	10	left	right	0	10	15.267	655
10	9	4	40	10	left	right	0	10	15.175	659
10	10	4	40	10	left	left	1	7	16.092	435
10	11	4	40	10	left	left	1	12	15.957	752
10	12	4	40	10	right	left	0	10	15.848	631
10	13	4	40	10	right	right	1	8	16.807	476
10	14	4	40	10	right	right	1	9	15.873	567
10	15	4	40	10	left	right	0	6	15.625	384
10	16	4	40	10	left	left	1	9	15.332	587
10	17	4	40	10	left	right	0	6	15.345	391
10	18	4	40	10	left	left	1	5	15.528	322
10	19	4	40	10	right	left	0	8	16.461	486
10	20	4	40	10	right	right	1	9	15.789	570
10	21	4	40	10	right	right	1	19	15.651	1214
10	22	4	40	10	right	right	1	26	15.495	1678
10	23	4	40	10	left	right	0	20	15.848	1262
10	24	4	40	10	left	left	1	34	15.219	2234
10	25	4	40	10	left	left	1	23	15.303	1503
10	26	4	40	10	right	right	1	27	15.42	1751
10	27	4	40	10	right	right	1	26	15.485	1679
10	28	4	40	10	left	left	1	17	15.302	1111
10	29	4	40	10	right	right	1	19	15.139	1255
10	30	4	40	10	right	right	1	17	15.302	1111
10	31	4	40	10	right	right	1	16	15.282	1047
10	32	4	40	10	left	left	1	16	15.889	1007
10	33	4	40	10	left	right	0	11	15.471	711
10	34	4	40	10	left	left	1	13	16.352	795
10	35	4	40	10	left	left	1	16	16.016	999
10	36	4	40	10	right	left	0	19	15.237	1247
10	37	4	40	10	left	right	0	17	15.469	1099
10	38	4	40	10	right	right	1	17	15.247	1115
10	39	4	40	10	right	right	1	25	15.489	1614
10	40	4	40	10	left	left	1	15	15.385	975
11	1	4	40	10	right	right	1	14	16.148	867
11	2	4	40	10	right	right	1	11	12.115	908
11	3	4	40	10	left	right	0	16	15.595	1026
11	4	4	40	10	left	left	1	11	15.152	726
11	5	4	40	10	right	left	0	17	15.426	1102
11	6	4	40	10	right	right	1	7	15.556	450
11	7	4	40	10	right	right	1	16	15.779	1014
11	8	4	40	10	left	right	0	14	15.385	910
11	9	4	40	10	left	right	0	11	15.406	714
11	10	4	40	10	right	left	0	12	15.424	778
11	11	4	40	10	left	right	0	8	16.293	491
11	12	4	40	10	right	right	1	19	15.794	1203
11	13	4	40	10	left	right	0	19	15.638	1215
11	14	4	40	10	left	right	0	10	16.367	611
11	15	4	40	10	left	left	1	13	15.276	851
11	16	4	40	10	left	left	1	25	15.713	1591
11	17	4	40	10	left	left	1	19	15.435	1231
11	18	4	40	10	right	left	0	19	15.847	1199
11	19	4	40	10	right	right	1	16	16.08	995
11	20	4	40	10	right	right	1	19	15.347	1238
11	21	4	40	10	right	right	1	18	15.424	1167
11	22	4	40	10	right	right	1	19	15.638	1215
11	23	4	40	10	left	left	1	9	15.228	591
11	24	4	40	10	left	right	0	16	15.889	1007
11	25	4	40	10	right	right	1	8	16.842	475
11	26	4	40	10	right	left	0	7	15.119	463
11	27	4	40	10	right	right	1	18	15.584	1155
11	28	4	40	10	right	right	1	19	15.847	1199
11	29	4	40	10	left	right	0	17	15.302	1111
11	30	4	40	10	right	left	0	9	16.187	556
11	31	4	40	10	right	right	1	12	15.727	763
11	32	4	40	10	left	right	0	50	15.17	3296
11	33	4	40	10	right	left	0	16	15.224	1051
11	34	4	40	10	right	right	1	25	15.753	1587
11	35	4	40	10	left	right	0	63	15.21	4142
12	1	4	40	10	right	right	1	12	15.727	763
12	2	4	40	10	left	right	0	11	16.2	679
12	3	4	40	10	right	right	1	8	15.779	507
12	4	4	40	10	left	left	1	7	17.199	407
12	5	4	40	10	left	right	0	6	15.666	383
12	6	4	40	10	left	left	1	10	16.367	611
12	7	4	40	10	right	left	0	13	15.644	831
12	8	4	40	10	right	right	1	12	15.894	755
12	9	4	40	10	right	right	1	13	15.348	847
12	10	4	40	10	left	right	0	14	15.784	887
12	11	4	40	10	left	right	0	10	15.361	651
12	12	4	40	10	left	left	1	9	15.126	595
12	13	4	40	10	left	left	1	15	15.907	943
12	14	4	40	10	left	left	1	9	15.652	575
12	15	4	40	10	left	left	1	7	16.867	415
12	16	4	40	10	left	left	1	7	15.385	455
12	17	4	40	10	right	left	0	10	15.267	655
12	18	4	40	10	left	right	0	10	15.175	659
12	19	4	40	10	right	right	1	18	15.164	1187
12	20	4	40	10	left	right	0	16	15.889	1007
12	21	4	40	10	right	left	0	14	16.148	867
12	22	4	40	10	right	right	1	27	15.455	1747
12	23	4	40	10	right	right	1	22	15.214	1446
12	24	4	40	10	left	right	0	24	15.717	1527
12	25	4	40	10	left	left	1	17	16.038	1060
12	26	4	40	10	left	right	0	18	15.531	1159
12	27	4	40	10	right	left	0	15	15.839	947
12	28	4	40	10	right	left	0	8	16.878	474
12	29	4	40	10	right	left	0	14	15.453	906
12	30	4	40	10	right	left	0	8	16.327	490
12	31	4	40	10	right	left	0	6	17.341	346
12	32	4	40	10	left	left	1	8	16.598	482
12	33	4	40	10	right	left	0	8	17.241	464
12	34	4	40	10	left	right	0	7	17.073	410
12	35	4	40	10	right	left	0	7	17.032	411
12	36	4	40	10	right	left	0	6	16.173	371
12	37	4	40	10	right	tooFast	2	4	18.868	212
12	38	4	40	10	left	left	1	34	15.213	2235
12	39	4	40	10	right	left	0	16	15.399	1039
12	40	4	40	10	right	right	1	14	15.573	899
12	41	4	40	10	right	left	0	8	15.905	503
13	1	4	40	10	right	right	1	10	16.34	612
13	2	4	40	10	right	right	1	10	15.848	631
13	3	4	40	10	right	right	1	8	16.162	495
13	4	4	40	10	right	right	1	7	16.548	423
13	5	4	40	10	left	left	1	7	17.199	407
13	6	4	40	10	left	right	0	6	16	375
13	7	4	40	10	left	left	1	5	18.182	275
13	8	4	40	10	right	left	0	6	16	375
13	9	4	40	10	right	tooFast	2	4	17.544	228
13	10	4	40	10	left	left	1	21	15.683	1339
13	11	4	40	10	left	left	1	24	15.394	1559
13	12	4	40	10	left	left	1	30	15.44	1943
13	13	4	40	10	right	left	0	26	15.267	1703
13	14	4	40	10	left	right	0	18	15.267	1179
13	15	4	40	10	right	left	0	51	15.238	3347
13	16	4	40	10	right	left	0	13	16.352	795
13	17	4	40	10	right	right	1	13	15.588	834
13	18	4	40	10	right	right	1	15	15.789	950
13	19	4	40	10	left	left	1	16	15.656	1022
13	20	4	40	10	left	right	0	12	15.484	775
13	21	4	40	10	left	left	1	8	16.878	474
13	22	4	40	10	right	left	0	12	15.484	775
13	23	4	40	10	right	right	1	5	15.48	323
13	24	4	40	10	right	right	1	9	16.1	559
13	25	4	40	10	right	left	0	21	15.273	1375
13	26	4	40	10	right	right	1	14	15.713	891
13	27	4	40	10	left	right	0	11	15.299	719
13	28	4	40	10	left	left	1	16	15.579	1027
13	29	4	40	10	right	left	0	15	15.512	967
13	30	4	40	10	right	right	1	8	16.563	483
13	31	4	40	10	left	right	0	10	16.447	608
13	32	4	40	10	left	left	1	9	15.306	588
13	33	4	40	10	right	left	0	10	15.649	639
13	34	4	40	10	right	right	1	7	15.251	459
13	35	4	40	10	left	right	0	6	16	375
13	36	4	40	10	right	left	0	6	15.19	395
13	37	4	40	10	left	left	1	11	15.559	707
13	38	4	40	10	right	left	0	15	15.259	983
13	39	4	40	10	right	left	0	6	15.504	387
13	40	4	40	10	left	right	0	11	15.385	715
13	41	4	40	10	right	right	1	30	15.221	1971
14	1	4	40	10	left	left	1	14	16.148	867
14	2	4	40	10	left	left	1	18	15.734	1144
14	3	4	40	10	left	left	1	18	15.859	1135
14	4	4	40	10	left	left	1	11	15.131	727
14	5	4	40	10	right	left	0	19	15.536	1223
14	6	4	40	10	right	right	1	8	16.842	475
14	7	4	40	10	right	left	0	13	15.366	846
14	8	4	40	10	right	right	1	8	16.878	474
14	9	4	40	10	right	left	0	10	15.291	654
14	10	4	40	10	left	right	0	5	15.152	330
14	11	4	40	10	left	right	0	7	17.073	410
14	12	4	40	10	left	right	0	5	17.123	292
14	13	4	40	10	left	right	0	9	15.332	587
14	14	4	40	10	left	tooFast	2	3	15.385	195
14	15	4	40	10	right	left	0	13	16.352	795
14	16	4	40	10	right	right	1	9	16.698	539
14	17	4	40	10	left	right	0	32	15.209	2104
14	18	4	40	10	left	left	1	16	15.702	1019
14	19	4	40	10	right	left	0	22	15.816	1391
14	20	4	40	10	right	left	0	12	16.416	731
14	21	4	40	10	right	right	1	17	15.582	1091
14	22	4	40	10	right	left	0	30	15.306	1960
14	23	4	40	10	left	left	1	33	15.603	2115
14	24	4	40	10	right	right	1	19	15.435	1231
14	25	4	40	10	right	left	0	19	15.953	1191
14	26	4	40	10	left	left	1	10	16.584	603
14	27	4	40	10	right	right	1	15	15.385	975
14	28	4	40	10	left	right	0	15	15.259	983
14	29	4	40	10	right	left	0	16	15.579	1027
14	30	4	40	10	right	left	0	26	15.231	1707
14	31	4	40	10	left	right	0	11	15.714	700
14	32	4	40	10	right	left	0	11	15.919	691
14	33	4	40	10	right	right	1	12	16.238	739
14	34	4	40	10	left	right	0	14	15.927	879
14	35	4	40	10	left	left	1	6	16.529	363
14	36	4	40	10	right	left	0	19	15.152	1254
14	37	4	40	10	left	left	1	16	15.842	1010
15	1	4	40	10	left	right	0	10	15.552	643
15	2	4	40	10	right	left	0	11	16.296	675
15	3	4	40	10	right	left	0	20	15.209	1315
15	4	4	40	10	left	left	1	15	15.707	955
15	5	4	40	10	right	left	0	22	15.288	1439
15	6	4	40	10	left	right	0	10	16.367	611
15	7	4	40	10	left	left	1	11	16.296	675
15	8	4	40	10	right	left	0	19	15.742	1207
15	9	4	40	10	right	left	0	25	15.596	1603
15	10	4	40	10	right	left	0	19	15.188	1251
15	11	4	40	10	right	right	1	9	15.544	579
15	12	4	40	10	right	right	1	9	16.822	535
15	13	4	40	10	right	right	1	9	15.873	567
15	14	4	40	10	left	right	0	6	15.345	391
15	15	4	40	10	left	left	1	6	15.19	395
15	16	4	40	10	left	left	1	7	16.509	424
15	17	4	40	10	left	left	1	9	15.652	575
15	18	4	40	10	right	left	0	8	15.414	519
15	19	4	40	10	left	right	0	9	16.453	547
15	20	4	40	10	right	left	0	20	15.588	1283
15	21	4	40	10	right	left	0	9	15.332	587
15	22	4	40	10	right	left	0	24	15.287	1570
15	23	4	40	10	left	left	1	13	15.276	851
15	24	4	40	10	left	left	1	27	15.698	1720
15	25	4	40	10	right	right	1	14	15.368	911
15	26	4	40	10	left	left	1	21	15.453	1359
15	27	4	40	10	left	right	0	7	15.66	447
15	28	4	40	10	left	left	1	14	15.453	906
15	29	4	40	10	left	left	1	8	15.444	518
15	30	4	40	10	left	left	1	8	15.686	510
15	31	4	40	10	right	right	1	6	15.385	390
15	32	4	40	10	right	left	0	6	17.964	334
15	33	4	40	10	right	right	1	7	15.251	459
15	34	4	40	10	right	right	1	7	15.385	455
15	35	4	40	10	left	right	0	7	15.385	455
15	36	4	40	10	left	tooFast	2	1	90.909	11
15	37	4	40	10	left	left	1	28	15.599	1795
15	38	4	40	10	right	left	0	10	15.848	631
15	39	4	40	10	left	right	0	11	16.105	683
15	40	4	40	10	left	left	1	18	15.584	1155
15	41	4	40	10	left	left	1	19	15.742	1207
16	1	4	40	10	left	right	0	14	16.26	861
16	2	4	40	10	left	left	1	8	16.293	491
16	3	4	40	10	right	left	0	10	15.244	656
16	4	4	40	10	left	left	1	10	16.367	611
16	5	4	40	10	left	left	1	10	16.474	607
16	6	4	40	10	left	left	1	9	15.873	567
16	7	4	40	10	right	left	0	6	16.713	359
16	8	4	40	10	left	left	1	9	15.332	587
16	9	4	40	10	left	left	1	10	16.694	599
16	10	4	40	10	right	left	0	6	17.493	343
16	11	4	40	10	right	left	0	9	16.949	531
16	12	4	40	10	right	left	0	22	15.504	1419
16	13	4	40	10	left	left	1	19	15.485	1227
16	14	4	40	10	right	left	0	14	15.66	894
16	15	4	40	10	right	left	0	11	16.105	683
16	16	4	40	10	right	right	1	7	15.801	443
16	17	4	40	10	left	left	1	7	16.867	415
16	18	4	40	10	right	right	1	7	16.867	415
16	19	4	40	10	left	left	1	7	17.199	407
16	20	4	40	10	right	right	1	6	15.345	391
16	21	4	40	10	right	right	1	4	15.686	255
16	22	4	40	10	left	left	1	5	17.921	279
16	23	4	40	10	right	tooFast	2	4	16.736	239
16	24	4	40	10	right	right	1	15	15.464	970
16	25	4	40	10	left	left	1	5	15.723	318
16	26	4	40	10	right	left	0	8	15.444	518
16	27	4	40	10	right	right	1	12	15.748	762
16	28	4	40	10	right	left	0	9	16.822	535
16	29	4	40	10	left	right	0	6	17.699	339
16	30	4	40	10	right	right	1	4	15.936	251
16	31	4	40	10	right	left	0	5	16.949	295
16	32	4	40	10	left	left	1	13	15.134	859
16	33	4	40	10	right	right	1	7	15.945	439
16	34	4	40	10	right	left	0	10	16.694	599
16	35	4	40	10	left	tooFast	2	4	18.265	219
16	36	4	40	10	right	left	0	27	15.67	1723
16	37	4	40	10	right	right	1	13	15.276	851
16	38	4	40	10	right	right	1	7	17.199	407
16	39	4	40	10	right	left	0	6	15.666	383
16	40	4	40	10	right	right	1	12	15.873	756
16	41	4	40	10	right	right	1	14	15.625	896
16	42	4	40	10	right	left	0	16	16.113	993
16	43	4	40	10	right	right	1	6	16.216	370
16	44	4	40	10	left	left	1	9	15.873	567
16	45	4	40	10	left	left	1	10	15.649	639
16	46	4	40	10	right	left	0	9	16.822	535
16	47	4	40	10	left	right	0	9	16.453	547
16	48	4	40	10	left	left	1	27	15.177	1779
17	1	4	40	10	right	right	1	12	16.238	739
17	2	4	40	10	left	right	0	7	15.945	439
17	3	4	40	10	left	left	1	5	15.528	322
17	4	4	40	10	left	left	1	22	15.46	1423
17	5	4	40	10	left	left	1	13	16.25	800
17	6	4	40	10	right	left	0	13	15.644	831
17	7	4	40	10	right	right	1	12	16.416	731
17	8	4	40	10	left	left	1	11	16.012	687
17	9	4	40	10	left	right	0	8	16.985	471
17	10	4	40	10	right	left	0	6	15.831	379
17	11	4	40	10	left	left	1	17	15.697	1083
17	12	4	40	10	left	left	1	9	15.254	590
17	13	4	40	10	right	left	0	7	15.419	454
17	14	4	40	10	right	right	1	15	15.213	986
17	15	4	40	10	right	left	0	9	15.873	567
17	16	4	40	10	left	right	0	14	15.168	923
17	17	4	40	10	left	left	1	8	15.534	515
17	18	4	40	10	right	left	0	11	15.299	719
17	19	4	40	10	left	left	1	16	15.326	1044
17	20	4	40	10	left	left	1	11	16.369	672
17	21	4	40	10	left	left	1	8	15.152	528
17	22	4	40	10	right	left	0	12	15.81	759
17	23	4	40	10	left	right	0	8	16.032	499
17	24	4	40	10	left	left	1	7	15.521	451
17	25	4	40	10	left	left	1	8	15.905	503
17	26	4	40	10	left	left	1	10	16.474	607
17	27	4	40	10	left	left	1	9	15.203	592
17	28	4	40	10	right	left	0	11	15.131	727
17	29	4	40	10	right	right	1	15	15.306	980
17	30	4	40	10	right	left	0	7	17.544	399
17	31	4	40	10	right	right	1	7	16.706	419
17	32	4	40	10	left	right	0	10	15.456	647
17	33	4	40	10	left	left	1	6	16.854	356
17	34	4	40	10	left	right	0	7	15.119	463
17	35	4	40	10	left	tooFast	2	1	19.608	51
17	36	4	40	10	right	right	1	10	15.552	643
17	37	4	40	10	left	right	0	9	15.254	590
17	38	4	40	10	right	tooFast	2	4	17.699	226
17	39	4	40	10	left	right	0	15	15.707	955
17	40	4	40	10	left	right	0	8	16.563	483
17	41	4	40	10	right	left	0	4	15.936	251
17	42	4	40	10	right	right	1	12	15.894	755
17	43	4	40	10	left	right	0	15	15.907	943
17	44	4	40	10	left	left	1	4	15.444	259
17	45	4	40	10	left	left	1	7	17.5	400
17	46	4	40	10	left	left	1	6	17.493	343
17	47	4	40	10	right	left	0	5	16.892	296
17	48	4	40	10	right	right	1	6	16.901	355
18	1	4	40	10	left	right	0	9	15.332	587
18	2	4	40	10	left	left	1	6	17.341	346
18	3	4	40	10	left	left	1	5	15.337	326
18	4	4	40	10	right	left	0	9	16.822	535
18	5	4	40	10	left	tooFast	2	4	17.021	235
18	6	4	40	10	left	left	1	11	15.214	723
18	7	4	40	10	left	left	1	8	15.905	503
18	8	4	40	10	left	left	1	12	15.81	759
18	9	4	40	10	left	left	1	11	16.012	687
18	10	4	40	10	right	left	0	11	15.471	711
18	11	4	40	10	left	right	0	6	15.831	379
18	12	4	40	10	left	left	1	10	15.552	643
18	13	4	40	10	left	left	1	11	16.393	671
18	14	4	40	10	left	left	1	8	15.414	519
18	15	4	40	10	right	left	0	8	15.905	503
18	16	4	40	10	right	right	1	6	15.19	395
18	17	4	40	10	left	left	1	16	15.889	1007
18	18	4	40	10	left	right	0	7	15.351	456
18	19	4	40	10	left	right	0	12	16.393	732
18	20	4	40	10	left	left	1	9	16.453	547
18	21	4	40	10	left	right	0	17	15.992	1063
18	22	4	40	10	right	right	1	13	15.421	843
18	23	4	40	10	left	right	0	27	15.211	1775
18	24	4	40	10	right	right	1	13	16.209	802
18	25	4	40	10	left	right	0	15	15.89	944
18	26	4	40	10	left	left	1	8	15.534	515
18	27	4	40	10	left	right	0	15	15.528	966
18	28	4	40	10	right	left	0	50	15.451	3236
18	29	4	40	10	right	left	0	29	15.475	1874
18	30	4	40	10	left	left	1	40	15.32	2611
18	31	4	40	10	right	left	0	30	15.19	1975
18	32	4	40	10	left	right	0	24	15.524	1546
18	33	4	40	10	right	left	0	39	15.312	2547
18	34	4	40	10	left	left	1	22	15.331	1435
18	35	4	40	10	right	right	1	23	15.808	1455
18	36	4	40	10	right	right	1	19	15.139	1255
18	37	4	40	10	right	left	0	17	15.192	1119
19	1	4	40	10	right	right	1	35	15.487	2260
19	2	4	40	10	left	left	1	23	15.786	1457
19	3	4	40	10	right	left	0	24	15.385	1560
19	4	4	40	10	left	left	1	26	15.16	1715
19	5	4	40	10	right	right	1	18	15.748	1143
19	6	4	40	10	right	right	1	22	15.559	1414
19	7	4	40	10	right	left	0	19	15.237	1247
19	8	4	40	10	right	right	1	13	15.294	850
19	9	4	40	10	right	right	1	17	15.888	1070
19	10	4	40	10	right	right	1	13	15.663	830
19	11	4	40	10	left	right	0	14	15.368	911
19	12	4	40	10	left	left	1	19	15.176	1252
19	13	4	40	10	right	right	1	14	15.368	911
19	14	4	40	10	right	right	1	15	15.259	983
19	15	4	40	10	left	right	0	15	15.136	991
19	16	4	40	10	right	right	1	19	15.286	1243
19	17	4	40	10	left	right	0	28	15.292	1831
19	18	4	40	10	right	left	0	9	15.152	594
19	19	4	40	10	right	right	1	11	15.737	699
19	20	4	40	10	left	right	0	16	16.129	992
19	21	4	40	10	right	left	0	12	15.584	770
19	22	4	40	10	right	left	0	28	15.326	1827
19	23	4	40	10	right	right	1	13	16.189	803
19	24	4	40	10	left	right	0	14	15.927	879
19	25	4	40	10	right	right	1	14	16.148	867
19	26	4	40	10	right	right	1	21	15.637	1343
19	27	4	40	10	right	right	1	23	15.142	1519
19	28	4	40	10	right	right	1	12	15.171	791
19	29	4	40	10	right	right	1	11	15.449	712
19	30	4	40	10	right	right	1	9	16.544	544
19	31	4	40	10	left	left	1	8	16.949	472
19	32	4	40	10	right	left	0	7	15.351	456
19	33	4	40	10	right	right	1	8	15.779	507
19	34	4	40	10	right	right	1	8	16.427	487
19	35	4	40	10	right	right	1	6	15.306	392
19	36	4	40	10	right	right	1	6	16.043	374
19	37	4	40	10	left	right	0	6	16.76	358
19	38	4	40	10	right	left	0	18	15.707	1146
19	39	4	40	10	right	left	0	8	15.534	515
20	1	4	40	10	right	right	1	10	15.361	651
20	2	4	40	10	left	right	0	6	15.666	383
20	3	4	40	10	right	right	1	9	15.762	571
20	4	4	40	10	left	right	0	8	16.427	487
20	5	4	40	10	right	right	1	8	16.842	475
20	6	4	40	10	left	left	1	17	15.639	1087
20	7	4	40	10	left	left	1	16	15.166	1055
20	8	4	40	10	right	left	0	14	15.504	903
20	9	4	40	10	right	right	1	8	16.807	476
20	10	4	40	10	right	right	1	9	15.228	591
20	11	4	40	10	left	right	0	7	17.199	407
20	12	4	40	10	left	left	1	7	17.413	402
20	13	4	40	10	right	left	0	7	17.544	399
20	14	4	40	10	right	right	1	6	16.997	353
20	15	4	40	10	right	right	1	5	16.502	303
20	16	4	40	10	right	right	1	4	15.209	263
20	17	4	40	10	left	tooFast	2	4	16.736	239
20	18	4	40	10	left	right	0	11	15.942	690
20	19	4	40	10	left	left	1	7	16.432	426
20	20	4	40	10	right	left	0	7	17.544	399
20	21	4	40	10	right	right	1	6	16.901	355
20	22	4	40	10	right	right	1	6	16.713	359
20	23	4	40	10	left	right	0	6	17.91	335
20	24	4	40	10	left	left	1	5	15.106	331
20	25	4	40	10	left	left	1	7	15.66	447
20	26	4	40	10	left	left	1	6	15.306	392
20	27	4	40	10	left	left	1	6	15.345	391
20	28	4	40	10	right	left	0	7	15.119	463
20	29	4	40	10	left	right	0	15	15.322	979
20	30	4	40	10	left	left	1	7	15.766	444
20	31	4	40	10	left	left	1	5	16.447	304
20	32	4	40	10	left	left	1	6	16.216	370
20	33	4	40	10	right	left	0	6	17.857	336
20	34	4	40	10	left	left	1	5	15.823	316
20	35	4	40	10	left	left	1	5	16.447	304
20	36	4	40	10	right	left	0	5	18.45	271
20	37	4	40	10	right	tooFast	2	3	19.355	155
20	38	4	40	10	right	left	0	10	16.393	610
20	39	4	40	10	left	left	1	5	17.241	290
20	40	4	40	10	right	left	0	9	15.254	590
20	41	4	40	10	right	tooFast	2	4	17.094	234
20	42	4	40	10	right	left	0	13	15.873	819
20	43	4	40	10	left	left	1	26	15.24	1706
20	44	4	40	10	left	tooFast	2	2	20.202	99
20	45	4	40	10	right	right	1	13	15.495	839
20	46	4	40	10	right	right	1	8	17.241	464
20	47	4	40	10	right	right	1	8	17.021	470
20	48	4	40	10	left	left	1	6	17.094	351
20	49	4	40	10	right	right	1	6	16	375
20	50	4	40	10	left	right	0	5	15.674	319
20	51	4	40	10	left	tooFast	2	3	16.043	187
20	52	4	40	10	right	right	1	21	15.228	1379
21	1	4	40	10	right	right	1	9	16.698	539
21	2	4	40	10	right	right	1	6	17.493	343
21	3	4	40	10	left	right	0	5	16.026	312
21	4	4	40	10	right	left	0	7	17.37	403
21	5	4	40	10	left	right	0	6	17.291	347
21	6	4	40	10	right	right	1	5	15.873	315
21	7	4	40	10	left	right	0	8	15.18	527
21	8	4	40	10	left	tooFast	2	4	19.704	203
21	9	4	40	10	right	right	1	6	15.831	379
21	10	4	40	10	right	right	1	5	16.077	311
21	11	4	40	10	right	right	1	4	15.209	263
21	12	4	40	10	right	right	1	5	16.077	311
21	13	4	40	10	left	tooFast	2	4	18.605	215
21	14	4	40	10	left	right	0	9	15.332	587
21	15	4	40	10	right	left	0	5	16.287	307
21	16	4	40	10	right	right	1	5	18.727	267
21	17	4	40	10	right	right	1	5	17.422	287
21	18	4	40	10	left	tooFast	2	4	16.667	240
21	19	4	40	10	left	left	1	30	15.649	1917
21	20	4	40	10	left	left	1	6	17.857	336
21	21	4	40	10	right	left	0	6	17.857	336
21	22	4	40	10	right	right	1	7	16.092	435
21	23	4	40	10	left	right	0	5	17.986	278
21	24	4	40	10	right	tooFast	2	3	21.739	138
21	25	4	40	10	right	right	1	8	15.326	522
21	26	4	40	10	right	right	1	6	16.393	366
21	27	4	40	10	left	right	0	5	17.422	287
21	28	4	40	10	left	left	1	6	15.873	378
21	29	4	40	10	left	left	1	5	15.723	318
21	30	4	40	10	right	tooFast	2	4	16.807	238
21	31	4	40	10	right	right	1	6	17.291	347
21	32	4	40	10	left	tooFast	2	4	20	200
21	33	4	40	10	left	left	1	29	15.541	1866
21	34	4	40	10	right	left	0	20	15.256	1311
21	35	4	40	10	right	left	0	6	17.291	347
21	36	4	40	10	left	right	0	11	16.105	683
21	37	4	40	10	right	right	1	13	15.873	819
21	38	4	40	10	left	right	0	14	15.927	879
21	39	4	40	10	left	right	0	19	15.485	1227
21	40	4	40	10	left	right	0	18	15.385	1170
21	41	4	40	10	right	left	0	10	16.155	619
21	42	4	40	10	right	left	0	9	16.216	555
21	43	4	40	10	right	left	0	6	15.831	379
21	44	4	40	10	left	left	1	26	15.449	1683
21	45	4	40	10	left	left	1	12	16.327	735
21	46	4	40	10	right	left	0	6	15.666	383
21	47	4	40	10	right	left	0	6	16.901	355
22	1	4	40	10	right	right	1	7	16.055	436
22	2	4	40	10	left	right	0	5	16.502	303
22	3	4	40	10	left	left	1	4	15.936	251
22	4	4	40	10	left	left	1	6	17.493	343
22	5	4	40	10	right	left	0	6	15.957	376
22	6	4	40	10	left	left	1	8	15.748	508
22	7	4	40	10	left	left	1	6	16.667	360
22	8	4	40	10	right	left	0	5	16.892	296
22	9	4	40	10	left	tooFast	2	3	19.231	156
22	10	4	40	10	right	left	0	8	15.296	523
22	11	4	40	10	right	right	1	7	15.556	450
22	12	4	40	10	left	right	0	7	16.588	422
22	13	4	40	10	left	tooFast	2	4	19.802	202
22	14	4	40	10	right	right	1	45	15.358	2930
22	15	4	40	10	right	right	1	13	15.644	831
22	16	4	40	10	right	right	1	17	15.639	1087
22	17	4	40	10	right	left	0	22	15.288	1439
22	18	4	40	10	left	left	1	21	15.59	1347
22	19	4	40	10	right	right	1	23	15.222	1511
22	20	4	40	10	left	right	0	37	15.321	2415
22	21	4	40	10	left	left	1	33	15.37	2147
22	22	4	40	10	right	left	0	30	15.576	1926
22	23	4	40	10	right	right	1	12	16.238	739
22	24	4	40	10	left	left	1	23	15.551	1479
22	25	4	40	10	left	right	0	19	15.638	1215
22	26	4	40	10	right	left	0	8	16.842	475
22	27	4	40	10	left	left	1	14	15.168	923
22	28	4	40	10	right	left	0	23	15.222	1511
22	29	4	40	10	left	right	0	22	15.493	1420
22	30	4	40	10	left	left	1	20	15.396	1299
22	31	4	40	10	right	left	0	25	15.253	1639
22	32	4	40	10	left	left	1	20	15.291	1308
22	33	4	40	10	right	left	0	23	15.374	1496
22	34	4	40	10	left	left	1	18	15.385	1170
22	35	4	40	10	left	left	1	7	17.544	399
22	36	4	40	10	left	left	1	5	18.519	270
22	37	4	40	10	left	tooFast	2	4	18.018	222
23	1	4	40	10	right	right	1	10	16.155	619
23	2	4	40	10	right	right	1	9	16.605	542
23	3	4	40	10	right	right	1	7	17.544	399
23	4	4	40	10	left	right	0	5	16.129	310
23	5	4	40	10	left	left	1	13	16.352	795
23	6	4	40	10	left	left	1	8	15.414	519
23	7	4	40	10	left	left	1	8	15.656	511
23	8	4	40	10	left	left	1	5	17.422	287
23	9	4	40	10	right	tooFast	2	4	16.194	247
23	10	4	40	10	right	right	1	7	17.032	411
23	11	4	40	10	right	right	1	6	15.345	391
23	12	4	40	10	left	right	0	6	15.345	391
23	13	4	40	10	left	left	1	5	17.182	291
23	14	4	40	10	right	tooFast	2	4	18.605	215
23	15	4	40	10	right	right	1	6	16.043	374
23	16	4	40	10	right	right	1	4	15.209	263
23	17	4	40	10	right	tooFast	2	4	19.324	207
23	18	4	40	10	right	right	1	17	15.483	1098
23	19	4	40	10	right	tooFast	2	4	17.391	230
23	20	4	40	10	right	left	0	16	15.224	1051
23	21	4	40	10	right	left	0	5	15.48	323
23	22	4	40	10	left	right	0	12	16.064	747
23	23	4	40	10	left	left	1	13	15.421	843
23	24	4	40	10	right	left	0	13	15.205	855
23	25	4	40	10	left	right	0	13	15.569	835
23	26	4	40	10	right	left	0	15	15.576	963
23	27	4	40	10	right	left	0	15	15.974	939
23	28	4	40	10	left	left	1	11	15.919	691
23	29	4	40	10	left	right	0	16	15.137	1057
23	30	4	40	10	right	left	0	13	16.332	796
23	31	4	40	10	right	right	1	11	15.559	707
23	32	4	40	10	right	right	1	14	16.222	863
23	33	4	40	10	right	right	1	11	16.369	672
23	34	4	40	10	left	tooFast	2	2	20.408	98
23	35	4	40	10	right	right	1	19	15.435	1231
23	36	4	40	10	left	right	0	14	15.251	918
23	37	4	40	10	left	left	1	7	15.801	443
23	38	4	40	10	left	tooFast	2	2	20.202	99
23	39	4	40	10	left	right	0	7	17.544	399
23	40	4	40	10	right	left	0	9	15.598	577
23	41	4	40	10	right	left	0	10	16.34	612
23	42	4	40	10	right	right	1	8	16.293	491
23	43	4	40	10	left	right	0	7	15.945	439
23	44	4	40	10	left	left	1	6	17.699	339
23	45	4	40	10	right	right	1	7	15.119	463
23	46	4	40	10	left	right	0	5	17.921	279
23	47	4	40	10	right	left	0	5	15.48	323
24	1	4	40	10	left	right	0	5	18.657	268
24	2	4	40	10	left	right	0	4	15.444	259
24	3	4	40	10	left	left	1	5	18.182	275
24	4	4	40	10	right	left	0	5	16.129	310
24	5	4	40	10	right	tooFast	2	4	19.704	203
24	6	4	40	10	left	left	1	8	16.064	498
24	7	4	40	10	left	left	1	7	17.544	399
24	8	4	40	10	right	left	0	13	15.796	823
24	9	4	40	10	left	left	1	5	16.667	300
24	10	4	40	10	left	left	1	15	15.924	942
24	11	4	40	10	left	left	1	5	17.422	287
24	12	4	40	10	right	left	0	5	16.949	295
24	13	4	40	10	right	tooFast	2	3	16.76	179
24	14	4	40	10	left	left	1	5	16.722	299
24	15	4	40	10	right	left	0	6	16.713	359
24	16	4	40	10	left	left	1	8	17.131	467
24	17	4	40	10	left	left	1	11	15.647	703
24	18	4	40	10	right	left	0	7	15.66	447
24	19	4	40	10	left	right	0	5	15.432	324
24	20	4	40	10	right	right	1	5	16.667	300
24	21	4	40	10	right	right	1	7	15.351	456
24	22	4	40	10	right	right	1	8	15.385	520
24	23	4	40	10	right	right	1	8	16.162	495
24	24	4	40	10	left	right	0	8	15.905	503
24	25	4	40	10	right	right	1	6	16.173	371
24	26	4	40	10	right	right	1	7	17.199	407
24	27	4	40	10	left	right	0	6	16.393	366
24	28	4	40	10	right	left	0	4	16	250
24	29	4	40	10	right	tooFast	2	3	16.129	186
24	30	4	40	10	left	right	0	6	16.949	354
24	31	4	40	10	right	tooFast	2	4	17.094	234
24	32	4	40	10	right	right	1	10	15.361	651
24	33	4	40	10	right	right	1	5	15.674	319
24	34	4	40	10	right	tooFast	2	4	16.736	239
24	35	4	40	10	right	right	1	10	15.949	627
24	36	4	40	10	left	right	0	6	17.094	351
24	37	4	40	10	right	right	1	11	15.919	691
24	38	4	40	10	right	tooFast	2	4	17.937	223
24	39	4	40	10	right	right	1	6	15.464	388
24	40	4	40	10	left	right	0	5	16.077	311
24	41	4	40	10	right	right	1	8	17.131	467
24	42	4	40	10	right	tooFast	2	4	16.194	247
24	43	4	40	10	right	left	0	22	15.771	1395
24	44	4	40	10	left	right	0	6	17.291	347
24	45	4	40	10	left	tooFast	2	4	16.461	243
24	46	4	40	10	left	left	1	8	16.563	483
24	47	4	40	10	right	left	0	5	15.674	319
24	48	4	40	10	right	right	1	9	16.949	531
24	49	4	40	10	right	right	1	12	15.81	759
24	50	4	40	10	right	right	1	11	15.827	695
24	51	4	40	10	right	right	1	9	15.652	575
24	52	4	40	10	left	right	0	9	15.652	575
