
blkNum	trlNum	coherentDots	numberofDots	percentCoherence	winningDirection	response	correct	eventCount	averageFrameRate	RT
1	1	4	40	10	right	right	1	130	15.244	8528
1	2	4	40	10	right	left	0	111	15.172	7316
1	3	4	40	10	left	left	1	30	15.252	1967
1	4	4	40	10	right	right	1	32	15.602	2051
1	5	4	40	10	right	right	1	35	15.178	2306
1	6	4	40	10	left	left	1	38	15.23	2495
1	7	4	40	10	left	left	1	42	15.301	2745
1	8	4	40	10	left	left	1	35	15.178	2306
1	9	4	40	10	left	left	1	31	15.256	2032
1	10	4	40	10	right	right	1	22	15.299	1438
1	11	4	40	10	right	left	0	32	15.648	2045
1	12	4	40	10	left	right	0	45	15.239	2953
1	13	4	40	10	left	left	1	73	15.323	4764
1	14	4	40	10	left	right	0	40	15.385	2600
1	15	4	40	10	right	right	1	110	15.261	7208
1	16	4	40	10	left	left	1	60	15.167	3956
1	17	4	40	10	left	left	1	80	15.166	5275
1	18	4	40	10	right	left	0	47	15.161	3100
1	19	4	40	10	left	left	1	66	15.239	4331
1	20	4	40	10	left	left	1	40	15.456	2588
1	21	4	40	10	left	left	1	55	15.139	3633
1	22	4	40	10	left	left	1	51	15.399	3312
1	23	4	40	10	left	right	0	35	15.304	2287
1	24	4	40	10	left	left	1	39	15.24	2559
1	25	4	40	10	right	right	1	26	15.231	1707
1	26	4	40	10	right	right	1	72	15.199	4737
1	27	4	40	10	left	left	1	85	15.274	5565
1	28	4	40	10	right	left	0	62	15.385	4030
1	29	4	40	10	right	right	1	51	15.343	3324
1	30	4	40	10	right	right	1	86	15.302	5620
1	31	4	40	10	left	left	1	75	15.347	4887
1	32	4	40	10	left	left	1	45	15.337	2934
1	33	4	40	10	right	left	0	62	15.215	4075
1	34	4	40	10	right	right	1	39	15.36	2539
1	35	4	40	10	right	right	1	83	15.308	5422
1	36	4	40	10	left	left	1	32	15.13	2115
1	37	4	40	10	right	right	1	16	15.564	1028
1	38	4	40	10	right	left	0	20	15.432	1296
1	39	4	40	10	right	right	1	20	15.516	1289
1	40	4	40	10	right	right	1	48	15.287	3140
2	1	4	40	10	left	right	0	27	15.358	1758
2	2	4	40	10	right	right	1	20	15.314	1306
2	3	4	40	10	left	left	1	25	15.198	1645
2	4	4	40	10	right	right	1	28	15.267	1834
2	5	4	40	10	right	left	0	40	15.468	2586
2	6	4	40	10	right	right	1	46	15.237	3019
2	7	4	40	10	left	right	0	33	15.313	2155
2	8	4	40	10	right	right	1	18	15.293	1177
2	9	4	40	10	right	left	0	44	15.267	2882
2	10	4	40	10	left	right	0	71	15.187	4675
2	11	4	40	10	left	left	1	41	15.431	2657
2	12	4	40	10	right	right	1	48	15.385	3120
2	13	4	40	10	left	left	1	114	15.286	7458
2	14	4	40	10	left	left	1	57	15.405	3700
2	15	4	40	10	left	left	1	63	15.306	4116
2	16	4	40	10	left	left	1	60	15.182	3952
2	17	4	40	10	right	right	1	34	15.179	2240
2	18	4	40	10	left	left	1	19	15.091	1259
2	19	4	40	10	right	right	1	18	15.652	1150
2	20	4	40	10	left	left	1	24	15.821	1517
2	21	4	40	10	left	left	1	55	15.286	3598
2	22	4	40	10	right	right	1	49	15.251	3213
2	23	4	40	10	left	left	1	34	15.511	2192
2	24	4	40	10	right	right	1	35	15.171	2307
2	25	4	40	10	right	right	1	76	15.298	4968
2	26	4	40	10	left	left	1	17	15.497	1097
2	27	4	40	10	right	right	1	28	15.094	1855
2	28	4	40	10	left	left	1	17	15.726	1081
2	29	4	40	10	right	right	1	15	15.136	991
2	30	4	40	10	right	right	1	38	15.36	2474
2	31	4	40	10	left	left	1	12	15.707	764
2	32	4	40	10	right	right	1	19	15.498	1226
2	33	4	40	10	right	right	1	58	15.152	3828
2	34	4	40	10	right	right	1	41	15.53	2640
2	35	4	40	10	right	right	1	57	15.298	3726
2	36	4	40	10	left	left	1	90	15.285	5888
2	37	4	40	10	left	left	1	70	15.321	4569
2	38	4	40	10	left	left	1	70	15.324	4568
2	39	4	40	10	right	right	1	31	15.625	1984
2	40	4	40	10	left	left	1	35	15.432	2268
3	1	4	40	10	right	right	1	41	15.14	2708
3	2	4	40	10	left	left	1	35	15.165	2308
3	3	4	40	10	left	left	1	30	15.236	1969
3	4	4	40	10	right	right	1	37	15.481	2390
3	5	4	40	10	right	right	1	39	15.495	2517
3	6	4	40	10	left	left	1	30	15.432	1944
3	7	4	40	10	right	right	1	24	15.666	1532
3	8	4	40	10	left	left	1	28	15.651	1789
3	9	4	40	10	right	right	1	30	15.456	1941
3	10	4	40	10	left	left	1	21	15.162	1385
3	11	4	40	10	right	right	1	28	15.564	1799
3	12	4	40	10	left	left	1	17	15.192	1119
3	13	4	40	10	left	left	1	14	16.241	862
3	14	4	40	10	right	right	1	26	15.276	1702
3	15	4	40	10	right	right	1	26	15.366	1692
3	16	4	40	10	right	right	1	25	15.461	1617
3	17	4	40	10	left	left	1	12	15.852	757
3	18	4	40	10	right	right	1	18	15.598	1154
3	19	4	40	10	left	left	1	19	15.2	1250
3	20	4	40	10	left	left	1	14	15.964	877
3	21	4	40	10	left	left	1	27	15.716	1718
3	22	4	40	10	right	right	1	12	15.544	772
3	23	4	40	10	right	right	1	34	15.165	2242
3	24	4	40	10	left	left	1	28	15.487	1808
3	25	4	40	10	left	left	1	23	15.162	1517
3	26	4	40	10	right	right	1	48	15.233	3151
3	27	4	40	10	right	right	1	45	15.485	2906
3	28	4	40	10	left	left	1	17	15.755	1079
3	29	4	40	10	right	right	1	12	15.209	789
3	30	4	40	10	left	left	1	25	15.366	1627
3	31	4	40	10	left	left	1	24	15.238	1575
3	32	4	40	10	right	right	1	45	15.198	2961
3	33	4	40	10	left	left	1	14	15.784	887
3	34	4	40	10	right	right	1	28	15.556	1800
3	35	4	40	10	left	left	1	15	16.043	935
3	36	4	40	10	right	right	1	12	16.086	746
3	37	4	40	10	right	right	1	28	15.704	1783
3	38	4	40	10	left	left	1	15	15.907	943
3	39	4	40	10	right	right	1	27	15.194	1777
3	40	4	40	10	left	left	1	10	15.798	633
4	1	4	40	10	right	right	1	35	15.425	2269
4	2	4	40	10	left	left	1	18	15.398	1169
4	3	4	40	10	right	right	1	11	15.759	698
4	4	4	40	10	right	right	1	22	15.559	1414
4	5	4	40	10	left	left	1	16	15.686	1020
4	6	4	40	10	left	left	1	16	15.253	1049
4	7	4	40	10	right	right	1	15	16.199	926
4	8	4	40	10	left	left	1	12	16.129	744
4	9	4	40	10	left	left	1	15	15.045	997
4	10	4	40	10	right	right	1	14	15.748	889
4	11	4	40	10	right	right	1	17	15.152	1122
4	12	4	40	10	right	right	1	15	15.48	969
4	13	4	40	10	right	right	1	16	15.444	1036
4	14	4	40	10	right	right	1	15	15.182	988
4	15	4	40	10	left	left	1	11	16.667	660
4	16	4	40	10	right	right	1	13	16.109	807
4	17	4	40	10	left	left	1	18	15.652	1150
4	18	4	40	10	left	left	1	14	15.521	902
4	19	4	40	10	left	left	1	12	15.484	775
4	20	4	40	10	right	right	1	15	16.234	924
4	21	4	40	10	right	right	1	19	15.548	1222
4	22	4	40	10	right	right	1	47	15.265	3079
4	23	4	40	10	right	right	1	17	15.625	1088
4	24	4	40	10	right	right	1	15	16.199	926
4	25	4	40	10	right	right	1	19	15.625	1216
4	26	4	40	10	left	left	1	38	15.466	2457
4	27	4	40	10	left	left	1	14	16.018	874
4	28	4	40	10	left	left	1	23	15.344	1499
4	29	4	40	10	left	right	0	25	15.207	1644
4	30	4	40	10	left	left	1	36	15.171	2373
4	31	4	40	10	left	left	1	43	15.205	2828
4	32	4	40	10	right	right	1	14	15.368	911
4	33	4	40	10	right	right	1	34	15.226	2233
4	34	4	40	10	left	left	1	16	15.195	1053
4	35	4	40	10	right	left	0	41	15.196	2698
4	36	4	40	10	left	left	1	14	15.385	910
4	37	4	40	10	left	left	1	29	15.434	1879
4	38	4	40	10	left	left	1	22	15.782	1394
4	39	4	40	10	right	right	1	16	15.779	1014
4	40	4	40	10	left	right	0	18	15.477	1163
5	1	4	40	10	right	right	1	28	15.573	1798
5	2	4	40	10	right	right	1	17	15.654	1086
5	3	4	40	10	left	left	1	19	15.36	1237
5	4	4	40	10	left	left	1	21	15.273	1375
5	5	4	40	10	left	left	1	19	15.9	1195
5	6	4	40	10	left	left	1	19	15.781	1204
5	7	4	40	10	left	left	1	16	15.92	1005
5	8	4	40	10	right	right	1	13	16.23	801
5	9	4	40	10	right	left	0	14	15.487	904
5	10	4	40	10	right	right	1	15	15.641	959
5	11	4	40	10	right	right	1	20	15.81	1265
5	12	4	40	10	right	right	1	30	15.4	1948
5	13	4	40	10	right	right	1	11	16.176	680
5	14	4	40	10	left	left	1	13	15.403	844
5	15	4	40	10	left	left	1	16	15.686	1020
5	16	4	40	10	right	right	1	13	16.25	800
5	17	4	40	10	left	left	1	42	15.179	2767
5	18	4	40	10	left	right	0	21	15.262	1376
5	19	4	40	10	left	left	1	10	15.015	666
5	20	4	40	10	left	left	1	47	15.27	3078
5	21	4	40	10	right	right	1	15	16.043	935
5	22	4	40	10	left	left	1	15	16.146	929
5	23	4	40	10	right	right	1	17	15.152	1122
5	24	4	40	10	right	right	1	54	15.407	3505
5	25	4	40	10	right	left	0	39	15.199	2566
5	26	4	40	10	left	left	1	26	15.214	1709
5	27	4	40	10	right	right	1	14	15.713	891
5	28	4	40	10	left	left	1	13	15.385	845
5	29	4	40	10	left	left	1	18	15.241	1181
5	30	4	40	10	right	right	1	13	15.99	813
5	31	4	40	10	left	left	1	13	15.258	852
5	32	4	40	10	right	right	1	10	15.528	644
5	33	4	40	10	right	left	0	8	16.162	495
5	34	4	40	10	left	left	1	16	15.355	1042
5	35	4	40	10	right	right	1	11	16.768	656
5	36	4	40	10	right	left	0	29	15.541	1866
5	37	4	40	10	left	left	1	44	15.23	2889
5	38	4	40	10	left	right	0	13	16.291	798
5	39	4	40	10	left	left	1	24	15.142	1585
5	40	4	40	10	right	left	0	24	15.345	1564
6	1	4	40	10	right	right	1	31	15.301	2026
6	2	4	40	10	right	left	0	15	16.009	937
6	3	4	40	10	left	right	0	27	15.634	1727
6	4	4	40	10	left	left	1	36	15.183	2371
6	5	4	40	10	left	left	1	17	15.829	1074
6	6	4	40	10	right	right	1	12	16.327	735
6	7	4	40	10	right	left	0	13	15.258	852
6	8	4	40	10	right	right	1	18	15.398	1169
6	9	4	40	10	left	left	1	25	15.645	1598
6	10	4	40	10	left	right	0	24	15.821	1517
6	11	4	40	10	left	left	1	57	15.31	3723
6	12	4	40	10	left	left	1	24	15.574	1541
6	13	4	40	10	right	left	0	16	15.779	1014
6	14	4	40	10	left	left	1	45	15.332	2935
6	15	4	40	10	right	right	1	23	15.829	1453
6	16	4	40	10	left	left	1	25	15.576	1605
6	17	4	40	10	left	left	1	21	15.173	1384
6	18	4	40	10	left	left	1	17	15.539	1094
6	19	4	40	10	right	right	1	24	15.584	1540
6	20	4	40	10	left	left	1	19	15.249	1246
6	21	4	40	10	right	right	1	17	15.302	1111
6	22	4	40	10	right	left	0	18	15.241	1181
6	23	4	40	10	left	left	1	17	15.712	1082
6	24	4	40	10	right	right	1	24	15.534	1545
6	25	4	40	10	right	left	0	24	15.132	1586
6	26	4	40	10	left	left	1	32	15.61	2050
6	27	4	40	10	right	right	1	24	15.296	1569
6	28	4	40	10	right	right	1	23	15.764	1459
6	29	4	40	10	left	left	1	15	15.075	995
6	30	4	40	10	right	right	1	17	15.302	1111
6	31	4	40	10	right	left	0	18	15.557	1157
6	32	4	40	10	right	left	0	15	15.337	978
6	33	4	40	10	left	left	1	24	15.769	1522
6	34	4	40	10	left	right	0	16	15.81	1012
6	35	4	40	10	right	right	1	32	15.123	2116
6	36	4	40	10	right	right	1	23	15.743	1461
6	37	4	40	10	left	right	0	20	15.576	1284
6	38	4	40	10	left	left	1	27	15.376	1756
6	39	4	40	10	right	right	1	32	15.542	2059
6	40	4	40	10	left	left	1	33	15.377	2146
7	1	4	40	10	left	left	1	33	15.165	2176
7	2	4	40	10	left	left	1	38	15.212	2498
7	3	4	40	10	right	right	1	28	15.385	1820
7	4	4	40	10	right	right	1	19	15.46	1229
7	5	4	40	10	right	right	1	16	15.905	1006
7	6	4	40	10	left	left	1	16	15.123	1058
7	7	4	40	10	right	right	1	15	15.259	983
7	8	4	40	10	right	left	0	12	15.404	779
7	9	4	40	10	right	right	1	32	15.224	2102
7	10	4	40	10	left	left	1	14	15.538	901
7	11	4	40	10	right	right	1	26	15.267	1703
7	12	4	40	10	right	right	1	38	15.441	2461
7	13	4	40	10	left	left	1	28	15.642	1790
7	14	4	40	10	right	right	1	19	15.755	1206
7	15	4	40	10	left	left	1	15	16.043	935
7	16	4	40	10	left	left	1	39	15.181	2569
7	17	4	40	10	right	right	1	15	15.416	973
7	18	4	40	10	right	right	1	14	15.909	880
7	19	4	40	10	right	right	1	18	15.306	1176
7	20	4	40	10	left	left	1	13	16.089	808
7	21	4	40	10	left	left	1	27	15.211	1775
7	22	4	40	10	right	right	1	12	15.831	758
7	23	4	40	10	left	left	1	17	15.568	1092
7	24	4	40	10	left	left	1	12	16.26	738
7	25	4	40	10	right	left	0	14	15.234	919
7	26	4	40	10	left	left	1	33	15.186	2173
7	27	4	40	10	left	left	1	20	15.256	1311
7	28	4	40	10	left	left	1	26	15.16	1715
7	29	4	40	10	right	right	1	14	15.334	913
7	30	4	40	10	left	left	1	14	15.713	891
7	31	4	40	10	left	left	1	21	15.672	1340
7	32	4	40	10	right	right	1	22	15.278	1440
7	33	4	40	10	left	left	1	26	15.412	1687
7	34	4	40	10	right	right	1	20	15.76	1269
7	35	4	40	10	right	right	1	14	15.766	888
7	36	4	40	10	left	left	1	15	15.121	992
7	37	4	40	10	right	right	1	11	16.272	676
7	38	4	40	10	right	right	1	22	15.537	1416
7	39	4	40	10	left	left	1	9	16.854	534
7	40	4	40	10	left	left	1	23	15.395	1494
8	1	4	40	10	right	right	1	25	15.244	1640
8	2	4	40	10	left	left	1	12	15.524	773
8	3	4	40	10	right	right	1	11	15.559	707
8	4	4	40	10	right	right	1	12	15.979	751
8	5	4	40	10	right	right	1	34	15.308	2221
8	6	4	40	10	left	left	1	13	15.777	824
8	7	4	40	10	left	left	1	11	15.471	711
8	8	4	40	10	right	right	1	13	15.276	851
8	9	4	40	10	left	left	1	10	16.367	611
8	10	4	40	10	left	left	1	14	15.677	893
8	11	4	40	10	right	right	1	13	15.663	830
8	12	4	40	10	right	right	1	15	15.528	966
8	13	4	40	10	right	right	1	12	15.957	752
8	14	4	40	10	left	left	1	12	16.173	742
8	15	4	40	10	left	left	1	15	15.448	971
8	16	4	40	10	right	right	1	10	16.722	598
8	17	4	40	10	left	left	1	14	15.766	888
8	18	4	40	10	left	left	1	22	15.278	1440
8	19	4	40	10	left	left	1	13	15.777	824
8	20	4	40	10	right	right	1	12	15.645	767
8	21	4	40	10	right	right	1	14	16.26	861
8	22	4	40	10	left	left	1	21	15.475	1357
8	23	4	40	10	right	right	1	29	15.279	1898
8	24	4	40	10	left	left	1	37	15.183	2437
8	25	4	40	10	right	right	1	15	15.152	990
8	26	4	40	10	left	left	1	16	15.137	1057
8	27	4	40	10	left	left	1	14	16.092	870
8	28	4	40	10	left	left	1	16	15.534	1030
8	29	4	40	10	left	left	1	37	15.296	2419
8	30	4	40	10	right	right	1	13	15.421	843
8	31	4	40	10	right	right	1	12	15.894	755
8	32	4	40	10	right	right	1	28	15.41	1817
8	33	4	40	10	left	left	1	12	15.584	770
8	34	4	40	10	right	right	1	9	15.203	592
8	35	4	40	10	right	right	1	11	15.428	713
8	36	4	40	10	left	left	1	22	15.647	1406
8	37	4	40	10	left	left	1	19	15.677	1212
8	38	4	40	10	right	right	1	15	15.416	973
8	39	4	40	10	left	left	1	39	15.379	2536
8	40	4	40	10	right	right	1	19	15.385	1235
9	1	4	40	10	right	right	1	30	15.182	1976
9	2	4	40	10	right	right	1	13	15.682	829
9	3	4	40	10	left	left	1	10	15.924	628
9	4	4	40	10	right	right	1	10	15.267	655
9	5	4	40	10	right	right	1	9	16.014	562
9	6	4	40	10	right	right	1	11	15.068	730
9	7	4	40	10	right	right	1	10	15.649	639
9	8	4	40	10	left	left	1	7	16.471	425
9	9	4	40	10	right	right	1	14	16.241	862
9	10	4	40	10	right	left	0	19	15.966	1190
9	11	4	40	10	right	right	1	8	16.563	483
9	12	4	40	10	right	right	1	15	15.789	950
9	13	4	40	10	right	right	1	30	15.393	1949
9	14	4	40	10	right	left	0	11	15.428	713
9	15	4	40	10	right	left	0	41	15.379	2666
9	16	4	40	10	left	right	0	21	15.567	1349
9	17	4	40	10	left	left	1	31	15.392	2014
9	18	4	40	10	left	left	1	34	15.483	2196
9	19	4	40	10	right	right	1	13	15.796	823
9	20	4	40	10	left	right	0	31	15.271	2030
9	21	4	40	10	left	left	1	34	15.392	2209
9	22	4	40	10	right	right	1	18	15.789	1140
9	23	4	40	10	left	left	1	21	15.306	1372
9	24	4	40	10	right	right	1	19	15.31	1241
9	25	4	40	10	right	right	1	26	15.449	1683
9	26	4	40	10	right	right	1	26	15.625	1664
9	27	4	40	10	left	left	1	13	16.311	797
9	28	4	40	10	left	left	1	23	15.416	1492
9	29	4	40	10	left	left	1	14	15.436	907
9	30	4	40	10	left	left	1	13	15.99	813
9	31	4	40	10	left	left	1	13	16.189	803
9	32	4	40	10	left	left	1	15	15.856	946
9	33	4	40	10	left	left	1	8	15.717	509
9	34	4	40	10	left	left	1	24	15.113	1588
9	35	4	40	10	left	left	1	12	16.151	743
9	36	4	40	10	left	left	1	11	15.714	700
9	37	4	40	10	right	right	1	21	15.441	1360
9	38	4	40	10	right	right	1	16	15.429	1037
9	39	4	40	10	left	right	0	16	15.123	1058
9	40	4	40	10	left	left	1	15	15.56	964
10	1	4	40	10	left	left	1	21	15.556	1350
10	2	4	40	10	right	right	1	14	16.148	867
10	3	4	40	10	left	left	1	14	15.855	883
10	4	4	40	10	left	left	1	8	15.267	524
10	5	4	40	10	left	left	1	9	16.423	548
10	6	4	40	10	right	left	0	12	16.216	740
10	7	4	40	10	left	left	1	36	15.216	2366
10	8	4	40	10	right	right	1	14	15.677	893
10	9	4	40	10	right	left	0	15	15.789	950
10	10	4	40	10	left	left	1	20	15.748	1270
10	11	4	40	10	right	right	1	32	15.633	2047
10	12	4	40	10	left	left	1	34	15.357	2214
10	13	4	40	10	left	left	1	43	15.259	2818
10	14	4	40	10	right	left	0	20	15.773	1268
10	15	4	40	10	left	right	0	54	15.22	3548
10	16	4	40	10	left	left	1	16	15.779	1014
10	17	4	40	10	right	right	1	13	16.209	802
10	18	4	40	10	right	right	1	14	15.334	913
10	19	4	40	10	left	left	1	14	15.301	915
10	20	4	40	10	left	left	1	13	15.55	836
10	21	4	40	10	right	right	1	11	15.714	700
10	22	4	40	10	left	left	1	25	15.47	1616
10	23	4	40	10	right	right	1	15	15.075	995
10	24	4	40	10	left	left	1	17	15.525	1095
10	25	4	40	10	right	right	1	12	15.852	757
10	26	4	40	10	right	right	1	18	15.803	1139
10	27	4	40	10	right	right	1	22	15.782	1394
10	28	4	40	10	left	left	1	19	15.728	1208
10	29	4	40	10	left	left	1	21	15.789	1330
10	30	4	40	10	left	left	1	19	15.966	1190
10	31	4	40	10	left	left	1	13	15.348	847
10	32	4	40	10	left	left	1	13	16.109	807
10	33	4	40	10	left	left	1	17	15.329	1109
10	34	4	40	10	right	right	1	11	15.737	699
10	35	4	40	10	right	right	1	11	16.012	687
10	36	4	40	10	right	right	1	14	15.301	915
10	37	4	40	10	right	right	1	15	15.674	957
10	38	4	40	10	right	right	1	12	15.464	776
10	39	4	40	10	right	right	1	11	16.224	678
10	40	4	40	10	right	right	1	11	16.541	665
11	1	4	40	10	right	right	1	14	15.713	891
11	2	4	40	10	left	left	1	13	15.403	844
11	3	4	40	10	left	left	1	9	15.306	588
11	4	4	40	10	right	left	0	9	16.886	533
11	5	4	40	10	left	left	1	12	15.424	778
11	6	4	40	10	left	left	1	13	15.777	824
11	7	4	40	10	left	left	1	9	15.625	576
11	8	4	40	10	left	left	1	21	15.813	1328
11	9	4	40	10	left	left	1	9	16.886	533
11	10	4	40	10	right	right	1	10	16.103	621
11	11	4	40	10	left	left	1	11	15.131	727
11	12	4	40	10	right	right	1	10	15.924	628
11	13	4	40	10	right	right	1	8	15.444	518
11	14	4	40	10	right	right	1	9	15.901	566
11	15	4	40	10	left	left	1	9	16.364	550
11	16	4	40	10	left	left	1	12	15.645	767
11	17	4	40	10	right	right	1	9	15.929	565
11	18	4	40	10	right	right	1	9	16.158	557
11	19	4	40	10	left	right	0	8	17.021	470
11	20	4	40	10	left	left	1	11	15.625	704
11	21	4	40	10	right	right	1	10	15.337	652
11	22	4	40	10	left	left	1	7	17.157	408
11	23	4	40	10	right	right	1	16	15.936	1004
11	24	4	40	10	right	right	1	9	15.203	592
11	25	4	40	10	right	right	1	9	15.598	577
11	26	4	40	10	right	right	1	9	15.571	578
11	27	4	40	10	right	right	1	7	15.251	459
11	28	4	40	10	right	right	1	7	15.317	457
11	29	4	40	10	left	left	1	32	15.216	2103
11	30	4	40	10	right	right	1	10	16.474	607
11	31	4	40	10	left	left	1	18	15.721	1145
11	32	4	40	10	right	left	0	19	15.926	1193
11	33	4	40	10	right	right	1	17	15.539	1094
11	34	4	40	10	right	right	1	14	15.284	916
11	35	4	40	10	left	right	0	13	15.971	814
11	36	4	40	10	left	left	1	26	15.606	1666
11	37	4	40	10	left	left	1	18	15.424	1167
11	38	4	40	10	left	left	1	14	15.927	879
11	39	4	40	10	left	left	1	12	15.957	752
11	40	4	40	10	right	right	1	16	15.92	1005
12	1	4	40	10	right	right	1	15	15.839	947
12	2	4	40	10	left	left	1	21	15.567	1349
12	3	4	40	10	left	left	1	21	15.239	1378
12	4	4	40	10	right	right	1	13	15.205	855
12	5	4	40	10	right	right	1	14	15.642	895
12	6	4	40	10	right	right	1	42	15.441	2720
12	7	4	40	10	left	left	1	14	16.204	864
12	8	4	40	10	right	right	1	11	15.11	728
12	9	4	40	10	left	left	1	8	15.474	517
12	10	4	40	10	right	right	1	9	16.636	541
12	11	4	40	10	right	left	0	9	15.707	573
12	12	4	40	10	left	left	1	18	15.598	1154
12	13	4	40	10	right	right	1	28	15.538	1802
12	14	4	40	10	left	left	1	11	15.942	690
12	15	4	40	10	right	right	1	16	15.414	1038
12	16	4	40	10	left	left	1	19	15.188	1251
12	17	4	40	10	left	left	1	13	15.99	813
12	18	4	40	10	left	right	0	31	15.408	2012
12	19	4	40	10	left	left	1	31	15.271	2030
12	20	4	40	10	right	right	1	25	15.586	1604
12	21	4	40	10	right	right	1	13	16.27	799
12	22	4	40	10	left	left	1	23	15.478	1486
12	23	4	40	10	left	left	1	13	15.222	854
12	24	4	40	10	right	right	1	10	15.291	654
12	25	4	40	10	left	left	1	13	16.089	808
12	26	4	40	10	right	right	1	16	16.016	999
12	27	4	40	10	right	right	1	22	15.417	1427
12	28	4	40	10	left	right	0	14	15.73	890
12	29	4	40	10	left	left	1	45	15.244	2952
12	30	4	40	10	left	left	1	10	16.287	614
12	31	4	40	10	left	left	1	36	15.517	2320
12	32	4	40	10	right	right	1	24	15.645	1534
12	33	4	40	10	left	right	0	12	16.151	743
12	34	4	40	10	right	right	1	23	15.202	1513
12	35	4	40	10	right	right	1	21	15.141	1387
12	36	4	40	10	right	right	1	15	15.756	952
12	37	4	40	10	left	left	1	25	15.674	1595
12	38	4	40	10	right	left	0	19	15.347	1238
12	39	4	40	10	left	left	1	24	15.414	1557
12	40	4	40	10	right	right	1	14	15.368	911
13	1	4	40	10	right	right	1	24	15.484	1550
13	2	4	40	10	right	left	0	24	15.228	1576
13	3	4	40	10	right	right	1	14	15.766	888
13	4	4	40	10	right	right	1	15	16.009	937
13	5	4	40	10	left	right	0	39	15.312	2547
13	6	4	40	10	right	right	1	20	15.385	1300
13	7	4	40	10	right	right	1	57	15.261	3735
13	8	4	40	10	left	left	1	9	15.358	586
13	9	4	40	10	right	right	1	12	15.404	779
13	10	4	40	10	left	left	1	10	15.06	664
13	11	4	40	10	right	left	0	14	15.284	916
13	12	4	40	10	left	left	1	76	15.243	4986
13	13	4	40	10	right	right	1	22	15.493	1420
13	14	4	40	10	left	left	1	14	15.301	915
13	15	4	40	10	right	left	0	11	16.641	661
13	16	4	40	10	left	left	1	49	15.213	3221
13	17	4	40	10	left	left	1	11	15.089	729
13	18	4	40	10	left	left	1	13	15.532	837
13	19	4	40	10	left	left	1	9	16.158	557
13	20	4	40	10	left	left	1	11	15.873	693
13	21	4	40	10	left	left	1	19	15.715	1209
13	22	4	40	10	right	right	1	16	15.826	1011
13	23	4	40	10	left	right	0	19	15.435	1231
13	24	4	40	10	left	left	1	9	15.707	573
13	25	4	40	10	right	right	1	10	15.291	654
13	26	4	40	10	right	right	1	18	15.611	1153
13	27	4	40	10	right	right	1	12	15.152	792
13	28	4	40	10	left	left	1	13	16.291	798
13	29	4	40	10	left	left	1	10	16.313	613
13	30	4	40	10	right	right	1	17	15.992	1063
13	31	4	40	10	left	left	1	25	15.272	1637
13	32	4	40	10	right	right	1	8	15.355	521
13	33	4	40	10	left	left	1	10	16.447	608
13	34	4	40	10	right	right	1	9	16.729	538
13	35	4	40	10	right	right	1	11	16.129	682
13	36	4	40	10	left	left	1	23	15.646	1470
13	37	4	40	10	left	left	1	25	15.567	1606
13	38	4	40	10	right	left	0	8	15.595	513
13	39	4	40	10	left	left	1	26	15.653	1661
13	40	4	40	10	right	right	1	20	15.221	1314
14	1	4	40	10	left	left	1	15	15.674	957
14	2	4	40	10	right	left	0	11	16.369	672
14	3	4	40	10	left	left	1	13	16.25	800
14	4	4	40	10	right	right	1	7	15.119	463
14	5	4	40	10	right	right	1	36	15.332	2348
14	6	4	40	10	left	left	1	8	15.779	507
14	7	4	40	10	left	left	1	11	16.32	674
14	8	4	40	10	right	right	1	10	15.48	646
14	9	4	40	10	left	left	1	11	16.32	674
14	10	4	40	10	right	right	1	8	16	500
14	11	4	40	10	right	left	0	13	16.03	811
14	12	4	40	10	left	left	1	11	16.012	687
14	13	4	40	10	left	left	1	14	15.713	891
14	14	4	40	10	right	left	0	10	15.504	645
14	15	4	40	10	right	right	1	16	15.326	1044
14	16	4	40	10	right	right	1	10	16.42	609
14	17	4	40	10	left	left	1	12	16.064	747
14	18	4	40	10	right	right	1	18	15.411	1168
14	19	4	40	10	right	right	1	11	16.176	680
14	20	4	40	10	left	left	1	29	15.263	1900
14	21	4	40	10	left	left	1	11	16.012	687
14	22	4	40	10	right	right	1	21	15.683	1339
14	23	4	40	10	left	left	1	20	15.349	1303
14	24	4	40	10	left	right	0	21	15.498	1355
14	25	4	40	10	left	right	0	31	15.539	1995
14	26	4	40	10	left	left	1	15	15.167	989
14	27	4	40	10	right	right	1	12	15.132	793
14	28	4	40	10	right	right	1	11	16.393	671
14	29	4	40	10	right	right	1	12	15.404	779
14	30	4	40	10	right	right	1	9	16.544	544
14	31	4	40	10	left	left	1	26	15.258	1704
14	32	4	40	10	left	right	0	13	16.129	806
14	33	4	40	10	right	right	1	16	15.355	1042
14	34	4	40	10	right	right	1	11	16.591	663
14	35	4	40	10	left	left	1	12	15.267	786
14	36	4	40	10	right	right	1	12	16.129	744
14	37	4	40	10	left	left	1	11	15.152	726
14	38	4	40	10	right	right	1	15	15.991	938
14	39	4	40	10	left	left	1	15	15.674	957
14	40	4	40	10	left	right	0	15	15.496	968
15	1	4	40	10	left	left	1	32	15.595	2052
15	2	4	40	10	left	left	1	19	16.007	1187
15	3	4	40	10	right	right	1	10	15.723	636
15	4	4	40	10	left	left	1	19	15.548	1222
15	5	4	40	10	right	right	1	11	15.988	688
15	6	4	40	10	left	left	1	12	16.26	738
15	7	4	40	10	right	left	0	9	15.625	576
15	8	4	40	10	right	right	1	12	15.852	757
15	9	4	40	10	right	left	0	11	16.296	675
15	10	4	40	10	right	right	1	21	15.407	1363
15	11	4	40	10	left	right	0	17	15.858	1072
15	12	4	40	10	right	right	1	13	15.873	819
15	13	4	40	10	right	right	1	14	15.59	898
15	14	4	40	10	right	left	0	10	16.584	603
15	15	4	40	10	left	left	1	16	15.474	1034
15	16	4	40	10	left	left	1	16	15.414	1038
15	17	4	40	10	left	left	1	14	15.573	899
15	18	4	40	10	left	left	1	21	15.217	1380
15	19	4	40	10	left	left	1	18	15.817	1138
15	20	4	40	10	right	right	1	10	15.798	633
15	21	4	40	10	left	left	1	11	15.048	731
15	22	4	40	10	right	right	1	11	15.11	728
15	23	4	40	10	left	left	1	22	15.748	1397
15	24	4	40	10	left	left	1	12	16.064	747
15	25	4	40	10	left	right	0	24	15.544	1544
15	26	4	40	10	left	left	1	11	16.393	671
15	27	4	40	10	left	left	1	11	15.581	706
15	28	4	40	10	right	right	1	16	15.889	1007
15	29	4	40	10	right	right	1	24	15.605	1538
15	30	4	40	10	left	left	1	22	15.493	1420
15	31	4	40	10	right	right	1	27	15.598	1731
15	32	4	40	10	left	left	1	13	15.758	825
15	33	4	40	10	right	right	1	18	15.639	1151
15	34	4	40	10	right	left	0	13	15.348	847
15	35	4	40	10	left	right	0	8	16.529	484
15	36	4	40	10	right	right	1	11	15.988	688
15	37	4	40	10	right	right	1	13	16.311	797
15	38	4	40	10	left	right	0	11	16.692	659
15	39	4	40	10	right	right	1	15	15.322	979
15	40	4	40	10	right	right	1	19	15.249	1246
16	1	4	40	10	left	left	1	29	15.467	1875
16	2	4	40	10	left	left	1	14	15.538	901
16	3	4	40	10	right	right	1	12	15.345	782
16	4	4	40	10	right	right	1	12	15.365	781
16	5	4	40	10	right	right	1	21	7.994	2627
16	6	4	40	10	right	right	1	9	16.76	537
16	7	4	40	10	right	right	1	9	16.043	561
16	8	4	40	10	left	left	1	19	15.212	1249
16	9	4	40	10	left	left	1	12	16.216	740
16	10	4	40	10	left	left	1	11	16.153	681
16	11	4	40	10	right	right	1	12	15.873	756
16	12	4	40	10	left	left	1	16	15.842	1010
16	13	4	40	10	left	right	0	8	15.209	526
16	14	4	40	10	right	right	1	12	16.26	738
16	15	4	40	10	left	left	1	11	15.471	711
16	16	4	40	10	right	right	1	23	15.499	1484
16	17	4	40	10	right	left	0	44	15.433	2851
16	18	4	40	10	left	right	0	16	15.224	1051
16	19	4	40	10	left	left	1	28	15.651	1789
16	20	4	40	10	right	right	1	10	16.529	605
16	21	4	40	10	right	left	0	11	15.471	711
16	22	4	40	10	right	right	1	13	15.931	816
16	23	4	40	10	right	right	1	14	15.642	895
16	24	4	40	10	right	right	1	25	15.684	1594
16	25	4	40	10	left	left	1	39	15.163	2572
16	26	4	40	10	left	left	1	15	15.496	968
16	27	4	40	10	right	right	1	16	15.224	1051
16	28	4	40	10	left	left	1	23	15.71	1464
16	29	4	40	10	right	right	1	19	15.728	1208
16	30	4	40	10	right	right	1	17	15.497	1097
16	31	4	40	10	left	right	0	14	15.504	903
16	32	4	40	10	left	left	1	10	15.898	629
16	33	4	40	10	right	right	1	23	15.222	1511
16	34	4	40	10	left	left	1	30	15.369	1952
16	35	4	40	10	right	left	0	31	15.461	2005
16	36	4	40	10	right	left	0	19	15.638	1215
16	37	4	40	10	left	left	1	26	15.504	1677
16	38	4	40	10	left	left	1	24	15.534	1545
16	39	4	40	10	left	right	0	17	15.138	1123
16	40	4	40	10	left	left	1	32	15.159	2111
17	1	4	40	10	left	left	1	54	15.152	3564
17	2	4	40	10	right	right	1	19	15.397	1234
17	3	4	40	10	left	left	1	11	16.272	676
17	4	4	40	10	left	left	1	9	15.228	591
17	5	4	40	10	left	left	1	10	16.447	608
17	6	4	40	10	left	left	1	9	15.358	586
17	7	4	40	10	right	right	1	11	15.027	732
17	8	4	40	10	left	left	1	12	15.152	792
17	9	4	40	10	left	left	1	9	15.228	591
17	10	4	40	10	right	right	1	9	16.791	536
17	11	4	40	10	left	left	1	10	15.823	632
17	12	4	40	10	left	left	1	12	15.584	770
17	13	4	40	10	left	left	1	10	15.625	640
17	14	4	40	10	left	left	1	7	14.989	467
17	15	4	40	10	left	left	1	24	15.142	1585
17	16	4	40	10	right	right	1	19	15.079	1260
17	17	4	40	10	right	left	0	12	15.666	766
17	18	4	40	10	left	left	1	17	15.274	1113
17	19	4	40	10	left	left	1	15	15.496	968
17	20	4	40	10	right	right	1	12	15.748	762
17	21	4	40	10	left	left	1	31	15.438	2008
17	22	4	40	10	right	left	0	13	15.24	853
17	23	4	40	10	left	left	1	38	15.164	2506
17	24	4	40	10	right	right	1	10	16.129	620
17	25	4	40	10	right	right	1	12	16.173	742
17	26	4	40	10	right	right	1	16	15.702	1019
17	27	4	40	10	right	right	1	11	16.2	679
17	28	4	40	10	left	left	1	23	15.593	1475
17	29	4	40	10	left	left	1	21	15.152	1386
17	30	4	40	10	left	left	1	36	15.306	2352
17	31	4	40	10	right	right	1	12	16.349	734
17	32	4	40	10	left	right	0	34	15.49	2195
17	33	4	40	10	right	right	1	14	15.73	890
17	34	4	40	10	right	right	1	12	16.238	739
17	35	4	40	10	right	left	0	14	16.185	865
17	36	4	40	10	right	right	1	17	15.206	1118
17	37	4	40	10	right	right	1	24	15.666	1532
17	38	4	40	10	right	right	1	9	15.464	582
17	39	4	40	10	right	left	0	9	16.1	559
17	40	4	40	10	right	right	1	17	15.219	1117
18	1	4	40	10	left	left	1	26	15.663	1660
18	2	4	40	10	left	left	1	14	15.891	881
18	3	4	40	10	left	left	1	11	15.406	714
18	4	4	40	10	left	left	1	14	15.521	902
18	5	4	40	10	right	right	1	9	16.334	551
18	6	4	40	10	right	right	1	10	16.447	608
18	7	4	40	10	left	left	1	21	15.789	1330
18	8	4	40	10	right	left	0	30	15.259	1966
18	9	4	40	10	left	left	1	21	15.719	1336
18	10	4	40	10	left	right	0	19	15.574	1220
18	11	4	40	10	right	right	1	12	15.894	755
18	12	4	40	10	right	right	1	12	16.304	736
18	13	4	40	10	right	right	1	10	16.75	597
18	14	4	40	10	right	right	1	9	15.652	575
18	15	4	40	10	left	left	1	7	15.625	448
18	16	4	40	10	right	right	1	11	15.172	725
18	17	4	40	10	right	right	1	9	15.789	570
18	18	4	40	10	left	right	0	8	15.81	506
18	19	4	40	10	left	right	0	8	15.414	519
18	20	4	40	10	left	left	1	16	15.459	1035
18	21	4	40	10	left	left	1	9	15.411	584
18	22	4	40	10	right	left	0	9	16.275	553
18	23	4	40	10	left	left	1	12	15.345	782
18	24	4	40	10	right	left	0	14	15.677	893
18	25	4	40	10	left	left	1	23	15.262	1507
18	26	4	40	10	right	right	1	9	16.216	555
18	27	4	40	10	right	right	1	30	15.408	1947
18	28	4	40	10	left	left	1	17	15.539	1094
18	29	4	40	10	right	left	0	31	15.461	2005
18	30	4	40	10	right	right	1	19	15.847	1199
18	31	4	40	10	left	left	1	11	16.369	672
18	32	4	40	10	right	right	1	17	15.582	1091
18	33	4	40	10	left	left	1	16	15.137	1057
18	34	4	40	10	left	left	1	12	16.151	743
18	35	4	40	10	right	left	0	18	15.358	1172
18	36	4	40	10	right	right	1	14	16.185	865
18	37	4	40	10	right	right	1	41	15.519	2642
18	38	4	40	10	right	right	1	24	15.464	1552
18	39	4	40	10	left	left	1	20	15.129	1322
18	40	4	40	10	left	left	1	23	15.818	1454
19	1	4	40	10	left	left	1	16	15.764	1015
19	2	4	40	10	left	left	1	12	15.727	763
19	3	4	40	10	left	left	1	12	15.444	777
19	4	4	40	10	right	right	1	14	15.642	895
19	5	4	40	10	right	right	1	24	15.554	1543
19	6	4	40	10	right	right	1	25	15.461	1617
19	7	4	40	10	right	right	1	11	16.272	676
19	8	4	40	10	right	right	1	11	16.768	656
19	9	4	40	10	left	left	1	11	16.692	659
19	10	4	40	10	right	left	0	15	15.528	966
19	11	4	40	10	right	right	1	13	15.385	845
19	12	4	40	10	right	right	1	12	16	750
19	13	4	40	10	left	left	1	20	15.209	1315
19	14	4	40	10	right	right	1	30	15.44	1943
19	15	4	40	10	left	left	1	16	15.224	1051
19	16	4	40	10	right	right	1	13	15.476	840
19	17	4	40	10	right	right	1	13	15.33	848
19	18	4	40	10	right	right	1	12	16.129	744
19	19	4	40	10	right	right	1	16	15.92	1005
19	20	4	40	10	right	right	1	16	15.733	1017
19	21	4	40	10	left	left	1	15	15.789	950
19	22	4	40	10	right	right	1	18	15.306	1176
19	23	4	40	10	left	left	1	16	15.748	1016
19	24	4	40	10	left	right	0	20	15.76	1269
19	25	4	40	10	left	left	1	16	15.81	1012
19	26	4	40	10	left	left	1	9	15.625	576
19	27	4	40	10	left	left	1	11	15.782	697
19	28	4	40	10	left	left	1	14	15.267	917
19	29	4	40	10	right	left	0	9	15.254	590
19	30	4	40	10	right	right	1	15	16.234	924
19	31	4	40	10	left	right	0	15	15.152	990
19	32	4	40	10	left	right	0	29	15.183	1910
19	33	4	40	10	right	right	1	18	15.228	1182
19	34	4	40	10	right	right	1	10	15.674	638
19	35	4	40	10	left	left	1	13	15.476	840
19	36	4	40	10	left	left	1	12	15.306	784
19	37	4	40	10	right	right	1	26	15.569	1670
19	38	4	40	10	left	left	1	11	16.296	675
19	39	4	40	10	left	left	1	46	15.379	2991
19	40	4	40	10	left	left	1	12	15.831	758
20	1	4	40	10	right	right	1	22	15.417	1427
20	2	4	40	10	left	right	0	36	15.345	2346
20	3	4	40	10	left	left	1	35	15.371	2277
20	4	4	40	10	left	left	1	16	15.984	1001
20	5	4	40	10	right	left	0	22	15.839	1389
20	6	4	40	10	right	right	1	19	15.127	1256
20	7	4	40	10	left	left	1	20	15.314	1306
20	8	4	40	10	left	right	0	16	15.18	1054
20	9	4	40	10	right	right	1	33	15.632	2111
20	10	4	40	10	right	left	0	40	15.48	2584
20	11	4	40	10	left	left	1	28	15.478	1809
20	12	4	40	10	right	right	1	17	15.712	1082
20	13	4	40	10	right	right	1	21	15.719	1336
20	14	4	40	10	right	right	1	20	15.48	1292
20	15	4	40	10	left	left	1	23	15.385	1495
20	16	4	40	10	left	left	1	23	15.212	1512
20	17	4	40	10	right	right	1	19	15.41	1233
20	18	4	40	10	right	right	1	20	15.588	1283
20	19	4	40	10	right	right	1	17	15.426	1102
20	20	4	40	10	right	right	1	17	15.343	1108
20	21	4	40	10	right	right	1	19	15.9	1195
20	22	4	40	10	right	right	1	17	15.469	1099
20	23	4	40	10	right	left	0	17	15.26	1114
20	24	4	40	10	left	right	0	14	15.964	877
20	25	4	40	10	left	left	1	13	16.03	811
20	26	4	40	10	left	left	1	12	15.267	786
20	27	4	40	10	left	left	1	12	15.132	793
20	28	4	40	10	right	right	1	15	16.043	935
20	29	4	40	10	left	left	1	17	15.165	1121
20	30	4	40	10	left	left	1	19	15.728	1208
20	31	4	40	10	left	left	1	10	16.639	601
20	32	4	40	10	right	right	1	10	15.552	643
20	33	4	40	10	right	right	1	12	16.173	742
20	34	4	40	10	right	right	1	18	15.817	1138
20	35	4	40	10	left	right	0	8	16.598	482
20	36	4	40	10	right	right	1	9	15.491	581
20	37	4	40	10	left	left	1	9	16.854	534
20	38	4	40	10	left	left	1	11	16.616	662
20	39	4	40	10	left	left	1	10	15.408	649
20	40	4	40	10	left	left	1	9	16.187	556
21	1	4	40	10	left	left	1	16	15.81	1012
21	2	4	40	10	right	right	1	9	15.652	575
21	3	4	40	10	right	left	0	10	16.447	608
21	4	4	40	10	right	right	1	11	16.012	687
21	5	4	40	10	left	left	1	12	15.248	787
21	6	4	40	10	right	right	1	10	16.639	601
21	7	4	40	10	left	left	1	11	16.296	675
21	8	4	40	10	right	right	1	13	15.971	814
21	9	4	40	10	left	left	1	12	15.831	758
21	10	4	40	10	left	left	1	10	15.552	643
21	11	4	40	10	left	left	1	13	15.663	830
21	12	4	40	10	left	left	1	17	15.668	1085
21	13	4	40	10	left	left	1	10	15.361	651
21	14	4	40	10	left	left	1	11	16.418	670
21	15	4	40	10	left	left	1	11	15.782	697
21	16	4	40	10	right	right	1	9	16.393	549
21	17	4	40	10	left	left	1	19	15.055	1262
21	18	4	40	10	right	left	0	9	16.071	560
21	19	4	40	10	right	right	1	16	15.92	1005
21	20	4	40	10	right	right	1	25	15.47	1616
21	21	4	40	10	right	right	1	16	15.094	1060
21	22	4	40	10	right	right	1	13	15.606	833
21	23	4	40	10	right	right	1	48	15.385	3120
21	24	4	40	10	right	right	1	17	15.697	1083
21	25	4	40	10	right	right	1	15	16.146	929
21	26	4	40	10	left	right	0	38	15.206	2499
21	27	4	40	10	right	right	1	19	15.702	1210
21	28	4	40	10	left	left	1	15	15.707	955
21	29	4	40	10	right	right	1	18	15.544	1158
21	30	4	40	10	right	right	1	9	15.901	566
21	31	4	40	10	right	right	1	9	15.437	583
21	32	4	40	10	left	left	1	8	15.873	504
21	33	4	40	10	left	left	1	13	15.187	856
21	34	4	40	10	left	left	1	25	15.394	1624
21	35	4	40	10	left	left	1	9	15.306	588
21	36	4	40	10	left	left	1	11	15.007	733
21	37	4	40	10	right	left	0	10	15.385	650
21	38	4	40	10	left	left	1	21	15.239	1378
21	39	4	40	10	left	left	1	13	15.348	847
21	40	4	40	10	right	left	0	11	15.131	727
22	1	4	40	10	left	left	1	58	15.413	3763
22	2	4	40	10	right	right	1	12	15.686	765
22	3	4	40	10	left	left	1	13	15.421	843
22	4	4	40	10	right	right	1	15	15.576	963
22	5	4	40	10	left	left	1	16	15.779	1014
22	6	4	40	10	left	right	0	15	15.213	986
22	7	4	40	10	left	left	1	20	15.601	1282
22	8	4	40	10	left	left	1	11	15.493	710
22	9	4	40	10	left	right	0	35	15.178	2306
22	10	4	40	10	left	right	0	17	15.799	1076
22	11	4	40	10	left	left	1	10	15.456	647
22	12	4	40	10	right	right	1	13	16.209	802
22	13	4	40	10	right	right	1	10	16	625
22	14	4	40	10	right	right	1	9	15.986	563
22	15	4	40	10	left	left	1	11	15.363	716
22	16	4	40	10	right	right	1	14	15.766	888
22	17	4	40	10	left	left	1	10	16.207	617
22	18	4	40	10	right	right	1	10	16.584	603
22	19	4	40	10	right	right	1	28	15.59	1796
22	20	4	40	10	left	left	1	11	16.058	685
22	21	4	40	10	right	right	1	11	16.369	672
22	22	4	40	10	right	left	0	28	15.184	1844
22	23	4	40	10	right	right	1	19	15.2	1250
22	24	4	40	10	right	right	1	11	15.027	732
22	25	4	40	10	right	right	1	18	15.831	1137
22	26	4	40	10	right	right	1	14	16.055	872
22	27	4	40	10	right	right	1	10	16.667	600
22	28	4	40	10	right	right	1	12	15.424	778
22	29	4	40	10	left	left	1	8	15.873	504
22	30	4	40	10	left	left	1	8	15.18	527
22	31	4	40	10	left	left	1	15	16.043	935
22	32	4	40	10	right	right	1	9	15.817	569
22	33	4	40	10	right	right	1	9	15.598	577
22	34	4	40	10	right	left	0	9	16.245	554
22	35	4	40	10	left	left	1	12	15.81	759
22	36	4	40	10	left	left	1	9	16.886	533
22	37	4	40	10	left	left	1	18	15.776	1141
22	38	4	40	10	left	left	1	9	15.28	589
22	39	4	40	10	left	left	1	13	16.129	806
22	40	4	40	10	right	left	0	34	15.532	2189
23	1	4	40	10	right	right	1	16	15.656	1022
23	2	4	40	10	right	right	1	8	16.563	483
23	3	4	40	10	right	right	1	12	16.107	745
23	4	4	40	10	left	left	1	14	15.251	918
23	5	4	40	10	right	right	1	9	16.304	552
23	6	4	40	10	left	left	1	19	15.224	1248
23	7	4	40	10	right	right	1	8	16.064	498
23	8	4	40	10	right	right	1	11	15.257	721
23	9	4	40	10	left	left	1	11	16.418	670
23	10	4	40	10	right	right	1	11	15.089	729
23	11	4	40	10	right	right	1	11	16.035	686
23	12	4	40	10	left	left	1	14	15.351	912
23	13	4	40	10	left	left	1	10	16.807	595
23	14	4	40	10	left	left	1	8	15.296	523
23	15	4	40	10	right	left	0	8	15.779	507
23	16	4	40	10	left	left	1	21	15.637	1343
23	17	4	40	10	left	left	1	14	16.26	861
23	18	4	40	10	right	left	0	10	16.779	596
23	19	4	40	10	right	left	0	20	15.314	1306
23	20	4	40	10	left	left	1	19	15.794	1203
23	21	4	40	10	left	left	1	13	16.311	797
23	22	4	40	10	right	left	0	18	15.803	1139
23	23	4	40	10	right	left	0	11	16.393	671
23	24	4	40	10	right	right	1	11	16.566	664
23	25	4	40	10	left	left	1	12	15.727	763
23	26	4	40	10	left	left	1	15	16.269	922
23	27	4	40	10	left	left	1	25	15.674	1595
23	28	4	40	10	left	left	1	12	15.19	790
23	29	4	40	10	right	right	1	18	15.451	1165
23	30	4	40	10	right	left	0	67	15.182	4413
23	31	4	40	10	left	right	0	21	15.206	1381
23	32	4	40	10	left	left	1	15	16.181	927
23	33	4	40	10	right	right	1	38	15.17	2505
23	34	4	40	10	right	left	0	20	15.588	1283
23	35	4	40	10	left	left	1	27	15.315	1763
23	36	4	40	10	left	left	1	25	15.684	1594
23	37	4	40	10	left	left	1	35	15.425	2269
23	38	4	40	10	right	right	1	19	16.007	1187
23	39	4	40	10	right	right	1	33	15.32	2154
23	40	4	40	10	left	left	1	24	15.345	1564
24	1	4	40	10	right	right	1	18	15.887	1133
24	2	4	40	10	left	left	1	11	15.896	692
24	3	4	40	10	right	right	1	10	15.823	632
24	4	4	40	10	left	left	1	12	16.26	738
24	5	4	40	10	left	right	0	10	15.456	647
24	6	4	40	10	right	right	1	35	15.304	2287
24	7	4	40	10	left	left	1	8	15.296	523
24	8	4	40	10	right	right	1	14	15.301	915
24	9	4	40	10	right	right	1	18	15.679	1148
24	10	4	40	10	left	left	1	12	15.385	780
24	11	4	40	10	left	left	1	32	15.187	2107
24	12	4	40	10	right	right	1	10	16.367	611
24	13	4	40	10	right	right	1	11	15.007	733
24	14	4	40	10	left	left	1	9	16.484	546
24	15	4	40	10	left	left	1	22	15.603	1410
24	16	4	40	10	left	left	1	10	16.694	599
24	17	4	40	10	left	left	1	21	15.251	1377
24	18	4	40	10	right	right	1	30	15.512	1934
24	19	4	40	10	right	right	1	14	16.148	867
24	20	4	40	10	left	left	1	17	15.933	1067
24	21	4	40	10	left	left	1	12	15.444	777
24	22	4	40	10	left	left	1	13	16.109	807
24	23	4	40	10	right	right	1	17	15.329	1109
24	24	4	40	10	left	right	0	12	15.385	780
24	25	4	40	10	right	right	1	14	16.073	871
24	26	4	40	10	left	left	1	8	16.949	472
24	27	4	40	10	left	left	1	16	15.534	1030
24	28	4	40	10	right	left	0	16	15.459	1035
24	29	4	40	10	left	left	1	15	15.94	941
24	30	4	40	10	right	right	1	26	15.56	1671
24	31	4	40	10	left	left	1	10	16.129	620
24	32	4	40	10	right	right	1	23	15.232	1510
24	33	4	40	10	left	left	1	12	15.81	759
24	34	4	40	10	right	right	1	11	15.515	709
24	35	4	40	10	right	right	1	12	15.605	769
24	36	4	40	10	right	right	1	10	16.26	615
24	37	4	40	10	right	right	1	13	15.169	857
24	38	4	40	10	left	left	1	16	15.984	1001
24	39	4	40	10	right	right	1	9	15.28	589
24	40	4	40	10	right	right	1	16	15.534	1030
