
blkNum	trlNum	coherentDots	numberofDots	percentCoherence	winningDirection	response	correct	eventCount	averageFrameRate	RT
1	1	4	40	10	right	right	1	24	15.656	1533
1	2	4	40	10	right	left	0	17	15.302	1111
1	3	4	40	10	left	left	1	12	15.584	770
1	4	4	40	10	right	right	1	11	15.805	696
1	5	4	40	10	left	left	1	10	16.779	596
1	6	4	40	10	left	left	1	17	15.441	1101
1	7	4	40	10	right	right	1	9	15.517	580
1	8	4	40	10	left	left	1	12	15.852	757
1	9	4	40	10	left	left	1	9	16.216	555
1	10	4	40	10	left	left	1	10	16.807	595
1	11	4	40	10	left	left	1	17	15.799	1076
1	12	4	40	10	right	right	1	9	16.729	538
1	13	4	40	10	left	right	0	19	15.397	1234
1	14	4	40	10	left	left	1	10	16.42	609
1	15	4	40	10	left	left	1	16	15.459	1035
1	16	4	40	10	left	left	1	10	16.447	608
1	17	4	40	10	right	right	1	9	16.484	546
1	18	4	40	10	right	right	1	10	15.385	650
1	19	4	40	10	left	left	1	10	16.313	613
1	20	4	40	10	right	right	1	10	15.456	647
1	21	4	40	10	right	right	1	10	16.181	618
1	22	4	40	10	left	left	1	11	15.363	716
1	23	4	40	10	left	left	1	7	15.317	457
1	24	4	40	10	left	right	0	8	16.701	479
1	25	4	40	10	right	right	1	9	16.729	538
1	26	4	40	10	right	right	1	8	15.564	514
1	27	4	40	10	right	right	1	20	15.337	1304
1	28	4	40	10	right	right	1	9	16.187	556
1	29	4	40	10	left	left	1	7	15.217	460
1	30	4	40	10	right	right	1	8	15.326	522
1	31	4	40	10	left	left	1	7	17.413	402
1	32	4	40	10	left	left	1	11	16.224	678
1	33	4	40	10	left	left	1	7	17.073	410
1	34	4	40	10	right	right	1	7	15.419	454
1	35	4	40	10	right	left	0	6	16.484	364
1	36	4	40	10	right	right	1	8	16.495	485
1	37	4	40	10	right	right	1	10	15.337	652
1	38	4	40	10	right	right	1	9	16.854	534
1	39	4	40	10	left	left	1	11	15.827	695
1	40	4	40	10	right	left	0	7	15.284	458
2	1	4	40	10	right	right	1	13	15.99	813
2	2	4	40	10	right	left	0	6	17.192	349
2	3	4	40	10	right	right	1	8	16.26	492
2	4	4	40	10	left	left	1	7	15.251	459
2	5	4	40	10	left	left	1	8	15.842	505
2	6	4	40	10	left	right	0	8	15.625	512
2	7	4	40	10	left	left	1	11	16.272	676
2	8	4	40	10	right	right	1	8	16.162	495
2	9	4	40	10	right	right	1	9	15.464	582
2	10	4	40	10	right	right	1	10	16.694	599
2	11	4	40	10	left	left	1	8	15.238	525
2	12	4	40	10	right	right	1	9	16.304	552
2	13	4	40	10	left	left	1	9	16.043	561
2	14	4	40	10	right	right	1	7	15.873	441
2	15	4	40	10	left	left	1	7	16.241	431
2	16	4	40	10	left	left	1	9	15.957	564
2	17	4	40	10	left	left	1	8	15.968	501
2	18	4	40	10	left	left	1	8	16.807	476
2	19	4	40	10	right	right	1	7	15.284	458
2	20	4	40	10	left	left	1	7	15.909	440
2	21	4	40	10	left	left	1	8	15.444	518
2	22	4	40	10	left	left	1	7	16.588	422
2	23	4	40	10	left	left	1	9	16.698	539
2	24	4	40	10	left	left	1	7	15.251	459
2	25	4	40	10	right	right	1	9	16.76	537
2	26	4	40	10	left	left	1	12	15.605	769
2	27	4	40	10	right	right	1	6	16.349	367
2	28	4	40	10	left	left	1	7	14.989	467
2	29	4	40	10	right	right	1	7	15.625	448
2	30	4	40	10	right	right	1	9	16.854	534
2	31	4	40	10	right	right	1	8	15.474	517
2	32	4	40	10	right	right	1	8	15.968	501
2	33	4	40	10	right	right	1	9	15.517	580
2	34	4	40	10	right	right	1	7	16.949	413
2	35	4	40	10	right	right	1	6	14.925	402
2	36	4	40	10	right	right	1	8	15.209	526
2	37	4	40	10	right	right	1	9	15.679	574
2	38	4	40	10	left	left	1	7	15.66	447
2	39	4	40	10	left	left	1	7	15.766	444
2	40	4	40	10	left	left	1	15	15.856	946
3	1	4	40	10	left	left	1	15	15.674	957
3	2	4	40	10	left	left	1	6	15.038	399
3	3	4	40	10	right	right	1	8	16	500
3	4	4	40	10	left	left	1	10	16.367	611
3	5	4	40	10	left	left	1	12	15.365	781
3	6	4	40	10	left	right	0	8	16.293	491
3	7	4	40	10	right	right	1	12	15.666	766
3	8	4	40	10	left	left	1	8	16	500
3	9	4	40	10	left	right	0	13	16.189	803
3	10	4	40	10	left	left	1	12	16.151	743
3	11	4	40	10	right	right	1	11	15.537	708
3	12	4	40	10	right	right	1	9	16.514	545
3	13	4	40	10	right	left	0	13	16.069	809
3	14	4	40	10	right	right	1	14	15.695	892
3	15	4	40	10	right	right	1	8	15.686	510
3	16	4	40	10	right	right	1	9	16.393	549
3	17	4	40	10	left	left	1	14	16.11	869
3	18	4	40	10	left	left	1	19	15.873	1197
3	19	4	40	10	right	right	1	9	15.679	574
3	20	4	40	10	right	right	1	10	16.502	606
3	21	4	40	10	right	right	1	17	15.741	1080
3	22	4	40	10	right	right	1	8	16.194	494
3	23	4	40	10	right	right	1	10	16.129	620
3	24	4	40	10	right	right	1	9	15.464	582
3	25	4	40	10	left	left	1	8	15.625	512
3	26	4	40	10	right	right	1	11	16.591	663
3	27	4	40	10	right	right	1	10	16.611	602
3	28	4	40	10	left	left	1	8	15.748	508
3	29	4	40	10	left	left	1	8	15.094	530
3	30	4	40	10	left	right	0	8	15.296	523
3	31	4	40	10	left	left	1	8	16.461	486
3	32	4	40	10	right	right	1	8	17.021	470
3	33	4	40	10	left	left	1	9	15.306	588
3	34	4	40	10	left	left	1	15	15.94	941
3	35	4	40	10	left	left	1	12	15.171	791
3	36	4	40	10	right	right	1	9	16.854	534
3	37	4	40	10	left	left	1	8	16.736	478
3	38	4	40	10	right	right	1	8	16.26	492
3	39	4	40	10	right	right	1	12	15.094	795
3	40	4	40	10	left	left	1	9	16.245	554
4	1	4	40	10	right	right	1	10	15.773	634
4	2	4	40	10	left	left	1	11	15.193	724
4	3	4	40	10	right	right	1	10	16.835	594
4	4	4	40	10	right	right	1	7	15.801	443
4	5	4	40	10	right	right	1	8	15.873	504
4	6	4	40	10	right	right	1	8	16.985	471
4	7	4	40	10	right	right	1	8	16.194	494
4	8	4	40	10	left	left	1	10	16.556	604
4	9	4	40	10	right	right	1	10	16.287	614
4	10	4	40	10	right	right	1	8	15.905	503
4	11	4	40	10	right	right	1	8	15.209	526
4	12	4	40	10	left	left	1	9	16.636	541
4	13	4	40	10	left	left	1	9	16.886	533
4	14	4	40	10	right	right	1	10	15.699	637
4	15	4	40	10	left	left	1	7	15.086	464
4	16	4	40	10	right	right	1	8	15.686	510
4	17	4	40	10	right	right	1	8	15.968	501
4	18	4	40	10	left	left	1	10	15.528	644
4	19	4	40	10	right	right	1	7	16.867	415
4	20	4	40	10	left	left	1	6	14.851	404
4	21	4	40	10	right	right	1	7	15.351	456
4	22	4	40	10	left	left	1	7	16.279	430
4	23	4	40	10	left	right	0	7	16.393	427
4	24	4	40	10	right	right	1	15	15.806	949
4	25	4	40	10	right	right	1	8	15.873	504
4	26	4	40	10	right	right	1	9	15.901	566
4	27	4	40	10	left	left	1	9	16.575	543
4	28	4	40	10	right	right	1	8	15.414	519
4	29	4	40	10	left	left	1	8	16.427	487
4	30	4	40	10	right	right	1	8	17.021	470
4	31	4	40	10	left	left	1	7	16.99	412
4	32	4	40	10	left	left	1	13	16.089	808
4	33	4	40	10	left	left	1	7	16.241	431
4	34	4	40	10	left	left	1	16	15.81	1012
4	35	4	40	10	left	left	1	8	15.152	528
4	36	4	40	10	left	left	1	9	15.203	592
4	37	4	40	10	left	right	0	8	15.152	528
4	38	4	40	10	left	right	0	11	15.172	725
4	39	4	40	10	right	right	1	13	15.513	838
4	40	4	40	10	left	left	1	9	16.854	534
5	1	4	40	10	right	right	1	12	16.107	745
5	2	4	40	10	right	right	1	10	16.502	606
5	3	4	40	10	right	right	1	7	16.867	415
5	4	4	40	10	left	left	1	8	16.807	476
5	5	4	40	10	right	right	1	9	16.917	532
5	6	4	40	10	right	right	1	8	16.032	499
5	7	4	40	10	right	right	1	9	15.817	569
5	8	4	40	10	right	right	1	16	15.123	1058
5	9	4	40	10	right	right	1	8	16.667	480
5	10	4	40	10	left	left	1	8	16.736	478
5	11	4	40	10	left	left	1	8	15.504	516
5	12	4	40	10	right	right	1	10	16.779	596
5	13	4	40	10	left	left	1	14	15.521	902
5	14	4	40	10	left	right	0	10	15.848	631
5	15	4	40	10	right	right	1	10	16.722	598
5	16	4	40	10	left	left	1	8	16.129	496
5	17	4	40	10	right	right	1	11	15.152	726
5	18	4	40	10	left	left	1	9	15.986	563
5	19	4	40	10	left	left	1	8	16.032	499
5	20	4	40	10	right	right	1	8	15.81	506
5	21	4	40	10	left	left	1	12	16.086	746
5	22	4	40	10	left	left	1	12	16.151	743
5	23	4	40	10	right	right	1	7	15.766	444
5	24	4	40	10	left	left	1	8	16.327	490
5	25	4	40	10	right	right	1	9	16.304	552
5	26	4	40	10	left	left	1	8	15.355	521
5	27	4	40	10	left	left	1	7	15.086	464
5	28	4	40	10	left	left	1	9	15.707	573
5	29	4	40	10	right	left	0	6	15.075	398
5	30	4	40	10	left	left	1	10	15.848	631
5	31	4	40	10	right	right	1	10	16.611	602
5	32	4	40	10	left	left	1	10	16.807	595
5	33	4	40	10	right	right	1	8	15.968	501
5	34	4	40	10	left	left	1	7	16.667	420
5	35	4	40	10	right	right	1	8	16.632	481
5	36	4	40	10	right	right	1	10	16.474	607
5	37	4	40	10	left	left	1	9	15.598	577
5	38	4	40	10	right	right	1	9	15.817	569
5	39	4	40	10	left	left	1	6	14.888	403
5	40	4	40	10	left	left	1	7	15.945	439
6	1	4	40	10	right	right	1	7	15.801	443
6	2	4	40	10	right	left	0	6	16.667	360
6	3	4	40	10	left	left	1	7	17.115	409
6	4	4	40	10	left	left	1	11	16.641	661
6	5	4	40	10	right	right	1	10	16	625
6	6	4	40	10	right	right	1	8	15.779	507
6	7	4	40	10	left	left	1	7	15.021	466
6	8	4	40	10	left	left	1	8	15.873	504
6	9	4	40	10	left	left	1	8	16.162	495
6	10	4	40	10	right	left	0	7	17.199	407
6	11	4	40	10	right	left	0	9	16.791	536
6	12	4	40	10	right	right	1	15	15.306	980
6	13	4	40	10	right	right	1	8	15.656	511
6	14	4	40	10	left	left	1	8	15.686	510
6	15	4	40	10	right	right	1	9	15.254	590
6	16	4	40	10	right	left	0	7	16.867	415
6	17	4	40	10	left	left	1	9	16.544	544
6	18	4	40	10	left	left	1	19	15.833	1200
6	19	4	40	10	right	right	1	9	16.275	553
6	20	4	40	10	left	left	1	9	16.514	545
6	21	4	40	10	left	right	0	9	16.76	537
6	22	4	40	10	right	right	1	8	17.021	470
6	23	4	40	10	right	right	1	8	15.267	524
6	24	4	40	10	right	right	1	10	15.552	643
6	25	4	40	10	left	left	1	12	16.327	735
6	26	4	40	10	left	left	1	12	15.094	795
6	27	4	40	10	right	right	1	9	15.789	570
6	28	4	40	10	right	left	0	7	15.837	442
6	29	4	40	10	left	left	1	10	15.898	629
6	30	4	40	10	left	left	1	8	15.414	519
6	31	4	40	10	left	left	1	11	16.012	687
6	32	4	40	10	left	left	1	7	15.521	451
6	33	4	40	10	left	left	1	8	16.097	497
6	34	4	40	10	left	right	0	7	15.385	455
6	35	4	40	10	right	right	1	10	15.773	634
6	36	4	40	10	left	left	1	11	15.873	693
6	37	4	40	10	right	right	1	9	15.598	577
6	38	4	40	10	left	left	1	8	15.355	521
6	39	4	40	10	right	right	1	11	15.965	689
6	40	4	40	10	right	left	0	22	15.827	1390
7	1	4	40	10	right	right	1	13	16.209	802
7	2	4	40	10	right	right	1	11	16.153	681
7	3	4	40	10	right	right	1	9	16.393	549
7	4	4	40	10	left	left	1	11	16.248	677
7	5	4	40	10	left	left	1	7	15.317	457
7	6	4	40	10	right	right	1	12	15.19	790
7	7	4	40	10	right	right	1	7	15.453	453
7	8	4	40	10	left	left	1	10	16.611	602
7	9	4	40	10	left	left	1	9	15.306	588
7	10	4	40	10	right	right	1	10	15.898	629
7	11	4	40	10	left	left	1	8	15.625	512
7	12	4	40	10	left	left	1	14	15.927	879
7	13	4	40	10	left	left	1	9	16.1	559
7	14	4	40	10	right	right	1	11	16.591	663
7	15	4	40	10	left	left	1	9	16.245	554
7	16	4	40	10	right	right	1	9	16.729	538
7	17	4	40	10	left	left	1	8	15.81	506
7	18	4	40	10	left	left	1	8	15.564	514
7	19	4	40	10	right	right	1	13	15.758	825
7	20	4	40	10	right	right	1	8	15.152	528
7	21	4	40	10	right	right	1	9	16.304	552
7	22	4	40	10	left	left	1	10	16.667	600
7	23	4	40	10	left	left	1	20	15.898	1258
7	24	4	40	10	left	left	1	8	15.267	524
7	25	4	40	10	right	right	1	9	15.332	587
7	26	4	40	10	right	right	1	11	15.896	692
7	27	4	40	10	left	right	0	9	15.411	584
7	28	4	40	10	left	left	1	11	15.85	694
7	29	4	40	10	right	right	1	8	15.326	522
7	30	4	40	10	left	left	1	8	16.598	482
7	31	4	40	10	right	right	1	9	16.544	544
7	32	4	40	10	left	left	1	6	15	400
7	33	4	40	10	right	right	1	8	16.807	476
7	34	4	40	10	left	left	1	7	14.989	467
7	35	4	40	10	right	right	1	9	15.177	593
7	36	4	40	10	left	left	1	7	15.556	450
7	37	4	40	10	right	right	1	9	16.544	544
7	38	4	40	10	left	left	1	9	16.544	544
7	39	4	40	10	right	right	1	10	16.447	608
7	40	4	40	10	right	right	1	15	15.609	961
8	1	4	40	10	left	left	1	10	16.556	604
8	2	4	40	10	left	left	1	14	15.251	918
8	3	4	40	10	right	right	1	7	17.157	408
8	4	4	40	10	left	right	0	11	15.537	708
8	5	4	40	10	right	right	1	8	15.936	502
8	6	4	40	10	right	left	0	6	15.748	381
8	7	4	40	10	right	right	1	14	15.251	918
8	8	4	40	10	left	left	1	10	15.267	655
8	9	4	40	10	left	left	1	13	15.569	835
8	10	4	40	10	right	right	1	8	16.064	498
8	11	4	40	10	right	right	1	9	16.544	544
8	12	4	40	10	right	right	1	8	16.129	496
8	13	4	40	10	left	left	1	9	15.254	590
8	14	4	40	10	right	right	1	7	15.351	456
8	15	4	40	10	right	left	0	7	15.73	445
8	16	4	40	10	left	left	1	16	15.748	1016
8	17	4	40	10	left	right	0	8	17.058	469
8	18	4	40	10	left	left	1	40	15.291	2616
8	19	4	40	10	right	right	1	9	15.957	564
8	20	4	40	10	left	left	1	11	15.873	693
8	21	4	40	10	left	left	1	17	15.497	1097
8	22	4	40	10	right	right	1	10	15.823	632
8	23	4	40	10	right	right	1	14	16	875
8	24	4	40	10	left	left	1	9	16.729	538
8	25	4	40	10	left	left	1	8	16.032	499
8	26	4	40	10	right	right	1	12	15.424	778
8	27	4	40	10	right	right	1	16	15.385	1040
8	28	4	40	10	right	right	1	11	15.692	701
8	29	4	40	10	left	left	1	9	16.514	545
8	30	4	40	10	right	left	0	9	15.177	593
8	31	4	40	10	right	left	0	10	16.26	615
8	32	4	40	10	right	right	1	15	15.924	942
8	33	4	40	10	left	left	1	9	15.411	584
8	34	4	40	10	left	left	1	9	16.043	561
8	35	4	40	10	left	right	0	11	15.759	698
8	36	4	40	10	left	left	1	8	15.534	515
8	37	4	40	10	right	right	1	8	16.598	482
8	38	4	40	10	right	right	1	19	15.82	1201
8	39	4	40	10	left	left	1	11	15.759	698
8	40	4	40	10	left	left	1	14	15.945	878
9	1	4	40	10	left	left	1	12	15.748	762
9	2	4	40	10	left	left	1	9	15.845	568
9	3	4	40	10	left	left	1	8	15.595	513
9	4	4	40	10	right	right	1	9	16.1	559
9	5	4	40	10	right	right	1	9	16.071	560
9	6	4	40	10	left	left	1	9	15.652	575
9	7	4	40	10	left	left	1	8	15.152	528
9	8	4	40	10	right	right	1	8	16.393	488
9	9	4	40	10	left	left	1	10	16.502	606
9	10	4	40	10	left	left	1	7	17.157	408
9	11	4	40	10	right	right	1	7	15.184	461
9	12	4	40	10	left	left	1	8	16.032	499
9	13	4	40	10	right	right	1	13	15.294	850
9	14	4	40	10	right	left	0	7	15.284	458
9	15	4	40	10	left	left	1	10	15.699	637
9	16	4	40	10	right	right	1	7	15.945	439
9	17	4	40	10	left	left	1	14	15.402	909
9	18	4	40	10	left	left	1	8	16.985	471
9	19	4	40	10	left	left	1	11	15.172	725
9	20	4	40	10	left	right	0	10	16.611	602
9	21	4	40	10	right	right	1	20	15.625	1280
9	22	4	40	10	right	left	0	8	15.779	507
9	23	4	40	10	right	right	1	11	15.299	719
9	24	4	40	10	right	right	1	9	16.423	548
9	25	4	40	10	left	left	1	11	16.467	668
9	26	4	40	10	right	right	1	11	15.647	703
9	27	4	40	10	right	right	1	15	15.957	940
9	28	4	40	10	left	left	1	10	16.287	614
9	29	4	40	10	right	right	1	10	16.667	600
9	30	4	40	10	right	right	1	11	16.129	682
9	31	4	40	10	left	left	1	10	16.502	606
9	32	4	40	10	left	left	1	9	15.437	583
9	33	4	40	10	left	left	1	9	16.071	560
9	34	4	40	10	right	right	1	13	16.089	808
9	35	4	40	10	right	right	1	10	16.051	623
9	36	4	40	10	left	left	1	9	16.76	537
9	37	4	40	10	right	right	1	9	15.598	577
9	38	4	40	10	left	left	1	9	15.358	586
9	39	4	40	10	right	right	1	11	15.559	707
9	40	4	40	10	right	right	1	10	16.474	607
10	1	4	40	10	left	left	1	11	16.467	668
10	2	4	40	10	right	right	1	9	16.791	536
10	3	4	40	10	left	left	1	9	15.411	584
10	4	4	40	10	left	left	1	10	15.601	641
10	5	4	40	10	right	right	1	10	16.556	604
10	6	4	40	10	right	right	1	8	15.238	525
10	7	4	40	10	right	right	1	13	15.682	829
10	8	4	40	10	left	left	1	9	16.187	556
10	9	4	40	10	right	right	1	9	15.491	581
10	10	4	40	10	right	right	1	8	15.444	518
10	11	4	40	10	right	right	1	9	15.901	566
10	12	4	40	10	right	right	1	19	15.638	1215
10	13	4	40	10	left	left	1	8	15.152	528
10	14	4	40	10	left	left	1	14	15.927	879
10	15	4	40	10	left	left	1	14	15.766	888
10	16	4	40	10	left	left	1	8	15.595	513
10	17	4	40	10	right	right	1	10	15.823	632
10	18	4	40	10	left	left	1	9	16.667	540
10	19	4	40	10	left	right	0	21	15.59	1347
10	20	4	40	10	right	right	1	12	15.852	757
10	21	4	40	10	right	right	1	23	15.272	1506
10	22	4	40	10	right	left	0	10	16.584	603
10	23	4	40	10	right	right	1	12	15.748	762
10	24	4	40	10	right	right	1	10	16.694	599
10	25	4	40	10	right	right	1	25	15.235	1641
10	26	4	40	10	left	left	1	8	15.717	509
10	27	4	40	10	left	left	1	8	15.748	508
10	28	4	40	10	left	left	1	8	16.563	483
10	29	4	40	10	right	right	1	9	15.789	570
10	30	4	40	10	left	left	1	8	15.094	530
10	31	4	40	10	left	left	1	12	15.424	778
10	32	4	40	10	left	right	0	7	15.351	456
10	33	4	40	10	right	right	1	9	15.544	579
10	34	4	40	10	right	right	1	11	15.714	700
10	35	4	40	10	right	right	1	15	15.353	977
10	36	4	40	10	left	left	1	10	15.337	652
10	37	4	40	10	left	left	1	10	16.474	607
10	38	4	40	10	right	right	1	10	16.447	608
10	39	4	40	10	left	left	1	7	15.873	441
10	40	4	40	10	left	left	1	9	15.679	574
11	1	4	40	10	left	left	1	10	16.287	614
11	2	4	40	10	left	left	1	11	16.369	672
11	3	4	40	10	left	left	1	10	15.949	627
11	4	4	40	10	right	right	1	9	16.129	558
11	5	4	40	10	left	left	1	8	16.194	494
11	6	4	40	10	right	right	1	8	15.474	517
11	7	4	40	10	right	left	0	8	16.807	476
11	8	4	40	10	left	left	1	9	16.575	543
11	9	4	40	10	left	left	1	9	16.334	551
11	10	4	40	10	right	right	1	8	16.427	487
11	11	4	40	10	left	left	1	9	16.605	542
11	12	4	40	10	left	left	1	8	15.936	502
11	13	4	40	10	left	left	1	20	15.76	1269
11	14	4	40	10	right	right	1	12	15.957	752
11	15	4	40	10	left	left	1	9	16.854	534
11	16	4	40	10	right	left	0	8	15.444	518
11	17	4	40	10	left	left	1	10	15.773	634
11	18	4	40	10	right	right	1	10	15.314	653
11	19	4	40	10	right	right	1	13	16.089	808
11	20	4	40	10	right	right	1	10	16.287	614
11	21	4	40	10	left	left	1	11	15.988	688
11	22	4	40	10	right	right	1	17	15.799	1076
11	23	4	40	10	right	left	0	9	15.177	593
11	24	4	40	10	left	left	1	9	16.071	560
11	25	4	40	10	right	right	1	10	16.026	624
11	26	4	40	10	right	right	1	9	15.358	586
11	27	4	40	10	right	right	1	14	16.129	868
11	28	4	40	10	left	left	1	11	15.027	732
11	29	4	40	10	right	right	1	10	15.408	649
11	30	4	40	10	left	left	1	12	15.404	779
11	31	4	40	10	left	left	1	9	16.043	561
11	32	4	40	10	left	left	1	9	16.76	537
11	33	4	40	10	right	right	1	8	15.355	521
11	34	4	40	10	left	left	1	8	15.385	520
11	35	4	40	10	right	right	1	10	16.667	600
11	36	4	40	10	left	left	1	8	15.564	514
11	37	4	40	10	left	left	1	16	15.984	1001
11	38	4	40	10	right	right	1	7	15.184	461
11	39	4	40	10	right	right	1	9	15.986	563
11	40	4	40	10	right	right	1	10	16.556	604
12	1	4	40	10	left	left	1	13	15.625	832
12	2	4	40	10	right	right	1	8	16.667	480
12	3	4	40	10	right	right	1	13	15.222	854
12	4	4	40	10	left	left	1	11	16.418	670
12	5	4	40	10	left	left	1	12	15.132	793
12	6	4	40	10	right	right	1	9	15.625	576
12	7	4	40	10	right	right	1	12	15.605	769
12	8	4	40	10	left	left	1	8	16.194	494
12	9	4	40	10	right	right	1	8	15.717	509
12	10	4	40	10	right	right	1	9	16.187	556
12	11	4	40	10	right	right	1	19	15.261	1245
12	12	4	40	10	right	left	0	14	16.241	862
12	13	4	40	10	right	right	1	9	15.957	564
12	14	4	40	10	left	left	1	9	16.917	532
12	15	4	40	10	right	right	1	11	15.537	708
12	16	4	40	10	left	left	1	8	16.632	481
12	17	4	40	10	right	right	1	9	16.334	551
12	18	4	40	10	right	right	1	15	15.369	976
12	19	4	40	10	left	right	0	20	15.302	1307
12	20	4	40	10	left	left	1	10	16.807	595
12	21	4	40	10	right	right	1	9	15.28	589
12	22	4	40	10	right	right	1	10	16.722	598
12	23	4	40	10	left	left	1	13	16.25	800
12	24	4	40	10	left	left	1	9	16.1	559
12	25	4	40	10	left	right	0	20	15.256	1311
12	26	4	40	10	left	left	1	10	15.848	631
12	27	4	40	10	right	right	1	13	15.169	857
12	28	4	40	10	left	left	1	8	16.632	481
12	29	4	40	10	right	right	1	14	15.504	903
12	30	4	40	10	left	left	1	18	15.517	1160
12	31	4	40	10	left	left	1	12	15.464	776
12	32	4	40	10	left	left	1	8	15.444	518
12	33	4	40	10	left	left	1	7	15.982	438
12	34	4	40	10	right	right	1	8	16.032	499
12	35	4	40	10	right	right	1	8	16.598	482
12	36	4	40	10	left	left	1	7	15.317	457
12	37	4	40	10	right	right	1	10	15.848	631
12	38	4	40	10	left	left	1	10	15.601	641
12	39	4	40	10	left	left	1	9	16.423	548
12	40	4	40	10	right	right	1	9	15.306	588
13	1	4	40	10	left	left	1	11	16.667	660
13	2	4	40	10	right	right	1	8	16.985	471
13	3	4	40	10	right	right	1	14	15.964	877
13	4	4	40	10	left	left	1	8	15.936	502
13	5	4	40	10	left	left	1	8	16.771	477
13	6	4	40	10	right	right	1	11	15.919	691
13	7	4	40	10	left	left	1	8	15.905	503
13	8	4	40	10	left	right	0	18	15.652	1150
13	9	4	40	10	right	right	1	9	15.544	579
13	10	4	40	10	left	left	1	7	16.055	436
13	11	4	40	10	right	right	1	8	15.842	505
13	12	4	40	10	left	left	1	12	15.957	752
13	13	4	40	10	right	right	1	9	16.129	558
13	14	4	40	10	left	left	1	13	15.366	846
13	15	4	40	10	right	right	1	12	16.173	742
13	16	4	40	10	left	left	1	7	15.766	444
13	17	4	40	10	left	left	1	8	15.842	505
13	18	4	40	10	left	left	1	8	15.385	520
13	19	4	40	10	right	right	1	9	16.304	552
13	20	4	40	10	right	right	1	12	15.789	760
13	21	4	40	10	right	left	0	18	15.986	1126
13	22	4	40	10	left	left	1	9	16.014	562
13	23	4	40	10	left	left	1	20	15.601	1282
13	24	4	40	10	right	right	1	7	15.184	461
13	25	4	40	10	left	left	1	7	17.073	410
13	26	4	40	10	left	left	1	12	16.304	736
13	27	4	40	10	right	right	1	6	14.851	404
13	28	4	40	10	left	left	1	8	16.632	481
13	29	4	40	10	left	left	1	7	15.66	447
13	30	4	40	10	right	right	1	10	15.314	653
13	31	4	40	10	right	right	1	14	15.766	888
13	32	4	40	10	right	right	1	10	16.447	608
13	33	4	40	10	left	left	1	8	16.064	498
13	34	4	40	10	right	right	1	7	15.021	466
13	35	4	40	10	right	right	1	14	15.625	896
13	36	4	40	10	right	left	0	7	16.166	433
13	37	4	40	10	left	left	1	8	15.296	523
13	38	4	40	10	right	right	1	10	15.385	650
13	39	4	40	10	right	right	1	11	15.007	733
13	40	4	40	10	left	left	1	8	16.878	474
14	1	4	40	10	right	right	1	13	15.625	832
14	2	4	40	10	left	left	1	7	17.157	408
14	3	4	40	10	right	right	1	9	15.929	565
14	4	4	40	10	left	left	1	7	16.588	422
14	5	4	40	10	left	left	1	9	10.817	832
14	6	4	40	10	right	right	1	7	15.73	445
14	7	4	40	10	right	right	1	12	16.26	738
14	8	4	40	10	left	right	0	10	16.694	599
14	9	4	40	10	right	right	1	11	16.418	670
14	10	4	40	10	left	left	1	8	15.595	513
14	11	4	40	10	left	left	1	8	16.667	480
14	12	4	40	10	right	right	1	7	15.419	454
14	13	4	40	10	left	left	1	8	15.504	516
14	14	4	40	10	left	left	1	8	15.748	508
14	15	4	40	10	left	right	0	9	16.453	547
14	16	4	40	10	right	right	1	8	15.873	504
14	17	4	40	10	right	right	1	10	16.694	599
14	18	4	40	10	left	left	1	13	15.312	849
14	19	4	40	10	right	right	1	10	16.026	624
14	20	4	40	10	right	right	1	9	15.544	579
14	21	4	40	10	left	left	1	8	16.293	491
14	22	4	40	10	right	right	1	8	15.81	506
14	23	4	40	10	right	right	1	10	16	625
14	24	4	40	10	right	right	1	11	15.737	699
14	25	4	40	10	right	right	1	10	16.694	599
14	26	4	40	10	left	left	1	8	15.355	521
14	27	4	40	10	right	right	1	8	16.393	488
14	28	4	40	10	left	left	1	7	16.241	431
14	29	4	40	10	left	left	1	12	15.707	764
14	30	4	40	10	right	right	1	6	14.925	402
14	31	4	40	10	left	left	1	7	17.157	408
14	32	4	40	10	left	right	0	6	15.831	379
14	33	4	40	10	left	left	1	11	15.714	700
14	34	4	40	10	left	right	0	8	15.873	504
14	35	4	40	10	right	right	1	9	16.917	532
14	36	4	40	10	left	left	1	10	16.129	620
14	37	4	40	10	right	right	1	13	16.291	798
14	38	4	40	10	right	right	1	9	16.158	557
14	39	4	40	10	right	right	1	13	15.682	829
14	40	4	40	10	left	left	1	7	15.217	460
15	1	4	40	10	right	right	1	9	15.734	572
15	2	4	40	10	left	left	1	7	16.949	413
15	3	4	40	10	right	right	1	11	15.942	690
15	4	4	40	10	right	left	0	7	16.588	422
15	5	4	40	10	left	left	1	8	15.152	528
15	6	4	40	10	left	left	1	11	15.827	695
15	7	4	40	10	right	right	1	7	15.521	451
15	8	4	40	10	right	right	1	8	15.355	521
15	9	4	40	10	left	left	1	8	16.097	497
15	10	4	40	10	left	left	1	8	16.162	495
15	11	4	40	10	right	right	1	8	16.461	486
15	12	4	40	10	left	left	1	9	15.306	588
15	13	4	40	10	right	right	1	8	16.771	477
15	14	4	40	10	right	right	1	11	15.385	715
15	15	4	40	10	left	right	0	9	15.625	576
15	16	4	40	10	left	left	1	10	16.529	605
15	17	4	40	10	left	left	1	31	15.516	1998
15	18	4	40	10	right	right	1	10	16.556	604
15	19	4	40	10	left	left	1	11	15.873	693
15	20	4	40	10	right	right	1	8	16.913	473
15	21	4	40	10	left	left	1	8	15.152	528
15	22	4	40	10	right	right	1	10	15.848	631
15	23	4	40	10	left	left	1	15	16.146	929
15	24	4	40	10	left	right	0	18	15.584	1155
15	25	4	40	10	right	right	1	9	16.071	560
15	26	4	40	10	right	right	1	9	15.625	576
15	27	4	40	10	right	right	1	13	16.049	810
15	28	4	40	10	right	right	1	11	15.089	729
15	29	4	40	10	left	left	1	7	16.018	437
15	30	4	40	10	left	left	1	10	16.807	595
15	31	4	40	10	right	right	1	13	16.149	805
15	32	4	40	10	left	left	1	7	16.393	427
15	33	4	40	10	right	right	1	10	16	625
15	34	4	40	10	right	left	0	11	15.385	715
15	35	4	40	10	left	left	1	9	16.423	548
15	36	4	40	10	right	right	1	11	16.667	660
15	37	4	40	10	left	left	1	12	15.484	775
15	38	4	40	10	left	left	1	18	16	1125
15	39	4	40	10	right	right	1	11	15.692	701
15	40	4	40	10	left	left	1	9	16.514	545
16	1	4	40	10	left	left	1	13	16.169	804
16	2	4	40	10	left	left	1	9	15.986	563
16	3	4	40	10	right	right	1	8	16.26	492
16	4	4	40	10	right	right	1	10	16.807	595
16	5	4	40	10	left	left	1	9	15.306	588
16	6	4	40	10	right	right	1	7	15.73	445
16	7	4	40	10	left	left	1	7	15.251	459
16	8	4	40	10	right	right	1	9	16.304	552
16	9	4	40	10	left	left	1	7	16.166	433
16	10	4	40	10	left	left	1	17	15.654	1086
16	11	4	40	10	left	left	1	6	14.851	404
16	12	4	40	10	left	left	1	11	15.278	720
16	13	4	40	10	left	left	1	9	15.707	573
16	14	4	40	10	right	right	1	10	16.077	622
16	15	4	40	10	left	left	1	6	15	400
16	16	4	40	10	right	right	1	10	16.556	604
16	17	4	40	10	left	left	1	8	15.238	525
16	18	4	40	10	left	left	1	7	16.317	429
16	19	4	40	10	left	right	0	8	16.878	474
16	20	4	40	10	left	left	1	9	15.491	581
16	21	4	40	10	right	right	1	9	16.334	551
16	22	4	40	10	left	left	1	7	15.66	447
16	23	4	40	10	left	left	1	9	16.886	533
16	24	4	40	10	right	left	0	7	15.453	453
16	25	4	40	10	right	right	1	8	15.656	511
16	26	4	40	10	right	right	1	9	15.228	591
16	27	4	40	10	left	left	1	13	15.625	832
16	28	4	40	10	left	left	1	7	15.351	456
16	29	4	40	10	right	right	1	10	15.699	637
16	30	4	40	10	right	right	1	10	15.625	640
16	31	4	40	10	right	right	1	10	16.807	595
16	32	4	40	10	right	right	1	8	16.529	484
16	33	4	40	10	right	right	1	8	16.563	483
16	34	4	40	10	right	right	1	14	15.47	905
16	35	4	40	10	right	left	0	7	15.021	466
16	36	4	40	10	right	right	1	10	15.504	645
16	37	4	40	10	left	left	1	8	16.667	480
16	38	4	40	10	left	left	1	18	15.332	1174
16	39	4	40	10	right	right	1	8	16.736	478
16	40	4	40	10	right	right	1	8	16.771	477
17	1	4	40	10	left	left	1	14	15.909	880
17	2	4	40	10	right	right	1	9	15.203	592
17	3	4	40	10	right	right	1	8	15.564	514
17	4	4	40	10	left	left	1	7	16.746	418
17	5	4	40	10	right	right	1	8	15.209	526
17	6	4	40	10	left	left	1	7	16.471	425
17	7	4	40	10	left	left	1	11	15.068	730
17	8	4	40	10	right	right	1	11	15.647	703
17	9	4	40	10	left	left	1	6	14.851	404
17	10	4	40	10	left	left	1	7	16.509	424
17	11	4	40	10	left	left	1	9	15.929	565
17	12	4	40	10	right	right	1	9	16.364	550
17	13	4	40	10	right	right	1	10	15.48	646
17	14	4	40	10	right	left	0	8	15.123	529
17	15	4	40	10	right	right	1	12	16.173	742
17	16	4	40	10	left	left	1	8	16.842	475
17	17	4	40	10	left	left	1	7	16.166	433
17	18	4	40	10	left	left	1	12	15.484	775
17	19	4	40	10	right	right	1	8	15.474	517
17	20	4	40	10	left	left	1	10	16.34	612
17	21	4	40	10	right	right	1	10	15.674	638
17	22	4	40	10	left	left	1	8	16.097	497
17	23	4	40	10	right	right	1	8	16.427	487
17	24	4	40	10	right	left	0	7	16.588	422
17	25	4	40	10	right	right	1	8	15.385	520
17	26	4	40	10	left	right	0	9	16.791	536
17	27	4	40	10	right	right	1	9	15.707	573
17	28	4	40	10	left	left	1	8	15.936	502
17	29	4	40	10	right	right	1	10	15.504	645
17	30	4	40	10	left	left	1	7	16.204	432
17	31	4	40	10	right	right	1	8	16.227	493
17	32	4	40	10	left	left	1	9	16.423	548
17	33	4	40	10	left	left	1	9	16.917	532
17	34	4	40	10	right	right	1	10	16.556	604
17	35	4	40	10	right	right	1	10	16.103	621
17	36	4	40	10	left	left	1	10	16.26	615
17	37	4	40	10	right	left	0	9	16.514	545
17	38	4	40	10	right	right	1	17	15.77	1078
17	39	4	40	10	left	left	1	9	16.423	548
17	40	4	40	10	left	left	1	8	16.807	476
18	1	4	40	10	right	right	1	8	17.021	470
18	2	4	40	10	right	right	1	8	16	500
18	3	4	40	10	left	left	1	10	16.34	612
18	4	4	40	10	left	left	1	10	15.106	662
18	5	4	40	10	right	right	1	7	15.021	466
18	6	4	40	10	left	left	1	7	15.385	455
18	7	4	40	10	left	left	1	8	15.717	509
18	8	4	40	10	left	left	1	9	16.886	533
18	9	4	40	10	left	right	0	8	16.26	492
18	10	4	40	10	right	right	1	8	16.393	488
18	11	4	40	10	right	right	1	9	16.822	535
18	12	4	40	10	left	left	1	11	16.035	686
18	13	4	40	10	right	right	1	8	16.598	482
18	14	4	40	10	left	left	1	8	16.632	481
18	15	4	40	10	right	right	1	7	15.119	463
18	16	4	40	10	right	right	1	8	16.771	477
18	17	4	40	10	right	left	0	7	17.032	411
18	18	4	40	10	right	right	1	9	16.636	541
18	19	4	40	10	left	left	1	8	15.968	501
18	20	4	40	10	right	right	1	8	16.807	476
18	21	4	40	10	right	right	1	10	16.584	603
18	22	4	40	10	right	right	1	10	15.528	644
18	23	4	40	10	left	left	1	8	15.414	519
18	24	4	40	10	left	left	1	8	15.414	519
18	25	4	40	10	right	right	1	13	16.291	798
18	26	4	40	10	right	right	1	10	15.898	629
18	27	4	40	10	left	left	1	8	16.985	471
18	28	4	40	10	right	right	1	18	15.652	1150
18	29	4	40	10	left	left	1	8	16.771	477
18	30	4	40	10	right	right	1	9	16.667	540
18	31	4	40	10	right	left	0	7	15.766	444
18	32	4	40	10	left	left	1	9	16.854	534
18	33	4	40	10	left	left	1	8	17.021	470
18	34	4	40	10	left	left	1	18	15.464	1164
18	35	4	40	10	right	right	1	15	15.823	948
18	36	4	40	10	right	right	1	14	15.368	911
18	37	4	40	10	left	left	1	8	15.873	504
18	38	4	40	10	left	left	1	8	15.385	520
18	39	4	40	10	left	left	1	50	15.142	3302
18	40	4	40	10	left	left	1	16	15.296	1046
19	1	4	40	10	left	left	1	16	15.549	1029
19	2	4	40	10	left	right	0	7	15.021	466
19	3	4	40	10	left	left	1	12	15.686	765
19	4	4	40	10	right	right	1	8	16.032	499
19	5	4	40	10	left	left	1	12	15.584	770
19	6	4	40	10	left	left	1	8	16.129	496
19	7	4	40	10	right	right	1	8	15.656	511
19	8	4	40	10	right	right	1	8	16.194	494
19	9	4	40	10	left	left	1	7	16.949	413
19	10	4	40	10	right	right	1	11	15.965	689
19	11	4	40	10	left	left	1	7	16.627	421
19	12	4	40	10	right	right	1	9	16.216	555
19	13	4	40	10	left	left	1	9	15.789	570
19	14	4	40	10	right	right	1	9	16.698	539
19	15	4	40	10	right	left	0	7	16.092	435
19	16	4	40	10	right	right	1	9	15.28	589
19	17	4	40	10	right	right	1	10	15.106	662
19	18	4	40	10	left	left	1	8	16.097	497
19	19	4	40	10	right	right	1	9	15.625	576
19	20	4	40	10	left	left	1	9	16.043	561
19	21	4	40	10	right	right	1	9	15.385	585
19	22	4	40	10	left	left	1	8	16.878	474
19	23	4	40	10	right	right	1	9	16.791	536
19	24	4	40	10	left	left	1	8	16.129	496
19	25	4	40	10	left	right	0	7	15.119	463
19	26	4	40	10	left	left	1	8	16.064	498
19	27	4	40	10	right	right	1	8	15.385	520
19	28	4	40	10	right	left	0	7	15.086	464
19	29	4	40	10	left	left	1	16	15.109	1059
19	30	4	40	10	right	right	1	12	15.152	792
19	31	4	40	10	right	right	1	9	16.854	534
19	32	4	40	10	right	left	0	9	16.129	558
19	33	4	40	10	left	left	1	8	16.032	499
19	34	4	40	10	left	left	1	14	16.166	866
19	35	4	40	10	left	left	1	9	16.698	539
19	36	4	40	10	right	right	1	11	16.717	658
19	37	4	40	10	left	left	1	18	15.544	1158
19	38	4	40	10	left	right	0	9	16.393	549
19	39	4	40	10	right	right	1	9	15.571	578
19	40	4	40	10	right	right	1	9	16.698	539
20	1	4	40	10	right	right	1	13	15.458	841
20	2	4	40	10	right	right	1	10	15.625	640
20	3	4	40	10	left	left	1	8	15.779	507
20	4	4	40	10	left	right	0	12	16.064	747
20	5	4	40	10	left	left	1	8	15.717	509
20	6	4	40	10	right	right	1	9	16.187	556
20	7	4	40	10	left	left	1	12	16.043	748
20	8	4	40	10	left	left	1	8	15.842	505
20	9	4	40	10	left	left	1	12	15.936	753
20	10	4	40	10	right	right	1	9	15.254	590
20	11	4	40	10	left	right	0	9	16.544	544
20	12	4	40	10	right	right	1	9	15.734	572
20	13	4	40	10	left	left	1	7	16.627	421
20	14	4	40	10	left	left	1	15	16.129	930
20	15	4	40	10	right	right	1	10	15.723	636
20	16	4	40	10	left	left	1	8	16.701	479
20	17	4	40	10	right	right	1	9	15.491	581
20	18	4	40	10	right	right	1	10	15.291	654
20	19	4	40	10	left	left	1	8	16.097	497
20	20	4	40	10	right	right	1	11	15.805	696
20	21	4	40	10	right	right	1	10	16.779	596
20	22	4	40	10	left	left	1	14	15.964	877
20	23	4	40	10	right	right	1	8	15.209	526
20	24	4	40	10	left	left	1	13	16.129	806
20	25	4	40	10	right	right	1	9	15.306	588
20	26	4	40	10	right	left	0	8	16.736	478
20	27	4	40	10	right	right	1	10	16.447	608
20	28	4	40	10	right	right	1	9	16.014	562
20	29	4	40	10	left	left	1	8	15.296	523
20	30	4	40	10	left	left	1	16	15.474	1034
20	31	4	40	10	right	right	1	9	15.228	591
20	32	4	40	10	left	right	0	9	16.791	536
20	33	4	40	10	left	left	1	9	16.886	533
20	34	4	40	10	right	right	1	10	16.103	621
20	35	4	40	10	left	left	1	8	16.162	495
20	36	4	40	10	left	left	1	8	15.686	510
20	37	4	40	10	right	right	1	13	15.682	829
20	38	4	40	10	right	left	0	6	15.464	388
20	39	4	40	10	right	right	1	11	16.248	677
20	40	4	40	10	left	right	0	8	16.913	473
21	1	4	40	10	left	left	1	8	15.842	505
21	2	4	40	10	left	left	1	7	16.204	432
21	3	4	40	10	right	right	1	12	16.194	741
21	4	4	40	10	left	left	1	7	15.284	458
21	5	4	40	10	left	left	1	11	16.369	672
21	6	4	40	10	left	right	0	10	15.924	628
21	7	4	40	10	left	left	1	11	15.214	723
21	8	4	40	10	left	left	1	8	15.873	504
21	9	4	40	10	right	right	1	9	16.575	543
21	10	4	40	10	right	right	1	13	15.796	823
21	11	4	40	10	right	right	1	10	16.287	614
21	12	4	40	10	right	right	1	9	16.071	560
21	13	4	40	10	left	left	1	11	15.625	704
21	14	4	40	10	right	right	1	9	16.636	541
21	15	4	40	10	left	left	1	9	16.423	548
21	16	4	40	10	right	right	1	9	16.636	541
21	17	4	40	10	right	right	1	8	16.771	477
21	18	4	40	10	right	left	0	11	16.296	675
21	19	4	40	10	right	right	1	10	16.556	604
21	20	4	40	10	left	left	1	11	16.058	685
21	21	4	40	10	left	left	1	13	15.169	857
21	22	4	40	10	left	left	1	9	16.76	537
21	23	4	40	10	left	left	1	8	16.667	480
21	24	4	40	10	right	right	1	11	16.418	670
21	25	4	40	10	right	right	1	8	16.327	490
21	26	4	40	10	right	right	1	16	15.489	1033
21	27	4	40	10	left	left	1	8	16.461	486
21	28	4	40	10	left	right	0	8	15.748	508
21	29	4	40	10	right	right	1	10	16.026	624
21	30	4	40	10	right	right	1	11	15.581	706
21	31	4	40	10	left	left	1	11	15.827	695
21	32	4	40	10	right	right	1	10	15.949	627
21	33	4	40	10	left	left	1	11	16.442	669
21	34	4	40	10	right	right	1	8	16.097	497
21	35	4	40	10	right	right	1	8	16.427	487
21	36	4	40	10	left	left	1	18	15.544	1158
21	37	4	40	10	right	right	1	8	15.686	510
21	38	4	40	10	left	left	1	11	15.172	725
21	39	4	40	10	right	right	1	8	15.81	506
21	40	4	40	10	left	left	1	10	15.408	649
22	1	4	40	10	right	right	1	8	15.936	502
22	2	4	40	10	right	right	1	11	15.172	725
22	3	4	40	10	left	left	1	10	16.181	618
22	4	4	40	10	left	left	1	10	16.779	596
22	5	4	40	10	left	left	1	12	16.173	742
22	6	4	40	10	left	left	1	11	16.692	659
22	7	4	40	10	right	right	1	9	15.901	566
22	8	4	40	10	left	left	1	9	16.575	543
22	9	4	40	10	left	left	1	10	16.474	607
22	10	4	40	10	right	right	1	11	15.278	720
22	11	4	40	10	right	right	1	13	15.99	813
22	12	4	40	10	left	left	1	10	16.779	596
22	13	4	40	10	right	right	1	10	15.48	646
22	14	4	40	10	left	left	1	7	15.909	440
22	15	4	40	10	left	left	1	16	15.905	1006
22	16	4	40	10	left	left	1	18	15.385	1170
22	17	4	40	10	right	right	1	9	16.245	554
22	18	4	40	10	left	left	1	10	16.835	594
22	19	4	40	10	right	right	1	9	15.544	579
22	20	4	40	10	right	right	1	17	15.568	1092
22	21	4	40	10	right	left	0	83	15.249	5443
22	22	4	40	10	right	right	1	11	16.248	677
22	23	4	40	10	left	left	1	10	16.639	601
22	24	4	40	10	left	left	1	12	15.424	778
22	25	4	40	10	left	left	1	10	16.026	624
22	26	4	40	10	right	right	1	12	16.086	746
22	27	4	40	10	right	right	1	9	15.625	576
22	28	4	40	10	right	right	1	11	15.257	721
22	29	4	40	10	right	left	0	12	15.686	765
22	30	4	40	10	right	right	1	13	15.931	816
22	31	4	40	10	right	left	0	8	15.656	511
22	32	4	40	10	left	left	1	9	15.544	579
22	33	4	40	10	left	left	1	9	15.929	565
22	34	4	40	10	right	right	1	19	15.46	1229
22	35	4	40	10	left	left	1	10	15.267	655
22	36	4	40	10	right	right	1	8	15.81	506
22	37	4	40	10	right	right	1	9	16.76	537
22	38	4	40	10	left	left	1	12	15.132	793
22	39	4	40	10	left	left	1	8	16.129	496
22	40	4	40	10	left	left	1	9	15.228	591
23	1	4	40	10	left	left	1	13	15.403	844
23	2	4	40	10	left	left	1	10	16.584	603
23	3	4	40	10	left	right	0	8	16.495	485
23	4	4	40	10	right	right	1	10	16.42	609
23	5	4	40	10	left	left	1	7	14.989	467
23	6	4	40	10	right	right	1	13	16.069	809
23	7	4	40	10	right	right	1	9	15.652	575
23	8	4	40	10	right	right	1	12	15.464	776
23	9	4	40	10	left	left	1	9	16.129	558
23	10	4	40	10	right	right	1	9	15.679	574
23	11	4	40	10	right	right	1	10	15.848	631
23	12	4	40	10	right	left	0	8	16.064	498
23	13	4	40	10	left	left	1	9	16.158	557
23	14	4	40	10	right	right	1	9	16.605	542
23	15	4	40	10	left	left	1	10	16.722	598
23	16	4	40	10	right	right	1	8	15.18	527
23	17	4	40	10	right	right	1	9	16.334	551
23	18	4	40	10	right	right	1	9	16.1	559
23	19	4	40	10	left	left	1	11	16.566	664
23	20	4	40	10	right	right	1	9	15.986	563
23	21	4	40	10	left	left	1	10	16.807	595
23	22	4	40	10	left	left	1	11	15.172	725
23	23	4	40	10	right	right	1	11	16.517	666
23	24	4	40	10	left	left	1	8	15.474	517
23	25	4	40	10	left	left	1	11	16.082	684
23	26	4	40	10	right	right	1	9	15.625	576
23	27	4	40	10	left	left	1	9	15.845	568
23	28	4	40	10	right	right	1	9	16.544	544
23	29	4	40	10	left	left	1	11	16.566	664
23	30	4	40	10	left	right	0	9	15.762	571
23	31	4	40	10	right	right	1	11	16.176	680
23	32	4	40	10	left	left	1	15	15.839	947
23	33	4	40	10	right	right	1	12	16.173	742
23	34	4	40	10	left	left	1	9	16.917	532
23	35	4	40	10	right	right	1	9	16.453	547
23	36	4	40	10	left	left	1	11	15.737	699
23	37	4	40	10	left	left	1	9	16.822	535
23	38	4	40	10	left	left	1	10	16.051	623
23	39	4	40	10	right	right	1	9	16.275	553
23	40	4	40	10	right	right	1	9	16.484	546
24	1	4	40	10	left	left	1	22	15.363	1432
24	2	4	40	10	left	left	1	11	15.471	711
24	3	4	40	10	left	left	1	10	15.748	635
24	4	4	40	10	left	right	0	10	16.103	621
24	5	4	40	10	right	right	1	9	15.306	588
24	6	4	40	10	right	right	1	8	15.717	509
24	7	4	40	10	right	right	1	10	16.34	612
24	8	4	40	10	left	left	1	10	15.291	654
24	9	4	40	10	right	right	1	8	16.913	473
24	10	4	40	10	right	right	1	9	16.334	551
24	11	4	40	10	right	right	1	13	16.25	800
24	12	4	40	10	right	right	1	12	16.349	734
24	13	4	40	10	left	left	1	9	15.762	571
24	14	4	40	10	left	left	1	9	16.667	540
24	15	4	40	10	right	right	1	9	15.957	564
24	16	4	40	10	left	left	1	9	16.393	549
24	17	4	40	10	right	right	1	12	15.345	782
24	18	4	40	10	left	left	1	10	15.528	644
24	19	4	40	10	left	left	1	8	16.701	479
24	20	4	40	10	right	right	1	9	15.929	565
24	21	4	40	10	right	right	1	9	16.636	541
24	22	4	40	10	right	right	1	10	16.313	613
24	23	4	40	10	right	right	1	8	15.18	527
24	24	4	40	10	right	right	1	10	15.873	630
24	25	4	40	10	left	left	1	9	16.043	561
24	26	4	40	10	left	left	1	8	15.123	529
24	27	4	40	10	right	right	1	10	16	625
24	28	4	40	10	right	right	1	16	15.564	1028
24	29	4	40	10	left	left	1	7	15.351	456
24	30	4	40	10	left	left	1	8	16.194	494
24	31	4	40	10	left	left	1	13	16.149	805
24	32	4	40	10	right	right	1	12	16.216	740
24	33	4	40	10	left	left	1	7	15.317	457
24	34	4	40	10	right	right	1	13	16.109	807
24	35	4	40	10	left	left	1	7	15.695	446
24	36	4	40	10	left	left	1	13	16.03	811
24	37	4	40	10	left	left	1	8	15.81	506
24	38	4	40	10	right	right	1	11	15.406	714
24	39	4	40	10	right	right	1	10	15.291	654
24	40	4	40	10	left	left	1	10	15.601	641
