
blkNum	trlNum	coherentDots	numberofDots	percentCoherence	winningDirection	response	correct	eventCount	averageFrameRate	RT
1	1	4	40	10	right	right	1	399	15.182	26281
1	2	4	40	10	left	right	0	28	15.301	1830
1	3	4	40	10	left	right	0	22	15.504	1419
1	4	4	40	10	right	left	0	24	15.758	1523
1	5	4	40	10	right	right	1	22	15.162	1451
1	6	4	40	10	right	left	0	28	15.368	1822
1	7	4	40	10	right	right	1	9	15.332	587
1	8	4	40	10	right	right	1	15	15.385	975
1	9	4	40	10	left	right	0	10	15.267	655
1	10	4	40	10	left	left	1	8	17.131	467
1	11	4	40	10	left	right	0	12	15.484	775
1	12	4	40	10	right	left	0	8	16.032	499
1	13	4	40	10	right	left	0	6	16.173	371
1	14	4	40	10	right	right	1	9	16.698	539
1	15	4	40	10	left	right	0	17	15.873	1071
1	16	4	40	10	right	left	0	9	15.986	563
1	17	4	40	10	right	right	1	16	15.702	1019
1	18	4	40	10	left	right	0	9	15.873	567
1	19	4	40	10	left	right	0	13	15.682	829
1	20	4	40	10	right	left	0	8	15.748	508
1	21	4	40	10	right	tooFast	2	3	15.957	188
1	22	4	40	10	right	left	0	61	15.152	4026
2	1	4	40	10	left	right	0	43	15.341	2803
2	2	4	40	10	left	right	0	6	16.901	355
2	3	4	40	10	right	left	0	7	15.801	443
2	4	4	40	10	left	tooFast	2	3	16.76	179
2	5	4	40	10	right	left	0	26	15.672	1659
2	6	4	40	10	right	left	0	32	15.362	2083
2	7	4	40	10	left	right	0	9	15.332	587
2	8	4	40	10	left	right	0	9	16.216	555
2	9	4	40	10	left	left	1	11	15.581	706
2	10	4	40	10	left	left	1	13	16.291	798
2	11	4	40	10	left	right	0	20	15.736	1271
2	12	4	40	10	right	left	0	12	15.248	787
2	13	4	40	10	right	right	1	7	17.327	404
2	14	4	40	10	left	right	0	8	16.701	479
2	15	4	40	10	left	left	1	7	17.032	411
2	16	4	40	10	right	left	0	10	15.456	647
2	17	4	40	10	right	right	1	8	16.293	491
2	18	4	40	10	right	right	1	13	15.205	855
2	19	4	40	10	right	right	1	8	15.905	503
2	20	4	40	10	right	right	1	10	16.26	615
2	21	4	40	10	right	right	1	8	16.393	488
2	22	4	40	10	right	right	1	7	15.909	440
2	23	4	40	10	left	right	0	7	15.625	448
2	24	4	40	10	left	left	1	8	17.094	468
2	25	4	40	10	left	left	1	8	15.873	504
2	26	4	40	10	left	left	1	8	17.204	465
2	27	4	40	10	left	left	1	9	16.605	542
2	28	4	40	10	right	left	0	7	16.241	431
2	29	4	40	10	right	right	1	6	16.173	371
2	30	4	40	10	left	right	0	7	16.548	423
2	31	4	40	10	right	left	0	7	17.032	411
2	32	4	40	10	left	tooFast	2	3	16.043	187
2	33	4	40	10	left	right	0	13	15.134	859
2	34	4	40	10	left	left	1	10	15.175	659
2	35	4	40	10	right	left	0	7	15.119	463
2	36	4	40	10	left	right	0	6	16.173	371
2	37	4	40	10	right	left	0	9	15.306	588
2	38	4	40	10	left	tooFast	2	3	15.957	188
2	39	4	40	10	left	left	1	7	16.355	428
2	40	4	40	10	right	left	0	7	16.548	423
2	41	4	40	10	right	left	0	9	15.332	587
2	42	4	40	10	left	right	0	9	16.949	531
2	43	4	40	10	right	tooFast	2	3	16.043	187
2	44	4	40	10	left	left	1	11	16.129	682
3	1	4	40	10	left	left	1	11	15.559	707
3	2	4	40	10	left	left	1	7	16.241	431
3	3	4	40	10	left	left	1	6	15.666	383
3	4	4	40	10	left	left	1	7	17.199	407
3	5	4	40	10	left	left	1	7	17.199	407
3	6	4	40	10	left	left	1	6	16	375
3	7	4	40	10	right	left	0	6	15.345	391
3	8	4	40	10	right	right	1	9	16.949	531
3	9	4	40	10	right	right	1	11	15.827	695
3	10	4	40	10	right	right	1	6	15.345	391
3	11	4	40	10	right	right	1	7	17.199	407
3	12	4	40	10	right	right	1	6	16.349	367
3	13	4	40	10	left	right	0	8	15.18	527
3	14	4	40	10	right	left	0	6	15.544	386
3	15	4	40	10	left	tooFast	2	4	16.949	236
3	16	4	40	10	left	right	0	7	16.706	419
3	17	4	40	10	right	right	1	9	15.126	595
3	18	4	40	10	right	right	1	6	16.76	358
3	19	4	40	10	left	right	0	5	15.674	319
3	20	4	40	10	left	left	1	6	15.831	379
3	21	4	40	10	right	left	0	6	16.349	367
3	22	4	40	10	right	tooFast	2	1	333.333	3
3	23	4	40	10	right	right	1	9	16.216	555
3	24	4	40	10	left	right	0	6	16	375
3	25	4	40	10	right	left	0	7	17.37	403
3	26	4	40	10	right	left	0	7	15.251	459
3	27	4	40	10	right	right	1	7	16.432	426
3	28	4	40	10	left	right	0	6	16.129	372
3	29	4	40	10	right	right	1	4	15.936	251
3	30	4	40	10	left	right	0	6	16.575	362
3	31	4	40	10	left	left	1	9	16.949	531
3	32	4	40	10	right	left	0	11	16.2	679
3	33	4	40	10	left	right	0	6	16.129	372
3	34	4	40	10	right	tooFast	2	4	16.393	244
3	35	4	40	10	left	left	1	6	15.19	395
3	36	4	40	10	left	left	1	6	15.957	376
3	37	4	40	10	left	left	1	6	16	375
3	38	4	40	10	right	left	0	6	16.043	374
3	39	4	40	10	right	right	1	7	16.746	418
3	40	4	40	10	right	right	1	5	15.337	326
3	41	4	40	10	right	right	1	5	16.556	302
3	42	4	40	10	right	right	1	6	15.385	390
3	43	4	40	10	left	right	0	6	17.143	350
3	44	4	40	10	right	left	0	4	16	250
3	45	4	40	10	left	right	0	8	17.167	466
3	46	4	40	10	right	left	0	5	17.668	283
3	47	4	40	10	right	left	0	8	15.296	523
3	48	4	40	10	right	right	1	40	15.367	2603
3	49	4	40	10	left	right	0	8	15.414	519
3	50	4	40	10	right	left	0	7	16.706	419
3	51	4	40	10	left	right	0	8	16.293	491
3	52	4	40	10	left	left	1	160	15.159	10555
4	1	4	40	10	left	right	0	75	15.334	4891
4	2	4	40	10	left	left	1	18	15.584	1155
4	3	4	40	10	left	left	1	16	15.519	1031
4	4	4	40	10	left	left	1	15	15.259	983
4	5	4	40	10	left	left	1	14	15.351	912
4	6	4	40	10	right	left	0	11	15.471	711
4	7	4	40	10	left	left	1	32	15.602	2051
4	8	4	40	10	right	right	1	25	15.557	1607
4	9	4	40	10	right	left	0	16	15.166	1055
4	10	4	40	10	left	right	0	29	15.152	1914
4	11	4	40	10	right	left	0	6	17.341	346
4	12	4	40	10	left	left	1	6	16.216	370
4	13	4	40	10	right	right	1	15	15.275	982
4	14	4	40	10	left	left	1	17	15.755	1079
4	15	4	40	10	right	right	1	12	15.171	791
4	16	4	40	10	left	left	1	12	16.327	735
4	17	4	40	10	right	right	1	14	15.368	911
4	18	4	40	10	left	left	1	19	15.847	1199
4	19	4	40	10	right	right	1	14	15.504	903
4	20	4	40	10	left	left	1	15	15.512	967
4	21	4	40	10	right	right	1	12	15.171	791
4	22	4	40	10	right	left	0	11	16.393	671
4	23	4	40	10	left	left	1	10	15.552	643
4	24	4	40	10	right	left	0	16	15.282	1047
4	25	4	40	10	right	right	1	17	15.582	1091
4	26	4	40	10	left	left	1	19	15.237	1247
4	27	4	40	10	left	right	0	25	15.713	1591
4	28	4	40	10	right	left	0	8	15.779	507
4	29	4	40	10	right	left	0	25	15.586	1604
4	30	4	40	10	left	right	0	37	15.501	2387
4	31	4	40	10	right	left	0	5	15.106	331
4	32	4	40	10	left	left	1	5	16.287	307
4	33	4	40	10	right	right	1	16	15.166	1055
4	34	4	40	10	right	left	0	16	16	1000
4	35	4	40	10	right	right	1	10	15.924	628
5	1	4	40	10	right	right	1	34	15.378	2211
5	2	4	40	10	left	left	1	16	15.166	1055
5	3	4	40	10	left	right	0	18	15.748	1143
5	4	4	40	10	left	right	0	17	15.357	1107
5	5	4	40	10	left	right	0	17	15.799	1076
5	6	4	40	10	left	left	1	6	15.19	395
5	7	4	40	10	right	left	0	8	16.985	471
5	8	4	40	10	left	right	0	7	17.032	411
5	9	4	40	10	left	left	1	4	15.444	259
5	10	4	40	10	right	left	0	9	16.822	535
5	11	4	40	10	left	right	0	30	15.283	1963
5	12	4	40	10	left	left	1	6	16.901	355
5	13	4	40	10	right	right	1	20	15.349	1303
5	14	4	40	10	right	left	0	49	15.433	3175
5	15	4	40	10	left	right	0	37	15.245	2427
5	16	4	40	10	left	right	0	20	15.221	1314
5	17	4	40	10	right	right	1	11	15.919	691
5	18	4	40	10	right	right	1	14	15.368	911
5	19	4	40	10	right	right	1	8	15.905	503
5	20	4	40	10	right	right	1	7	16.867	415
5	21	4	40	10	right	right	1	6	17.91	335
5	22	4	40	10	right	right	1	6	15.666	383
5	23	4	40	10	right	right	1	5	15.291	327
5	24	4	40	10	right	right	1	6	15.345	391
5	25	4	40	10	left	right	0	6	15.385	390
5	26	4	40	10	left	left	1	6	17.341	346
5	27	4	40	10	right	left	0	8	15.936	502
5	28	4	40	10	right	left	0	5	18.727	267
5	29	4	40	10	left	left	1	13	15.439	842
5	30	4	40	10	left	left	1	12	16	750
5	31	4	40	10	right	left	0	7	15.66	447
5	32	4	40	10	left	left	1	5	15.873	315
5	33	4	40	10	left	left	1	6	16	375
5	34	4	40	10	right	left	0	6	17.493	343
5	35	4	40	10	left	right	0	12	15.564	771
5	36	4	40	10	left	tooFast	2	4	17.021	235
5	37	4	40	10	left	right	0	16	15.702	1019
5	38	4	40	10	left	left	1	13	15.134	859
5	39	4	40	10	right	left	0	11	15.471	711
5	40	4	40	10	left	right	0	5	17.182	291
5	41	4	40	10	right	left	0	11	15.919	691
5	42	4	40	10	left	left	1	42	15.464	2716
6	1	4	40	10	left	right	0	21	15.306	1372
6	2	4	40	10	left	left	1	11	16.105	683
6	3	4	40	10	left	left	1	19	15.755	1206
6	4	4	40	10	left	left	1	11	16.591	663
6	5	4	40	10	left	left	1	9	16.575	543
6	6	4	40	10	left	left	1	6	16.349	367
6	7	4	40	10	left	left	1	6	17.094	351
6	8	4	40	10	left	left	1	8	16.701	479
6	9	4	40	10	left	left	1	7	17.544	399
6	10	4	40	10	right	left	0	7	16.867	415
6	11	4	40	10	left	left	1	26	15.231	1707
6	12	4	40	10	left	left	1	10	16.474	607
6	13	4	40	10	left	left	1	8	15.444	518
6	14	4	40	10	right	left	0	6	16.76	358
6	15	4	40	10	left	right	0	25	15.684	1594
6	16	4	40	10	right	right	1	11	16.517	666
6	17	4	40	10	right	right	1	17	15.755	1079
6	18	4	40	10	left	left	1	14	15.927	879
6	19	4	40	10	right	right	1	18	15.748	1143
6	20	4	40	10	left	left	1	12	15.81	759
6	21	4	40	10	right	right	1	10	16.26	615
6	22	4	40	10	left	left	1	7	15.66	447
6	23	4	40	10	left	right	0	6	16.713	359
6	24	4	40	10	left	right	0	11	15.214	723
6	25	4	40	10	right	right	1	33	15.486	2131
6	26	4	40	10	left	left	1	16	16.016	999
6	27	4	40	10	left	left	1	25	15.328	1631
6	28	4	40	10	left	left	1	15	15.625	960
6	29	4	40	10	right	left	0	12	15.484	775
6	30	4	40	10	left	left	1	11	15.385	715
6	31	4	40	10	right	right	1	16	15.519	1031
6	32	4	40	10	right	left	0	20	15.637	1279
6	33	4	40	10	left	left	1	15	15.448	971
6	34	4	40	10	right	right	1	13	15.205	855
6	35	4	40	10	right	left	0	15	15.907	943
6	36	4	40	10	left	right	0	12	16.238	739
6	37	4	40	10	left	right	0	4	15.936	251
6	38	4	40	10	left	right	0	39	15.36	2539
6	39	4	40	10	right	left	0	10	15.748	635
6	40	4	40	10	left	left	1	24	15.434	1555
6	41	4	40	10	right	right	1	13	15.796	823
6	42	4	40	10	right	left	0	13	16.27	799
7	1	4	40	10	left	left	1	18	15.584	1155
7	2	4	40	10	right	right	1	14	15.368	911
7	3	4	40	10	right	left	0	23	15.222	1511
7	4	4	40	10	left	left	1	15	15.839	947
7	5	4	40	10	left	left	1	15	15.512	967
7	6	4	40	10	right	left	0	9	15.437	583
7	7	4	40	10	right	right	1	11	15.559	707
7	8	4	40	10	left	left	1	13	15.644	831
7	9	4	40	10	left	left	1	23	15.551	1479
7	10	4	40	10	left	left	1	13	16.109	807
7	11	4	40	10	left	left	1	10	15.456	647
7	12	4	40	10	left	left	1	18	15.517	1160
7	13	4	40	10	left	left	1	21	15.362	1367
7	14	4	40	10	left	left	1	16	15.282	1047
7	15	4	40	10	right	left	0	12	15.979	751
7	16	4	40	10	left	right	0	13	16.189	803
7	17	4	40	10	left	left	1	18	15.371	1171
7	18	4	40	10	left	right	0	17	15.639	1087
7	19	4	40	10	left	left	1	16	15.579	1027
7	20	4	40	10	right	left	0	17	15.873	1071
7	21	4	40	10	left	right	0	9	15.986	563
7	22	4	40	10	left	left	1	12	15.248	787
7	23	4	40	10	right	left	0	13	16.109	807
7	24	4	40	10	left	left	1	9	16.453	547
7	25	4	40	10	right	left	0	8	15.905	503
7	26	4	40	10	left	left	1	13	15.569	835
7	27	4	40	10	right	right	1	13	15.951	815
7	28	4	40	10	left	left	1	10	15.267	655
7	29	4	40	10	left	left	1	17	15.302	1111
7	30	4	40	10	right	right	1	18	15.437	1166
7	31	4	40	10	right	right	1	29	15.312	1894
7	32	4	40	10	right	left	0	22	15.385	1430
7	33	4	40	10	left	right	0	28	15.393	1819
7	34	4	40	10	right	left	0	12	15.894	755
7	35	4	40	10	left	left	1	7	17.37	403
7	36	4	40	10	left	left	1	16	15.764	1015
7	37	4	40	10	right	left	0	10	16.051	623
7	38	4	40	10	left	right	0	13	15.719	827
7	39	4	40	10	right	left	0	8	16.293	491
8	1	4	40	10	right	right	1	22	15.331	1435
8	2	4	40	10	right	right	1	10	15.456	647
8	3	4	40	10	right	right	1	13	16.27	799
8	4	4	40	10	left	left	1	12	15.645	767
8	5	4	40	10	left	left	1	24	15.238	1575
8	6	4	40	10	right	right	1	29	15.633	1855
8	7	4	40	10	right	right	1	12	15.484	775
8	8	4	40	10	right	right	1	18	15.986	1126
8	9	4	40	10	left	right	0	12	15.666	766
8	10	4	40	10	right	left	0	25	15.674	1595
8	11	4	40	10	left	right	0	10	15.175	659
8	12	4	40	10	left	left	1	21	15.59	1347
8	13	4	40	10	left	left	1	22	15.816	1391
8	14	4	40	10	right	right	1	17	15.755	1079
8	15	4	40	10	left	left	1	10	15.291	654
8	16	4	40	10	right	right	1	12	15.831	758
8	17	4	40	10	left	left	1	12	16.349	734
8	18	4	40	10	left	left	1	17	15.77	1078
8	19	4	40	10	right	right	1	12	15.326	783
8	20	4	40	10	right	right	1	13	16.27	799
8	21	4	40	10	left	left	1	14	15.234	919
8	22	4	40	10	left	left	1	26	15.267	1703
8	23	4	40	10	right	right	1	23	15.467	1487
8	24	4	40	10	left	left	1	17	15.755	1079
8	25	4	40	10	left	left	1	15	16.043	935
8	26	4	40	10	right	right	1	14	16.222	863
8	27	4	40	10	left	left	1	13	15.513	838
8	28	4	40	10	left	left	1	13	15.951	815
8	29	4	40	10	left	left	1	14	15.927	879
8	30	4	40	10	left	left	1	14	16.204	864
8	31	4	40	10	left	left	1	15	15.369	976
8	32	4	40	10	right	right	1	17	15.755	1079
8	33	4	40	10	right	left	0	18	15.859	1135
8	34	4	40	10	left	right	0	65	15.319	4243
8	35	4	40	10	left	left	1	13	15.873	819
8	36	4	40	10	left	left	1	14	15.945	878
8	37	4	40	10	left	left	1	11	15.152	726
8	38	4	40	10	left	left	1	14	15.504	903
8	39	4	40	10	left	right	0	10	15.267	655
9	1	4	40	10	left	right	0	14	16.279	860
9	2	4	40	10	right	right	1	13	15.152	858
9	3	4	40	10	right	right	1	13	15.951	815
9	4	4	40	10	right	right	1	9	15.437	583
9	5	4	40	10	left	left	1	11	15.471	711
9	6	4	40	10	left	right	0	21	15.825	1327
9	7	4	40	10	right	right	1	9	15.986	563
9	8	4	40	10	right	right	1	12	16.151	743
9	9	4	40	10	right	right	1	11	15.647	703
9	10	4	40	10	left	right	0	12	15.171	791
9	11	4	40	10	right	right	1	10	16.779	596
9	12	4	40	10	right	right	1	11	15.827	695
9	13	4	40	10	left	left	1	13	16.109	807
9	14	4	40	10	right	right	1	9	15.437	583
9	15	4	40	10	left	left	1	11	16.369	672
9	16	4	40	10	left	right	0	10	16.234	616
9	17	4	40	10	right	right	1	8	16.529	484
9	18	4	40	10	left	left	1	8	15.385	520
9	19	4	40	10	right	right	1	8	16.162	495
9	20	4	40	10	right	left	0	6	16.349	367
9	21	4	40	10	right	right	1	12	15.248	787
9	22	4	40	10	right	right	1	10	15.267	655
9	23	4	40	10	right	right	1	11	15.647	703
9	24	4	40	10	left	left	1	10	16.026	624
9	25	4	40	10	right	right	1	13	15.796	823
9	26	4	40	10	left	left	1	17	15.755	1079
9	27	4	40	10	right	right	1	13	15.495	839
9	28	4	40	10	left	left	1	13	16.291	798
9	29	4	40	10	left	right	0	16	15.889	1007
9	30	4	40	10	right	right	1	13	15.873	819
9	31	4	40	10	left	left	1	13	15.495	839
9	32	4	40	10	left	left	1	14	16.222	863
9	33	4	40	10	right	right	1	11	16.012	687
9	34	4	40	10	right	left	0	11	15.131	727
9	35	4	40	10	left	right	0	8	16.563	483
9	36	4	40	10	right	right	1	8	16.032	499
9	37	4	40	10	right	right	1	15	16.043	935
9	38	4	40	10	right	right	1	10	16.077	622
9	39	4	40	10	left	right	0	10	16.287	614
9	40	4	40	10	left	left	1	11	16.492	667
9	41	4	40	10	right	right	1	10	15.848	631
9	42	4	40	10	right	right	1	12	16.484	728
9	43	4	40	10	right	right	1	12	15.209	789
9	44	4	40	10	left	left	1	15	16.043	935
9	45	4	40	10	left	left	1	13	15.951	815
9	46	4	40	10	left	left	1	14	15.504	903
9	47	4	40	10	right	left	0	12	15.979	751
9	48	4	40	10	right	right	1	9	16.698	539
9	49	4	40	10	right	right	1	11	16.591	663
10	1	4	40	10	left	left	1	11	15.537	708
10	2	4	40	10	right	right	1	13	15.476	840
10	3	4	40	10	left	left	1	12	15.171	791
10	4	4	40	10	left	left	1	14	15.368	911
10	5	4	40	10	left	left	1	10	15.649	639
10	6	4	40	10	left	left	1	8	16.162	495
10	7	4	40	10	left	left	1	9	16.1	559
10	8	4	40	10	left	left	1	11	16.012	687
10	9	4	40	10	right	right	1	11	16.393	671
10	10	4	40	10	right	right	1	11	16.591	663
10	11	4	40	10	right	right	1	12	15.504	774
10	12	4	40	10	left	left	1	12	16	750
10	13	4	40	10	right	right	1	11	15.647	703
10	14	4	40	10	left	left	1	8	15.905	503
10	15	4	40	10	right	right	1	8	16.427	487
10	16	4	40	10	left	left	1	7	16.241	431
10	17	4	40	10	right	right	1	14	15.784	887
10	18	4	40	10	right	left	0	11	15.647	703
10	19	4	40	10	right	right	1	9	15.986	563
10	20	4	40	10	left	left	1	17	15.525	1095
10	21	4	40	10	right	right	1	9	16.1	559
10	22	4	40	10	right	right	1	11	15.647	703
10	23	4	40	10	left	left	1	11	16.012	687
10	24	4	40	10	right	right	1	8	15.936	502
10	25	4	40	10	right	right	1	8	15.209	526
10	26	4	40	10	right	right	1	9	16.605	542
10	27	4	40	10	left	left	1	15	15.924	942
10	28	4	40	10	left	left	1	16	16.129	992
10	29	4	40	10	left	left	1	22	15.647	1406
10	30	4	40	10	right	right	1	14	15.251	918
10	31	4	40	10	right	right	1	18	15.625	1152
10	32	4	40	10	right	right	1	20	15.54	1287
10	33	4	40	10	right	right	1	11	16.393	671
10	34	4	40	10	left	left	1	19	15.237	1247
10	35	4	40	10	right	right	1	11	15.647	703
10	36	4	40	10	right	right	1	10	15.848	631
10	37	4	40	10	left	left	1	11	16.566	664
10	38	4	40	10	right	left	0	11	15.471	711
10	39	4	40	10	left	right	0	6	16.949	354
10	40	4	40	10	right	right	1	8	17.131	467
10	41	4	40	10	left	right	0	11	16.591	663
10	42	4	40	10	right	right	1	8	15.296	523
10	43	4	40	10	left	left	1	12	16.327	735
10	44	4	40	10	right	right	1	11	15.299	719
10	45	4	40	10	left	left	1	8	15.625	512
10	46	4	40	10	left	left	1	10	15.267	655
10	47	4	40	10	left	left	1	8	15.656	511
10	48	4	40	10	left	left	1	14	15.784	887
10	49	4	40	10	right	left	0	8	15.905	503
10	50	4	40	10	left	left	1	8	15.779	507
10	51	4	40	10	left	left	1	13	15.205	855
10	52	4	40	10	left	left	1	10	16.051	623
11	1	4	40	10	left	right	0	12	15.267	786
11	2	4	40	10	left	right	0	10	15.773	634
11	3	4	40	10	right	left	0	5	17.73	282
11	4	4	40	10	left	tooFast	2	4	17.094	234
11	5	4	40	10	left	right	0	9	16.014	562
11	6	4	40	10	right	left	0	5	16.34	306
11	7	4	40	10	right	right	1	7	16.706	419
11	8	4	40	10	right	right	1	11	16.393	671
11	9	4	40	10	right	right	1	10	16.447	608
11	10	4	40	10	left	right	0	9	16.854	534
11	11	4	40	10	right	right	1	9	15.332	587
11	12	4	40	10	left	left	1	10	16.051	623
11	13	4	40	10	left	left	1	14	16.222	863
11	14	4	40	10	right	right	1	15	15.512	967
11	15	4	40	10	right	right	1	10	16.447	608
11	16	4	40	10	left	left	1	10	15.267	655
11	17	4	40	10	left	left	1	15	16.164	928
11	18	4	40	10	right	left	0	11	15.827	695
11	19	4	40	10	left	right	0	8	16.293	491
11	20	4	40	10	left	left	1	5	18.727	267
11	21	4	40	10	right	left	0	7	15.945	439
11	22	4	40	10	right	right	1	7	17.032	411
11	23	4	40	10	left	left	1	11	15.471	711
11	24	4	40	10	right	right	1	11	16.2	679
11	25	4	40	10	right	left	0	8	15.656	511
11	26	4	40	10	right	right	1	6	15.831	379
11	27	4	40	10	left	left	1	9	15.652	575
11	28	4	40	10	right	right	1	7	15.385	455
11	29	4	40	10	right	left	0	6	16.349	367
11	30	4	40	10	left	left	1	9	16.949	531
11	31	4	40	10	left	left	1	14	15.487	904
11	32	4	40	10	left	left	1	12	15.979	751
11	33	4	40	10	right	right	1	10	16.234	616
11	34	4	40	10	right	left	0	10	16.667	600
11	35	4	40	10	left	left	1	11	15.714	700
11	36	4	40	10	left	left	1	10	15.848	631
11	37	4	40	10	right	right	1	11	16.369	672
11	38	4	40	10	right	right	1	12	15.171	791
11	39	4	40	10	left	right	0	11	15.827	695
11	40	4	40	10	right	right	1	15	15.723	954
11	41	4	40	10	right	right	1	13	16.129	806
11	42	4	40	10	left	left	1	14	15.521	902
11	43	4	40	10	right	right	1	11	15.67	702
11	44	4	40	10	right	right	1	12	15.19	790
11	45	4	40	10	right	right	1	10	15.873	630
11	46	4	40	10	right	right	1	11	16.224	678
11	47	4	40	10	left	left	1	10	15.267	655
11	48	4	40	10	right	right	1	8	16.427	487
11	49	4	40	10	right	right	1	8	16.701	479
11	50	4	40	10	right	right	1	8	16.162	495
11	51	4	40	10	left	right	0	7	17.544	399
11	52	4	40	10	right	right	1	11	15.214	723
12	1	4	40	10	right	right	1	11	15.896	692
12	2	4	40	10	left	left	1	11	16.2	679
12	3	4	40	10	left	right	0	12	16.129	744
12	4	4	40	10	left	right	0	9	15.306	588
12	5	4	40	10	right	right	1	7	15.801	443
12	6	4	40	10	right	right	1	9	15.228	591
12	7	4	40	10	right	right	1	7	16.867	415
12	8	4	40	10	right	right	1	6	16	375
12	9	4	40	10	left	right	0	5	15.674	319
12	10	4	40	10	left	left	1	6	17.291	347
12	11	4	40	10	right	left	0	8	16.985	471
12	12	4	40	10	right	right	1	7	16.092	435
12	13	4	40	10	right	left	0	10	15.848	631
12	14	4	40	10	left	right	0	5	18.727	267
12	15	4	40	10	right	right	1	5	18.182	275
12	16	4	40	10	left	right	0	6	16.349	367
12	17	4	40	10	right	left	0	8	16.563	483
12	18	4	40	10	left	tooFast	2	4	18.868	212
12	19	4	40	10	right	right	1	6	15.504	387
12	20	4	40	10	left	right	0	6	16.667	360
12	21	4	40	10	left	right	0	5	16.234	308
12	22	4	40	10	right	tooFast	2	4	16.393	244
12	23	4	40	10	right	right	1	7	15.801	443
12	24	4	40	10	left	right	0	6	17.544	342
12	25	4	40	10	right	left	0	8	16.032	499
12	26	4	40	10	right	right	1	8	15.564	514
12	27	4	40	10	right	right	1	8	15.686	510
12	28	4	40	10	right	right	1	8	15.209	526
12	29	4	40	10	left	right	0	6	15.707	382
12	30	4	40	10	left	right	0	10	16.393	610
12	31	4	40	10	right	left	0	16	15.459	1035
12	32	4	40	10	right	tooFast	2	4	19.704	203
12	33	4	40	10	right	right	1	7	16.706	419
12	34	4	40	10	right	right	1	6	15.666	383
12	35	4	40	10	right	right	1	6	15.345	391
12	36	4	40	10	right	right	1	7	15.66	447
12	37	4	40	10	left	right	0	7	15.945	439
12	38	4	40	10	right	right	1	7	16.092	435
12	39	4	40	10	left	left	1	13	15.205	855
12	40	4	40	10	right	right	1	15	15.136	991
12	41	4	40	10	right	left	0	10	15.649	639
12	42	4	40	10	right	right	1	5	15.48	323
12	43	4	40	10	left	left	1	9	15.437	583
12	44	4	40	10	left	right	0	11	16.2	679
12	45	4	40	10	right	right	1	7	15.521	451
12	46	4	40	10	left	right	0	12	15.645	767
12	47	4	40	10	right	right	1	8	16.563	483
12	48	4	40	10	right	right	1	8	16.427	487
12	49	4	40	10	left	right	0	7	16.548	423
12	50	4	40	10	left	right	0	7	16.393	427
12	51	4	40	10	left	right	0	6	17.699	339
12	52	4	40	10	right	right	1	7	16.393	427
13	1	4	40	10	right	right	1	13	15.7	828
13	2	4	40	10	right	right	1	9	16.304	552
13	3	4	40	10	right	right	1	9	15.625	576
13	4	4	40	10	right	right	1	12	16.129	744
13	5	4	40	10	right	right	1	11	15.11	728
13	6	4	40	10	right	right	1	15	15.907	943
13	7	4	40	10	right	right	1	10	16.722	598
13	8	4	40	10	right	right	1	12	16	750
13	9	4	40	10	right	right	1	12	15.504	774
13	10	4	40	10	right	right	1	10	15.674	638
13	11	4	40	10	right	right	1	10	15.48	646
13	12	4	40	10	left	left	1	13	15.222	854
13	13	4	40	10	left	left	1	17	15.888	1070
13	14	4	40	10	right	right	1	10	16.26	615
13	15	4	40	10	right	right	1	11	15.647	703
13	16	4	40	10	left	left	1	11	15.299	719
13	17	4	40	10	right	right	1	24	15.717	1527
13	18	4	40	10	right	right	1	10	15.267	655
13	19	4	40	10	left	left	1	14	16.222	863
13	20	4	40	10	right	right	1	7	15.385	455
13	21	4	40	10	right	left	0	12	15.484	775
13	22	4	40	10	right	left	0	11	15.896	692
13	23	4	40	10	right	right	1	9	15.986	563
13	24	4	40	10	right	right	1	10	16.26	615
13	25	4	40	10	left	left	1	14	15.234	919
13	26	4	40	10	left	left	1	10	15.244	656
13	27	4	40	10	right	right	1	10	16.694	599
13	28	4	40	10	right	right	1	12	15.81	759
13	29	4	40	10	right	right	1	10	16.694	599
13	30	4	40	10	right	right	1	13	15.951	815
13	31	4	40	10	right	right	1	15	15.512	967
13	32	4	40	10	left	right	0	12	16.151	743
13	33	4	40	10	right	right	1	11	16.492	667
13	34	4	40	10	left	left	1	14	15.504	903
13	35	4	40	10	right	right	1	14	15.927	879
13	36	4	40	10	left	left	1	13	15.495	839
13	37	4	40	10	left	left	1	11	16.2	679
13	38	4	40	10	right	right	1	11	16.012	687
13	39	4	40	10	left	left	1	10	15.432	648
13	40	4	40	10	right	right	1	8	16.129	496
13	41	4	40	10	left	left	1	7	16.204	432
13	42	4	40	10	left	right	0	11	16.369	672
13	43	4	40	10	left	right	0	10	16.181	618
13	44	4	40	10	right	right	1	8	16.842	475
13	45	4	40	10	right	right	1	11	16.566	664
13	46	4	40	10	left	left	1	8	15.656	511
13	47	4	40	10	right	right	1	12	16	750
13	48	4	40	10	right	right	1	10	16.722	598
13	49	4	40	10	left	left	1	11	15.67	702
13	50	4	40	10	right	right	1	8	15.686	510
13	51	4	40	10	right	left	0	7	17.544	399
13	52	4	40	10	left	right	0	9	15.571	578
14	1	4	40	10	right	right	1	12	15.727	763
14	2	4	40	10	left	right	0	14	16.073	871
14	3	4	40	10	left	right	0	6	15.831	379
14	4	4	40	10	right	right	1	5	18.727	267
14	5	4	40	10	left	left	1	11	15.647	703
14	6	4	40	10	right	right	1	8	16.427	487
14	7	4	40	10	right	right	1	11	16.591	663
14	8	4	40	10	right	right	1	9	16.334	551
14	9	4	40	10	left	left	1	12	16.151	743
14	10	4	40	10	right	right	1	8	15.385	520
14	11	4	40	10	left	left	1	9	16.275	553
14	12	4	40	10	left	left	1	10	16.26	615
14	13	4	40	10	left	left	1	10	16.694	599
14	14	4	40	10	right	right	1	11	16.591	663
14	15	4	40	10	right	left	0	8	15.905	503
14	16	4	40	10	right	left	0	10	16.155	619
14	17	4	40	10	left	left	1	11	15.385	715
14	18	4	40	10	left	left	1	11	16.2	679
14	19	4	40	10	left	left	1	10	16.42	609
14	20	4	40	10	right	right	1	11	15.131	727
14	21	4	40	10	right	right	1	10	16.474	607
14	22	4	40	10	left	right	0	9	15.228	591
14	23	4	40	10	right	right	1	12	15.894	755
14	24	4	40	10	left	left	1	11	15.647	703
14	25	4	40	10	right	right	1	9	16.334	551
14	26	4	40	10	left	left	1	9	16.1	559
14	27	4	40	10	left	left	1	13	15.495	839
14	28	4	40	10	left	left	1	11	16.012	687
14	29	4	40	10	right	right	1	11	15.647	703
14	30	4	40	10	left	left	1	10	16.694	599
14	31	4	40	10	left	left	1	11	16.566	664
14	32	4	40	10	right	right	1	9	15.652	575
14	33	4	40	10	left	right	0	11	16.393	671
14	34	4	40	10	right	right	1	8	17.167	466
14	35	4	40	10	right	right	1	10	15.873	630
14	36	4	40	10	right	right	1	10	15.674	638
14	37	4	40	10	right	right	1	11	15.85	694
14	38	4	40	10	right	right	1	10	15.873	630
14	39	4	40	10	left	right	0	11	15.647	703
14	40	4	40	10	left	left	1	10	16.584	603
14	41	4	40	10	left	left	1	27	15.634	1727
14	42	4	40	10	right	right	1	11	15.647	703
14	43	4	40	10	left	left	1	10	15.267	655
14	44	4	40	10	right	right	1	9	16.1	559
14	45	4	40	10	left	left	1	9	15.437	583
14	46	4	40	10	left	left	1	12	15.326	783
14	47	4	40	10	right	right	1	15	15.385	975
14	48	4	40	10	right	right	1	9	16.1	559
14	49	4	40	10	left	left	1	9	15.652	575
14	50	4	40	10	right	right	1	9	15.437	583
14	51	4	40	10	right	right	1	10	16.234	616
14	52	4	40	10	right	right	1	9	15.625	576
14	53	4	40	10	left	right	0	10	15.848	631
14	54	4	40	10	left	left	1	8	15.779	507
15	1	4	40	10	right	right	1	12	15.873	756
15	2	4	40	10	left	right	0	11	15.131	727
15	3	4	40	10	left	right	0	8	16.842	475
15	4	4	40	10	right	right	1	12	16.064	747
15	5	4	40	10	left	left	1	12	15.979	751
15	6	4	40	10	right	right	1	11	15.827	695
15	7	4	40	10	left	left	1	9	15.652	575
15	8	4	40	10	right	right	1	8	15.18	527
15	9	4	40	10	right	right	1	9	16.1	559
15	10	4	40	10	right	right	1	8	16.701	479
15	11	4	40	10	left	left	1	11	15.827	695
15	12	4	40	10	right	right	1	10	16.694	599
15	13	4	40	10	left	right	0	8	15.18	527
15	14	4	40	10	left	left	1	9	15.517	580
15	15	4	40	10	right	right	1	9	16.129	558
15	16	4	40	10	left	left	1	10	16.077	622
15	17	4	40	10	right	right	1	8	17.021	470
15	18	4	40	10	right	left	0	7	15.695	446
15	19	4	40	10	right	right	1	9	16.729	538
15	20	4	40	10	right	right	1	8	15.444	518
15	21	4	40	10	left	right	0	10	16.26	615
15	22	4	40	10	left	right	0	7	15.521	451
15	23	4	40	10	right	right	1	8	15.534	515
15	24	4	40	10	left	left	1	9	16.1	559
15	25	4	40	10	left	left	1	11	16.2	679
15	26	4	40	10	left	right	0	10	16.051	623
15	27	4	40	10	right	right	1	10	16.367	611
15	28	4	40	10	right	right	1	10	16.26	615
15	29	4	40	10	left	right	0	8	17.279	463
15	30	4	40	10	right	right	1	15	15.839	947
15	31	4	40	10	right	right	1	10	16.474	607
15	32	4	40	10	left	left	1	9	16.1	559
15	33	4	40	10	left	left	1	9	15.873	567
15	34	4	40	10	left	left	1	11	16.566	664
15	35	4	40	10	left	left	1	11	16.566	664
15	36	4	40	10	right	right	1	9	16.304	552
15	37	4	40	10	right	right	1	18	15.424	1167
15	38	4	40	10	left	left	1	54	15.38	3511
15	39	4	40	10	right	right	1	12	15.979	751
15	40	4	40	10	right	right	1	11	16.2	679
15	41	4	40	10	left	left	1	12	15.484	775
15	42	4	40	10	left	left	1	23	15.808	1455
15	43	4	40	10	left	right	0	10	15.848	631
15	44	4	40	10	left	right	0	15	15.707	955
15	45	4	40	10	left	right	0	9	15.986	563
15	46	4	40	10	left	left	1	12	16.238	739
15	47	4	40	10	right	right	1	12	15.979	751
15	48	4	40	10	left	left	1	13	15.205	855
15	49	4	40	10	left	left	1	25	15.253	1639
16	1	4	40	10	right	right	1	12	15.564	771
16	2	4	40	10	right	right	1	27	15.716	1718
16	3	4	40	10	right	right	1	9	16.1	559
16	4	4	40	10	left	left	1	7	15.66	447
16	5	4	40	10	right	right	1	9	15.228	591
16	6	4	40	10	left	left	1	11	16.2	679
16	7	4	40	10	left	left	1	8	15.18	527
16	8	4	40	10	right	right	1	9	15.228	591
16	9	4	40	10	left	left	1	9	16.575	543
16	10	4	40	10	right	right	1	7	15.119	463
16	11	4	40	10	right	left	0	7	16.867	415
16	12	4	40	10	right	left	0	6	15.19	395
16	13	4	40	10	right	right	1	7	16.092	435
16	14	4	40	10	left	left	1	9	16.334	551
16	15	4	40	10	right	left	0	10	16.051	623
16	16	4	40	10	right	right	1	11	15.737	699
16	17	4	40	10	left	left	1	8	15.625	512
16	18	4	40	10	left	left	1	9	15.845	568
16	19	4	40	10	left	left	1	8	15.905	503
16	20	4	40	10	left	left	1	8	15.656	511
16	21	4	40	10	right	left	0	9	16.822	535
16	22	4	40	10	left	left	1	9	16.216	555
16	23	4	40	10	left	left	1	9	16.822	535
16	24	4	40	10	right	right	1	8	16.162	495
16	25	4	40	10	left	left	1	8	15.414	519
16	26	4	40	10	right	right	1	8	15.18	527
16	27	4	40	10	left	left	1	7	17.199	407
16	28	4	40	10	left	left	1	9	15.228	591
16	29	4	40	10	left	right	0	7	15.945	439
16	30	4	40	10	left	right	0	8	16.293	491
16	31	4	40	10	left	right	0	9	16.698	539
16	32	4	40	10	right	right	1	13	16.373	794
16	33	4	40	10	right	right	1	15	15.385	975
16	34	4	40	10	right	right	1	9	15.228	591
16	35	4	40	10	right	right	1	8	16.701	479
16	36	4	40	10	left	left	1	9	16.1	559
16	37	4	40	10	left	left	1	10	16.694	599
16	38	4	40	10	left	left	1	13	16.291	798
16	39	4	40	10	right	left	0	11	15.647	703
16	40	4	40	10	right	right	1	8	17.021	470
16	41	4	40	10	left	left	1	9	16.886	533
16	42	4	40	10	left	left	1	13	15.815	822
16	43	4	40	10	right	right	1	15	15.4	974
16	44	4	40	10	right	right	1	10	16.313	613
16	45	4	40	10	right	right	1	10	16.051	623
16	46	4	40	10	left	left	1	15	15.512	967
16	47	4	40	10	right	right	1	10	15.267	655
16	48	4	40	10	right	right	1	15	15.773	951
16	49	4	40	10	left	left	1	10	15.456	647
16	50	4	40	10	left	right	0	9	15.873	567
16	51	4	40	10	right	right	1	8	16.563	483
16	52	4	40	10	left	left	1	10	15.456	647
16	53	4	40	10	right	left	0	10	16.474	607
16	54	4	40	10	right	right	1	10	15.361	651
17	1	4	40	10	right	right	1	15	15.957	940
17	2	4	40	10	right	right	1	10	16.474	607
17	3	4	40	10	left	left	1	16	15.64	1023
17	4	4	40	10	right	right	1	9	15.203	592
17	5	4	40	10	left	left	1	12	16.327	735
17	6	4	40	10	right	left	0	13	15.205	855
17	7	4	40	10	left	left	1	9	15.986	563
17	8	4	40	10	right	right	1	9	16.334	551
17	9	4	40	10	left	left	1	7	15.119	463
17	10	4	40	10	right	right	1	8	15.656	511
17	11	4	40	10	right	right	1	10	16.474	607
17	12	4	40	10	right	right	1	9	15.254	590
17	13	4	40	10	right	right	1	10	16.694	599
17	14	4	40	10	right	right	1	9	15.652	575
17	15	4	40	10	left	left	1	12	15.645	767
17	16	4	40	10	left	left	1	11	16.393	671
17	17	4	40	10	right	right	1	8	15.625	512
17	18	4	40	10	left	left	1	9	16.822	535
17	19	4	40	10	left	left	1	11	15.278	720
17	20	4	40	10	left	right	0	9	16.575	543
17	21	4	40	10	right	right	1	16	15.444	1036
17	22	4	40	10	right	right	1	14	15.504	903
17	23	4	40	10	left	right	0	16	16.032	998
17	24	4	40	10	right	right	1	11	16.517	666
17	25	4	40	10	left	left	1	9	16.364	550
17	26	4	40	10	left	left	1	9	15.228	591
17	27	4	40	10	left	right	0	8	15.656	511
17	28	4	40	10	right	right	1	7	15.801	443
17	29	4	40	10	left	left	1	9	16.334	551
17	30	4	40	10	left	left	1	12	16.327	735
17	31	4	40	10	left	left	1	10	16.694	599
17	32	4	40	10	right	right	1	11	16.591	663
17	33	4	40	10	right	left	0	9	16.822	535
17	34	4	40	10	right	left	0	11	16.105	683
17	35	4	40	10	left	left	1	9	15.306	588
17	36	4	40	10	right	right	1	9	15.652	575
17	37	4	40	10	right	right	1	18	15.748	1143
17	38	4	40	10	right	right	1	12	15.645	767
17	39	4	40	10	right	right	1	12	15.326	783
17	40	4	40	10	right	right	1	12	15.957	752
17	41	4	40	10	right	right	1	11	15.805	696
17	42	4	40	10	right	right	1	10	15.823	632
17	43	4	40	10	left	left	1	11	15.827	695
17	44	4	40	10	right	left	0	14	15.784	887
17	45	4	40	10	left	right	0	6	16.529	363
17	46	4	40	10	left	right	0	6	16.173	371
17	47	4	40	10	left	right	0	11	15.214	723
17	48	4	40	10	left	left	1	33	15.313	2155
17	49	4	40	10	right	right	1	12	15.831	758
17	50	4	40	10	right	right	1	11	16.224	678
18	1	4	40	10	right	right	1	14	15.436	907
18	2	4	40	10	left	right	0	8	16.667	480
18	3	4	40	10	left	right	0	8	15.779	507
18	4	4	40	10	right	right	1	8	15.534	515
18	5	4	40	10	right	right	1	10	16.26	615
18	6	4	40	10	left	right	0	10	16.722	598
18	7	4	40	10	right	right	1	14	15.573	899
18	8	4	40	10	left	left	1	10	16.502	606
18	9	4	40	10	left	right	0	12	15.81	759
18	10	4	40	10	left	right	0	8	16.293	491
18	11	4	40	10	right	right	1	8	15.779	507
18	12	4	40	10	left	left	1	9	16.822	535
18	13	4	40	10	left	left	1	14	16.073	871
18	14	4	40	10	right	right	1	12	15.979	751
18	15	4	40	10	right	right	1	15	15.136	991
18	16	4	40	10	left	left	1	11	16.591	663
18	17	4	40	10	right	right	1	9	15.652	575
18	18	4	40	10	left	left	1	9	16.575	543
18	19	4	40	10	right	right	1	8	15.656	511
18	20	4	40	10	right	right	1	10	15.649	639
18	21	4	40	10	right	right	1	11	15.299	719
18	22	4	40	10	left	left	1	11	16.393	671
18	23	4	40	10	left	right	0	12	15.789	760
18	24	4	40	10	left	right	0	12	16.393	732
18	25	4	40	10	left	right	0	12	16.064	747
18	26	4	40	10	right	right	1	9	15.126	595
18	27	4	40	10	right	left	0	12	15.645	767
18	28	4	40	10	right	right	1	9	16.698	539
18	29	4	40	10	left	left	1	14	15.504	903
18	30	4	40	10	left	right	0	7	15.66	447
18	31	4	40	10	left	right	0	7	15.521	451
18	32	4	40	10	left	left	1	14	16.018	874
18	33	4	40	10	right	right	1	11	15.152	726
18	34	4	40	10	left	left	1	9	15.652	575
18	35	4	40	10	left	left	1	10	15.456	647
18	36	4	40	10	left	right	0	10	15.823	632
18	37	4	40	10	right	right	1	11	15.363	716
18	38	4	40	10	left	left	1	15	15.496	968
18	39	4	40	10	right	right	1	11	15.827	695
18	40	4	40	10	left	left	1	9	15.228	591
18	41	4	40	10	right	right	1	9	15.873	567
18	42	4	40	10	right	right	1	11	15.32	718
18	43	4	40	10	right	right	1	12	15.345	782
18	44	4	40	10	left	right	0	20	15.361	1302
18	45	4	40	10	left	left	1	11	15.235	722
18	46	4	40	10	left	right	0	16	15.414	1038
18	47	4	40	10	right	right	1	7	15.521	451
18	48	4	40	10	right	right	1	11	16.591	663
18	49	4	40	10	right	right	1	11	15.471	711
19	1	4	40	10	left	right	0	21	15.217	1380
19	2	4	40	10	left	left	1	14	15.573	899
19	3	4	40	10	right	right	1	9	16.822	535
19	4	4	40	10	right	right	1	9	16.854	534
19	5	4	40	10	right	right	1	9	16.575	543
19	6	4	40	10	right	right	1	9	16.334	551
19	7	4	40	10	left	right	0	10	16.26	615
19	8	4	40	10	left	right	0	6	16.529	363
19	9	4	40	10	left	right	0	5	15.873	315
19	10	4	40	10	right	right	1	8	15.779	507
19	11	4	40	10	right	right	1	12	15.979	751
19	12	4	40	10	right	right	1	12	16.151	743
19	13	4	40	10	right	right	1	10	15.456	647
19	14	4	40	10	right	right	1	11	15.299	719
19	15	4	40	10	left	left	1	11	15.131	727
19	16	4	40	10	left	left	1	18	15.319	1175
19	17	4	40	10	right	right	1	10	15.456	647
19	18	4	40	10	left	left	1	15	15.773	951
19	19	4	40	10	right	right	1	14	16.055	872
19	20	4	40	10	left	left	1	24	15.779	1521
19	21	4	40	10	left	left	1	11	16.012	687
19	22	4	40	10	right	right	1	10	15.244	656
19	23	4	40	10	left	left	1	10	15.456	647
19	24	4	40	10	left	left	1	12	16.327	735
19	25	4	40	10	left	right	0	11	15.278	720
19	26	4	40	10	left	left	1	11	15.759	698
19	27	4	40	10	left	right	0	15	15.789	950
19	28	4	40	10	left	right	0	18	15.707	1146
19	29	4	40	10	left	left	1	17	15.829	1074
19	30	4	40	10	right	right	1	11	16.591	663
19	31	4	40	10	left	left	1	11	16.591	663
19	32	4	40	10	right	left	0	11	15.471	711
19	33	4	40	10	right	right	1	16	15.702	1019
19	34	4	40	10	left	left	1	21	15.825	1327
19	35	4	40	10	right	right	1	10	15.848	631
19	36	4	40	10	left	left	1	8	16.701	479
19	37	4	40	10	right	right	1	13	15.495	839
19	38	4	40	10	right	right	1	11	15.827	695
19	39	4	40	10	left	left	1	15	16.043	935
19	40	4	40	10	left	left	1	20	15.256	1311
19	41	4	40	10	left	left	1	13	15.366	846
19	42	4	40	10	right	left	0	13	16.27	799
19	43	4	40	10	left	left	1	11	15.737	699
19	44	4	40	10	right	right	1	13	15.971	814
19	45	4	40	10	left	left	1	11	15.471	711
19	46	4	40	10	right	right	1	10	16.722	598
19	47	4	40	10	right	right	1	15	15.907	943
20	1	4	40	10	left	right	0	68	15.305	4443
20	2	4	40	10	left	right	0	12	15.248	787
20	3	4	40	10	left	left	1	7	16.706	419
20	4	4	40	10	right	right	1	10	15.456	647
20	5	4	40	10	left	right	0	9	15.652	575
20	6	4	40	10	right	right	1	8	16.842	475
20	7	4	40	10	left	left	1	8	16.427	487
20	8	4	40	10	right	right	1	9	15.873	567
20	9	4	40	10	right	left	0	8	15.18	527
20	10	4	40	10	left	left	1	10	15.361	651
20	11	4	40	10	right	right	1	14	16.222	863
20	12	4	40	10	left	left	1	11	15.647	703
20	13	4	40	10	left	left	1	16	15.282	1047
20	14	4	40	10	right	right	1	11	15.827	695
20	15	4	40	10	right	right	1	13	15.951	815
20	16	4	40	10	left	left	1	10	16.722	598
20	17	4	40	10	left	left	1	12	15.645	767
20	18	4	40	10	right	right	1	9	15.228	591
20	19	4	40	10	left	left	1	9	16.822	535
20	20	4	40	10	left	left	1	13	15.495	839
20	21	4	40	10	right	right	1	13	15.495	839
20	22	4	40	10	left	left	1	10	15.848	631
20	23	4	40	10	left	right	0	11	15.131	727
20	24	4	40	10	right	right	1	13	15.719	827
20	25	4	40	10	left	left	1	10	15.456	647
20	26	4	40	10	left	left	1	12	15.171	791
20	27	4	40	10	left	left	1	15	16.043	935
20	28	4	40	10	left	left	1	12	15.645	767
20	29	4	40	10	left	left	1	16	15.764	1015
20	30	4	40	10	right	right	1	11	15.827	695
20	31	4	40	10	left	left	1	12	16.129	744
20	32	4	40	10	left	left	1	11	16.591	663
20	33	4	40	10	right	right	1	13	15.33	848
20	34	4	40	10	left	left	1	10	16.447	608
20	35	4	40	10	left	left	1	12	15.81	759
20	36	4	40	10	left	left	1	9	16.129	558
20	37	4	40	10	left	left	1	14	15.521	902
20	38	4	40	10	left	left	1	13	15.222	854
20	39	4	40	10	left	left	1	11	15.152	726
20	40	4	40	10	left	left	1	10	15.48	646
20	41	4	40	10	right	right	1	13	15.815	822
20	42	4	40	10	left	left	1	10	16.287	614
20	43	4	40	10	right	right	1	13	15.495	839
20	44	4	40	10	left	left	1	13	16.109	807
20	45	4	40	10	right	right	1	9	15.228	591
20	46	4	40	10	right	right	1	10	16.026	624
20	47	4	40	10	right	right	1	13	15.348	847
20	48	4	40	10	left	left	1	12	16.151	743
20	49	4	40	10	left	left	1	11	15.647	703
21	1	4	40	10	right	right	1	14	15.301	915
21	2	4	40	10	right	right	1	9	15.873	567
21	3	4	40	10	right	right	1	8	15.18	527
21	4	4	40	10	left	right	0	9	16.575	543
21	5	4	40	10	right	right	1	10	15.175	659
21	6	4	40	10	right	right	1	9	16.822	535
21	7	4	40	10	left	left	1	11	15.131	727
21	8	4	40	10	right	right	1	8	15.414	519
21	9	4	40	10	left	left	1	12	15.171	791
21	10	4	40	10	left	left	1	18	15.639	1151
21	11	4	40	10	left	left	1	18	15.319	1175
21	12	4	40	10	left	left	1	13	16.27	799
21	13	4	40	10	left	left	1	14	16.073	871
21	14	4	40	10	right	right	1	10	15.432	648
21	15	4	40	10	right	right	1	15	16.164	928
21	16	4	40	10	right	right	1	11	15.131	727
21	17	4	40	10	left	right	0	11	16.176	680
21	18	4	40	10	right	right	1	10	15.337	652
21	19	4	40	10	left	left	1	9	15.411	584
21	20	4	40	10	left	right	0	8	15.444	518
21	21	4	40	10	left	left	1	11	15.919	691
21	22	4	40	10	left	left	1	23	15.395	1494
21	23	4	40	10	left	left	1	15	16.181	927
21	24	4	40	10	right	right	1	13	15.366	846
21	25	4	40	10	right	right	1	12	16.349	734
21	26	4	40	10	left	left	1	11	16.418	670
21	27	4	40	10	right	right	1	15	15.907	943
21	28	4	40	10	left	left	1	9	15.437	583
21	29	4	40	10	right	right	1	10	16.694	599
21	30	4	40	10	right	right	1	11	16.393	671
21	31	4	40	10	left	left	1	11	15.827	695
21	32	4	40	10	right	right	1	10	15.267	655
21	33	4	40	10	left	left	1	11	15.131	727
21	34	4	40	10	left	left	1	13	15.951	815
21	35	4	40	10	right	right	1	10	15.267	655
21	36	4	40	10	right	right	1	10	15.267	655
21	37	4	40	10	left	right	0	11	15.471	711
21	38	4	40	10	right	right	1	8	16.842	475
21	39	4	40	10	left	right	0	8	15.905	503
21	40	4	40	10	left	right	0	8	16.064	498
21	41	4	40	10	left	left	1	17	15.582	1091
21	42	4	40	10	left	left	1	16	15.166	1055
21	43	4	40	10	left	left	1	18	15.859	1135
21	44	4	40	10	left	left	1	13	15.495	839
21	45	4	40	10	right	right	1	39	15.482	2519
21	46	4	40	10	left	left	1	11	15.647	703
21	47	4	40	10	right	right	1	24	15.394	1559
21	48	4	40	10	right	right	1	27	15.28	1767
22	1	4	40	10	right	right	1	21	15.217	1380
22	2	4	40	10	left	left	1	14	15.504	903
22	3	4	40	10	right	right	1	9	16.854	534
22	4	4	40	10	left	left	1	8	17.021	470
22	5	4	40	10	right	right	1	8	17.021	470
22	6	4	40	10	right	left	0	8	15.686	510
22	7	4	40	10	right	right	1	14	15.59	898
22	8	4	40	10	right	right	1	15	15.275	982
22	9	4	40	10	left	left	1	11	15.827	695
22	10	4	40	10	left	right	0	9	15.228	591
22	11	4	40	10	right	right	1	12	15.248	787
22	12	4	40	10	right	right	1	9	16.822	535
22	13	4	40	10	right	right	1	8	15.18	527
22	14	4	40	10	right	right	1	12	15.171	791
22	15	4	40	10	left	left	1	12	16.327	735
22	16	4	40	10	left	left	1	12	15.645	767
22	17	4	40	10	right	right	1	11	16.393	671
22	18	4	40	10	right	right	1	10	15.456	647
22	19	4	40	10	right	right	1	10	15.848	631
22	20	4	40	10	right	right	1	12	16.327	735
22	21	4	40	10	right	right	1	11	16.566	664
22	22	4	40	10	right	right	1	9	15.652	575
22	23	4	40	10	left	left	1	13	15.931	816
22	24	4	40	10	left	left	1	12	16.484	728
22	25	4	40	10	right	right	1	11	16.418	670
22	26	4	40	10	right	right	1	17	15.992	1063
22	27	4	40	10	left	left	1	12	15.171	791
22	28	4	40	10	right	right	1	9	15.437	583
22	29	4	40	10	left	left	1	9	16.1	559
22	30	4	40	10	left	left	1	12	15.979	751
22	31	4	40	10	right	right	1	9	15.437	583
22	32	4	40	10	right	right	1	9	15.437	583
22	33	4	40	10	right	left	0	9	16.575	543
22	34	4	40	10	right	right	1	9	16.949	531
22	35	4	40	10	left	left	1	10	16.26	615
22	36	4	40	10	left	left	1	9	15.437	583
22	37	4	40	10	left	right	0	8	16.701	479
22	38	4	40	10	right	right	1	12	16.393	732
22	39	4	40	10	right	right	1	10	15.625	640
22	40	4	40	10	left	left	1	10	16.447	608
22	41	4	40	10	right	right	1	8	16.129	496
22	42	4	40	10	right	left	0	11	15.625	704
22	43	4	40	10	right	right	1	19	15.69	1211
22	44	4	40	10	right	right	1	11	15.32	718
22	45	4	40	10	left	left	1	26	15.205	1710
22	46	4	40	10	left	left	1	13	15.513	838
22	47	4	40	10	right	right	1	11	15.85	694
22	48	4	40	10	right	right	1	16	15.296	1046
22	49	4	40	10	left	left	1	11	15.152	726
22	50	4	40	10	right	right	1	11	15.299	719
22	51	4	40	10	right	right	1	11	15.299	719
22	52	4	40	10	right	right	1	12	16.327	735
23	1	4	40	10	right	right	1	16	15.686	1020
23	2	4	40	10	right	right	1	15	15.385	975
23	3	4	40	10	left	right	0	8	15.18	527
23	4	4	40	10	left	left	1	13	15.276	851
23	5	4	40	10	right	right	1	12	16.461	729
23	6	4	40	10	right	right	1	11	16.616	662
23	7	4	40	10	left	left	1	12	16.484	728
23	8	4	40	10	left	right	0	11	16.442	669
23	9	4	40	10	right	right	1	10	16.584	603
23	10	4	40	10	right	right	1	8	15.18	527
23	11	4	40	10	left	left	1	10	16.474	607
23	12	4	40	10	left	left	1	11	16.012	687
23	13	4	40	10	right	right	1	10	16.26	615
23	14	4	40	10	left	left	1	10	16.051	623
23	15	4	40	10	right	right	1	9	15.228	591
23	16	4	40	10	left	left	1	8	16.162	495
23	17	4	40	10	right	right	1	10	16.26	615
23	18	4	40	10	left	left	1	8	15.905	503
23	19	4	40	10	left	left	1	10	16.474	607
23	20	4	40	10	right	right	1	9	15.845	568
23	21	4	40	10	left	left	1	9	15.437	583
23	22	4	40	10	left	left	1	10	16.234	616
23	23	4	40	10	right	right	1	10	16.474	607
23	24	4	40	10	left	left	1	9	16.1	559
23	25	4	40	10	right	left	0	10	16.234	616
23	26	4	40	10	left	left	1	9	15.332	587
23	27	4	40	10	right	right	1	8	16.393	488
23	28	4	40	10	left	left	1	8	15.656	511
23	29	4	40	10	right	right	1	8	15.209	526
23	30	4	40	10	right	right	1	11	15.85	694
23	31	4	40	10	right	right	1	10	15.291	654
23	32	4	40	10	right	right	1	10	15.674	638
23	33	4	40	10	left	left	1	15	16.181	927
23	34	4	40	10	left	left	1	13	15.971	814
23	35	4	40	10	right	right	1	14	15.927	879
23	36	4	40	10	right	right	1	16	15.385	1040
23	37	4	40	10	right	right	1	10	15.456	647
23	38	4	40	10	right	right	1	9	15.254	590
23	39	4	40	10	left	left	1	12	15.326	783
23	40	4	40	10	right	right	1	8	16.427	487
23	41	4	40	10	right	left	0	15	16.181	927
23	42	4	40	10	left	left	1	12	15.727	763
23	43	4	40	10	left	left	1	15	15.136	991
23	44	4	40	10	right	right	1	9	15.652	575
23	45	4	40	10	left	left	1	8	15.18	527
23	46	4	40	10	right	right	1	9	16.334	551
23	47	4	40	10	left	left	1	12	15.484	775
23	48	4	40	10	right	right	1	8	15.625	512
23	49	4	40	10	left	left	1	10	16.051	623
23	50	4	40	10	left	right	0	9	15.437	583
23	51	4	40	10	right	right	1	8	16.563	483
23	52	4	40	10	right	left	0	9	16.575	543
23	53	4	40	10	left	left	1	10	16.584	603
23	54	4	40	10	right	right	1	9	16.1	559
24	1	4	40	10	right	right	1	13	16.01	812
24	2	4	40	10	right	right	1	7	15.385	455
24	3	4	40	10	right	right	1	7	16.241	431
24	4	4	40	10	left	right	0	6	17.094	351
24	5	4	40	10	right	right	1	6	16.173	371
24	6	4	40	10	left	right	0	9	15.437	583
24	7	4	40	10	right	right	1	6	17.699	339
24	8	4	40	10	right	left	0	7	17.5	400
24	9	4	40	10	left	right	0	5	15.106	331
24	10	4	40	10	left	right	0	9	15.544	579
24	11	4	40	10	left	left	1	11	16.517	666
24	12	4	40	10	left	left	1	13	15.513	838
24	13	4	40	10	right	right	1	11	15.85	694
24	14	4	40	10	left	left	1	8	15.209	526
24	15	4	40	10	left	left	1	12	15.666	766
24	16	4	40	10	right	right	1	8	15.444	518
24	17	4	40	10	left	left	1	9	16.575	543
24	18	4	40	10	left	right	0	11	15.471	711
24	19	4	40	10	left	left	1	9	15.544	579
24	20	4	40	10	left	left	1	14	15.234	919
24	21	4	40	10	right	left	0	9	16.575	543
24	22	4	40	10	right	left	0	6	15.831	379
24	23	4	40	10	right	right	1	13	15.421	843
24	24	4	40	10	left	left	1	13	15.796	823
24	25	4	40	10	left	left	1	11	15.131	727
24	26	4	40	10	right	right	1	10	15.267	655
24	27	4	40	10	left	left	1	10	16.26	615
24	28	4	40	10	left	right	0	10	15.649	639
24	29	4	40	10	right	right	1	9	16.667	540
24	30	4	40	10	left	left	1	10	15.244	656
24	31	4	40	10	right	right	1	10	15.267	655
24	32	4	40	10	right	right	1	10	16.474	607
24	33	4	40	10	right	right	1	10	15.267	655
24	34	4	40	10	right	right	1	9	16.1	559
24	35	4	40	10	left	right	0	10	15.649	639
24	36	4	40	10	right	right	1	9	16.453	547
24	37	4	40	10	right	right	1	11	16.591	663
24	38	4	40	10	left	left	1	10	16.26	615
24	39	4	40	10	left	right	0	10	15.848	631
24	40	4	40	10	right	right	1	8	16.293	491
24	41	4	40	10	left	left	1	8	15.18	527
24	42	4	40	10	left	left	1	11	15.647	703
24	43	4	40	10	left	left	1	10	16.051	623
24	44	4	40	10	right	right	1	8	15.385	520
24	45	4	40	10	left	left	1	10	15.823	632
24	46	4	40	10	right	right	1	8	16.162	495
24	47	4	40	10	right	right	1	9	15.228	591
24	48	4	40	10	left	left	1	8	15.656	511
24	49	4	40	10	left	left	1	11	16.369	672
24	50	4	40	10	right	right	1	8	15.905	503
24	51	4	40	10	right	right	1	10	16.26	615
24	52	4	40	10	right	left	0	7	15.66	447
24	53	4	40	10	left	left	1	10	15.361	651
24	54	4	40	10	left	left	1	8	15.936	502
24	55	4	40	10	right	right	1	9	15.254	590
