
blkNum	trlNum	coherentDots	numberofDots	percentCoherence	winningDirection	response	correct	eventCount	averageFrameRate	RT
1	1	4	40	10	left	left	1	26	15.24	1706
1	2	4	40	10	right	right	1	18	15.762	1142
1	3	4	40	10	right	right	1	18	15.424	1167
1	4	4	40	10	left	left	1	14	16.222	863
1	5	4	40	10	left	left	1	25	15.328	1631
1	6	4	40	10	right	right	1	27	15.562	1735
1	7	4	40	10	right	right	1	42	15.312	2743
1	8	4	40	10	right	right	1	65	15.276	4255
1	9	4	40	10	left	left	1	18	15.306	1176
1	10	4	40	10	left	left	1	30	15.306	1960
1	11	4	40	10	left	left	1	15	15.121	992
1	12	4	40	10	right	left	0	25	15.557	1607
1	13	4	40	10	right	right	1	58	15.223	3810
1	14	4	40	10	right	right	1	20	15.848	1262
1	15	4	40	10	right	right	1	22	15.471	1422
1	16	4	40	10	right	right	1	72	15.152	4752
1	17	4	40	10	left	left	1	14	16.092	870
1	18	4	40	10	left	left	1	15	16.181	927
1	19	4	40	10	left	left	1	11	15.647	703
1	20	4	40	10	right	left	0	10	16.694	599
1	21	4	40	10	right	right	1	15	15.839	947
1	22	4	40	10	left	right	0	12	15.171	791
1	23	4	40	10	right	left	0	107	15.192	7043
1	24	4	40	10	left	left	1	50	15.193	3291
1	25	4	40	10	left	left	1	116	15.185	7639
1	26	4	40	10	right	right	1	14	15.766	888
1	27	4	40	10	right	right	1	45	15.332	2935
1	28	4	40	10	left	left	1	17	15.77	1078
1	29	4	40	10	left	right	0	17	15.654	1086
1	30	4	40	10	right	left	0	66	15.214	4338
1	31	4	40	10	left	left	1	105	15.237	6891
1	32	4	40	10	right	right	1	32	15.392	2079
1	33	4	40	10	right	right	1	115	15.166	7583
1	34	4	40	10	left	left	1	19	15.638	1215
1	35	4	40	10	right	right	1	13	16.109	807
1	36	4	40	10	left	left	1	23	15.721	1463
1	37	4	40	10	left	left	1	52	15.407	3375
1	38	4	40	10	left	left	1	41	15.489	2647
1	39	4	40	10	right	right	1	35	15.145	2311
1	40	4	40	10	left	right	0	73	15.234	4792
2	1	4	40	10	right	right	1	25	15.674	1595
2	2	4	40	10	right	right	1	23	15.303	1503
2	3	4	40	10	left	left	1	12	15.979	751
2	4	4	40	10	right	left	0	12	15.326	783
2	5	4	40	10	left	left	1	17	15.933	1067
2	6	4	40	10	left	left	1	38	15.479	2455
2	7	4	40	10	right	right	1	13	16.25	800
2	8	4	40	10	left	right	0	13	16.109	807
2	9	4	40	10	left	left	1	10	15.949	627
2	10	4	40	10	right	right	1	13	15.951	815
2	11	4	40	10	left	left	1	11	15.67	702
2	12	4	40	10	left	left	1	25	15.557	1607
2	13	4	40	10	right	left	0	17	15.413	1103
2	14	4	40	10	right	right	1	11	15.214	723
2	15	4	40	10	right	right	1	34	15.35	2215
2	16	4	40	10	right	left	0	24	15.474	1551
2	17	4	40	10	left	right	0	16	15.952	1003
2	18	4	40	10	left	right	0	11	16.296	675
2	19	4	40	10	left	right	0	10	16.584	603
2	20	4	40	10	right	right	1	18	15.584	1155
2	21	4	40	10	right	right	1	34	15.288	2224
2	22	4	40	10	left	left	1	30	15.496	1936
2	23	4	40	10	right	left	0	14	15.927	879
2	24	4	40	10	left	left	1	50	15.235	3282
2	25	4	40	10	right	right	1	71	15.282	4646
2	26	4	40	10	left	left	1	55	15.35	3583
2	27	4	40	10	right	right	1	78	15.285	5103
2	28	4	40	10	left	left	1	67	15.203	4407
2	29	4	40	10	left	left	1	13	15.495	839
2	30	4	40	10	left	left	1	10	15.848	631
2	31	4	40	10	right	right	1	17	15.413	1103
2	32	4	40	10	right	left	0	56	15.222	3679
2	33	4	40	10	right	right	1	87	15.159	5739
2	34	4	40	10	right	right	1	51	15.441	3303
2	35	4	40	10	left	right	0	43	15.445	2784
2	36	4	40	10	left	right	0	67	15.245	4395
2	37	4	40	10	left	left	1	34	15.441	2202
2	38	4	40	10	right	left	0	11	16.591	663
2	39	4	40	10	left	right	0	54	15.367	3514
2	40	4	40	10	right	left	0	12	15.894	755
3	1	4	40	10	right	left	0	27	15.177	1779
3	2	4	40	10	left	right	0	36	15.183	2371
3	3	4	40	10	left	left	1	115	15.222	7555
3	4	4	40	10	left	left	1	154	15.232	10110
3	5	4	40	10	left	right	0	129	15.173	8502
3	6	4	40	10	left	left	1	30	15.221	1971
3	7	4	40	10	right	right	1	107	15.201	7039
3	8	4	40	10	left	left	1	29	15.434	1879
3	9	4	40	10	right	right	1	34	15.179	2240
3	10	4	40	10	left	right	0	57	15.327	3719
3	11	4	40	10	right	right	1	128	15.204	8419
3	12	4	40	10	left	left	1	58	15.295	3792
3	13	4	40	10	right	right	1	64	15.333	4174
3	14	4	40	10	right	right	1	32	15.274	2095
3	15	4	40	10	left	left	1	51	15.329	3327
3	16	4	40	10	left	right	0	47	15.225	3087
3	17	4	40	10	right	right	1	46	15.157	3035
3	18	4	40	10	right	left	0	141	15.156	9303
3	19	4	40	10	left	right	0	63	15.37	4099
3	20	4	40	10	right	right	1	66	15.239	4331
3	21	4	40	10	right	right	1	24	15.394	1559
3	22	4	40	10	right	right	1	41	15.35	2671
3	23	4	40	10	right	left	0	22	15.714	1400
3	24	4	40	10	right	right	1	34	15.546	2187
3	25	4	40	10	left	left	1	194	15.225	12742
3	26	4	40	10	left	left	1	349	15.175	22999
3	27	4	40	10	left	right	0	55	15.181	3623
3	28	4	40	10	left	left	1	22	15.246	1443
3	29	4	40	10	right	right	1	52	15.187	3424
3	30	4	40	10	left	left	1	43	15.495	2775
3	31	4	40	10	left	left	1	32	15.274	2095
3	32	4	40	10	right	left	0	33	15.342	2151
3	33	4	40	10	right	right	1	35	15.231	2298
3	34	4	40	10	left	left	1	38	15.329	2479
3	35	4	40	10	right	right	1	20	15.349	1303
3	36	4	40	10	left	left	1	32	15.274	2095
3	37	4	40	10	right	right	1	22	15.204	1447
3	38	4	40	10	left	left	1	23	15.222	1511
3	39	4	40	10	right	right	1	21	15.373	1366
3	40	4	40	10	right	right	1	27	15.429	1750
4	1	4	40	10	left	left	1	41	15.168	2703
4	2	4	40	10	right	right	1	23	15.551	1479
4	3	4	40	10	left	right	0	16	15.64	1023
4	4	4	40	10	left	left	1	15	15.576	963
4	5	4	40	10	left	left	1	16	15.625	1024
4	6	4	40	10	left	left	1	17	15.977	1064
4	7	4	40	10	right	left	0	12	15.957	752
4	8	4	40	10	right	right	1	26	15.597	1667
4	9	4	40	10	right	right	1	11	15.299	719
4	10	4	40	10	left	left	1	23	15.636	1471
4	11	4	40	10	left	left	1	17	15.639	1087
4	12	4	40	10	right	right	1	19	15.953	1191
4	13	4	40	10	left	left	1	20	15.552	1286
4	14	4	40	10	left	left	1	87	15.215	5718
4	15	4	40	10	left	right	0	16	15.519	1031
4	16	4	40	10	right	right	1	38	15.403	2467
4	17	4	40	10	left	left	1	14	15.504	903
4	18	4	40	10	right	right	1	20	15.349	1303
4	19	4	40	10	left	left	1	28	15.368	1822
4	20	4	40	10	right	right	1	25	15.413	1622
4	21	4	40	10	right	left	0	99	15.242	6495
4	22	4	40	10	left	left	1	63	15.28	4123
4	23	4	40	10	left	right	0	36	15.418	2335
4	24	4	40	10	right	left	0	54	15.323	3524
4	25	4	40	10	right	right	1	21	15.317	1371
4	26	4	40	10	right	right	1	12	15.171	791
4	27	4	40	10	left	right	0	21	15.453	1359
4	28	4	40	10	left	left	1	133	15.263	8714
4	29	4	40	10	right	right	1	13	15.495	839
4	30	4	40	10	left	left	1	10	15.456	647
4	31	4	40	10	right	right	1	12	15.171	791
4	32	4	40	10	right	right	1	25	15.179	1647
4	33	4	40	10	right	left	0	14	16.073	871
4	34	4	40	10	left	left	1	216	15.183	14226
4	35	4	40	10	right	right	1	40	15.438	2591
4	36	4	40	10	right	right	1	54	15.276	3535
4	37	4	40	10	left	left	1	137	15.195	9016
4	38	4	40	10	right	right	1	17	15.755	1079
4	39	4	40	10	left	left	1	12	16.349	734
4	40	4	40	10	right	right	1	21	15.837	1326
5	1	4	40	10	right	right	1	23	15.426	1491
5	2	4	40	10	left	left	1	11	15.131	727
5	3	4	40	10	left	right	0	94	15.282	6151
5	4	4	40	10	left	left	1	12	16.238	739
5	5	4	40	10	left	left	1	35	15.412	2271
5	6	4	40	10	right	right	1	27	15.698	1720
5	7	4	40	10	left	left	1	33	15.342	2151
5	8	4	40	10	left	left	1	27	15.698	1720
5	9	4	40	10	right	right	1	22	15.636	1407
5	10	4	40	10	left	left	1	27	15.643	1726
5	11	4	40	10	left	right	0	22	15.471	1422
5	12	4	40	10	left	left	1	14	16.018	874
5	13	4	40	10	right	right	1	27	15.289	1766
5	14	4	40	10	right	right	1	32	15.451	2071
5	15	4	40	10	left	left	1	31	15.508	1999
5	16	4	40	10	left	left	1	39	15.532	2511
5	17	4	40	10	right	right	1	14	15.234	919
5	18	4	40	10	right	right	1	20	15.256	1311
5	19	4	40	10	left	left	1	14	15.504	903
5	20	4	40	10	right	right	1	51	15.334	3326
5	21	4	40	10	right	right	1	30	15.633	1919
5	22	4	40	10	right	right	1	20	15.736	1271
5	23	4	40	10	right	right	1	28	15.564	1799
5	24	4	40	10	left	left	1	20	15.736	1271
5	25	4	40	10	left	right	0	38	15.279	2487
5	26	4	40	10	left	left	1	34	15.546	2187
5	27	4	40	10	right	right	1	21	15.544	1351
5	28	4	40	10	left	right	0	48	15.19	3160
5	29	4	40	10	right	right	1	82	15.202	5394
5	30	4	40	10	right	left	0	74	15.27	4846
5	31	4	40	10	left	left	1	194	15.21	12755
5	32	4	40	10	left	left	1	66	14.133	4670
5	33	4	40	10	right	left	0	37	15.475	2391
5	34	4	40	10	left	left	1	101	15.222	6635
5	35	4	40	10	right	right	1	17	15.755	1079
5	36	4	40	10	right	right	1	26	15.187	1712
5	37	4	40	10	right	left	0	41	15.344	2672
5	38	4	40	10	left	left	1	38	15.555	2443
5	39	4	40	10	right	left	0	57	15.265	3734
5	40	4	40	10	right	right	1	46	15.323	3002
6	1	4	40	10	left	left	1	27	15.589	1732
6	2	4	40	10	right	right	1	14	15.234	919
6	3	4	40	10	right	right	1	23	15.636	1471
6	4	4	40	10	left	left	1	10	16.502	606
6	5	4	40	10	right	left	0	10	15.848	631
6	6	4	40	10	right	right	1	13	16.352	795
6	7	4	40	10	right	right	1	14	15.66	894
6	8	4	40	10	right	right	1	17	15.525	1095
6	9	4	40	10	left	right	0	16	15.889	1007
6	10	4	40	10	right	right	1	12	15.404	779
6	11	4	40	10	left	left	1	15	16.181	927
6	12	4	40	10	left	left	1	13	16.27	799
6	13	4	40	10	right	left	0	17	15.525	1095
6	14	4	40	10	right	right	1	26	15.376	1691
6	15	4	40	10	left	left	1	10	15.244	656
6	16	4	40	10	left	left	1	12	16.129	744
6	17	4	40	10	left	right	0	25	15.625	1600
6	18	4	40	10	right	right	1	27	15.237	1772
6	19	4	40	10	left	left	1	11	16.393	671
6	20	4	40	10	left	left	1	12	16.173	742
6	21	4	40	10	left	left	1	12	15.345	782
6	22	4	40	10	left	left	1	15	15.528	966
6	23	4	40	10	right	right	1	20	15.456	1294
6	24	4	40	10	right	right	1	12	15.19	790
6	25	4	40	10	left	right	0	20	15.748	1270
6	26	4	40	10	left	right	0	12	16.416	731
6	27	4	40	10	right	right	1	26	15.231	1707
6	28	4	40	10	left	left	1	17	15.873	1071
6	29	4	40	10	left	right	0	70	15.354	4559
6	30	4	40	10	right	right	1	13	16.189	803
6	31	4	40	10	right	right	1	41	15.259	2687
6	32	4	40	10	right	right	1	32	15.333	2087
6	33	4	40	10	left	right	0	26	15.634	1663
6	34	4	40	10	left	left	1	26	15.16	1715
6	35	4	40	10	right	right	1	255	15.159	16822
6	36	4	40	10	left	left	1	19	15.953	1191
6	37	4	40	10	left	left	1	21	15.284	1374
6	38	4	40	10	right	right	1	25	15.489	1614
6	39	4	40	10	right	right	1	26	15.569	1670
6	40	4	40	10	right	right	1	18	15.859	1135
7	1	4	40	10	right	right	1	20	15.198	1316
7	2	4	40	10	right	right	1	19	15.847	1199
7	3	4	40	10	right	right	1	14	15.642	895
7	4	4	40	10	right	right	1	15	15.907	943
7	5	4	40	10	right	right	1	24	15.316	1567
7	6	4	40	10	right	left	0	19	15.335	1239
7	7	4	40	10	right	left	0	12	16.416	731
7	8	4	40	10	right	left	0	26	15.597	1667
7	9	4	40	10	left	left	1	26	15.449	1683
7	10	4	40	10	left	left	1	43	15.407	2791
7	11	4	40	10	left	left	1	17	15.413	1103
7	12	4	40	10	right	right	1	15	15.136	991
7	13	4	40	10	left	left	1	11	16.369	672
7	14	4	40	10	right	right	1	44	15.278	2880
7	15	4	40	10	right	right	1	56	15.189	3687
7	16	4	40	10	left	right	0	39	15.246	2558
7	17	4	40	10	right	left	0	14	15.73	890
7	18	4	40	10	right	right	1	8	16.327	490
7	19	4	40	10	right	right	1	15	15.641	959
7	20	4	40	10	left	left	1	13	15.644	831
7	21	4	40	10	left	right	0	12	16.151	743
7	22	4	40	10	left	left	1	14	16	875
7	23	4	40	10	left	left	1	27	15.707	1719
7	24	4	40	10	right	left	0	30	15.19	1975
7	25	4	40	10	left	left	1	78	15.202	5131
7	26	4	40	10	right	left	0	14	15.368	911
7	27	4	40	10	left	left	1	72	15.12	4762
7	28	4	40	10	left	left	1	35	15.358	2279
7	29	4	40	10	left	left	1	13	16.25	800
7	30	4	40	10	right	left	0	16	15.166	1055
7	31	4	40	10	right	right	1	16	16.08	995
7	32	4	40	10	left	right	0	22	15.636	1407
7	33	4	40	10	left	left	1	15	15.707	955
7	34	4	40	10	left	left	1	115	15.198	7567
7	35	4	40	10	left	left	1	23	15.385	1495
7	36	4	40	10	left	left	1	19	15.638	1215
7	37	4	40	10	right	left	0	23	15.385	1495
7	38	4	40	10	left	left	1	33	15.421	2140
7	39	4	40	10	right	right	1	23	15.212	1512
7	40	4	40	10	left	left	1	25	15.48	1615
8	1	4	40	10	right	right	1	26	15.597	1667
8	2	4	40	10	left	left	1	11	16.393	671
8	3	4	40	10	right	right	1	12	15.81	759
8	4	4	40	10	right	right	1	10	15.456	647
8	5	4	40	10	left	left	1	15	16.181	927
8	6	4	40	10	left	right	0	14	15.927	879
8	7	4	40	10	right	right	1	19	15.385	1235
8	8	4	40	10	right	left	0	38	15.329	2479
8	9	4	40	10	right	right	1	15	15.322	979
8	10	4	40	10	right	right	1	16	15.764	1015
8	11	4	40	10	left	left	1	16	15.282	1047
8	12	4	40	10	left	left	1	30	15.44	1943
8	13	4	40	10	left	left	1	23	15.721	1463
8	14	4	40	10	left	left	1	17	15.755	1079
8	15	4	40	10	left	left	1	52	15.299	3399
8	16	4	40	10	left	left	1	40	15.192	2633
8	17	4	40	10	right	right	1	18	15.216	1183
8	18	4	40	10	right	right	1	27	15.698	1720
8	19	4	40	10	left	left	1	32	15.579	2054
8	20	4	40	10	right	right	1	25	15.413	1622
8	21	4	40	10	right	right	1	37	15.176	2438
8	22	4	40	10	left	left	1	15	15.528	966
8	23	4	40	10	right	left	0	20	15.256	1311
8	24	4	40	10	left	right	0	18	15.267	1179
8	25	4	40	10	left	left	1	24	15.514	1547
8	26	4	40	10	right	right	1	39	15.532	2511
8	27	4	40	10	left	right	0	46	15.177	3031
8	28	4	40	10	left	left	1	13	15.276	851
8	29	4	40	10	right	right	1	29	15.625	1856
8	30	4	40	10	left	left	1	16	16.016	999
8	31	4	40	10	right	left	0	16	15.764	1015
8	32	4	40	10	right	right	1	14	16.129	868
8	33	4	40	10	right	right	1	20	15.637	1279
8	34	4	40	10	left	left	1	29	15.5	1871
8	35	4	40	10	left	right	0	15	15.385	975
8	36	4	40	10	left	left	1	13	15.569	835
8	37	4	40	10	right	left	0	13	15.796	823
8	38	4	40	10	right	left	0	14	15.556	900
8	39	4	40	10	left	right	0	17	16.038	1060
8	40	4	40	10	right	left	0	13	16.332	796
9	1	4	40	10	left	left	1	15	15.322	979
9	2	4	40	10	left	left	1	9	15.437	583
9	3	4	40	10	right	left	0	9	16.334	551
9	4	4	40	10	left	right	0	14	15.301	915
9	5	4	40	10	right	right	1	12	16.416	731
9	6	4	40	10	right	right	1	13	15.205	855
9	7	4	40	10	left	left	1	9	16.822	535
9	8	4	40	10	right	right	1	14	15.642	895
9	9	4	40	10	left	left	1	19	15.638	1215
9	10	4	40	10	left	right	0	17	15.992	1063
9	11	4	40	10	left	left	1	13	15.569	835
9	12	4	40	10	right	left	0	11	16.2	679
9	13	4	40	10	right	right	1	21	15.498	1355
9	14	4	40	10	left	left	1	17	15.755	1079
9	15	4	40	10	left	left	1	29	15.368	1887
9	16	4	40	10	right	right	1	32	15.326	2088
9	17	4	40	10	right	left	0	31	15.446	2007
9	18	4	40	10	right	right	1	20	15.291	1308
9	19	4	40	10	left	left	1	14	16.055	872
9	20	4	40	10	left	left	1	12	15.645	767
9	21	4	40	10	left	left	1	13	15.644	831
9	22	4	40	10	right	right	1	23	15.222	1511
9	23	4	40	10	left	right	0	22	15.385	1430
9	24	4	40	10	right	right	1	33	15.264	2162
9	25	4	40	10	left	left	1	17	15.639	1087
9	26	4	40	10	right	right	1	18	15.228	1182
9	27	4	40	10	right	right	1	25	15.179	1647
9	28	4	40	10	left	left	1	20	15.54	1287
9	29	4	40	10	right	right	1	30	15.44	1943
9	30	4	40	10	left	left	1	11	16.012	687
9	31	4	40	10	right	right	1	40	15.343	2607
9	32	4	40	10	left	left	1	19	15.435	1231
9	33	4	40	10	left	left	1	18	15.748	1143
9	34	4	40	10	right	right	1	22	15.288	1439
9	35	4	40	10	right	right	1	20	15.835	1263
9	36	4	40	10	left	left	1	20	15.924	1256
9	37	4	40	10	right	right	1	30	15.205	1973
9	38	4	40	10	right	right	1	13	15.951	815
9	39	4	40	10	left	left	1	21	15.184	1383
9	40	4	40	10	right	right	1	13	15.366	846
10	1	4	40	10	left	left	1	12	16.416	731
10	2	4	40	10	right	right	1	10	15.244	656
10	3	4	40	10	right	right	1	17	15.992	1063
10	4	4	40	10	right	right	1	13	16.27	799
10	5	4	40	10	left	left	1	12	16	750
10	6	4	40	10	left	left	1	13	15.513	838
10	7	4	40	10	left	right	0	9	15.901	566
10	8	4	40	10	right	right	1	10	16.611	602
10	9	4	40	10	right	right	1	11	16.224	678
10	10	4	40	10	right	right	1	10	16.077	622
10	11	4	40	10	right	right	1	12	15.81	759
10	12	4	40	10	right	right	1	19	15.237	1247
10	13	4	40	10	left	left	1	13	15.796	823
10	14	4	40	10	left	left	1	18	15.216	1183
10	15	4	40	10	left	left	1	25	15.404	1623
10	16	4	40	10	left	left	1	16	15.764	1015
10	17	4	40	10	right	right	1	20	15.163	1319
10	18	4	40	10	left	right	0	32	15.159	2111
10	19	4	40	10	left	left	1	16	15.579	1027
10	20	4	40	10	right	right	1	17	15.399	1104
10	21	4	40	10	right	left	0	9	15.228	591
10	22	4	40	10	left	right	0	12	15.894	755
10	23	4	40	10	right	right	1	13	16.189	803
10	24	4	40	10	right	right	1	13	15.951	815
10	25	4	40	10	right	right	1	29	15.633	1855
10	26	4	40	10	right	right	1	52	15.299	3399
10	27	4	40	10	left	left	1	14	15.784	887
10	28	4	40	10	right	right	1	18	15.531	1159
10	29	4	40	10	right	right	1	29	15.633	1855
10	30	4	40	10	right	right	1	14	15.927	879
10	31	4	40	10	left	left	1	11	16.591	663
10	32	4	40	10	left	right	0	37	15.372	2407
10	33	4	40	10	left	right	0	12	15.404	779
10	34	4	40	10	right	right	1	16	15.717	1018
10	35	4	40	10	left	left	1	12	16	750
10	36	4	40	10	left	right	0	11	16.418	670
10	37	4	40	10	left	left	1	17	16.053	1059
10	38	4	40	10	right	left	0	29	15.191	1909
10	39	4	40	10	left	right	0	21	15.498	1355
10	40	4	40	10	left	left	1	13	16.352	795
11	1	4	40	10	right	left	0	13	15.403	844
11	2	4	40	10	right	right	1	8	15.296	523
11	3	4	40	10	left	left	1	30	15.252	1967
11	4	4	40	10	left	right	0	48	15.429	3111
11	5	4	40	10	right	right	1	10	15.552	643
11	6	4	40	10	right	right	1	15	15.773	951
11	7	4	40	10	left	left	1	11	15.471	711
11	8	4	40	10	right	right	1	13	16.109	807
11	9	4	40	10	left	right	0	22	15.816	1391
11	10	4	40	10	right	right	1	14	15.301	915
11	11	4	40	10	right	right	1	13	16.27	799
11	12	4	40	10	right	right	1	12	15.464	776
11	13	4	40	10	left	right	0	19	15.847	1199
11	14	4	40	10	left	left	1	12	16.416	731
11	15	4	40	10	right	right	1	19	15.139	1255
11	16	4	40	10	right	left	0	15	16.164	928
11	17	4	40	10	right	right	1	13	15.134	859
11	18	4	40	10	left	left	1	17	15.755	1079
11	19	4	40	10	right	right	1	16	15.18	1054
11	20	4	40	10	left	left	1	24	15.484	1550
11	21	4	40	10	right	right	1	17	15.426	1102
11	22	4	40	10	left	right	0	23	15.385	1495
11	23	4	40	10	left	left	1	61	15.148	4027
11	24	4	40	10	left	left	1	37	15.475	2391
11	25	4	40	10	left	right	0	13	15.348	847
11	26	4	40	10	left	right	0	31	15.233	2035
11	27	4	40	10	right	left	0	12	15.894	755
11	28	4	40	10	left	left	1	15	15.707	955
11	29	4	40	10	left	left	1	21	15.533	1352
11	30	4	40	10	right	right	1	27	15.634	1727
11	31	4	40	10	right	right	1	19	15.536	1223
11	32	4	40	10	left	left	1	14	15.234	919
11	33	4	40	10	right	right	1	13	15.796	823
11	34	4	40	10	right	left	0	12	15.979	751
11	35	4	40	10	right	right	1	12	15.404	779
11	36	4	40	10	left	left	1	17	15.992	1063
11	37	4	40	10	right	right	1	11	15.647	703
11	38	4	40	10	left	left	1	12	15.666	766
11	39	4	40	10	left	right	0	13	15.495	839
11	40	4	40	10	left	left	1	16	15.459	1035
12	1	4	40	10	left	right	0	14	15.168	923
12	2	4	40	10	left	left	1	10	15.385	650
12	3	4	40	10	right	left	0	10	15.674	638
12	4	4	40	10	left	left	1	13	15.294	850
12	5	4	40	10	right	right	1	23	15.385	1495
12	6	4	40	10	left	left	1	16	15.399	1039
12	7	4	40	10	left	right	0	16	15.889	1007
12	8	4	40	10	right	right	1	11	15.737	699
12	9	4	40	10	right	right	1	20	15.163	1319
12	10	4	40	10	left	left	1	13	15.495	839
12	11	4	40	10	right	right	1	17	15.302	1111
12	12	4	40	10	left	left	1	13	15.495	839
12	13	4	40	10	right	right	1	27	15.562	1735
12	14	4	40	10	left	left	1	27	15.562	1735
12	15	4	40	10	left	left	1	28	15.625	1792
12	16	4	40	10	left	left	1	26	15.412	1687
12	17	4	40	10	right	right	1	40	15.391	2599
12	18	4	40	10	right	left	0	16	15.282	1047
12	19	4	40	10	left	right	0	20	15.492	1291
12	20	4	40	10	right	right	1	41	15.236	2691
12	21	4	40	10	left	left	1	13	15.366	846
12	22	4	40	10	right	right	1	15	15.641	959
12	23	4	40	10	right	right	1	23	15.808	1455
12	24	4	40	10	left	right	0	28	15.495	1807
12	25	4	40	10	left	left	1	14	15.837	884
12	26	4	40	10	left	left	1	25	15.179	1647
12	27	4	40	10	right	right	1	28	15.368	1822
12	28	4	40	10	left	right	0	20	15.748	1270
12	29	4	40	10	left	left	1	33	15.551	2122
12	30	4	40	10	right	right	1	16	15.166	1055
12	31	4	40	10	right	right	1	26	15.196	1711
12	32	4	40	10	left	left	1	23	15.142	1519
12	33	4	40	10	left	left	1	36	15.261	2359
12	34	4	40	10	right	right	1	19	15.847	1199
12	35	4	40	10	right	left	0	30	15.568	1927
12	36	4	40	10	right	right	1	16	15.826	1011
12	37	4	40	10	left	left	1	35	15.569	2248
12	38	4	40	10	right	right	1	22	15.374	1431
12	39	4	40	10	right	right	1	17	15.302	1111
12	40	4	40	10	right	left	0	31	15.204	2039
13	1	4	40	10	right	right	1	15	15.839	947
13	2	4	40	10	right	right	1	11	15.647	703
13	3	4	40	10	right	right	1	15	15.907	943
13	4	4	40	10	left	right	0	21	15.825	1327
13	5	4	40	10	right	right	1	12	15.404	779
13	6	4	40	10	left	left	1	40	15.157	2639
13	7	4	40	10	left	left	1	24	15.635	1535
13	8	4	40	10	right	right	1	39	15.288	2551
13	9	4	40	10	left	left	1	15	15.924	942
13	10	4	40	10	left	left	1	43	15.194	2830
13	11	4	40	10	left	right	0	13	15.644	831
13	12	4	40	10	right	left	0	31	15.415	2011
13	13	4	40	10	right	right	1	11	16.296	675
13	14	4	40	10	right	left	0	12	15.484	775
13	15	4	40	10	left	right	0	20	15.886	1259
13	16	4	40	10	left	left	1	14	15.436	907
13	17	4	40	10	right	left	0	31	15.385	2015
13	18	4	40	10	right	right	1	27	15.315	1763
13	19	4	40	10	right	right	1	12	16.461	729
13	20	4	40	10	right	right	1	12	15.831	758
13	21	4	40	10	left	left	1	20	15.637	1279
13	22	4	40	10	left	left	1	23	15.142	1519
13	23	4	40	10	left	left	1	21	15.637	1343
13	24	4	40	10	left	left	1	19	15.237	1247
13	25	4	40	10	left	left	1	28	15.436	1814
13	26	4	40	10	left	left	1	41	15.264	2686
13	27	4	40	10	left	left	1	19	15.335	1239
13	28	4	40	10	right	right	1	23	15.551	1479
13	29	4	40	10	left	left	1	31	15.204	2039
13	30	4	40	10	left	right	0	57	15.164	3759
13	31	4	40	10	left	left	1	67	15.165	4418
13	32	4	40	10	left	right	0	18	15.319	1175
13	33	4	40	10	right	right	1	16	16.064	996
13	34	4	40	10	right	right	1	24	15.394	1559
13	35	4	40	10	right	right	1	141	15.222	9263
13	36	4	40	10	right	right	1	59	15.301	3856
13	37	4	40	10	right	right	1	16	16.129	992
13	38	4	40	10	right	right	1	22	15.374	1431
13	39	4	40	10	left	right	0	13	16.27	799
13	40	4	40	10	right	right	1	12	15.894	755
14	1	4	40	10	left	right	0	15	15.198	987
14	2	4	40	10	left	left	1	14	15.184	922
14	3	4	40	10	right	right	1	23	15.551	1479
14	4	4	40	10	left	left	1	13	15.951	815
14	5	4	40	10	right	right	1	19	15.422	1232
14	6	4	40	10	left	left	1	13	15.625	832
14	7	4	40	10	left	left	1	21	15.464	1358
14	8	4	40	10	left	left	1	12	15.19	790
14	9	4	40	10	left	left	1	23	15.313	1502
14	10	4	40	10	right	right	1	16	15.18	1054
14	11	4	40	10	right	right	1	50	15.291	3270
14	12	4	40	10	right	right	1	16	15.166	1055
14	13	4	40	10	right	right	1	25	15.253	1639
14	14	4	40	10	right	right	1	14	15.927	879
14	15	4	40	10	left	right	0	15	15.641	959
14	16	4	40	10	left	right	0	14	15.436	907
14	17	4	40	10	right	right	1	13	15.55	836
14	18	4	40	10	left	right	0	28	15.625	1792
14	19	4	40	10	right	left	0	14	16.148	867
14	20	4	40	10	right	right	1	9	16.729	538
14	21	4	40	10	right	right	1	12	15.81	759
14	22	4	40	10	right	right	1	10	15.848	631
14	23	4	40	10	left	right	0	14	15.642	895
14	24	4	40	10	left	right	0	29	15.207	1907
14	25	4	40	10	left	left	1	19	15.385	1235
14	26	4	40	10	right	left	0	36	15.365	2343
14	27	4	40	10	right	right	1	14	16.148	867
14	28	4	40	10	left	left	1	38	15.182	2503
14	29	4	40	10	right	right	1	21	15.441	1360
14	30	4	40	10	right	right	1	17	15.741	1080
14	31	4	40	10	left	left	1	45	15.416	2919
14	32	4	40	10	right	right	1	26	15.276	1702
14	33	4	40	10	left	left	1	15	15.4	974
14	34	4	40	10	left	left	1	15	15.528	966
14	35	4	40	10	left	left	1	13	15.815	822
14	36	4	40	10	right	left	0	17	15.654	1086
14	37	4	40	10	right	right	1	20	15.504	1290
14	38	4	40	10	right	right	1	25	15.253	1639
14	39	4	40	10	left	left	1	57	15.393	3703
14	40	4	40	10	left	left	1	43	15.49	2776
15	1	4	40	10	right	right	1	16	15.34	1043
15	2	4	40	10	left	left	1	10	16.051	623
15	3	4	40	10	right	right	1	13	15.644	831
15	4	4	40	10	right	right	1	72	15.257	4719
15	5	4	40	10	right	right	1	82	15.301	5359
15	6	4	40	10	right	left	0	59	15.273	3863
15	7	4	40	10	left	left	1	53	15.221	3482
15	8	4	40	10	right	left	0	47	15.466	3039
15	9	4	40	10	right	right	1	20	15.42	1297
15	10	4	40	10	left	left	1	18	15.859	1135
15	11	4	40	10	right	left	0	24	15.394	1559
15	12	4	40	10	right	right	1	17	15.469	1099
15	13	4	40	10	left	right	0	18	15.748	1143
15	14	4	40	10	left	left	1	10	15.361	651
15	15	4	40	10	left	left	1	25	15.404	1623
15	16	4	40	10	right	right	1	24	15.635	1535
15	17	4	40	10	right	left	0	13	15.205	855
15	18	4	40	10	right	right	1	8	15.326	522
15	19	4	40	10	right	right	1	10	16.051	623
15	20	4	40	10	left	right	0	13	15.495	839
15	21	4	40	10	right	left	0	11	15.385	715
15	22	4	40	10	left	right	0	13	15.719	827
15	23	4	40	10	right	right	1	13	15.134	859
15	24	4	40	10	left	left	1	38	15.182	2503
15	25	4	40	10	left	left	1	36	15.418	2335
15	26	4	40	10	left	right	0	13	15.931	816
15	27	4	40	10	right	right	1	23	15.416	1492
15	28	4	40	10	left	left	1	20	15.723	1272
15	29	4	40	10	right	left	0	41	15.489	2647
15	30	4	40	10	left	left	1	75	15.337	4890
15	31	4	40	10	left	left	1	33	15.464	2134
15	32	4	40	10	right	right	1	35	15.358	2279
15	33	4	40	10	left	left	1	22	15.726	1399
15	34	4	40	10	right	right	1	30	15.633	1919
15	35	4	40	10	left	left	1	35	15.459	2264
15	36	4	40	10	left	left	1	38	14.09	2697
15	37	4	40	10	left	left	1	15	15.385	975
15	38	4	40	10	left	right	0	11	15.827	695
15	39	4	40	10	right	right	1	14	16	875
15	40	4	40	10	left	left	1	12	16.151	743
16	1	4	40	10	left	left	1	36	15.235	2363
16	2	4	40	10	left	left	1	24	15.161	1583
16	3	4	40	10	right	right	1	12	16.327	735
16	4	4	40	10	right	right	1	10	16.474	607
16	5	4	40	10	right	left	0	19	15.536	1223
16	6	4	40	10	left	left	1	11	16.296	675
16	7	4	40	10	right	right	1	12	15.464	776
16	8	4	40	10	left	left	1	13	15.777	824
16	9	4	40	10	right	right	1	19	15.833	1200
16	10	4	40	10	left	left	1	12	16.349	734
16	11	4	40	10	left	left	1	28	15.625	1792
16	12	4	40	10	right	right	1	20	15.163	1319
16	13	4	40	10	right	right	1	16	15.905	1006
16	14	4	40	10	left	right	0	26	15.495	1678
16	15	4	40	10	right	right	1	13	15.719	827
16	16	4	40	10	right	right	1	20	15.175	1318
16	17	4	40	10	right	right	1	14	15.368	911
16	18	4	40	10	left	right	0	41	15.304	2679
16	19	4	40	10	left	right	0	11	15.737	699
16	20	4	40	10	right	right	1	13	16.03	811
16	21	4	40	10	left	right	0	25	15.713	1591
16	22	4	40	10	left	left	1	31	15.233	2035
16	23	4	40	10	left	left	1	26	15.267	1703
16	24	4	40	10	right	right	1	16	15.519	1031
16	25	4	40	10	right	right	1	24	15.161	1583
16	26	4	40	10	left	left	1	21	15.544	1351
16	27	4	40	10	right	right	1	19	15.847	1199
16	28	4	40	10	right	right	1	22	15.374	1431
16	29	4	40	10	right	left	0	16	15.519	1031
16	30	4	40	10	right	right	1	13	15.873	819
16	31	4	40	10	left	left	1	15	15.136	991
16	32	4	40	10	left	left	1	29	15.566	1863
16	33	4	40	10	left	left	1	22	15.46	1423
16	34	4	40	10	left	left	1	20	15.432	1296
16	35	4	40	10	right	left	0	19	15.435	1231
16	36	4	40	10	left	right	0	28	15.669	1787
16	37	4	40	10	right	right	1	11	15.942	690
16	38	4	40	10	left	left	1	14	16.092	870
16	39	4	40	10	right	right	1	16	15.656	1022
16	40	4	40	10	left	left	1	54	15.246	3542
17	1	4	40	10	right	right	1	20	15.396	1299
17	2	4	40	10	right	right	1	13	15.495	839
17	3	4	40	10	right	right	1	10	16.474	607
17	4	4	40	10	left	left	1	14	15.368	911
17	5	4	40	10	right	right	1	10	16.26	615
17	6	4	40	10	left	left	1	16	15.64	1023
17	7	4	40	10	right	right	1	10	15.848	631
17	8	4	40	10	left	right	0	11	16.393	671
17	9	4	40	10	left	right	0	11	15.559	707
17	10	4	40	10	right	right	1	9	16.216	555
17	11	4	40	10	left	left	1	15	15.259	983
17	12	4	40	10	left	right	0	33	15.221	2168
17	13	4	40	10	left	left	1	41	15.327	2675
17	14	4	40	10	left	left	1	14	15.642	895
17	15	4	40	10	left	left	1	10	15.456	647
17	16	4	40	10	right	right	1	16	15.64	1023
17	17	4	40	10	left	left	1	12	15.979	751
17	18	4	40	10	right	right	1	20	15.256	1311
17	19	4	40	10	right	right	1	20	15.736	1271
17	20	4	40	10	right	left	0	19	15.139	1255
17	21	4	40	10	left	right	0	53	15.322	3459
17	22	4	40	10	right	left	0	28	15.53	1803
17	23	4	40	10	right	left	0	55	15.398	3572
17	24	4	40	10	right	right	1	16	15.355	1042
17	25	4	40	10	left	left	1	9	15.679	574
17	26	4	40	10	right	right	1	38	15.435	2462
17	27	4	40	10	right	right	1	17	15.992	1063
17	28	4	40	10	left	left	1	59	15.369	3839
17	29	4	40	10	right	right	1	27	15.42	1751
17	30	4	40	10	left	left	1	23	15.636	1471
17	31	4	40	10	right	right	1	19	15.335	1239
17	32	4	40	10	right	right	1	28	15.226	1839
17	33	4	40	10	left	left	1	11	15.625	704
17	34	4	40	10	left	left	1	20	15.637	1279
17	35	4	40	10	right	right	1	19	15.237	1247
17	36	4	40	10	left	left	1	14	15.504	903
17	37	4	40	10	left	left	1	12	15.171	791
17	38	4	40	10	left	left	1	10	15.848	631
17	39	4	40	10	left	left	1	11	16.393	671
17	40	4	40	10	right	left	0	11	15.131	727
18	1	4	40	10	right	right	1	23	15.583	1476
18	2	4	40	10	left	left	1	10	15.649	639
18	3	4	40	10	left	left	1	9	15.228	591
18	4	4	40	10	left	left	1	10	15.244	656
18	5	4	40	10	left	left	1	9	15.873	567
18	6	4	40	10	left	left	1	10	16.26	615
18	7	4	40	10	left	left	1	9	15.652	575
18	8	4	40	10	left	right	0	15	15.773	951
18	9	4	40	10	right	left	0	9	15.544	579
18	10	4	40	10	left	left	1	15	15.198	987
18	11	4	40	10	left	left	1	14	16.073	871
18	12	4	40	10	right	left	0	11	15.85	694
18	13	4	40	10	left	left	1	23	15.192	1514
18	14	4	40	10	right	right	1	18	15.986	1126
18	15	4	40	10	left	right	0	16	16.129	992
18	16	4	40	10	right	right	1	13	16.373	794
18	17	4	40	10	right	right	1	35	15.412	2271
18	18	4	40	10	right	right	1	17	15.639	1087
18	19	4	40	10	left	right	0	22	15.548	1415
18	20	4	40	10	left	left	1	21	15.873	1323
18	21	4	40	10	right	right	1	15	16.181	927
18	22	4	40	10	left	right	0	36	15.313	2351
18	23	4	40	10	right	right	1	11	16.467	668
18	24	4	40	10	left	right	0	47	15.26	3080
18	25	4	40	10	right	right	1	12	15.564	771
18	26	4	40	10	right	right	1	15	15.259	983
18	27	4	40	10	right	left	0	14	16.073	871
18	28	4	40	10	right	right	1	16	15.34	1043
18	29	4	40	10	left	left	1	25	15.48	1615
18	30	4	40	10	left	left	1	15	15.385	975
18	31	4	40	10	left	left	1	14	15.234	919
18	32	4	40	10	right	right	1	14	15.642	895
18	33	4	40	10	left	left	1	11	16.591	663
18	34	4	40	10	right	right	1	12	15.81	759
18	35	4	40	10	right	right	1	14	15.504	903
18	36	4	40	10	right	right	1	14	15.927	879
18	37	4	40	10	right	right	1	21	15.453	1359
18	38	4	40	10	right	right	1	13	15.644	831
18	39	4	40	10	left	right	0	23	15.797	1456
18	40	4	40	10	right	right	1	12	16.26	738
19	1	4	40	10	right	right	1	12	15.727	763
19	2	4	40	10	right	right	1	9	15.873	567
19	3	4	40	10	left	left	1	15	15.641	959
19	4	4	40	10	left	left	1	22	15.537	1416
19	5	4	40	10	right	right	1	12	16.327	735
19	6	4	40	10	right	right	1	15	15.136	991
19	7	4	40	10	left	right	0	10	15.267	655
19	8	4	40	10	right	left	0	9	16.698	539
19	9	4	40	10	left	right	0	11	15.385	715
19	10	4	40	10	right	right	1	13	15.719	827
19	11	4	40	10	left	left	1	11	15.647	703
19	12	4	40	10	left	left	1	15	16.164	928
19	13	4	40	10	right	right	1	11	16.012	687
19	14	4	40	10	left	left	1	10	15.625	640
19	15	4	40	10	right	right	1	12	15.957	752
19	16	4	40	10	right	left	0	10	15.649	639
19	17	4	40	10	right	right	1	13	16.03	811
19	18	4	40	10	right	right	1	14	16.222	863
19	19	4	40	10	left	left	1	15	15.773	951
19	20	4	40	10	left	right	0	13	16.109	807
19	21	4	40	10	right	right	1	10	15.552	643
19	22	4	40	10	right	right	1	11	16.2	679
19	23	4	40	10	right	right	1	13	16.27	799
19	24	4	40	10	left	left	1	18	15.859	1135
19	25	4	40	10	right	right	1	13	15.796	823
19	26	4	40	10	right	right	1	15	15.907	943
19	27	4	40	10	left	right	0	15	15.512	967
19	28	4	40	10	left	left	1	9	16.949	531
19	29	4	40	10	left	right	0	9	15.437	583
19	30	4	40	10	right	right	1	10	16.584	603
19	31	4	40	10	left	left	1	16	15.764	1015
19	32	4	40	10	left	right	0	21	15.273	1375
19	33	4	40	10	left	right	0	10	16.393	610
19	34	4	40	10	right	right	1	19	15.599	1218
19	35	4	40	10	right	right	1	12	16.173	742
19	36	4	40	10	right	right	1	19	15.651	1214
19	37	4	40	10	left	left	1	19	15.536	1223
19	38	4	40	10	left	left	1	10	15.456	647
19	39	4	40	10	left	left	1	13	15.205	855
19	40	4	40	10	left	left	1	14	15.504	903
20	1	4	40	10	left	right	0	13	15.403	844
20	2	4	40	10	left	right	0	45	15.48	2907
20	3	4	40	10	left	right	0	9	15.126	595
20	4	4	40	10	right	left	0	10	16.155	619
20	5	4	40	10	right	right	1	12	15.544	772
20	6	4	40	10	right	right	1	14	16.222	863
20	7	4	40	10	left	left	1	18	15.748	1143
20	8	4	40	10	right	right	1	17	15.755	1079
20	9	4	40	10	left	left	1	14	15.234	919
20	10	4	40	10	left	left	1	14	15.784	887
20	11	4	40	10	left	left	1	11	16.2	679
20	12	4	40	10	left	left	1	17	15.179	1120
20	13	4	40	10	left	left	1	13	16.109	807
20	14	4	40	10	right	right	1	18	15.332	1174
20	15	4	40	10	right	left	0	17	15.192	1119
20	16	4	40	10	right	right	1	11	15.919	691
20	17	4	40	10	left	left	1	32	15.333	2087
20	18	4	40	10	left	right	0	12	15.81	759
20	19	4	40	10	left	right	0	12	15.248	787
20	20	4	40	10	right	right	1	10	15.361	651
20	21	4	40	10	right	right	1	36	15.471	2327
20	22	4	40	10	left	left	1	20	15.848	1262
20	23	4	40	10	right	right	1	11	15.493	710
20	24	4	40	10	left	left	1	11	15.32	718
20	25	4	40	10	right	right	1	10	15.456	647
20	26	4	40	10	right	right	1	14	15.504	903
20	27	4	40	10	right	right	1	15	15.773	951
20	28	4	40	10	right	right	1	26	15.56	1671
20	29	4	40	10	right	left	0	22	15.636	1407
20	30	4	40	10	left	right	0	11	15.737	699
20	31	4	40	10	left	right	0	10	15.361	651
20	32	4	40	10	right	right	1	13	16.352	795
20	33	4	40	10	left	left	1	11	15.647	703
20	34	4	40	10	left	left	1	12	15.171	791
20	35	4	40	10	right	left	0	13	16.109	807
20	36	4	40	10	left	left	1	10	15.152	660
20	37	4	40	10	left	left	1	40	15.291	2616
20	38	4	40	10	right	right	1	11	15.827	695
20	39	4	40	10	right	right	1	17	15.302	1111
20	40	4	40	10	right	right	1	10	15.456	647
21	1	4	40	10	left	left	1	22	15.246	1443
21	2	4	40	10	right	left	0	16	15.64	1023
21	3	4	40	10	left	right	0	12	16.064	747
21	4	4	40	10	right	right	1	10	15.198	658
21	5	4	40	10	left	right	0	17	15.192	1119
21	6	4	40	10	right	left	0	18	15.693	1147
21	7	4	40	10	left	right	0	10	16.367	611
21	8	4	40	10	left	right	0	16	15.224	1051
21	9	4	40	10	right	right	1	9	15.762	571
21	10	4	40	10	right	right	1	13	15.951	815
21	11	4	40	10	right	right	1	14	15.784	887
21	12	4	40	10	left	left	1	15	15.275	982
21	13	4	40	10	right	right	1	15	16.06	934
21	14	4	40	10	left	left	1	21	15.648	1342
21	15	4	40	10	left	left	1	16	15.64	1023
21	16	4	40	10	left	left	1	19	15.638	1215
21	17	4	40	10	left	left	1	12	16.484	728
21	18	4	40	10	left	left	1	10	16.502	606
21	19	4	40	10	left	left	1	16	15.889	1007
21	20	4	40	10	left	left	1	26	15.267	1703
21	21	4	40	10	left	left	1	14	15.927	879
21	22	4	40	10	right	right	1	16	15.399	1039
21	23	4	40	10	left	left	1	23	15.467	1487
21	24	4	40	10	right	right	1	28	15.634	1791
21	25	4	40	10	left	right	0	23	15.646	1470
21	26	4	40	10	right	right	1	15	16.112	931
21	27	4	40	10	right	left	0	9	15.625	576
21	28	4	40	10	right	left	0	12	16.238	739
21	29	4	40	10	left	left	1	11	15.737	699
21	30	4	40	10	right	right	1	14	15.234	919
21	31	4	40	10	left	right	0	14	15.504	903
21	32	4	40	10	right	right	1	14	15.713	891
21	33	4	40	10	right	left	0	15	15.641	959
21	34	4	40	10	right	right	1	7	16.393	427
21	35	4	40	10	left	left	1	15	15.756	952
21	36	4	40	10	right	right	1	23	15.797	1456
21	37	4	40	10	left	left	1	18	15.957	1128
21	38	4	40	10	right	right	1	19	15.833	1200
21	39	4	40	10	right	left	0	10	15.456	647
21	40	4	40	10	right	right	1	15	15.839	947
22	1	4	40	10	left	left	1	21	15.407	1363
22	2	4	40	10	left	right	0	17	15.315	1110
22	3	4	40	10	left	left	1	11	15.759	698
22	4	4	40	10	right	left	0	28	15.427	1815
22	5	4	40	10	left	left	1	10	15.748	635
22	6	4	40	10	right	right	1	12	16.461	729
22	7	4	40	10	right	left	0	10	16.287	614
22	8	4	40	10	left	left	1	13	15.421	843
22	9	4	40	10	right	right	1	13	15.33	848
22	10	4	40	10	right	right	1	14	15.784	887
22	11	4	40	10	left	left	1	11	15.471	711
22	12	4	40	10	right	left	0	17	15.992	1063
22	13	4	40	10	left	left	1	14	15.59	898
22	14	4	40	10	right	right	1	20	15.649	1278
22	15	4	40	10	left	left	1	13	15.205	855
22	16	4	40	10	right	right	1	16	15.166	1055
22	17	4	40	10	left	left	1	11	16.012	687
22	18	4	40	10	right	right	1	14	15.784	887
22	19	4	40	10	left	right	0	20	15.637	1279
22	20	4	40	10	right	right	1	9	15.332	587
22	21	4	40	10	left	left	1	16	15.889	1007
22	22	4	40	10	right	right	1	12	15.484	775
22	23	4	40	10	left	right	0	18	15.748	1143
22	24	4	40	10	left	left	1	12	15.727	763
22	25	4	40	10	right	right	1	49	15.166	3231
22	26	4	40	10	left	left	1	9	15.845	568
22	27	4	40	10	right	right	1	11	15.988	688
22	28	4	40	10	left	left	1	8	15.873	504
22	29	4	40	10	left	right	0	10	15.848	631
22	30	4	40	10	left	left	1	8	15.296	523
22	31	4	40	10	right	right	1	24	15.257	1573
22	32	4	40	10	right	right	1	13	16.291	798
22	33	4	40	10	right	right	1	13	15.513	838
22	34	4	40	10	right	left	0	24	15.248	1574
22	35	4	40	10	left	left	1	22	15.603	1410
22	36	4	40	10	right	right	1	16	15.519	1031
22	37	4	40	10	left	left	1	10	15.456	647
22	38	4	40	10	right	right	1	12	15.326	783
22	39	4	40	10	left	left	1	9	16.822	535
22	40	4	40	10	right	right	1	18	15.216	1183
23	1	4	40	10	right	right	1	27	15.455	1747
23	2	4	40	10	left	left	1	9	15.437	583
23	3	4	40	10	right	right	1	14	15.504	903
23	4	4	40	10	left	right	0	22	15.374	1431
23	5	4	40	10	right	right	1	10	16.584	603
23	6	4	40	10	left	left	1	15	15.907	943
23	7	4	40	10	right	right	1	18	15.748	1143
23	8	4	40	10	left	left	1	14	15.234	919
23	9	4	40	10	left	left	1	11	15.471	711
23	10	4	40	10	left	left	1	21	15.453	1359
23	11	4	40	10	left	left	1	18	15.639	1151
23	12	4	40	10	right	right	1	19	15.237	1247
23	13	4	40	10	right	right	1	10	15.848	631
23	14	4	40	10	right	right	1	11	16.591	663
23	15	4	40	10	left	right	0	12	16.151	743
23	16	4	40	10	left	left	1	9	15.734	572
23	17	4	40	10	left	right	0	11	16.176	680
23	18	4	40	10	right	right	1	14	15.556	900
23	19	4	40	10	left	left	1	11	16.035	686
23	20	4	40	10	right	right	1	12	15.484	775
23	21	4	40	10	left	left	1	12	15.326	783
23	22	4	40	10	left	left	1	14	15.521	902
23	23	4	40	10	left	left	1	14	15.66	894
23	24	4	40	10	right	right	1	24	15.171	1582
23	25	4	40	10	right	left	0	19	15.447	1230
23	26	4	40	10	left	right	0	14	15.184	922
23	27	4	40	10	right	left	0	9	15.332	587
23	28	4	40	10	right	right	1	10	15.175	659
23	29	4	40	10	right	right	1	12	15.326	783
23	30	4	40	10	right	left	0	13	16.27	799
23	31	4	40	10	left	left	1	13	15.276	851
23	32	4	40	10	right	left	0	13	15.644	831
23	33	4	40	10	right	right	1	14	15.713	891
23	34	4	40	10	left	left	1	18	15.319	1175
23	35	4	40	10	left	left	1	13	15.951	815
23	36	4	40	10	right	right	1	27	15.28	1767
23	37	4	40	10	left	left	1	16	15.282	1047
23	38	4	40	10	right	right	1	14	16.073	871
23	39	4	40	10	right	right	1	17	15.413	1103
23	40	4	40	10	left	left	1	14	15.368	911
24	1	4	40	10	right	right	1	12	15.385	780
24	2	4	40	10	left	left	1	9	15.228	591
24	3	4	40	10	right	right	1	11	16.012	687
24	4	4	40	10	right	right	1	9	16.575	543
24	5	4	40	10	left	left	1	10	15.649	639
24	6	4	40	10	right	right	1	12	15.645	767
24	7	4	40	10	left	left	1	9	16.071	560
24	8	4	40	10	left	left	1	15	16.026	936
24	9	4	40	10	right	left	0	22	15.449	1424
24	10	4	40	10	right	right	1	12	15.544	772
24	11	4	40	10	right	right	1	12	15.306	784
24	12	4	40	10	left	left	1	9	15.901	566
24	13	4	40	10	left	right	0	10	16.287	614
24	14	4	40	10	right	left	0	5	15.528	322
24	15	4	40	10	left	right	0	6	15.228	394
24	16	4	40	10	right	left	0	9	15.358	586
24	17	4	40	10	left	right	0	18	15.491	1162
24	18	4	40	10	right	right	1	6	16.529	363
24	19	4	40	10	right	right	1	11	15.647	703
24	20	4	40	10	left	left	1	10	15.456	647
24	21	4	40	10	left	left	1	10	16.051	623
24	22	4	40	10	left	left	1	10	16.26	615
24	23	4	40	10	right	left	0	10	15.649	639
24	24	4	40	10	right	right	1	10	16.584	603
24	25	4	40	10	left	left	1	10	15.823	632
24	26	4	40	10	right	right	1	16	15.764	1015
24	27	4	40	10	right	right	1	15	15.773	951
24	28	4	40	10	right	right	1	14	15.368	911
24	29	4	40	10	left	left	1	11	15.299	719
24	30	4	40	10	right	left	0	11	15.647	703
24	31	4	40	10	left	left	1	11	15.406	714
24	32	4	40	10	left	left	1	9	15.873	567
24	33	4	40	10	left	left	1	9	15.652	575
24	34	4	40	10	left	left	1	7	17.199	407
24	35	4	40	10	left	left	1	7	16.241	431
24	36	4	40	10	right	left	0	8	16.162	495
24	37	4	40	10	right	right	1	9	15.544	579
24	38	4	40	10	left	left	1	10	16.474	607
24	39	4	40	10	right	right	1	15	16.181	927
24	40	4	40	10	left	left	1	10	16.474	607
