
blkNum	trlNum	coherentDots	numberofDots	percentCoherence	winningDirection	response	correct	eventCount	averageFrameRate	RT
1	1	4	40	10	right	left	0	195	15.205	12825
1	2	4	40	10	left	left	1	62	15.252	4065
1	3	4	40	10	right	left	0	67	15.269	4388
1	4	4	40	10	right	right	1	58	15.251	3803
1	5	4	40	10	right	right	1	111	15.168	7318
1	6	4	40	10	right	left	0	30	15.337	1956
1	7	4	40	10	left	left	1	15	15.291	981
1	8	4	40	10	right	left	0	20	15.516	1289
1	9	4	40	10	left	right	0	48	15.185	3161
1	10	4	40	10	right	left	0	57	15.192	3752
1	11	4	40	10	left	left	1	23	15.721	1463
1	12	4	40	10	right	left	0	21	15.362	1367
1	13	4	40	10	right	left	0	37	15.359	2409
1	14	4	40	10	right	right	1	86	15.254	5638
2	1	4	40	10	left	left	1	44	15.315	2873
2	2	4	40	10	left	right	0	25	15.356	1628
2	3	4	40	10	left	left	1	27	15.306	1764
2	4	4	40	10	left	right	0	30	15.464	1940
2	5	4	40	10	left	right	0	11	15.172	725
2	6	4	40	10	left	right	0	10	16.474	607
2	7	4	40	10	right	right	1	15	15.544	965
2	8	4	40	10	left	left	1	49	15.467	3168
2	9	4	40	10	left	right	0	58	15.413	3763
2	10	4	40	10	right	right	1	82	15.29	5363
2	11	4	40	10	left	right	0	65	15.251	4262
2	12	4	40	10	left	left	1	54	15.122	3571
2	13	4	40	10	left	right	0	63	15.377	4097
2	14	4	40	10	left	left	1	17	15.741	1080
2	15	4	40	10	right	right	1	84	15.182	5533
2	16	4	40	10	left	left	1	36	15.274	2357
2	17	4	40	10	right	right	1	28	15.184	1844
2	18	4	40	10	right	right	1	47	15.191	3094
2	19	4	40	10	right	left	0	55	15.143	3632
3	1	4	40	10	left	left	1	77	15.175	5074
3	2	4	40	10	right	left	0	45	15.464	2910
3	3	4	40	10	left	right	0	24	15.385	1560
3	4	4	40	10	left	left	1	108	15.188	7111
3	5	4	40	10	left	right	0	59	15.206	3880
3	6	4	40	10	left	right	0	51	15.17	3362
3	7	4	40	10	right	right	1	42	15.402	2727
3	8	4	40	10	left	right	0	57	15.364	3710
3	9	4	40	10	right	left	0	47	15.161	3100
3	10	4	40	10	right	right	1	23	15.678	1467
3	11	4	40	10	left	left	1	50	15.456	3235
3	12	4	40	10	right	right	1	43	15.445	2784
3	13	4	40	10	right	right	1	39	15.464	2522
3	14	4	40	10	right	right	1	75	15.353	4885
3	15	4	40	10	left	left	1	37	15.397	2403
3	16	4	40	10	right	right	1	19	15.574	1220
4	1	4	40	10	left	right	0	50	15.3	3268
4	2	4	40	10	right	left	0	16	15.282	1047
4	3	4	40	10	left	right	0	19	15.212	1249
4	4	4	40	10	left	left	1	55	15.21	3616
4	5	4	40	10	left	left	1	48	15.311	3135
4	6	4	40	10	left	left	1	45	15.358	2930
4	7	4	40	10	left	right	0	29	15.5	1871
4	8	4	40	10	right	right	1	19	15.86	1198
4	9	4	40	10	left	right	0	42	15.312	2743
4	10	4	40	10	left	left	1	77	15.146	5084
4	11	4	40	10	right	right	1	33	15.442	2137
4	12	4	40	10	left	right	0	58	15.356	3777
4	13	4	40	10	right	left	0	17	15.497	1097
4	14	4	40	10	right	right	1	42	15.19	2765
4	15	4	40	10	left	left	1	27	15.367	1757
4	16	4	40	10	left	right	0	49	15.409	3180
4	17	4	40	10	left	right	0	58	15.183	3820
4	18	4	40	10	right	right	1	64	15.162	4221
5	1	4	40	10	left	right	0	171	15.214	11240
5	2	4	40	10	right	right	1	84	15.154	5543
5	3	4	40	10	right	left	0	57	15.192	3752
5	4	4	40	10	right	right	1	102	15.308	6663
5	5	4	40	10	left	left	1	65	15.173	4284
5	6	4	40	10	left	right	0	68	15.302	4444
5	7	4	40	10	right	right	1	59	15.249	3869
5	8	4	40	10	right	right	1	63	15.28	4123
5	9	4	40	10	left	right	0	144	15.232	9454
5	10	4	40	10	left	right	0	117	15.221	7687
6	1	4	40	10	right	left	0	135	13.658	9884
6	2	4	40	10	right	right	1	39	12.795	3048
6	3	4	40	10	right	right	1	59	15.144	3896
6	4	4	40	10	left	right	0	61	15.235	4004
6	5	4	40	10	right	left	0	89	15.316	5811
6	6	4	40	10	left	left	1	95	15.229	6238
6	7	4	40	10	right	right	1	41	15.208	2696
6	8	4	40	10	right	right	1	38	15.329	2479
6	9	4	40	10	right	right	1	38	15.176	2504
6	10	4	40	10	left	left	1	64	15.344	4171
6	11	4	40	10	right	left	0	39	15.427	2528
6	12	4	40	10	right	left	0	26	15.33	1696
6	13	4	40	10	right	right	1	29	15.401	1883
6	14	4	40	10	left	right	0	45	15.136	2973
7	1	4	40	10	left	right	0	104	15.218	6834
7	2	4	40	10	right	right	1	70	15.214	4601
7	3	4	40	10	left	right	0	34	15.172	2241
7	4	4	40	10	right	right	1	54	15.371	3513
7	5	4	40	10	right	left	0	90	15.27	5894
7	6	4	40	10	left	right	0	31	15.531	1996
7	7	4	40	10	right	right	1	178	15.221	11694
7	8	4	40	10	right	right	1	99	15.285	6477
7	9	4	40	10	right	right	1	75	15.359	4883
7	10	4	40	10	right	right	1	50	15.418	3243
7	11	4	40	10	right	right	1	67	15.283	4384
8	1	4	40	10	right	right	1	46	15.272	3012
8	2	4	40	10	right	right	1	45	15.48	2907
8	3	4	40	10	right	right	1	41	15.253	2688
8	4	4	40	10	left	left	1	28	15.16	1847
8	5	4	40	10	right	right	1	28	15.41	1817
8	6	4	40	10	right	right	1	18	15.929	1130
8	7	4	40	10	right	left	0	29	15.55	1865
8	8	4	40	10	right	right	1	45	15.411	2920
8	9	4	40	10	right	right	1	55	15.389	3574
8	10	4	40	10	right	right	1	21	15.152	1386
8	11	4	40	10	right	right	1	28	15.351	1824
8	12	4	40	10	left	left	1	20	15.232	1313
8	13	4	40	10	right	right	1	36	15.537	2317
8	14	4	40	10	right	right	1	20	15.699	1274
8	15	4	40	10	right	right	1	47	15.435	3045
8	16	4	40	10	right	left	0	25	15.423	1621
8	17	4	40	10	right	left	0	30	15.576	1926
8	18	4	40	10	right	right	1	28	15.168	1846
8	19	4	40	10	left	left	1	15	15.244	984
8	20	4	40	10	left	left	1	15	15.448	971
8	21	4	40	10	right	left	0	16	15.779	1014
8	22	4	40	10	left	left	1	25	15.394	1624
8	23	4	40	10	right	right	1	40	15.408	2596
8	24	4	40	10	right	right	1	26	15.541	1673
8	25	4	40	10	left	left	1	15	15.528	966
9	1	4	40	10	left	left	1	26	15.682	1658
9	2	4	40	10	right	right	1	32	15.633	2047
9	3	4	40	10	right	right	1	17	15.315	1110
9	4	4	40	10	right	right	1	12	16.194	741
9	5	4	40	10	right	left	0	18	15.817	1138
9	6	4	40	10	left	left	1	19	15.347	1238
9	7	4	40	10	right	right	1	15	15.756	952
9	8	4	40	10	left	left	1	56	15.376	3642
9	9	4	40	10	right	right	1	15	16.146	929
9	10	4	40	10	left	left	1	14	16	875
9	11	4	40	10	right	right	1	13	16.311	797
9	12	4	40	10	right	left	0	13	15.276	851
9	13	4	40	10	left	right	0	17	15.977	1064
9	14	4	40	10	left	left	1	19	15.298	1242
9	15	4	40	10	right	left	0	28	15.66	1788
9	16	4	40	10	right	right	1	25	15.309	1633
9	17	4	40	10	right	right	1	16	15.066	1062
9	18	4	40	10	left	left	1	14	15.436	907
9	19	4	40	10	left	left	1	38	15.2	2500
9	20	4	40	10	left	left	1	22	15.636	1407
9	21	4	40	10	left	left	1	17	15.903	1069
9	22	4	40	10	left	left	1	18	15.679	1148
9	23	4	40	10	right	right	1	33	15.207	2170
9	24	4	40	10	left	left	1	15	15.182	988
9	25	4	40	10	right	right	1	15	15.496	968
9	26	4	40	10	right	left	0	22	15.246	1443
9	27	4	40	10	left	left	1	36	15.261	2359
9	28	4	40	10	right	right	1	12	15.544	772
9	29	4	40	10	left	left	1	17	15.596	1090
9	30	4	40	10	left	left	1	37	15.572	2376
9	31	4	40	10	right	right	1	12	15.789	760
9	32	4	40	10	left	left	1	12	15.209	789
9	33	4	40	10	right	right	1	14	15.695	892
10	1	4	40	10	left	left	1	32	15.195	2106
10	2	4	40	10	left	left	1	25	15.152	1650
10	3	4	40	10	right	right	1	14	15.784	887
10	4	4	40	10	right	left	0	22	15.636	1407
10	5	4	40	10	left	left	1	42	15.206	2762
10	6	4	40	10	right	right	1	19	15.372	1236
10	7	4	40	10	left	left	1	14	15.801	886
10	8	4	40	10	right	right	1	11	16.224	678
10	9	4	40	10	right	right	1	26	15.385	1690
10	10	4	40	10	right	right	1	14	15.351	912
10	11	4	40	10	left	left	1	13	16.069	809
10	12	4	40	10	left	left	1	19	15.224	1248
10	13	4	40	10	right	right	1	15	15.991	938
10	14	4	40	10	left	left	1	16	15.92	1005
10	15	4	40	10	left	left	1	15	16.146	929
10	16	4	40	10	right	right	1	15	15.075	995
10	17	4	40	10	left	left	1	13	15.796	823
10	18	4	40	10	left	left	1	22	15.737	1398
10	19	4	40	10	left	left	1	16	15.34	1043
10	20	4	40	10	right	left	0	22	15.714	1400
10	21	4	40	10	right	right	1	28	15.267	1834
10	22	4	40	10	right	right	1	27	15.598	1731
10	23	4	40	10	right	right	1	81	15.289	5298
10	24	4	40	10	right	left	0	46	15.395	2988
10	25	4	40	10	left	right	0	44	15.406	2856
10	26	4	40	10	right	left	0	55	15.38	3576
10	27	4	40	10	left	right	0	63	15.251	4131
11	1	4	40	10	right	right	1	45	15.192	2962
11	2	4	40	10	left	left	1	15	15.369	976
11	3	4	40	10	left	right	0	21	15.778	1331
11	4	4	40	10	right	right	1	23	15.829	1453
11	5	4	40	10	left	left	1	15	15.576	963
11	6	4	40	10	right	right	1	28	15.102	1854
11	7	4	40	10	right	right	1	39	15.519	2513
11	8	4	40	10	right	right	1	30	15.408	1947
11	9	4	40	10	right	right	1	26	15.267	1703
11	10	4	40	10	left	left	1	26	15.285	1701
11	11	4	40	10	right	right	1	26	15.312	1698
11	12	4	40	10	right	right	1	30	15.182	1976
11	13	4	40	10	right	right	1	54	15.424	3501
11	14	4	40	10	left	left	1	41	15.299	2680
11	15	4	40	10	left	left	1	32	15.274	2095
11	16	4	40	10	right	right	1	21	15.637	1343
11	17	4	40	10	right	right	1	33	15.25	2164
11	18	4	40	10	left	left	1	24	15.335	1565
11	19	4	40	10	right	left	0	31	15.377	2016
11	20	4	40	10	left	right	0	50	15.272	3274
11	21	4	40	10	left	left	1	32	15.355	2084
11	22	4	40	10	right	left	0	25	15.509	1612
11	23	4	40	10	left	right	0	26	15.653	1661
11	24	4	40	10	right	left	0	29	15.312	1894
11	25	4	40	10	left	left	1	46	15.147	3037
12	1	4	40	10	right	right	1	34	15.315	2220
12	2	4	40	10	left	left	1	39	15.427	2528
12	3	4	40	10	left	left	1	28	15.599	1795
12	4	4	40	10	left	left	1	28	15.669	1787
12	5	4	40	10	right	right	1	43	15.297	2811
12	6	4	40	10	left	left	1	34	15.413	2206
12	7	4	40	10	left	left	1	17	15.497	1097
12	8	4	40	10	left	left	1	30	15.568	1927
12	9	4	40	10	left	right	0	33	15.257	2163
12	10	4	40	10	left	left	1	32	15.152	2112
12	11	4	40	10	right	right	1	44	15.193	2896
12	12	4	40	10	right	right	1	26	15.285	1701
12	13	4	40	10	left	right	0	38	15.453	2459
12	14	4	40	10	left	left	1	27	15.473	1745
12	15	4	40	10	left	right	0	45	15.203	2960
12	16	4	40	10	right	left	0	58	15.381	3771
12	17	4	40	10	left	left	1	68	15.253	4458
12	18	4	40	10	right	right	1	51	15.403	3311
12	19	4	40	10	left	right	0	18	15.332	1174
12	20	4	40	10	right	right	1	24	15.595	1539
12	21	4	40	10	left	left	1	15	15.167	989
12	22	4	40	10	left	left	1	33	15.165	2176
13	1	4	40	10	left	right	0	19	15.847	1199
13	2	4	40	10	right	left	0	14	16.11	869
13	3	4	40	10	right	left	0	16	15.595	1026
13	4	4	40	10	left	right	0	18	15.693	1147
13	5	4	40	10	left	left	1	23	15.71	1464
13	6	4	40	10	left	right	0	13	15.495	839
13	7	4	40	10	left	left	1	17	15.247	1115
13	8	4	40	10	right	right	1	35	15.178	2306
13	9	4	40	10	left	left	1	13	16.109	807
13	10	4	40	10	left	right	0	11	15.471	711
13	11	4	40	10	right	right	1	14	15.909	880
13	12	4	40	10	left	left	1	15	15.228	985
13	13	4	40	10	right	right	1	13	15.258	852
13	14	4	40	10	right	left	0	11	16.082	684
13	15	4	40	10	right	right	1	22	15.31	1437
13	16	4	40	10	right	right	1	18	15.254	1180
13	17	4	40	10	left	left	1	23	15.753	1460
13	18	4	40	10	right	right	1	19	15.781	1204
13	19	4	40	10	right	right	1	16	15.195	1053
13	20	4	40	10	right	right	1	20	15.785	1267
13	21	4	40	10	left	left	1	18	15.557	1157
13	22	4	40	10	left	left	1	18	15.789	1140
13	23	4	40	10	right	right	1	20	15.773	1268
13	24	4	40	10	left	left	1	21	15.284	1374
13	25	4	40	10	left	left	1	22	15.32	1436
13	26	4	40	10	left	left	1	46	15.359	2995
13	27	4	40	10	left	left	1	26	15.522	1675
13	28	4	40	10	right	right	1	16	15.984	1001
13	29	4	40	10	right	left	0	23	15.84	1452
13	30	4	40	10	right	right	1	13	15.33	848
13	31	4	40	10	left	left	1	32	15.209	2104
13	32	4	40	10	left	left	1	27	15.411	1752
13	33	4	40	10	right	right	1	30	15.633	1919
13	34	4	40	10	left	left	1	16	15.109	1059
14	1	4	40	10	right	right	1	46	15.431	2981
14	2	4	40	10	right	right	1	22	15.417	1427
14	3	4	40	10	right	right	1	22	15.793	1393
14	4	4	40	10	right	right	1	14	16.222	863
14	5	4	40	10	right	right	1	11	15.11	728
14	6	4	40	10	right	right	1	13	16.01	812
14	7	4	40	10	right	right	1	15	15.839	947
14	8	4	40	10	left	right	0	15	15.152	990
14	9	4	40	10	left	left	1	13	15.815	822
14	10	4	40	10	right	right	1	14	16.092	870
14	11	4	40	10	left	left	1	11	15.515	709
14	12	4	40	10	left	left	1	23	15.272	1506
14	13	4	40	10	right	right	1	23	15.344	1499
14	14	4	40	10	left	left	1	13	15.403	844
14	15	4	40	10	right	right	1	30	15.213	1972
14	16	4	40	10	right	right	1	15	16.164	928
14	17	4	40	10	right	right	1	21	15.602	1346
14	18	4	40	10	right	right	1	17	15.413	1103
14	19	4	40	10	right	right	1	15	15.167	989
14	20	4	40	10	right	right	1	16	15.733	1017
14	21	4	40	10	right	right	1	18	15.887	1133
14	22	4	40	10	left	left	1	15	15.291	981
14	23	4	40	10	left	left	1	18	15.411	1168
14	24	4	40	10	right	right	1	21	15.184	1383
14	25	4	40	10	right	right	1	20	15.773	1268
14	26	4	40	10	left	left	1	17	15.413	1103
14	27	4	40	10	right	right	1	15	16.077	933
14	28	4	40	10	left	left	1	15	16.043	935
14	29	4	40	10	right	right	1	21	15.873	1323
14	30	4	40	10	right	right	1	14	15.521	902
14	31	4	40	10	left	left	1	15	15.385	975
14	32	4	40	10	right	right	1	17	15.357	1107
14	33	4	40	10	right	right	1	12	15.605	769
14	34	4	40	10	right	right	1	18	15.748	1143
14	35	4	40	10	right	right	1	14	15.504	903
14	36	4	40	10	right	right	1	15	15.756	952
14	37	4	40	10	left	left	1	15	15.075	995
14	38	4	40	10	right	right	1	24	15.484	1550
14	39	4	40	10	left	left	1	13	15.33	848
15	1	4	40	10	right	right	1	56	15.189	3687
15	2	4	40	10	right	right	1	33	15.11	2184
15	3	4	40	10	left	left	1	15	15.991	938
15	4	4	40	10	right	right	1	26	15.504	1677
15	5	4	40	10	right	right	1	15	15.991	938
15	6	4	40	10	right	right	1	14	16.279	860
15	7	4	40	10	left	left	1	13	16.149	805
15	8	4	40	10	left	left	1	14	15.713	891
15	9	4	40	10	left	left	1	19	15.98	1189
15	10	4	40	10	right	left	0	39	15.205	2565
15	11	4	40	10	left	left	1	13	15.366	846
15	12	4	40	10	left	left	1	16	15.779	1014
15	13	4	40	10	left	left	1	20	15.209	1315
15	14	4	40	10	right	right	1	12	16.151	743
15	15	4	40	10	right	right	1	17	15.683	1084
15	16	4	40	10	right	right	1	18	15.598	1154
15	17	4	40	10	left	left	1	17	15.947	1066
15	18	4	40	10	right	right	1	19	15.536	1223
15	19	4	40	10	left	left	1	15	16.164	928
15	20	4	40	10	left	left	1	13	15.892	818
15	21	4	40	10	right	right	1	17	15.483	1098
15	22	4	40	10	right	right	1	18	15.306	1176
15	23	4	40	10	right	left	0	15	15.228	985
15	24	4	40	10	right	right	1	18	15.504	1161
15	25	4	40	10	right	left	0	13	15.169	857
15	26	4	40	10	left	left	1	23	15.829	1453
15	27	4	40	10	left	left	1	21	15.217	1380
15	28	4	40	10	left	left	1	18	15.817	1138
15	29	4	40	10	right	right	1	19	15.41	1233
15	30	4	40	10	left	left	1	16	15.702	1019
15	31	4	40	10	right	right	1	22	15.278	1440
15	32	4	40	10	right	right	1	19	15.237	1247
15	33	4	40	10	right	right	1	25	15.161	1649
15	34	4	40	10	left	left	1	17	15.554	1093
15	35	4	40	10	left	left	1	17	15.697	1083
15	36	4	40	10	left	left	1	17	15.497	1097
16	1	4	40	10	left	left	1	24	15.094	1590
16	2	4	40	10	right	right	1	21	15.251	1377
16	3	4	40	10	left	left	1	22	15.827	1390
16	4	4	40	10	right	right	1	20	15.291	1308
16	5	4	40	10	right	right	1	24	15.238	1575
16	6	4	40	10	right	right	1	23	15.775	1458
16	7	4	40	10	right	right	1	19	15.82	1201
16	8	4	40	10	right	right	1	21	15.419	1362
16	9	4	40	10	left	right	0	20	15.528	1288
16	10	4	40	10	right	right	1	23	15.374	1496
16	11	4	40	10	left	left	1	28	15.419	1816
16	12	4	40	10	right	right	1	23	15.614	1473
16	13	4	40	10	left	left	1	17	15.611	1089
16	14	4	40	10	right	right	1	13	15.205	855
16	15	4	40	10	right	right	1	18	15.859	1135
16	16	4	40	10	left	left	1	12	15.345	782
16	17	4	40	10	right	right	1	15	15.045	997
16	18	4	40	10	right	right	1	22	15.449	1424
16	19	4	40	10	right	right	1	19	15.435	1231
16	20	4	40	10	left	left	1	14	16.185	865
16	21	4	40	10	right	right	1	24	15.779	1521
16	22	4	40	10	left	left	1	13	15.588	834
16	23	4	40	10	left	left	1	15	15.991	938
16	24	4	40	10	right	right	1	11	15.896	692
16	25	4	40	10	right	right	1	20	15.625	1280
16	26	4	40	10	left	left	1	15	15.306	980
16	27	4	40	10	right	right	1	13	15.569	835
16	28	4	40	10	left	left	1	14	16.241	862
16	29	4	40	10	right	right	1	15	15.136	991
16	30	4	40	10	left	left	1	23	15.775	1458
16	31	4	40	10	left	left	1	24	15.605	1538
16	32	4	40	10	right	right	1	11	15.214	723
16	33	4	40	10	right	right	1	13	15.33	848
16	34	4	40	10	left	left	1	14	16.204	864
16	35	4	40	10	left	left	1	16	15.152	1056
16	36	4	40	10	right	right	1	10	15.699	637
16	37	4	40	10	right	right	1	13	15.495	839
16	38	4	40	10	left	left	1	18	15.332	1174
16	39	4	40	10	left	left	1	16	15.166	1055
17	1	4	40	10	left	left	1	12	15.209	789
17	2	4	40	10	right	right	1	15	15.322	979
17	3	4	40	10	left	left	1	15	15.275	982
17	4	4	40	10	right	right	1	18	15.817	1138
17	5	4	40	10	left	left	1	26	15.249	1705
17	6	4	40	10	right	right	1	25	15.328	1631
17	7	4	40	10	left	left	1	33	15.145	2179
17	8	4	40	10	right	right	1	24	15.414	1557
17	9	4	40	10	left	left	1	20	15.736	1271
17	10	4	40	10	right	left	0	35	15.5	2258
17	11	4	40	10	left	left	1	23	15.426	1491
17	12	4	40	10	left	left	1	32	15.362	2083
17	13	4	40	10	right	right	1	29	15.207	1907
17	14	4	40	10	left	left	1	23	15.152	1518
17	15	4	40	10	left	left	1	19	15.335	1239
17	16	4	40	10	left	left	1	18	15.943	1129
17	17	4	40	10	left	left	1	17	15.399	1104
17	18	4	40	10	right	right	1	19	15.152	1254
17	19	4	40	10	left	left	1	23	15.457	1488
17	20	4	40	10	right	right	1	14	15.608	897
17	21	4	40	10	left	left	1	17	15.483	1098
17	22	4	40	10	right	right	1	24	15.385	1560
17	23	4	40	10	left	left	1	28	15.193	1843
17	24	4	40	10	left	left	1	16	15.195	1053
17	25	4	40	10	left	left	1	27	15.679	1722
17	26	4	40	10	left	left	1	26	15.33	1696
17	27	4	40	10	right	right	1	16	15.671	1021
17	28	4	40	10	left	left	1	27	15.393	1754
17	29	4	40	10	left	left	1	17	15.165	1121
17	30	4	40	10	left	left	1	26	15.258	1704
17	31	4	40	10	right	right	1	14	15.801	886
17	32	4	40	10	left	left	1	15	15.136	991
17	33	4	40	10	right	right	1	14	15.301	915
18	1	4	40	10	left	left	1	29	15.167	1912
18	2	4	40	10	right	right	1	17	15.247	1115
18	3	4	40	10	left	left	1	15	15.496	968
18	4	4	40	10	left	left	1	20	15.674	1276
18	5	4	40	10	right	right	1	12	15.19	790
18	6	4	40	10	left	left	1	17	15.219	1117
18	7	4	40	10	right	right	1	15	15.182	988
18	8	4	40	10	right	right	1	19	15.742	1207
18	9	4	40	10	left	left	1	20	15.723	1272
18	10	4	40	10	left	left	1	16	15.702	1019
18	11	4	40	10	left	left	1	16	15.152	1056
18	12	4	40	10	right	right	1	12	15.852	757
18	13	4	40	10	left	left	1	21	15.778	1331
18	14	4	40	10	left	right	0	11	16.591	663
18	15	4	40	10	left	left	1	14	15.368	911
18	16	4	40	10	right	right	1	22	15.703	1401
18	17	4	40	10	left	right	0	24	15.161	1583
18	18	4	40	10	right	right	1	18	15.228	1182
18	19	4	40	10	left	left	1	17	15.654	1086
18	20	4	40	10	left	left	1	20	15.291	1308
18	21	4	40	10	right	right	1	23	15.541	1480
18	22	4	40	10	right	right	1	21	15.637	1343
18	23	4	40	10	right	right	1	21	15.487	1356
18	24	4	40	10	right	right	1	17	15.625	1088
18	25	4	40	10	right	right	1	21	15.648	1342
18	26	4	40	10	right	right	1	19	15.587	1219
18	27	4	40	10	left	left	1	20	15.662	1277
18	28	4	40	10	left	left	1	24	15.707	1528
18	29	4	40	10	right	right	1	20	15.711	1273
18	30	4	40	10	left	left	1	18	15.254	1180
18	31	4	40	10	left	left	1	16	15.459	1035
18	32	4	40	10	right	right	1	14	15.217	920
18	33	4	40	10	right	right	1	13	15.152	858
18	34	4	40	10	right	right	1	13	15.892	818
18	35	4	40	10	right	right	1	18	15.398	1169
18	36	4	40	10	right	right	1	17	15.829	1074
18	37	4	40	10	right	right	1	16	15.764	1015
18	38	4	40	10	left	left	1	18	15.901	1132
19	1	4	40	10	right	right	1	22	15.31	1437
19	2	4	40	10	right	right	1	20	15.48	1292
19	3	4	40	10	left	left	1	11	16.012	687
19	4	4	40	10	right	right	1	13	15.719	827
19	5	4	40	10	right	right	1	17	15.814	1075
19	6	4	40	10	right	right	1	13	15.931	816
19	7	4	40	10	left	left	1	12	15.484	775
19	8	4	40	10	left	left	1	19	15.249	1246
19	9	4	40	10	left	left	1	17	15.858	1072
19	10	4	40	10	right	right	1	21	15.475	1357
19	11	4	40	10	left	left	1	12	16.26	738
19	12	4	40	10	right	right	1	27	15.634	1727
19	13	4	40	10	right	right	1	22	15.559	1414
19	14	4	40	10	right	right	1	22	15.67	1404
19	15	4	40	10	right	right	1	16	15.595	1026
19	16	4	40	10	left	left	1	18	15.762	1142
19	17	4	40	10	left	left	1	20	15.361	1302
19	18	4	40	10	left	left	1	19	15.728	1208
19	19	4	40	10	right	right	1	15	15.48	969
19	20	4	40	10	right	right	1	15	16.094	932
19	21	4	40	10	right	right	1	15	15.528	966
19	22	4	40	10	left	left	1	15	15.106	993
19	23	4	40	10	left	right	0	13	16.149	805
19	24	4	40	10	left	left	1	44	15.406	2856
19	25	4	40	10	left	left	1	34	15.206	2236
19	26	4	40	10	left	left	1	21	15.637	1343
19	27	4	40	10	left	left	1	40	15.361	2604
19	28	4	40	10	left	left	1	28	15.209	1841
19	29	4	40	10	right	right	1	20	15.601	1282
19	30	4	40	10	right	right	1	21	15.385	1365
19	31	4	40	10	left	left	1	25	15.605	1602
19	32	4	40	10	right	right	1	28	15.444	1813
19	33	4	40	10	right	right	1	18	16	1125
19	34	4	40	10	right	right	1	20	15.186	1317
19	35	4	40	10	left	left	1	16	15.137	1057
19	36	4	40	10	right	right	1	19	15.249	1246
20	1	4	40	10	right	right	1	19	15.385	1235
20	2	4	40	10	right	right	1	22	15.482	1421
20	3	4	40	10	right	right	1	15	15.56	964
20	4	4	40	10	left	left	1	11	16.035	686
20	5	4	40	10	left	left	1	18	15.598	1154
20	6	4	40	10	left	left	1	17	15.152	1122
20	7	4	40	10	right	right	1	19	15.323	1240
20	8	4	40	10	left	right	0	17	15.26	1114
20	9	4	40	10	right	right	1	21	15.556	1350
20	10	4	40	10	right	right	1	14	16	875
20	11	4	40	10	right	right	1	13	15.854	820
20	12	4	40	10	left	right	0	20	15.302	1307
20	13	4	40	10	left	left	1	14	16	875
20	14	4	40	10	left	right	0	19	15.273	1244
20	15	4	40	10	left	left	1	14	15.301	915
20	16	4	40	10	left	right	0	18	15.557	1157
20	17	4	40	10	left	left	1	14	15.47	905
20	18	4	40	10	right	left	0	23	15.84	1452
20	19	4	40	10	right	right	1	14	15.927	879
20	20	4	40	10	left	left	1	21	15.173	1384
20	21	4	40	10	right	left	0	20	15.267	1310
20	22	4	40	10	left	right	0	16	15.414	1038
20	23	4	40	10	left	left	1	21	15.801	1329
20	24	4	40	10	left	right	0	22	15.406	1428
20	25	4	40	10	left	left	1	34	15.511	2192
20	26	4	40	10	right	right	1	19	15.599	1218
20	27	4	40	10	right	right	1	16	15.109	1059
20	28	4	40	10	left	right	0	16	15.385	1040
20	29	4	40	10	left	left	1	21	15.419	1362
20	30	4	40	10	right	right	1	17	15.77	1078
20	31	4	40	10	right	right	1	15	15.823	948
20	32	4	40	10	right	right	1	16	15.519	1031
20	33	4	40	10	right	right	1	37	15.592	2373
20	34	4	40	10	right	right	1	35	15.385	2275
20	35	4	40	10	left	left	1	42	15.356	2735
21	1	4	40	10	right	right	1	20	15.54	1287
21	2	4	40	10	left	left	1	21	15.152	1386
21	3	4	40	10	right	right	1	31	15.256	2032
21	4	4	40	10	left	left	1	18	15.544	1158
21	5	4	40	10	left	left	1	22	15.385	1430
21	6	4	40	10	left	left	1	17	15.329	1109
21	7	4	40	10	left	left	1	13	16.01	812
21	8	4	40	10	right	right	1	23	15.426	1491
21	9	4	40	10	right	right	1	21	15.217	1380
21	10	4	40	10	right	right	1	13	16.23	801
21	11	4	40	10	left	left	1	13	15.625	832
21	12	4	40	10	left	left	1	14	15.368	911
21	13	4	40	10	left	left	1	12	15.287	785
21	14	4	40	10	right	right	1	14	16.073	871
21	15	4	40	10	left	left	1	12	16.304	736
21	16	4	40	10	left	left	1	16	15.795	1013
21	17	4	40	10	right	right	1	13	15.931	816
21	18	4	40	10	left	left	1	10	15.625	640
21	19	4	40	10	right	right	1	15	15.593	962
21	20	4	40	10	right	right	1	15	15.06	996
21	21	4	40	10	right	right	1	14	16.055	872
21	22	4	40	10	left	left	1	11	15.278	720
21	23	4	40	10	right	right	1	10	15.314	653
21	24	4	40	10	left	left	1	11	15.449	712
21	25	4	40	10	left	left	1	13	15.258	852
21	26	4	40	10	right	right	1	11	15.027	732
21	27	4	40	10	left	left	1	14	15.334	913
21	28	4	40	10	right	right	1	14	15.317	914
21	29	4	40	10	left	left	1	13	16.01	812
21	30	4	40	10	left	left	1	17	15.697	1083
21	31	4	40	10	left	right	0	12	15.132	793
21	32	4	40	10	left	left	1	10	15.723	636
21	33	4	40	10	left	left	1	13	16.291	798
21	34	4	40	10	right	right	1	14	15.402	909
21	35	4	40	10	left	left	1	12	15.326	783
21	36	4	40	10	left	left	1	12	15.524	773
21	37	4	40	10	right	right	1	12	16.238	739
21	38	4	40	10	right	right	1	13	15.625	832
21	39	4	40	10	right	right	1	12	15.789	760
21	40	4	40	10	right	right	1	12	15.209	789
21	41	4	40	10	right	right	1	13	15.403	844
21	42	4	40	10	right	right	1	13	16.01	812
21	43	4	40	10	left	left	1	13	16.03	811
21	44	4	40	10	right	right	1	13	15.892	818
21	45	4	40	10	left	left	1	21	15.162	1385
22	1	4	40	10	left	left	1	17	15.843	1073
22	2	4	40	10	right	right	1	19	15.249	1246
22	3	4	40	10	right	right	1	26	15.33	1696
22	4	4	40	10	left	right	0	36	15.531	2318
22	5	4	40	10	right	right	1	25	15.17	1648
22	6	4	40	10	left	left	1	28	15.651	1789
22	7	4	40	10	right	right	1	36	15.484	2325
22	8	4	40	10	right	right	1	20	15.302	1307
22	9	4	40	10	right	right	1	24	15.564	1542
22	10	4	40	10	right	right	1	29	15.426	1880
22	11	4	40	10	left	left	1	33	15.435	2138
22	12	4	40	10	left	left	1	30	15.213	1972
22	13	4	40	10	left	left	1	20	15.244	1312
22	14	4	40	10	right	right	1	26	15.663	1660
22	15	4	40	10	left	left	1	17	15.962	1065
22	16	4	40	10	right	right	1	15	15.907	943
22	17	4	40	10	left	left	1	15	16.009	937
22	18	4	40	10	right	right	1	15	15.432	972
22	19	4	40	10	left	left	1	12	15.171	791
22	20	4	40	10	left	left	1	21	15.567	1349
22	21	4	40	10	right	right	1	23	15.52	1482
22	22	4	40	10	right	right	1	16	15.595	1026
22	23	4	40	10	left	left	1	15	15.789	950
22	24	4	40	10	right	right	1	12	15.306	784
22	25	4	40	10	right	right	1	15	15.512	967
22	26	4	40	10	right	right	1	17	15.385	1105
22	27	4	40	10	left	left	1	15	15.756	952
22	28	4	40	10	left	left	1	13	15.588	834
22	29	4	40	10	left	left	1	15	15.723	954
22	30	4	40	10	right	right	1	12	16.021	749
22	31	4	40	10	right	right	1	12	15.267	786
22	32	4	40	10	left	left	1	15	16.146	929
22	33	4	40	10	left	left	1	11	15.737	699
22	34	4	40	10	right	right	1	11	15.827	695
22	35	4	40	10	right	right	1	17	15.582	1091
22	36	4	40	10	left	left	1	13	15.169	857
22	37	4	40	10	right	right	1	11	15.089	729
23	1	4	40	10	left	left	1	26	15.403	1688
23	2	4	40	10	right	right	1	15	15.291	981
23	3	4	40	10	left	left	1	13	15.606	833
23	4	4	40	10	right	right	1	13	16.089	808
23	5	4	40	10	right	right	1	18	15.762	1142
23	6	4	40	10	left	left	1	11	15.32	718
23	7	4	40	10	left	left	1	15	15.593	962
23	8	4	40	10	right	right	1	23	15.743	1461
23	9	4	40	10	left	left	1	25	15.133	1652
23	10	4	40	10	left	left	1	28	15.616	1793
23	11	4	40	10	left	left	1	24	15.707	1528
23	12	4	40	10	right	right	1	26	15.24	1706
23	13	4	40	10	left	right	0	29	15.231	1904
23	14	4	40	10	left	left	1	23	15.71	1464
23	15	4	40	10	left	left	1	16	15.267	1048
23	16	4	40	10	right	right	1	25	15.576	1605
23	17	4	40	10	right	right	1	17	15.726	1081
23	18	4	40	10	left	left	1	13	15.495	839
23	19	4	40	10	right	right	1	15	15.275	982
23	20	4	40	10	left	left	1	12	15.287	785
23	21	4	40	10	right	right	1	21	15.453	1359
23	22	4	40	10	right	right	1	14	15.695	892
23	23	4	40	10	left	left	1	27	15.297	1765
23	24	4	40	10	right	right	1	19	15.98	1189
23	25	4	40	10	left	left	1	16	15.656	1022
23	26	4	40	10	right	right	1	18	15.707	1146
23	27	4	40	10	left	left	1	13	15.588	834
23	28	4	40	10	right	right	1	25	15.385	1625
23	29	4	40	10	right	right	1	13	16.149	805
23	30	4	40	10	right	right	1	13	15.7	828
23	31	4	40	10	right	right	1	23	15.509	1483
23	32	4	40	10	left	left	1	15	16.251	923
23	33	4	40	10	right	right	1	14	15.267	917
23	34	4	40	10	right	right	1	13	15.663	830
23	35	4	40	10	left	left	1	20	15.649	1278
23	36	4	40	10	left	left	1	20	15.613	1281
23	37	4	40	10	left	left	1	26	15.439	1684
24	1	4	40	10	left	left	1	40	15.528	2576
24	2	4	40	10	left	left	1	29	15.525	1868
24	3	4	40	10	left	left	1	20	15.552	1286
24	4	4	40	10	right	right	1	20	15.81	1265
24	5	4	40	10	left	left	1	15	15.69	956
24	6	4	40	10	left	right	0	18	15.424	1167
24	7	4	40	10	left	left	1	23	15.262	1507
24	8	4	40	10	left	left	1	23	15.668	1468
24	9	4	40	10	right	right	1	14	16.129	868
24	10	4	40	10	left	left	1	30	15.205	1973
24	11	4	40	10	right	right	1	21	15.419	1362
24	12	4	40	10	left	left	1	18	15.748	1143
24	13	4	40	10	right	right	1	19	15.055	1262
24	14	4	40	10	left	left	1	12	15.605	769
24	15	4	40	10	right	right	1	14	15.234	919
24	16	4	40	10	left	left	1	22	15.805	1392
24	17	4	40	10	left	right	0	46	15.421	2983
24	18	4	40	10	right	right	1	14	15.608	897
24	19	4	40	10	left	right	0	24	15.605	1538
24	20	4	40	10	right	right	1	36	15.511	2321
24	21	4	40	10	left	left	1	15	15.152	990
24	22	4	40	10	right	left	0	15	15.337	978
24	23	4	40	10	right	right	1	17	15.596	1090
24	24	4	40	10	right	right	1	21	15.441	1360
24	25	4	40	10	right	right	1	14	15.819	885
24	26	4	40	10	left	left	1	12	16.349	734
24	27	4	40	10	right	right	1	15	15.448	971
24	28	4	40	10	right	right	1	13	15.951	815
24	29	4	40	10	right	right	1	12	15.666	766
24	30	4	40	10	right	right	1	11	15.363	716
24	31	4	40	10	right	right	1	16	15.873	1008
24	32	4	40	10	right	right	1	26	15.513	1676
24	33	4	40	10	right	right	1	16	15.984	1001
24	34	4	40	10	left	left	1	23	15.829	1453
24	35	4	40	10	left	left	1	22	15.759	1396
