
blkNum	trlNum	coherentDots	numberofDots	percentCoherence	winningDirection	response	correct	eventCount	averageFrameRate	RT
1	1	4	40	10	left	left	1	53	15.411	3439
1	2	4	40	10	right	left	0	41	15.152	2706
1	3	4	40	10	right	right	1	23	15.646	1470
1	4	4	40	10	right	right	1	59	15.245	3870
1	5	4	40	10	left	right	0	45	15.265	2948
1	6	4	40	10	left	left	1	29	15.112	1919
1	7	4	40	10	left	left	1	27	15.464	1746
1	8	4	40	10	left	left	1	20	15.42	1297
1	9	4	40	10	left	left	1	21	15.295	1373
1	10	4	40	10	right	right	1	58	15.417	3762
1	11	4	40	10	left	left	1	33	15.356	2149
1	12	4	40	10	left	left	1	25	15.188	1646
1	13	4	40	10	left	left	1	24	15.769	1522
1	14	4	40	10	right	left	0	27	15.246	1771
1	15	4	40	10	left	left	1	19	15.335	1239
1	16	4	40	10	left	left	1	75	15.188	4938
1	17	4	40	10	left	left	1	52	15.178	3426
1	18	4	40	10	left	left	1	38	15.397	2468
1	19	4	40	10	right	right	1	78	15.193	5134
1	20	4	40	10	left	left	1	40	15.414	2595
2	1	4	40	10	right	right	1	39	15.482	2519
2	2	4	40	10	left	left	1	25	15.152	1650
2	3	4	40	10	right	right	1	29	15.368	1887
2	4	4	40	10	left	left	1	19	15.127	1256
2	5	4	40	10	left	left	1	20	15.221	1314
2	6	4	40	10	right	right	1	22	15.299	1438
2	7	4	40	10	left	left	1	22	15.816	1391
2	8	4	40	10	left	left	1	25	15.356	1628
2	9	4	40	10	left	left	1	23	15.212	1512
2	10	4	40	10	left	left	1	23	15.786	1457
2	11	4	40	10	right	right	1	27	15.553	1736
2	12	4	40	10	right	right	1	37	15.372	2407
2	13	4	40	10	right	right	1	39	15.433	2527
2	14	4	40	10	right	right	1	56	15.342	3650
2	15	4	40	10	right	right	1	47	15.25	3082
2	16	4	40	10	left	right	0	42	15.379	2731
2	17	4	40	10	left	left	1	36	15.411	2336
2	18	4	40	10	right	left	0	29	15.312	1894
2	19	4	40	10	left	right	0	30	15.259	1966
2	20	4	40	10	right	left	0	60	15.377	3902
2	21	4	40	10	right	right	1	67	15.332	4370
2	22	4	40	10	right	right	1	48	15.171	3164
3	1	4	40	10	left	left	1	33	15.306	2156
3	2	4	40	10	left	right	0	51	15.413	3309
3	3	4	40	10	right	right	1	55	15.376	3577
3	4	4	40	10	right	right	1	52	15.191	3423
3	5	4	40	10	right	right	1	29	15.159	1913
3	6	4	40	10	right	left	0	38	15.243	2493
3	7	4	40	10	right	right	1	29	15.393	1884
3	8	4	40	10	left	left	1	40	15.308	2613
3	9	4	40	10	left	left	1	27	15.535	1738
3	10	4	40	10	right	left	0	42	15.39	2729
3	11	4	40	10	left	left	1	31	15.516	1998
3	12	4	40	10	right	left	0	30	15.337	1956
3	13	4	40	10	right	right	1	43	15.374	2797
3	14	4	40	10	right	right	1	38	15.188	2502
3	15	4	40	10	left	right	0	52	15.218	3417
3	16	4	40	10	left	left	1	28	15.351	1824
3	17	4	40	10	right	right	1	35	15.291	2289
3	18	4	40	10	right	right	1	34	15.42	2205
3	19	4	40	10	right	right	1	27	15.482	1744
3	20	4	40	10	right	right	1	25	15.48	1615
3	21	4	40	10	right	right	1	30	15.408	1947
4	1	4	40	10	left	left	1	44	15.257	2884
4	2	4	40	10	left	left	1	21	15.625	1344
4	3	4	40	10	left	right	0	56	15.393	3638
4	4	4	40	10	right	left	0	38	15.316	2481
4	5	4	40	10	left	left	1	61	15.25	4000
4	6	4	40	10	right	right	1	42	15.301	2745
4	7	4	40	10	right	left	0	67	15.279	4385
4	8	4	40	10	right	right	1	33	15.442	2137
4	9	4	40	10	left	left	1	40	15.332	2609
4	10	4	40	10	left	left	1	50	15.179	3294
4	11	4	40	10	right	right	1	33	15.186	2173
4	12	4	40	10	left	left	1	33	15.457	2135
4	13	4	40	10	left	left	1	35	15.466	2263
4	14	4	40	10	right	right	1	49	15.255	3212
4	15	4	40	10	left	right	0	39	15.476	2520
4	16	4	40	10	right	right	1	46	15.298	3007
4	17	4	40	10	left	left	1	39	15.294	2550
4	18	4	40	10	right	right	1	40	15.326	2610
4	19	4	40	10	right	right	1	58	15.171	3823
5	1	4	40	10	left	left	1	18	15.464	1164
5	2	4	40	10	left	left	1	28	15.59	1796
5	3	4	40	10	left	left	1	29	15.136	1916
5	4	4	40	10	right	right	1	23	15.212	1512
5	5	4	40	10	left	left	1	24	15.464	1552
5	6	4	40	10	left	left	1	22	15.172	1450
5	7	4	40	10	left	left	1	27	15.544	1737
5	8	4	40	10	left	left	1	22	15.374	1431
5	9	4	40	10	right	right	1	23	15.646	1470
5	10	4	40	10	right	right	1	24	15.727	1526
5	11	4	40	10	left	right	0	29	15.368	1887
5	12	4	40	10	right	right	1	61	15.315	3983
5	13	4	40	10	left	left	1	35	15.576	2247
5	14	4	40	10	right	right	1	65	15.319	4243
5	15	4	40	10	left	left	1	34	15.546	2187
5	16	4	40	10	right	left	0	31	15.586	1989
5	17	4	40	10	left	right	0	71	15.226	4663
5	18	4	40	10	left	left	1	22	15.482	1421
5	19	4	40	10	right	left	0	30	15.464	1940
5	20	4	40	10	right	right	1	66	15.176	4349
5	21	4	40	10	right	right	1	35	15.158	2309
5	22	4	40	10	left	left	1	51	15.206	3354
6	1	4	40	10	right	right	1	37	15.289	2420
6	2	4	40	10	right	right	1	32	15.173	2109
6	3	4	40	10	left	right	0	39	15.348	2541
6	4	4	40	10	left	right	0	36	15.431	2333
6	5	4	40	10	right	left	0	31	15.492	2001
6	6	4	40	10	left	left	1	25	15.451	1618
6	7	4	40	10	left	left	1	33	15.581	2118
6	8	4	40	10	left	left	1	53	15.239	3478
6	9	4	40	10	right	right	1	21	15.521	1353
6	10	4	40	10	right	right	1	14	15.66	894
6	11	4	40	10	right	right	1	16	15.166	1055
6	12	4	40	10	right	right	1	31	15.531	1996
6	13	4	40	10	right	right	1	25	15.235	1641
6	14	4	40	10	right	right	1	31	15.586	1989
6	15	4	40	10	left	right	0	76	15.145	5018
6	16	4	40	10	right	left	0	32	15.549	2058
6	17	4	40	10	left	left	1	24	15.326	1566
6	18	4	40	10	left	left	1	20	15.723	1272
6	19	4	40	10	right	right	1	38	15.403	2467
6	20	4	40	10	left	left	1	22	15.57	1413
6	21	4	40	10	left	left	1	18	15.371	1171
6	22	4	40	10	right	right	1	32	15.187	2107
6	23	4	40	10	right	left	0	23	15.84	1452
6	24	4	40	10	right	right	1	24	15.152	1584
7	1	4	40	10	right	right	1	16	15.625	1024
7	2	4	40	10	left	right	0	19	15.385	1235
7	3	4	40	10	right	right	1	12	16.086	746
7	4	4	40	10	right	right	1	19	15.335	1239
7	5	4	40	10	right	right	1	28	15.616	1793
7	6	4	40	10	right	right	1	20	15.408	1298
7	7	4	40	10	right	right	1	17	15.219	1117
7	8	4	40	10	right	right	1	16	15.094	1060
7	9	4	40	10	left	right	0	15	15.337	978
7	10	4	40	10	left	right	0	12	15.748	762
7	11	4	40	10	right	right	1	36	15.544	2316
7	12	4	40	10	right	right	1	30	15.609	1922
7	13	4	40	10	left	left	1	33	15.292	2158
7	14	4	40	10	right	left	0	21	15.362	1367
7	15	4	40	10	right	right	1	40	15.238	2625
7	16	4	40	10	right	right	1	27	15.707	1719
7	17	4	40	10	left	left	1	38	15.292	2485
7	18	4	40	10	left	left	1	28	15.292	1831
7	19	4	40	10	left	right	0	57	15.385	3705
7	20	4	40	10	right	right	1	48	15.394	3118
7	21	4	40	10	left	left	1	35	15.459	2264
7	22	4	40	10	left	right	0	66	15.207	4340
7	23	4	40	10	left	left	1	45	15.437	2915
7	24	4	40	10	left	left	1	24	15.152	1584
7	25	4	40	10	left	left	1	33	15.377	2146
8	1	4	40	10	right	right	1	19	15.86	1198
8	2	4	40	10	left	left	1	24	15.316	1567
8	3	4	40	10	right	right	1	19	15.31	1241
8	4	4	40	10	left	left	1	15	15.075	995
8	5	4	40	10	left	left	1	37	15.372	2407
8	6	4	40	10	right	left	0	26	15.348	1694
8	7	4	40	10	right	right	1	26	15.616	1665
8	8	4	40	10	right	left	0	30	15.385	1950
8	9	4	40	10	left	left	1	23	15.303	1503
8	10	4	40	10	right	right	1	68	15.319	4439
8	11	4	40	10	right	right	1	28	15.461	1811
8	12	4	40	10	left	left	1	25	15.133	1652
8	13	4	40	10	left	left	1	27	15.553	1736
8	14	4	40	10	left	left	1	36	15.209	2367
8	15	4	40	10	right	right	1	27	15.429	1750
8	16	4	40	10	left	left	1	35	15.211	2301
8	17	4	40	10	left	right	0	37	15.195	2435
8	18	4	40	10	left	left	1	24	15.544	1544
8	19	4	40	10	right	left	0	46	15.364	2994
8	20	4	40	10	left	right	0	50	15.179	3294
8	21	4	40	10	right	right	1	28	15.686	1785
8	22	4	40	10	right	left	0	42	15.34	2738
8	23	4	40	10	left	left	1	20	15.163	1319
8	24	4	40	10	right	left	0	26	15.616	1665
9	1	4	40	10	right	right	1	32	15.633	2047
9	2	4	40	10	right	right	1	19	15.347	1238
9	3	4	40	10	right	right	1	16	15.625	1024
9	4	4	40	10	right	right	1	16	15.195	1053
9	5	4	40	10	left	left	1	23	15.52	1482
9	6	4	40	10	left	left	1	15	15.337	978
9	7	4	40	10	right	right	1	19	15.966	1190
9	8	4	40	10	left	left	1	14	15.945	878
9	9	4	40	10	right	right	1	14	15.504	903
9	10	4	40	10	right	right	1	32	15.557	2057
9	11	4	40	10	right	right	1	30	15.377	1951
9	12	4	40	10	right	right	1	53	15.425	3436
9	13	4	40	10	right	right	1	58	15.207	3814
9	14	4	40	10	left	right	0	39	15.27	2554
9	15	4	40	10	left	left	1	17	15.596	1090
9	16	4	40	10	right	right	1	24	15.464	1552
9	17	4	40	10	left	left	1	26	15.249	1705
9	18	4	40	10	left	left	1	21	15.453	1359
9	19	4	40	10	left	left	1	16	15.429	1037
9	20	4	40	10	left	right	0	25	15.451	1618
9	21	4	40	10	left	left	1	19	15.498	1226
9	22	4	40	10	left	left	1	17	15.455	1100
9	23	4	40	10	right	right	1	23	15.689	1466
9	24	4	40	10	right	left	0	14	15.453	906
9	25	4	40	10	left	right	0	43	15.227	2824
9	26	4	40	10	left	left	1	28	15.419	1816
9	27	4	40	10	right	left	0	32	15.377	2081
9	28	4	40	10	left	left	1	29	15.45	1877
9	29	4	40	10	right	right	1	26	15.403	1688
10	1	4	40	10	left	left	1	33	15.165	2176
10	2	4	40	10	left	left	1	24	15.605	1538
10	3	4	40	10	left	left	1	36	15.287	2355
10	4	4	40	10	right	right	1	15	15.244	984
10	5	4	40	10	right	right	1	44	15.428	2852
10	6	4	40	10	left	left	1	24	15.717	1527
10	7	4	40	10	left	left	1	54	15.341	3520
10	8	4	40	10	right	right	1	18	16.014	1124
10	9	4	40	10	left	left	1	20	15.785	1267
10	10	4	40	10	left	right	0	62	15.174	4086
10	11	4	40	10	left	left	1	17	15.888	1070
10	12	4	40	10	right	right	1	15	15.69	956
10	13	4	40	10	right	left	0	13	15.663	830
10	14	4	40	10	right	left	0	14	15.301	915
10	15	4	40	10	right	right	1	21	15.34	1369
10	16	4	40	10	left	right	0	20	15.175	1318
10	17	4	40	10	left	right	0	50	15.179	3294
10	18	4	40	10	right	right	1	25	15.451	1618
10	19	4	40	10	right	right	1	22	15.559	1414
10	20	4	40	10	left	left	1	30	15.4	1948
10	21	4	40	10	right	right	1	46	15.374	2992
10	22	4	40	10	right	right	1	29	15.368	1887
10	23	4	40	10	left	right	0	29	15.541	1866
10	24	4	40	10	left	left	1	15	15.609	961
10	25	4	40	10	left	left	1	12	15.727	763
10	26	4	40	10	left	left	1	21	15.251	1377
10	27	4	40	10	right	right	1	25	15.645	1598
11	1	4	40	10	right	left	0	14	15.267	917
11	2	4	40	10	left	left	1	25	15.356	1628
11	3	4	40	10	left	right	0	19	15.953	1191
11	4	4	40	10	left	left	1	26	15.653	1661
11	5	4	40	10	right	right	1	31	15.485	2002
11	6	4	40	10	left	left	1	28	15.504	1806
11	7	4	40	10	left	right	0	27	15.634	1727
11	8	4	40	10	right	right	1	31	15.609	1986
11	9	4	40	10	right	left	0	53	15.234	3479
11	10	4	40	10	right	right	1	22	15.548	1415
11	11	4	40	10	right	right	1	25	15.567	1606
11	12	4	40	10	right	right	1	28	15.41	1817
11	13	4	40	10	right	right	1	62	15.373	4033
11	14	4	40	10	right	left	0	20	15.987	1251
11	15	4	40	10	right	right	1	30	15.353	1954
11	16	4	40	10	left	left	1	41	15.495	2646
11	17	4	40	10	left	left	1	49	15.37	3188
11	18	4	40	10	left	left	1	41	15.118	2712
11	19	4	40	10	left	right	0	32	15.152	2112
11	20	4	40	10	left	right	0	22	15.235	1444
11	21	4	40	10	right	right	1	28	15.152	1848
11	22	4	40	10	left	left	1	33	15.442	2137
11	23	4	40	10	right	left	0	22	15.592	1411
11	24	4	40	10	right	right	1	19	15.768	1205
12	1	4	40	10	left	left	1	23	15.625	1472
12	2	4	40	10	right	right	1	20	15.81	1265
12	3	4	40	10	left	left	1	18	15.267	1179
12	4	4	40	10	left	left	1	28	15.127	1851
12	5	4	40	10	right	right	1	24	15.748	1524
12	6	4	40	10	right	right	1	19	15.249	1246
12	7	4	40	10	left	left	1	17	15.288	1112
12	8	4	40	10	right	left	0	25	15.413	1622
12	9	4	40	10	right	left	0	13	15.644	831
12	10	4	40	10	left	left	1	19	15.079	1260
12	11	4	40	10	left	right	0	44	15.46	2846
12	12	4	40	10	right	right	1	30	15.448	1942
12	13	4	40	10	left	right	0	72	15.326	4698
12	14	4	40	10	right	left	0	25	15.461	1617
12	15	4	40	10	right	left	0	34	15.172	2241
12	16	4	40	10	left	right	0	43	15.264	2817
12	17	4	40	10	left	right	0	37	15.417	2400
12	18	4	40	10	left	left	1	44	15.209	2893
12	19	4	40	10	right	left	0	23	15.786	1457
12	20	4	40	10	left	right	0	34	15.199	2237
12	21	4	40	10	left	right	0	68	15.213	4470
12	22	4	40	10	right	left	0	43	15.189	2831
13	1	4	40	10	right	right	1	24	15.504	1548
13	2	4	40	10	left	left	1	22	15.395	1429
13	3	4	40	10	left	right	0	32	15.296	2092
13	4	4	40	10	left	left	1	21	15.521	1353
13	5	4	40	10	right	right	1	26	15.348	1694
13	6	4	40	10	left	left	1	23	15.593	1475
13	7	4	40	10	right	left	0	33	15.537	2124
13	8	4	40	10	right	right	1	23	15.447	1489
13	9	4	40	10	right	right	1	20	15.798	1266
13	10	4	40	10	left	left	1	18	15.464	1164
13	11	4	40	10	right	right	1	13	16.169	804
13	12	4	40	10	left	left	1	10	15.361	651
13	13	4	40	10	left	right	0	22	15.827	1390
13	14	4	40	10	right	right	1	33	15.335	2152
13	15	4	40	10	right	left	0	58	15.259	3801
13	16	4	40	10	right	left	0	36	15.293	2354
13	17	4	40	10	left	left	1	21	15.754	1333
13	18	4	40	10	right	right	1	22	15.352	1433
13	19	4	40	10	left	left	1	17	15.302	1111
13	20	4	40	10	right	right	1	17	15.873	1071
13	21	4	40	10	left	left	1	22	15.331	1435
13	22	4	40	10	right	right	1	15	15.198	987
13	23	4	40	10	left	left	1	15	15.275	982
13	24	4	40	10	left	right	0	18	15.817	1138
13	25	4	40	10	left	left	1	22	15.385	1430
13	26	4	40	10	right	right	1	18	15.776	1141
13	27	4	40	10	right	right	1	19	15.273	1244
13	28	4	40	10	right	right	1	21	15.825	1327
13	29	4	40	10	left	left	1	23	15.52	1482
13	30	4	40	10	left	left	1	29	15.144	1915
13	31	4	40	10	right	right	1	22	15.299	1438
14	1	4	40	10	left	left	1	20	15.613	1281
14	2	4	40	10	right	right	1	14	15.556	900
14	3	4	40	10	left	left	1	41	15.362	2669
14	4	4	40	10	left	right	0	19	15.273	1244
14	5	4	40	10	left	left	1	19	15.385	1235
14	6	4	40	10	right	left	0	20	15.468	1293
14	7	4	40	10	right	right	1	24	15.414	1557
14	8	4	40	10	right	right	1	23	15.303	1503
14	9	4	40	10	right	right	1	20	15.723	1272
14	10	4	40	10	left	left	1	19	15.2	1250
14	11	4	40	10	left	right	0	20	15.198	1316
14	12	4	40	10	left	left	1	14	15.677	893
14	13	4	40	10	right	right	1	48	15.355	3126
14	14	4	40	10	left	left	1	21	15.613	1345
14	15	4	40	10	left	right	0	71	15.256	4654
14	16	4	40	10	right	right	1	41	15.46	2652
14	17	4	40	10	right	right	1	34	15.158	2243
14	18	4	40	10	right	right	1	28	15.168	1846
14	19	4	40	10	right	left	0	41	15.396	2663
14	20	4	40	10	right	right	1	36	15.339	2347
14	21	4	40	10	right	right	1	34	15.504	2193
14	22	4	40	10	left	left	1	20	15.576	1284
14	23	4	40	10	right	right	1	21	15.453	1359
14	24	4	40	10	right	left	0	45	15.475	2908
14	25	4	40	10	right	right	1	24	15.104	1589
14	26	4	40	10	left	left	1	19	15.224	1248
15	1	4	40	10	right	right	1	29	15.199	1908
15	2	4	40	10	right	left	0	16	15.152	1056
15	3	4	40	10	right	right	1	20	15.504	1290
15	4	4	40	10	right	right	1	40	15.215	2629
15	5	4	40	10	right	right	1	26	15.231	1707
15	6	4	40	10	right	left	0	22	15.526	1417
15	7	4	40	10	right	right	1	19	15.993	1188
15	8	4	40	10	left	left	1	19	15.873	1197
15	9	4	40	10	right	right	1	22	15.31	1437
15	10	4	40	10	right	right	1	17	15.219	1117
15	11	4	40	10	left	left	1	24	15.424	1556
15	12	4	40	10	left	left	1	30	15.205	1973
15	13	4	40	10	right	left	0	39	15.464	2522
15	14	4	40	10	right	left	0	16	15.595	1026
15	15	4	40	10	right	right	1	23	15.593	1475
15	16	4	40	10	right	right	1	33	15.2	2171
15	17	4	40	10	right	right	1	17	15.455	1100
15	18	4	40	10	right	right	1	22	15.417	1427
15	19	4	40	10	left	right	0	26	15.385	1690
15	20	4	40	10	left	left	1	18	15.254	1180
15	21	4	40	10	left	right	0	39	15.501	2516
15	22	4	40	10	right	right	1	27	15.306	1764
15	23	4	40	10	left	left	1	19	15.677	1212
15	24	4	40	10	left	left	1	20	15.373	1301
15	25	4	40	10	right	right	1	19	15.115	1257
15	26	4	40	10	right	left	0	26	15.376	1691
15	27	4	40	10	right	right	1	18	15.666	1149
15	28	4	40	10	right	right	1	24	15.494	1549
15	29	4	40	10	right	left	0	32	15.216	2103
16	1	4	40	10	left	left	1	24	15.514	1547
16	2	4	40	10	left	left	1	16	15.671	1021
16	3	4	40	10	right	right	1	24	15.534	1545
16	4	4	40	10	left	left	1	15	16.251	923
16	5	4	40	10	right	right	1	22	15.839	1389
16	6	4	40	10	left	left	1	13	15.588	834
16	7	4	40	10	left	left	1	25	15.684	1594
16	8	4	40	10	right	right	1	21	15.754	1333
16	9	4	40	10	right	right	1	23	15.447	1489
16	10	4	40	10	right	right	1	35	15.231	2298
16	11	4	40	10	right	right	1	21	15.453	1359
16	12	4	40	10	right	right	1	33	15.478	2132
16	13	4	40	10	right	right	1	37	15.54	2381
16	14	4	40	10	left	left	1	63	15.188	4148
16	15	4	40	10	right	right	1	36	15.457	2329
16	16	4	40	10	left	right	0	47	15.425	3047
16	17	4	40	10	right	right	1	33	15.306	2156
16	18	4	40	10	left	left	1	28	15.722	1781
16	19	4	40	10	right	right	1	25	15.198	1645
16	20	4	40	10	left	left	1	19	15.2	1250
16	21	4	40	10	left	right	0	41	15.14	2708
16	22	4	40	10	left	left	1	21	15.544	1351
16	23	4	40	10	left	left	1	26	15.43	1685
16	24	4	40	10	right	right	1	21	15.328	1370
16	25	4	40	10	left	left	1	19	15.536	1223
16	26	4	40	10	right	right	1	20	15.516	1289
16	27	4	40	10	right	left	0	27	15.237	1772
16	28	4	40	10	right	right	1	16	15.489	1033
17	1	4	40	10	left	left	1	19	15.523	1224
17	2	4	40	10	left	left	1	19	15.224	1248
17	3	4	40	10	left	left	1	33	15.32	2154
17	4	4	40	10	left	left	1	21	15.13	1388
17	5	4	40	10	left	right	0	40	15.285	2617
17	6	4	40	10	right	right	1	24	15.277	1571
17	7	4	40	10	left	right	0	42	15.146	2773
17	8	4	40	10	left	left	1	27	15.455	1747
17	9	4	40	10	right	right	1	16	15.34	1043
17	10	4	40	10	left	left	1	17	15.654	1086
17	11	4	40	10	left	left	1	49	15.213	3221
17	12	4	40	10	right	right	1	26	15.321	1697
17	13	4	40	10	right	right	1	33	15.172	2175
17	14	4	40	10	right	right	1	25	15.161	1649
17	15	4	40	10	right	right	1	24	15.574	1541
17	16	4	40	10	left	left	1	36	15.107	2383
17	17	4	40	10	left	left	1	28	15.368	1822
17	18	4	40	10	left	left	1	31	15.508	1999
17	19	4	40	10	right	right	1	24	15.257	1573
17	20	4	40	10	right	right	1	36	15.524	2319
17	21	4	40	10	left	left	1	21	15.475	1357
17	22	4	40	10	left	right	0	22	15.515	1418
17	23	4	40	10	left	right	0	50	15.446	3237
17	24	4	40	10	left	right	0	24	15.635	1535
17	25	4	40	10	right	right	1	27	15.22	1774
17	26	4	40	10	right	right	1	39	15.211	2564
18	1	4	40	10	left	left	1	33	15.457	2135
18	2	4	40	10	right	right	1	15	15.89	944
18	3	4	40	10	left	right	0	38	15.51	2450
18	4	4	40	10	left	left	1	29	15.558	1864
18	5	4	40	10	right	right	1	22	15.342	1434
18	6	4	40	10	right	right	1	32	15.557	2057
18	7	4	40	10	left	left	1	26	15.476	1680
18	8	4	40	10	left	right	0	19	15.873	1197
18	9	4	40	10	right	right	1	35	15.439	2267
18	10	4	40	10	right	right	1	21	15.73	1335
18	11	4	40	10	left	right	0	24	15.434	1555
18	12	4	40	10	left	left	1	26	15.312	1698
18	13	4	40	10	left	left	1	19	15.536	1223
18	14	4	40	10	right	right	1	16	15.489	1033
18	15	4	40	10	left	left	1	14	16.241	862
18	16	4	40	10	right	right	1	29	15.575	1862
18	17	4	40	10	right	right	1	22	15.805	1392
18	18	4	40	10	left	left	1	21	15.66	1341
18	19	4	40	10	left	right	0	29	15.475	1874
18	20	4	40	10	right	right	1	36	15.404	2337
18	21	4	40	10	left	left	1	37	15.579	2375
18	22	4	40	10	right	right	1	26	15.56	1671
18	23	4	40	10	left	left	1	20	15.106	1324
18	24	4	40	10	right	right	1	18	15.845	1136
18	25	4	40	10	right	left	0	23	15.467	1487
18	26	4	40	10	left	right	0	20	15.106	1324
18	27	4	40	10	left	left	1	25	15.347	1629
18	28	4	40	10	right	right	1	23	15.71	1464
18	29	4	40	10	left	left	1	18	15.845	1136
19	1	4	40	10	right	right	1	22	15.193	1448
19	2	4	40	10	right	left	0	19	15.847	1199
19	3	4	40	10	left	left	1	21	15.567	1349
19	4	4	40	10	left	right	0	22	15.352	1433
19	5	4	40	10	right	right	1	29	15.583	1861
19	6	4	40	10	left	left	1	38	15.385	2470
19	7	4	40	10	left	left	1	33	15.508	2128
19	8	4	40	10	left	left	1	25	15.385	1625
19	9	4	40	10	right	right	1	19	15.873	1197
19	10	4	40	10	right	right	1	29	15.442	1878
19	11	4	40	10	left	left	1	21	15.719	1336
19	12	4	40	10	left	right	0	30	15.52	1933
19	13	4	40	10	right	right	1	15	15.045	997
19	14	4	40	10	right	right	1	23	15.53	1481
19	15	4	40	10	right	left	0	36	15.352	2345
19	16	4	40	10	left	left	1	54	15.152	3564
19	17	4	40	10	right	right	1	28	15.209	1841
19	18	4	40	10	right	left	0	23	15.509	1483
19	19	4	40	10	left	left	1	20	15.432	1296
19	20	4	40	10	right	right	1	19	15.574	1220
19	21	4	40	10	right	left	0	30	15.393	1949
19	22	4	40	10	left	left	1	17	15.992	1063
19	23	4	40	10	left	left	1	19	15.286	1243
19	24	4	40	10	left	left	1	21	15.385	1365
19	25	4	40	10	left	left	1	27	15.535	1738
19	26	4	40	10	left	left	1	18	15.517	1160
19	27	4	40	10	left	left	1	16	15.152	1056
19	28	4	40	10	left	left	1	17	15.888	1070
19	29	4	40	10	left	left	1	24	15.595	1539
20	1	4	40	10	right	right	1	29	15.328	1892
20	2	4	40	10	right	right	1	19	15.044	1263
20	3	4	40	10	right	right	1	24	15.524	1546
20	4	4	40	10	left	left	1	18	15.679	1148
20	5	4	40	10	left	right	0	31	15.233	2035
20	6	4	40	10	left	left	1	15	16.181	927
20	7	4	40	10	right	right	1	12	15.769	761
20	8	4	40	10	left	right	0	22	15.471	1422
20	9	4	40	10	left	left	1	20	15.221	1314
20	10	4	40	10	right	right	1	23	15.646	1470
20	11	4	40	10	left	left	1	20	15.175	1318
20	12	4	40	10	left	left	1	23	15.604	1474
20	13	4	40	10	right	right	1	22	15.428	1426
20	14	4	40	10	left	left	1	32	15.385	2080
20	15	4	40	10	left	left	1	26	15.625	1664
20	16	4	40	10	right	right	1	24	15.666	1532
20	17	4	40	10	left	left	1	15	16.199	926
20	18	4	40	10	right	right	1	20	15.432	1296
20	19	4	40	10	right	left	0	26	15.449	1683
20	20	4	40	10	right	right	1	21	15.754	1333
20	21	4	40	10	right	right	1	16	15.842	1010
20	22	4	40	10	left	left	1	26	15.569	1670
20	23	4	40	10	left	right	0	22	15.603	1410
20	24	4	40	10	left	left	1	23	15.562	1478
20	25	4	40	10	left	right	0	51	15.228	3349
20	26	4	40	10	left	right	0	29	15.541	1866
20	27	4	40	10	left	left	1	22	15.267	1441
20	28	4	40	10	left	left	1	56	15.184	3688
20	29	4	40	10	right	right	1	13	15.169	857
20	30	4	40	10	right	right	1	20	15.232	1313
21	1	4	40	10	right	right	1	20	15.773	1268
21	2	4	40	10	left	left	1	14	16.241	862
21	3	4	40	10	right	right	1	9	16.1	559
21	4	4	40	10	left	left	1	12	15.645	767
21	5	4	40	10	left	left	1	21	15.385	1365
21	6	4	40	10	left	left	1	18	15.19	1185
21	7	4	40	10	left	left	1	22	15.782	1394
21	8	4	40	10	right	right	1	12	15.464	776
21	9	4	40	10	left	left	1	19	15.548	1222
21	10	4	40	10	right	right	1	15	15.756	952
21	11	4	40	10	left	left	1	18	15.491	1162
21	12	4	40	10	right	right	1	12	15.727	763
21	13	4	40	10	right	left	0	15	16.026	936
21	14	4	40	10	right	right	1	21	15.362	1367
21	15	4	40	10	left	right	0	16	15.094	1060
21	16	4	40	10	right	right	1	20	15.256	1311
21	17	4	40	10	right	right	1	21	15.317	1371
21	18	4	40	10	right	right	1	22	15.805	1392
21	19	4	40	10	right	left	0	24	15.326	1566
21	20	4	40	10	right	left	0	18	15.241	1181
21	21	4	40	10	right	left	0	27	15.254	1770
21	22	4	40	10	right	right	1	16	15.414	1038
21	23	4	40	10	left	left	1	23	15.262	1507
21	24	4	40	10	left	left	1	21	15.66	1341
21	25	4	40	10	right	right	1	17	15.639	1087
21	26	4	40	10	left	left	1	15	16.077	933
21	27	4	40	10	right	right	1	18	15.424	1167
21	28	4	40	10	right	right	1	18	15.216	1183
21	29	4	40	10	right	right	1	19	15.742	1207
21	30	4	40	10	right	left	0	17	15.741	1080
21	31	4	40	10	right	left	0	24	15.277	1571
21	32	4	40	10	left	left	1	35	15.446	2266
21	33	4	40	10	left	left	1	32	15.511	2063
21	34	4	40	10	right	right	1	12	15.831	758
21	35	4	40	10	left	left	1	14	15.855	883
21	36	4	40	10	left	right	0	18	15.464	1164
22	1	4	40	10	right	left	0	16	15.489	1033
22	2	4	40	10	right	right	1	13	15.294	850
22	3	4	40	10	left	left	1	13	15.738	826
22	4	4	40	10	left	right	0	12	15.748	762
22	5	4	40	10	right	right	1	14	16.279	860
22	6	4	40	10	right	right	1	19	15.472	1228
22	7	4	40	10	right	right	1	15	15.275	982
22	8	4	40	10	right	left	0	27	15.616	1729
22	9	4	40	10	left	left	1	17	15.343	1108
22	10	4	40	10	left	right	0	19	16.02	1186
22	11	4	40	10	left	left	1	19	15.728	1208
22	12	4	40	10	right	right	1	28	15.209	1841
22	13	4	40	10	right	right	1	28	15.73	1780
22	14	4	40	10	right	left	0	44	15.439	2850
22	15	4	40	10	left	right	0	23	15.344	1499
22	16	4	40	10	left	left	1	25	15.625	1600
22	17	4	40	10	right	right	1	21	15.59	1347
22	18	4	40	10	right	right	1	17	15.625	1088
22	19	4	40	10	right	right	1	24	15.564	1542
22	20	4	40	10	left	right	0	16	15.282	1047
22	21	4	40	10	right	right	1	27	15.535	1738
22	22	4	40	10	right	right	1	50	15.394	3248
22	23	4	40	10	right	right	1	22	15.471	1422
22	24	4	40	10	left	left	1	16	15.195	1053
22	25	4	40	10	left	left	1	13	15.439	842
22	26	4	40	10	right	left	0	17	15.596	1090
22	27	4	40	10	left	right	0	25	15.272	1637
22	28	4	40	10	left	right	0	24	15.104	1589
22	29	4	40	10	left	left	1	22	15.246	1443
22	30	4	40	10	right	left	0	29	15.271	1899
22	31	4	40	10	right	right	1	18	15.385	1170
23	1	4	40	10	left	left	1	26	15.541	1673
23	2	4	40	10	left	left	1	18	15.748	1143
23	3	4	40	10	right	right	1	18	15.986	1126
23	4	4	40	10	left	left	1	22	15.482	1421
23	5	4	40	10	right	right	1	15	15.432	972
23	6	4	40	10	left	left	1	13	15.495	839
23	7	4	40	10	left	right	0	16	15.474	1034
23	8	4	40	10	right	right	1	13	16.23	801
23	9	4	40	10	right	right	1	18	15.306	1176
23	10	4	40	10	left	left	1	15	15.496	968
23	11	4	40	10	right	right	1	15	15.974	939
23	12	4	40	10	left	left	1	17	15.888	1070
23	13	4	40	10	right	right	1	14	15.301	915
23	14	4	40	10	left	left	1	19	15.98	1189
23	15	4	40	10	right	left	0	40	15.256	2622
23	16	4	40	10	left	left	1	12	15.625	768
23	17	4	40	10	right	right	1	14	15.521	902
23	18	4	40	10	left	right	0	24	15.474	1551
23	19	4	40	10	right	right	1	17	15.888	1070
23	20	4	40	10	left	left	1	14	15.873	882
23	21	4	40	10	right	right	1	15	15.576	963
23	22	4	40	10	right	right	1	19	15.548	1222
23	23	4	40	10	right	right	1	13	15.476	840
23	24	4	40	10	right	right	1	20	15.163	1319
23	25	4	40	10	right	left	0	28	15.599	1795
23	26	4	40	10	right	right	1	13	15.931	816
23	27	4	40	10	right	right	1	14	16.073	871
23	28	4	40	10	right	right	1	14	15.927	879
23	29	4	40	10	right	right	1	20	15.528	1288
23	30	4	40	10	right	right	1	15	15.56	964
23	31	4	40	10	right	right	1	17	15.206	1118
23	32	4	40	10	left	right	0	33	15.471	2133
23	33	4	40	10	left	left	1	14	15.436	907
23	34	4	40	10	left	left	1	16	15.81	1012
23	35	4	40	10	left	left	1	14	16.204	864
23	36	4	40	10	right	left	0	19	15.926	1193
23	37	4	40	10	right	right	1	14	16.241	862
23	38	4	40	10	right	right	1	14	16.073	871
24	1	4	40	10	left	left	1	19	15.472	1228
24	2	4	40	10	right	right	1	16	15.399	1039
24	3	4	40	10	right	left	0	14	16.279	860
24	4	4	40	10	left	left	1	19	15.51	1225
24	5	4	40	10	right	right	1	21	15.152	1386
24	6	4	40	10	right	right	1	19	15.323	1240
24	7	4	40	10	right	right	1	20	15.798	1266
24	8	4	40	10	right	right	1	19	15.164	1253
24	9	4	40	10	right	right	1	18	15.972	1127
24	10	4	40	10	right	left	0	24	15.171	1582
24	11	4	40	10	right	right	1	22	15.214	1446
24	12	4	40	10	right	right	1	32	15.289	2093
24	13	4	40	10	left	left	1	36	15.326	2349
24	14	4	40	10	right	right	1	16	15.094	1060
24	15	4	40	10	right	left	0	19	15.612	1217
24	16	4	40	10	right	right	1	23	15.636	1471
24	17	4	40	10	left	left	1	24	15.394	1559
24	18	4	40	10	right	right	1	22	15.183	1449
24	19	4	40	10	right	right	1	18	15.504	1161
24	20	4	40	10	left	left	1	42	15.212	2761
24	21	4	40	10	left	left	1	19	15.82	1201
24	22	4	40	10	left	left	1	24	15.199	1579
24	23	4	40	10	right	right	1	25	15.124	1653
24	24	4	40	10	right	right	1	26	15.616	1665
24	25	4	40	10	right	right	1	21	15.742	1334
24	26	4	40	10	right	right	1	20	15.117	1323
24	27	4	40	10	left	right	0	21	15.184	1383
24	28	4	40	10	right	right	1	34	15.392	2209
24	29	4	40	10	left	left	1	24	15.113	1588
24	30	4	40	10	right	right	1	18	15.639	1151
24	31	4	40	10	right	right	1	29	15.312	1894
