
blkNum	trlNum	coherentDots	numberofDots	percentCoherence	winningDirection	response	correct	eventCount	averageFrameRate	RT
1	1	4	40	10	left	right	0	159	15.176	10477
1	2	4	40	10	left	left	1	162	15.169	10680
1	3	4	40	10	left	left	1	150	15.225	9852
1	4	4	40	10	left	right	0	111	15.141	7331
1	5	4	40	10	right	right	1	21	15.813	1328
1	6	4	40	10	left	right	0	22	15.417	1427
1	7	4	40	10	right	right	1	20	15.163	1319
1	8	4	40	10	left	right	0	30	15.159	1979
1	9	4	40	10	left	right	0	49	15.332	3196
1	10	4	40	10	right	right	1	17	15.785	1077
1	11	4	40	10	left	left	1	79	15.254	5179
2	1	4	40	10	right	right	1	95	15.234	6236
2	2	4	40	10	right	right	1	95	15.152	6270
2	3	4	40	10	right	right	1	48	15.419	3113
2	4	4	40	10	left	right	0	72	15.142	4755
2	5	4	40	10	right	right	1	32	15.414	2076
2	6	4	40	10	left	left	1	90	15.195	5923
2	7	4	40	10	left	right	0	71	15.285	4645
2	8	4	40	10	right	right	1	34	15.441	2202
2	9	4	40	10	left	right	0	43	15.286	2813
2	10	4	40	10	right	right	1	41	15.507	2644
2	11	4	40	10	left	left	1	23	15.775	1458
2	12	4	40	10	left	left	1	17	15.483	1098
2	13	4	40	10	left	left	1	15	15.121	992
2	14	4	40	10	right	left	0	14	16.129	868
2	15	4	40	10	right	left	0	31	15.248	2033
2	16	4	40	10	right	right	1	30	15.4	1948
2	17	4	40	10	right	right	1	20	15.625	1280
2	18	4	40	10	right	right	1	15	15.957	940
3	1	4	40	10	right	left	0	39	15.258	2556
3	2	4	40	10	left	right	0	34	15.476	2197
3	3	4	40	10	left	right	0	31	15.408	2012
3	4	4	40	10	left	right	0	29	15.239	1903
3	5	4	40	10	right	left	0	83	15.176	5469
3	6	4	40	10	left	right	0	38	15.422	2464
3	7	4	40	10	right	right	1	33	15.285	2159
3	8	4	40	10	right	right	1	19	15.926	1193
3	9	4	40	10	left	left	1	17	15.843	1073
3	10	4	40	10	right	left	0	14	15.368	911
3	11	4	40	10	right	right	1	13	15.532	837
3	12	4	40	10	right	right	1	15	15.674	957
3	13	4	40	10	left	right	0	32	15.625	2048
3	14	4	40	10	left	right	0	11	15.714	700
3	15	4	40	10	left	left	1	19	15.273	1244
3	16	4	40	10	left	left	1	37	15.226	2430
3	17	4	40	10	left	right	0	33	15.457	2135
3	18	4	40	10	left	left	1	14	15.695	892
3	19	4	40	10	right	left	0	22	15.827	1390
3	20	4	40	10	right	left	0	28	15.143	1849
3	21	4	40	10	left	left	1	13	15.205	855
3	22	4	40	10	right	left	0	15	15.658	958
3	23	4	40	10	left	right	0	15	15.924	942
3	24	4	40	10	left	left	1	31	15.339	2021
3	25	4	40	10	right	left	0	34	15.433	2203
4	1	4	40	10	left	left	1	53	15.394	3443
4	2	4	40	10	right	left	0	45	15.427	2917
4	3	4	40	10	left	left	1	60	15.244	3936
4	4	4	40	10	left	right	0	61	15.346	3975
4	5	4	40	10	left	left	1	114	15.184	7508
4	6	4	40	10	right	right	1	58	15.299	3791
4	7	4	40	10	right	right	1	35	15.398	2273
4	8	4	40	10	right	left	0	31	15.331	2022
4	9	4	40	10	right	right	1	23	15.625	1472
4	10	4	40	10	left	right	0	69	15.265	4520
4	11	4	40	10	left	right	0	54	15.156	3563
4	12	4	40	10	left	right	0	32	15.399	2078
4	13	4	40	10	right	left	0	21	15.789	1330
4	14	4	40	10	left	right	0	46	15.318	3003
4	15	4	40	10	right	right	1	72	15.283	4711
5	1	4	40	10	right	right	1	49	15.274	3208
5	2	4	40	10	left	right	0	33	15.356	2149
5	3	4	40	10	left	left	1	43	15.254	2819
5	4	4	40	10	right	right	1	75	15.253	4917
5	5	4	40	10	left	right	0	111	15.17	7317
5	6	4	40	10	left	left	1	44	15.193	2896
5	7	4	40	10	right	left	0	74	15.277	4844
5	8	4	40	10	right	right	1	17	15.639	1087
5	9	4	40	10	left	right	0	15	15.416	973
5	10	4	40	10	right	left	0	24	15.484	1550
5	11	4	40	10	right	right	1	21	15.672	1340
5	12	4	40	10	right	right	1	19	15.625	1216
5	13	4	40	10	right	right	1	14	16.037	873
5	14	4	40	10	right	left	0	29	15.475	1874
5	15	4	40	10	left	left	1	14	15.608	897
5	16	4	40	10	left	left	1	11	16.517	666
5	17	4	40	10	right	left	0	14	15.945	878
5	18	4	40	10	right	right	1	11	16.296	675
5	19	4	40	10	right	right	1	13	15.951	815
5	20	4	40	10	left	right	0	14	15.945	878
5	21	4	40	10	right	right	1	25	15.207	1644
5	22	4	40	10	left	right	0	25	15.319	1632
5	23	4	40	10	right	left	0	40	15.426	2593
6	1	4	40	10	right	right	1	97	14.688	6604
6	2	4	40	10	left	right	0	31	15.377	2016
6	3	4	40	10	left	left	1	16	15.702	1019
6	4	4	40	10	right	left	0	56	15.217	3680
6	5	4	40	10	left	right	0	45	15.348	2932
6	6	4	40	10	left	right	0	40	15.302	2614
6	7	4	40	10	left	right	0	16	15.253	1049
6	8	4	40	10	left	left	1	65	15.205	4275
6	9	4	40	10	left	left	1	17	15.138	1123
6	10	4	40	10	right	right	1	21	15.419	1362
6	11	4	40	10	left	right	0	19	15.742	1207
6	12	4	40	10	right	left	0	18	16	1125
6	13	4	40	10	right	right	1	28	15.143	1849
6	14	4	40	10	left	right	0	37	15.404	2402
6	15	4	40	10	left	left	1	13	15.348	847
6	16	4	40	10	right	right	1	48	15.35	3127
6	17	4	40	10	left	right	0	19	15.397	1234
6	18	4	40	10	right	left	0	17	15.274	1113
6	19	4	40	10	left	right	0	30	15.601	1923
6	20	4	40	10	left	left	1	38	15.152	2508
6	21	4	40	10	left	left	1	44	15.374	2862
7	1	4	40	10	right	right	1	17	15.399	1104
7	2	4	40	10	right	right	1	11	15.67	702
7	3	4	40	10	right	right	1	10	15.361	651
7	4	4	40	10	left	right	0	10	15.314	653
7	5	4	40	10	right	right	1	24	15.104	1589
7	6	4	40	10	left	left	1	12	15.464	776
7	7	4	40	10	right	left	0	21	15.475	1357
7	8	4	40	10	left	right	0	19	15.237	1247
7	9	4	40	10	left	left	1	23	15.478	1486
7	10	4	40	10	right	right	1	19	15.548	1222
7	11	4	40	10	right	left	0	15	15.89	944
7	12	4	40	10	left	right	0	11	15.827	695
7	13	4	40	10	left	right	0	13	15.644	831
7	14	4	40	10	right	right	1	13	15.55	836
7	15	4	40	10	right	right	1	25	15.442	1619
7	16	4	40	10	right	right	1	17	15.654	1086
7	17	4	40	10	left	right	0	18	15.789	1140
7	18	4	40	10	right	right	1	11	16.345	673
7	19	4	40	10	right	right	1	18	15.358	1172
7	20	4	40	10	right	right	1	19	15.372	1236
7	21	4	40	10	left	left	1	18	15.544	1158
7	22	4	40	10	right	right	1	19	15.966	1190
7	23	4	40	10	left	left	1	13	15.348	847
7	24	4	40	10	right	right	1	19	15.139	1255
7	25	4	40	10	left	left	1	17	15.165	1121
7	26	4	40	10	left	right	0	17	15.625	1088
7	27	4	40	10	right	right	1	21	15.59	1347
7	28	4	40	10	right	right	1	24	15.707	1528
7	29	4	40	10	right	right	1	19	15.51	1225
7	30	4	40	10	left	left	1	17	15.947	1066
7	31	4	40	10	right	left	0	15	15.89	944
7	32	4	40	10	left	right	0	11	15.32	718
7	33	4	40	10	right	right	1	14	15.909	880
7	34	4	40	10	left	left	1	16	15.857	1009
7	35	4	40	10	left	right	0	22	15.482	1421
7	36	4	40	10	left	left	1	21	15.533	1352
7	37	4	40	10	right	right	1	17	15.554	1093
8	1	4	40	10	right	right	1	17	15.858	1072
8	2	4	40	10	left	left	1	11	15.493	710
8	3	4	40	10	left	right	0	15	15.091	994
8	4	4	40	10	left	left	1	21	15.498	1355
8	5	4	40	10	right	right	1	19	15.953	1191
8	6	4	40	10	right	right	1	17	15.288	1112
8	7	4	40	10	right	right	1	15	15.259	983
8	8	4	40	10	left	left	1	13	15.421	843
8	9	4	40	10	left	right	0	14	15.573	899
8	10	4	40	10	left	left	1	20	15.14	1321
8	11	4	40	10	right	right	1	17	15.554	1093
8	12	4	40	10	right	left	0	19	15.587	1219
8	13	4	40	10	right	left	0	24	15.769	1522
8	14	4	40	10	left	left	1	17	15.977	1064
8	15	4	40	10	right	right	1	20	15.76	1269
8	16	4	40	10	right	right	1	19	15.422	1232
8	17	4	40	10	right	right	1	16	15.123	1058
8	18	4	40	10	right	right	1	16	15.166	1055
8	19	4	40	10	right	left	0	23	15.753	1460
8	20	4	40	10	right	right	1	21	15.533	1352
8	21	4	40	10	left	right	0	17	15.554	1093
8	22	4	40	10	left	left	1	30	15.568	1927
8	23	4	40	10	right	left	0	21	15.498	1355
8	24	4	40	10	right	right	1	14	15.284	916
8	25	4	40	10	right	right	1	14	15.66	894
8	26	4	40	10	left	left	1	19	15.638	1215
8	27	4	40	10	left	left	1	17	15.962	1065
8	28	4	40	10	left	left	1	15	15.275	982
8	29	4	40	10	left	left	1	16	15.474	1034
8	30	4	40	10	right	left	0	16	15.764	1015
8	31	4	40	10	right	right	1	11	16.176	680
8	32	4	40	10	right	right	1	13	15.854	820
8	33	4	40	10	left	right	0	16	15.474	1034
8	34	4	40	10	right	right	1	14	15.695	892
8	35	4	40	10	right	left	0	22	15.57	1413
8	36	4	40	10	left	right	0	9	16.071	560
8	37	4	40	10	right	left	0	17	15.77	1078
9	1	4	40	10	right	right	1	25	15.225	1642
9	2	4	40	10	right	right	1	13	15.951	815
9	3	4	40	10	right	right	1	14	15.251	918
9	4	4	40	10	left	left	1	16	15.166	1055
9	5	4	40	10	left	left	1	13	16.311	797
9	6	4	40	10	left	right	0	17	15.814	1075
9	7	4	40	10	right	right	1	18	15.776	1141
9	8	4	40	10	right	right	1	19	15.664	1213
9	9	4	40	10	right	right	1	24	15.81	1518
9	10	4	40	10	left	left	1	14	15.642	895
9	11	4	40	10	left	right	0	19	15.523	1224
9	12	4	40	10	right	right	1	24	15.326	1566
9	13	4	40	10	right	right	1	21	15.521	1353
9	14	4	40	10	right	right	1	21	15.284	1374
9	15	4	40	10	right	left	0	24	15.199	1579
9	16	4	40	10	right	left	0	25	15.366	1627
9	17	4	40	10	right	right	1	17	15.455	1100
9	18	4	40	10	right	right	1	27	15.607	1730
9	19	4	40	10	right	right	1	22	15.793	1393
9	20	4	40	10	left	left	1	16	15.656	1022
9	21	4	40	10	left	right	0	27	15.315	1763
9	22	4	40	10	left	left	1	42	15.447	2719
9	23	4	40	10	left	left	1	18	15.531	1159
9	24	4	40	10	right	left	0	23	15.636	1471
9	25	4	40	10	left	right	0	25	15.674	1595
9	26	4	40	10	left	right	0	19	15.472	1228
9	27	4	40	10	right	right	1	27	15.607	1730
9	28	4	40	10	right	right	1	25	15.704	1592
9	29	4	40	10	left	right	0	21	15.498	1355
9	30	4	40	10	right	right	1	23	15.668	1468
9	31	4	40	10	left	left	1	43	15.468	2780
10	1	4	40	10	right	right	1	21	15.51	1354
10	2	4	40	10	left	left	1	19	15.755	1206
10	3	4	40	10	left	right	0	18	15.625	1152
10	4	4	40	10	left	left	1	16	15.564	1028
10	5	4	40	10	right	right	1	15	15.496	968
10	6	4	40	10	left	left	1	16	15.34	1043
10	7	4	40	10	right	right	1	17	15.399	1104
10	8	4	40	10	left	left	1	16	15.414	1038
10	9	4	40	10	right	right	1	16	15.224	1051
10	10	4	40	10	right	right	1	26	15.33	1696
10	11	4	40	10	left	left	1	15	16.06	934
10	12	4	40	10	left	left	1	17	15.179	1120
10	13	4	40	10	right	right	1	16	15.92	1005
10	14	4	40	10	left	left	1	18	15.611	1153
10	15	4	40	10	left	right	0	36	15.511	2321
10	16	4	40	10	left	left	1	22	15.246	1443
10	17	4	40	10	left	right	0	30	15.345	1955
10	18	4	40	10	left	left	1	21	15.13	1388
10	19	4	40	10	right	left	0	12	15.113	794
10	20	4	40	10	left	left	1	20	15.094	1325
10	21	4	40	10	right	right	1	15	15.991	938
10	22	4	40	10	left	left	1	19	15.886	1196
10	23	4	40	10	right	right	1	16	15.08	1061
10	24	4	40	10	left	left	1	16	15.34	1043
10	25	4	40	10	right	right	1	18	15.748	1143
10	26	4	40	10	left	left	1	13	15.796	823
10	27	4	40	10	left	right	0	14	15.66	894
10	28	4	40	10	right	right	1	13	15.854	820
10	29	4	40	10	left	left	1	11	15.385	715
10	30	4	40	10	right	right	1	11	15.131	727
10	31	4	40	10	right	left	0	13	15.854	820
10	32	4	40	10	left	left	1	11	15.805	696
10	33	4	40	10	right	right	1	12	15.075	796
10	34	4	40	10	right	left	0	18	15.803	1139
10	35	4	40	10	right	left	0	10	16.474	607
10	36	4	40	10	left	left	1	10	15.291	654
10	37	4	40	10	right	right	1	13	15.931	816
10	38	4	40	10	right	left	0	12	15.979	751
11	1	4	40	10	left	left	1	15	16.009	937
11	2	4	40	10	right	right	1	24	15.676	1531
11	3	4	40	10	right	left	0	14	16.11	869
11	4	4	40	10	right	left	0	11	16.32	674
11	5	4	40	10	right	left	0	21	15.328	1370
11	6	4	40	10	left	left	1	12	16.021	749
11	7	4	40	10	right	right	1	17	15.357	1107
11	8	4	40	10	left	left	1	16	15.489	1033
11	9	4	40	10	left	right	0	16	15.656	1022
11	10	4	40	10	left	right	0	14	16.073	871
11	11	4	40	10	right	left	0	16	15.549	1029
11	12	4	40	10	left	left	1	14	15.251	918
11	13	4	40	10	right	right	1	19	15.127	1256
11	14	4	40	10	left	left	1	15	15.593	962
11	15	4	40	10	right	right	1	12	15.852	757
11	16	4	40	10	left	left	1	15	15.856	946
11	17	4	40	10	right	right	1	14	15.538	901
11	18	4	40	10	right	left	0	14	15.251	918
11	19	4	40	10	right	right	1	13	15.24	853
11	20	4	40	10	right	right	1	13	16.149	805
11	21	4	40	10	right	right	1	14	16.129	868
11	22	4	40	10	left	right	0	14	16.279	860
11	23	4	40	10	left	right	0	15	16.026	936
11	24	4	40	10	right	left	0	11	15.278	720
11	25	4	40	10	left	left	1	11	15.782	697
11	26	4	40	10	left	right	0	21	15.754	1333
11	27	4	40	10	right	right	1	16	15.779	1014
11	28	4	40	10	right	left	0	20	15.492	1291
11	29	4	40	10	left	right	0	16	15.224	1051
11	30	4	40	10	right	right	1	13	15.99	813
11	31	4	40	10	right	right	1	17	15.799	1076
11	32	4	40	10	left	right	0	13	15.738	826
11	33	4	40	10	right	left	0	13	15.951	815
11	34	4	40	10	right	right	1	12	16.238	739
11	35	4	40	10	left	left	1	17	15.977	1064
11	36	4	40	10	right	left	0	19	15.46	1229
11	37	4	40	10	left	left	1	15	15.432	972
11	38	4	40	10	left	right	0	23	15.385	1495
12	1	4	40	10	right	right	1	23	15.364	1497
12	2	4	40	10	left	left	1	24	15.534	1545
12	3	4	40	10	right	right	1	17	15.582	1091
12	4	4	40	10	left	left	1	14	16.204	864
12	5	4	40	10	right	right	1	18	15.504	1161
12	6	4	40	10	left	left	1	15	16.269	922
12	7	4	40	10	left	left	1	15	15.322	979
12	8	4	40	10	left	left	1	13	15.971	814
12	9	4	40	10	right	right	1	12	15.524	773
12	10	4	40	10	left	left	1	15	15.198	987
12	11	4	40	10	left	right	0	16	15.519	1031
12	12	4	40	10	left	left	1	15	15.369	976
12	13	4	40	10	left	left	1	13	15.569	835
12	14	4	40	10	left	left	1	14	15.573	899
12	15	4	40	10	right	right	1	12	15.544	772
12	16	4	40	10	right	right	1	21	15.152	1386
12	17	4	40	10	left	left	1	21	15.362	1367
12	18	4	40	10	right	left	0	19	15.46	1229
12	19	4	40	10	left	right	0	19	15.69	1211
12	20	4	40	10	right	left	0	17	15.726	1081
12	21	4	40	10	left	right	0	25	15.356	1628
12	22	4	40	10	right	right	1	14	15.964	877
12	23	4	40	10	left	left	1	13	15.815	822
12	24	4	40	10	left	right	0	19	15.36	1237
12	25	4	40	10	left	left	1	21	15.396	1364
12	26	4	40	10	left	right	0	19	15.82	1201
12	27	4	40	10	left	left	1	28	15.704	1783
12	28	4	40	10	right	right	1	20	15.175	1318
12	29	4	40	10	left	right	0	14	16.185	865
12	30	4	40	10	right	left	0	15	15.658	958
12	31	4	40	10	right	right	1	13	15.971	814
12	32	4	40	10	right	right	1	14	16.26	861
12	33	4	40	10	left	left	1	14	15.945	878
12	34	4	40	10	left	right	0	16	15.64	1023
12	35	4	40	10	right	left	0	21	15.351	1368
12	36	4	40	10	left	right	0	14	16.018	874
12	37	4	40	10	left	left	1	31	15.263	2031
13	1	4	40	10	right	right	1	20	15.314	1306
13	2	4	40	10	left	left	1	14	15.267	917
13	3	4	40	10	left	right	0	18	15.859	1135
13	4	4	40	10	right	right	1	24	15.595	1539
13	5	4	40	10	right	right	1	19	15.067	1261
13	6	4	40	10	right	right	1	18	15.424	1167
13	7	4	40	10	left	right	0	17	15.302	1111
13	8	4	40	10	right	right	1	14	15.573	899
13	9	4	40	10	left	left	1	17	15.683	1084
13	10	4	40	10	right	right	1	13	15.294	850
13	11	4	40	10	left	left	1	15	15.856	946
13	12	4	40	10	left	left	1	24	15.434	1555
13	13	4	40	10	right	left	0	28	15.444	1813
13	14	4	40	10	right	right	1	24	15.277	1571
13	15	4	40	10	right	right	1	18	15.666	1149
13	16	4	40	10	right	left	0	25	15.509	1612
13	17	4	40	10	right	left	0	16	15.795	1013
13	18	4	40	10	left	left	1	23	15.572	1477
13	19	4	40	10	right	right	1	17	15.77	1078
13	20	4	40	10	right	right	1	26	15.366	1692
13	21	4	40	10	left	left	1	15	16.009	937
13	22	4	40	10	left	left	1	19	15.587	1219
13	23	4	40	10	right	right	1	11	15.515	709
13	24	4	40	10	left	left	1	14	16.185	865
13	25	4	40	10	right	right	1	15	15.464	970
13	26	4	40	10	left	left	1	18	15.986	1126
13	27	4	40	10	right	right	1	22	15.67	1404
13	28	4	40	10	left	right	0	28	15.193	1843
13	29	4	40	10	left	left	1	13	16.23	801
13	30	4	40	10	right	right	1	15	16.026	936
13	31	4	40	10	right	right	1	13	16.23	801
13	32	4	40	10	right	right	1	18	15.625	1152
13	33	4	40	10	left	left	1	12	15.171	791
13	34	4	40	10	left	left	1	12	15.345	782
13	35	4	40	10	left	left	1	14	15.982	876
13	36	4	40	10	right	left	0	15	16.077	933
13	37	4	40	10	left	left	1	19	15.574	1220
14	1	4	40	10	left	left	1	13	15.348	847
14	2	4	40	10	right	left	0	11	15.299	719
14	3	4	40	10	left	left	1	12	15.957	752
14	4	4	40	10	left	right	0	20	15.552	1286
14	5	4	40	10	right	left	0	23	15.646	1470
14	6	4	40	10	left	right	0	25	15.596	1603
14	7	4	40	10	left	left	1	23	15.593	1475
14	8	4	40	10	right	right	1	27	15.598	1731
14	9	4	40	10	right	right	1	22	15.183	1449
14	10	4	40	10	left	right	0	25	15.547	1608
14	11	4	40	10	left	left	1	15	15.228	985
14	12	4	40	10	left	left	1	17	15.343	1108
14	13	4	40	10	left	right	0	20	15.314	1306
14	14	4	40	10	left	left	1	14	15.59	898
14	15	4	40	10	left	left	1	25	15.442	1619
14	16	4	40	10	left	right	0	27	15.35	1759
14	17	4	40	10	right	left	0	19	15.794	1203
14	18	4	40	10	right	left	0	19	15.51	1225
14	19	4	40	10	right	left	0	15	16.181	927
14	20	4	40	10	left	left	1	32	15.166	2110
14	21	4	40	10	right	right	1	29	15.566	1863
14	22	4	40	10	right	right	1	19	15.212	1249
14	23	4	40	10	left	right	0	15	15.075	995
14	24	4	40	10	left	left	1	11	15.027	732
14	25	4	40	10	left	left	1	13	15.931	816
14	26	4	40	10	left	left	1	12	15.625	768
14	27	4	40	10	left	left	1	11	15.152	726
14	28	4	40	10	left	left	1	11	15.406	714
14	29	4	40	10	left	left	1	13	15.951	815
14	30	4	40	10	left	left	1	14	15.801	886
14	31	4	40	10	right	left	0	27	15.707	1719
14	32	4	40	10	left	left	1	17	15.483	1098
14	33	4	40	10	right	right	1	16	15.984	1001
14	34	4	40	10	right	right	1	14	15.695	892
14	35	4	40	10	right	right	1	16	15.549	1029
15	1	4	40	10	right	right	1	23	15.364	1497
15	2	4	40	10	left	left	1	12	15.267	786
15	3	4	40	10	left	right	0	15	15.873	945
15	4	4	40	10	left	right	0	17	15.288	1112
15	5	4	40	10	left	right	0	18	15.371	1171
15	6	4	40	10	left	left	1	11	15.11	728
15	7	4	40	10	left	left	1	16	15.671	1021
15	8	4	40	10	left	left	1	16	15.717	1018
15	9	4	40	10	left	left	1	19	15.447	1230
15	10	4	40	10	right	right	1	14	15.909	880
15	11	4	40	10	right	right	1	14	15.487	904
15	12	4	40	10	left	right	0	15	16.129	930
15	13	4	40	10	left	left	1	12	16.107	745
15	14	4	40	10	left	left	1	14	15.66	894
15	15	4	40	10	right	left	0	22	15.374	1431
15	16	4	40	10	left	right	0	14	15.855	883
15	17	4	40	10	right	left	0	20	15.711	1273
15	18	4	40	10	left	left	1	29	15.426	1880
15	19	4	40	10	right	right	1	14	15.713	891
15	20	4	40	10	right	left	0	31	15.469	2004
15	21	4	40	10	left	right	0	21	15.567	1349
15	22	4	40	10	left	left	1	14	15.642	895
15	23	4	40	10	left	left	1	23	15.212	1512
15	24	4	40	10	right	left	0	17	15.385	1105
15	25	4	40	10	left	left	1	15	15.182	988
15	26	4	40	10	left	right	0	12	16.327	735
15	27	4	40	10	right	left	0	11	15.406	714
15	28	4	40	10	right	right	1	13	15.873	819
15	29	4	40	10	right	right	1	13	15.892	818
15	30	4	40	10	right	right	1	16	15.489	1033
15	31	4	40	10	left	right	0	14	15.945	878
15	32	4	40	10	left	left	1	14	15.855	883
15	33	4	40	10	left	left	1	14	15.419	908
15	34	4	40	10	right	right	1	16	15.779	1014
15	35	4	40	10	right	left	0	26	15.312	1698
15	36	4	40	10	right	right	1	19	15.98	1189
16	1	4	40	10	left	right	0	13	15.169	857
16	2	4	40	10	left	left	1	31	15.271	2030
16	3	4	40	10	left	left	1	15	15.56	964
16	4	4	40	10	left	left	1	19	15.953	1191
16	5	4	40	10	right	right	1	20	15.337	1304
16	6	4	40	10	right	right	1	15	15.337	978
16	7	4	40	10	right	right	1	15	15.167	989
16	8	4	40	10	left	left	1	15	16.146	929
16	9	4	40	10	right	right	1	16	15.109	1059
16	10	4	40	10	left	left	1	13	16.25	800
16	11	4	40	10	right	right	1	13	15.348	847
16	12	4	40	10	right	left	0	16	15.519	1031
16	13	4	40	10	left	left	1	13	15.187	856
16	14	4	40	10	left	left	1	13	15.476	840
16	15	4	40	10	right	left	0	14	15.487	904
16	16	4	40	10	right	right	1	10	15.291	654
16	17	4	40	10	left	right	0	31	15.256	2032
16	18	4	40	10	left	left	1	14	15.419	908
16	19	4	40	10	left	left	1	19	15.164	1253
16	20	4	40	10	right	left	0	15	16.164	928
16	21	4	40	10	right	right	1	14	15.368	911
16	22	4	40	10	left	left	1	15	15.756	952
16	23	4	40	10	left	right	0	26	15.597	1667
16	24	4	40	10	left	right	0	13	15.258	852
16	25	4	40	10	right	right	1	9	15.598	577
16	26	4	40	10	left	left	1	10	16.393	610
16	27	4	40	10	right	left	0	16	15.094	1060
16	28	4	40	10	right	left	0	19	15.755	1206
16	29	4	40	10	right	right	1	15	16.234	924
16	30	4	40	10	left	left	1	18	15.332	1174
16	31	4	40	10	left	left	1	21	15.373	1366
16	32	4	40	10	left	left	1	14	15.301	915
16	33	4	40	10	right	left	0	15	15.806	949
16	34	4	40	10	left	right	0	15	15.823	948
16	35	4	40	10	left	right	0	18	15.693	1147
16	36	4	40	10	right	left	0	11	15.278	720
16	37	4	40	10	right	left	0	14	16.185	865
16	38	4	40	10	left	right	0	26	15.56	1671
17	1	4	40	10	right	right	1	23	15.293	1504
17	2	4	40	10	left	left	1	20	15.625	1280
17	3	4	40	10	right	right	1	16	15.224	1051
17	4	4	40	10	left	left	1	19	15.115	1257
17	5	4	40	10	left	right	0	14	15.301	915
17	6	4	40	10	left	left	1	17	15.712	1082
17	7	4	40	10	right	right	1	11	15.278	720
17	8	4	40	10	left	left	1	14	15.982	876
17	9	4	40	10	right	right	1	12	15.852	757
17	10	4	40	10	right	left	0	13	15.873	819
17	11	4	40	10	left	right	0	29	15.368	1887
17	12	4	40	10	right	left	0	15	15.789	950
17	13	4	40	10	left	left	1	12	16.216	740
17	14	4	40	10	left	left	1	11	15.406	714
17	15	4	40	10	right	left	0	13	15.663	830
17	16	4	40	10	right	right	1	13	16.209	802
17	17	4	40	10	right	right	1	11	16.153	681
17	18	4	40	10	left	left	1	15	15.06	996
17	19	4	40	10	right	right	1	16	15.625	1024
17	20	4	40	10	left	left	1	11	16.082	684
17	21	4	40	10	right	right	1	24	15.385	1560
17	22	4	40	10	right	right	1	16	15.474	1034
17	23	4	40	10	right	right	1	14	15.368	911
17	24	4	40	10	right	right	1	24	15.296	1569
17	25	4	40	10	left	left	1	13	15.719	827
17	26	4	40	10	left	right	0	15	15.198	987
17	27	4	40	10	right	right	1	11	15.385	715
17	28	4	40	10	right	right	1	17	15.755	1079
17	29	4	40	10	right	right	1	13	15.222	854
17	30	4	40	10	left	left	1	15	16.077	933
17	31	4	40	10	left	left	1	13	15.777	824
17	32	4	40	10	left	left	1	16	15.64	1023
17	33	4	40	10	left	left	1	17	15.933	1067
17	34	4	40	10	right	right	1	18	15.293	1177
17	35	4	40	10	left	right	0	22	15.526	1417
17	36	4	40	10	right	right	1	11	15.537	708
17	37	4	40	10	left	right	0	16	15.253	1049
17	38	4	40	10	left	left	1	11	15.214	723
17	39	4	40	10	right	right	1	11	15.449	712
17	40	4	40	10	right	left	0	26	15.303	1699
18	1	4	40	10	right	right	1	11	15.048	731
18	2	4	40	10	left	left	1	13	16.089	808
18	3	4	40	10	left	left	1	22	15.46	1423
18	4	4	40	10	left	right	0	15	15.275	982
18	5	4	40	10	right	right	1	12	15.19	790
18	6	4	40	10	left	right	0	24	15.19	1580
18	7	4	40	10	left	left	1	21	15.13	1388
18	8	4	40	10	left	right	0	20	15.504	1290
18	9	4	40	10	right	right	1	28	15.608	1794
18	10	4	40	10	right	right	1	20	16	1250
18	11	4	40	10	left	left	1	19	15.768	1205
18	12	4	40	10	right	right	1	20	15.361	1302
18	13	4	40	10	right	left	0	18	15.28	1178
18	14	4	40	10	right	right	1	18	15.531	1159
18	15	4	40	10	left	left	1	16	15.889	1007
18	16	4	40	10	right	right	1	15	15.075	995
18	17	4	40	10	left	left	1	18	15.216	1183
18	18	4	40	10	right	right	1	15	15.907	943
18	19	4	40	10	left	left	1	12	15.424	778
18	20	4	40	10	left	left	1	28	15.292	1831
18	21	4	40	10	right	left	0	16	15.504	1032
18	22	4	40	10	left	left	1	21	15.152	1386
18	23	4	40	10	left	right	0	25	15.179	1647
18	24	4	40	10	left	left	1	26	15.691	1657
18	25	4	40	10	left	left	1	15	16.216	925
18	26	4	40	10	right	right	1	14	15.504	903
18	27	4	40	10	right	right	1	18	15.831	1137
18	28	4	40	10	left	right	0	21	15.441	1360
18	29	4	40	10	right	left	0	14	15.334	913
18	30	4	40	10	left	right	0	19	15.224	1248
18	31	4	40	10	right	right	1	30	15.377	1951
18	32	4	40	10	left	right	0	14	16.129	868
18	33	4	40	10	right	right	1	31	15.309	2025
18	34	4	40	10	left	left	1	12	16.304	736
18	35	4	40	10	left	left	1	23	15.499	1484
19	1	4	40	10	left	right	0	13	15.258	852
19	2	4	40	10	left	left	1	12	15.132	793
19	3	4	40	10	right	right	1	15	15.641	959
19	4	4	40	10	right	left	0	15	16.129	930
19	5	4	40	10	right	right	1	15	16.164	928
19	6	4	40	10	left	left	1	20	15.129	1322
19	7	4	40	10	right	right	1	21	15.556	1350
19	8	4	40	10	left	left	1	16	15.579	1027
19	9	4	40	10	left	left	1	20	15.637	1279
19	10	4	40	10	left	left	1	14	15.573	899
19	11	4	40	10	right	right	1	16	15.109	1059
19	12	4	40	10	left	left	1	16	15.152	1056
19	13	4	40	10	right	right	1	15	15.291	981
19	14	4	40	10	left	left	1	18	15.398	1169
19	15	4	40	10	left	right	0	17	15.165	1121
19	16	4	40	10	left	right	0	25	15.586	1604
19	17	4	40	10	right	right	1	10	16.129	620
19	18	4	40	10	left	right	0	15	15.4	974
19	19	4	40	10	right	right	1	16	15.889	1007
19	20	4	40	10	left	left	1	12	16.238	739
19	21	4	40	10	right	right	1	16	15.504	1032
19	22	4	40	10	left	left	1	12	12.048	996
19	23	4	40	10	left	right	0	18	15.957	1128
19	24	4	40	10	left	left	1	12	15.228	788
19	25	4	40	10	right	right	1	17	15.26	1114
19	26	4	40	10	right	right	1	17	15.497	1097
19	27	4	40	10	right	right	1	13	15.348	847
19	28	4	40	10	right	right	1	16	15.889	1007
19	29	4	40	10	left	left	1	18	15.358	1172
19	30	4	40	10	right	left	0	19	15.079	1260
19	31	4	40	10	left	right	0	15	15.974	939
19	32	4	40	10	left	right	0	26	15.682	1658
19	33	4	40	10	left	right	0	20	15.302	1307
19	34	4	40	10	right	left	0	18	15.358	1172
19	35	4	40	10	right	right	1	12	15.444	777
19	36	4	40	10	right	right	1	14	16.222	863
19	37	4	40	10	left	right	0	19	15.224	1248
19	38	4	40	10	right	left	0	15	15.136	991
20	1	4	40	10	left	left	1	33	15.235	2166
20	2	4	40	10	left	left	1	14	15.625	896
20	3	4	40	10	left	left	1	28	15.686	1785
20	4	4	40	10	left	left	1	22	15.352	1433
20	5	4	40	10	left	right	0	15	15.907	943
20	6	4	40	10	right	right	1	15	16.181	927
20	7	4	40	10	left	left	1	14	15.201	921
20	8	4	40	10	right	right	1	15	15.839	947
20	9	4	40	10	left	left	1	15	15.544	965
20	10	4	40	10	left	right	0	14	15.351	912
20	11	4	40	10	right	right	1	13	16.149	805
20	12	4	40	10	right	left	0	16	15.094	1060
20	13	4	40	10	left	left	1	14	16.222	863
20	14	4	40	10	right	right	1	14	15.368	911
20	15	4	40	10	left	left	1	13	15.169	857
20	16	4	40	10	right	right	1	15	15.353	977
20	17	4	40	10	left	left	1	15	15.306	980
20	18	4	40	10	left	right	0	15	15.385	975
20	19	4	40	10	right	left	0	24	15.085	1591
20	20	4	40	10	left	right	0	20	15.256	1311
20	21	4	40	10	left	left	1	26	15.476	1680
20	22	4	40	10	left	right	0	23	15.829	1453
20	23	4	40	10	left	left	1	17	15.726	1081
20	24	4	40	10	left	right	0	20	15.736	1271
20	25	4	40	10	right	right	1	12	16.327	735
20	26	4	40	10	right	left	0	24	15.584	1540
20	27	4	40	10	right	right	1	13	16.209	802
20	28	4	40	10	left	right	0	14	16.185	865
20	29	4	40	10	right	right	1	41	15.356	2670
20	30	4	40	10	left	left	1	15	15.167	989
20	31	4	40	10	right	right	1	18	15.831	1137
20	32	4	40	10	left	left	1	15	15.244	984
20	33	4	40	10	left	left	1	20	15.106	1324
20	34	4	40	10	right	left	0	24	15.394	1559
20	35	4	40	10	right	right	1	21	15.206	1381
21	1	4	40	10	right	right	1	22	15.214	1446
21	2	4	40	10	right	left	0	22	15.559	1414
21	3	4	40	10	right	right	1	27	15.535	1738
21	4	4	40	10	right	right	1	16	15.857	1009
21	5	4	40	10	right	right	1	15	15.544	965
21	6	4	40	10	left	right	0	15	15.259	983
21	7	4	40	10	left	left	1	15	16.164	928
21	8	4	40	10	right	right	1	18	15.28	1178
21	9	4	40	10	left	left	1	28	15.677	1786
21	10	4	40	10	left	right	0	32	15.37	2082
21	11	4	40	10	left	left	1	29	15.183	1910
21	12	4	40	10	right	left	0	22	15.603	1410
21	13	4	40	10	left	left	1	16	15.08	1061
21	14	4	40	10	left	right	0	13	15.588	834
21	15	4	40	10	left	left	1	15	15.512	967
21	16	4	40	10	right	left	0	31	15.241	2034
21	17	4	40	10	left	left	1	22	15.581	1412
21	18	4	40	10	right	right	1	37	15.455	2394
21	19	4	40	10	right	right	1	15	15.091	994
21	20	4	40	10	left	left	1	14	16.11	869
21	21	4	40	10	left	right	0	25	15.198	1645
21	22	4	40	10	right	right	1	13	15.663	830
21	23	4	40	10	left	left	1	14	15.801	886
21	24	4	40	10	left	left	1	14	16.222	863
21	25	4	40	10	right	left	0	15	15.641	959
21	26	4	40	10	right	left	0	9	16.1	559
21	27	4	40	10	left	left	1	17	15.455	1100
21	28	4	40	10	left	right	0	15	16.112	931
21	29	4	40	10	right	right	1	13	15.912	817
21	30	4	40	10	left	right	0	18	15.721	1145
21	31	4	40	10	left	left	1	11	15.172	725
21	32	4	40	10	right	right	1	14	16.166	866
21	33	4	40	10	left	left	1	15	16.251	923
21	34	4	40	10	left	left	1	26	15.439	1684
22	1	4	40	10	right	right	1	14	15.556	900
22	2	4	40	10	right	left	0	14	16.129	868
22	3	4	40	10	right	right	1	18	15.831	1137
22	4	4	40	10	right	left	0	22	15.363	1432
22	5	4	40	10	right	right	1	17	15.683	1084
22	6	4	40	10	right	right	1	16	15.238	1050
22	7	4	40	10	left	right	0	17	15.992	1063
22	8	4	40	10	right	right	1	17	15.962	1065
22	9	4	40	10	left	left	1	19	15.847	1199
22	10	4	40	10	right	right	1	17	15.741	1080
22	11	4	40	10	left	left	1	17	15.654	1086
22	12	4	40	10	right	right	1	18	15.254	1180
22	13	4	40	10	left	left	1	22	15.32	1436
22	14	4	40	10	right	right	1	17	15.247	1115
22	15	4	40	10	right	left	0	24	15.769	1522
22	16	4	40	10	left	left	1	13	15.476	840
22	17	4	40	10	right	right	1	16	15.267	1048
22	18	4	40	10	right	left	0	18	15.887	1133
22	19	4	40	10	left	left	1	12	15.444	777
22	20	4	40	10	left	left	1	16	15.519	1031
22	21	4	40	10	left	left	1	19	15.886	1196
22	22	4	40	10	right	right	1	30	15.584	1925
22	23	4	40	10	left	left	1	13	15.931	816
22	24	4	40	10	left	left	1	41	15.483	2648
22	25	4	40	10	right	left	0	42	15.458	2717
22	26	4	40	10	right	left	0	12	16.26	738
22	27	4	40	10	left	right	0	24	15.424	1556
22	28	4	40	10	left	right	0	12	15.094	795
22	29	4	40	10	left	right	0	23	15.152	1518
22	30	4	40	10	right	right	1	13	16.01	812
22	31	4	40	10	left	left	1	26	15.16	1715
22	32	4	40	10	left	left	1	14	15.608	897
22	33	4	40	10	right	left	0	18	15.929	1130
22	34	4	40	10	right	left	0	14	15.251	918
23	1	4	40	10	right	right	1	22	15.257	1442
23	2	4	40	10	left	left	1	17	15.726	1081
23	3	4	40	10	right	right	1	18	15.748	1143
23	4	4	40	10	left	left	1	13	15.644	831
23	5	4	40	10	left	left	1	17	15.77	1078
23	6	4	40	10	left	left	1	14	15.556	900
23	7	4	40	10	left	left	1	12	15.209	789
23	8	4	40	10	right	right	1	12	16.216	740
23	9	4	40	10	right	left	0	13	15.312	849
23	10	4	40	10	right	left	0	14	15.819	885
23	11	4	40	10	left	right	0	16	15.123	1058
23	12	4	40	10	right	left	0	13	15.7	828
23	13	4	40	10	left	left	1	36	15.196	2369
23	14	4	40	10	right	right	1	12	16.304	736
23	15	4	40	10	left	left	1	14	15.538	901
23	16	4	40	10	right	right	1	13	15.222	854
23	17	4	40	10	left	left	1	13	16.129	806
23	18	4	40	10	left	right	0	11	15.873	693
23	19	4	40	10	right	left	0	13	16.129	806
23	20	4	40	10	right	left	0	11	16.153	681
23	21	4	40	10	right	right	1	24	15.686	1530
23	22	4	40	10	right	right	1	11	15.193	724
23	23	4	40	10	left	right	0	11	15.449	712
23	24	4	40	10	right	right	1	11	15.068	730
23	25	4	40	10	right	right	1	20	15.552	1286
23	26	4	40	10	left	left	1	18	15.385	1170
23	27	4	40	10	left	right	0	22	15.172	1450
23	28	4	40	10	right	right	1	29	15.442	1878
23	29	4	40	10	left	left	1	12	16.304	736
23	30	4	40	10	right	right	1	28	15.444	1813
23	31	4	40	10	right	right	1	19	15.755	1206
23	32	4	40	10	right	right	1	21	15.184	1383
23	33	4	40	10	right	left	0	15	15.167	989
23	34	4	40	10	left	left	1	21	15.754	1333
23	35	4	40	10	right	left	0	20	15.798	1266
23	36	4	40	10	right	left	0	12	16.129	744
23	37	4	40	10	left	left	1	11	16.129	682
23	38	4	40	10	right	right	1	19	15.055	1262
24	1	4	40	10	left	right	0	28	15.722	1781
24	2	4	40	10	left	left	1	33	15.493	2130
24	3	4	40	10	left	right	0	20	15.798	1266
24	4	4	40	10	left	left	1	16	15.595	1026
24	5	4	40	10	left	left	1	24	15.404	1558
24	6	4	40	10	left	left	1	13	15.931	816
24	7	4	40	10	right	right	1	14	15.927	879
24	8	4	40	10	right	right	1	14	15.487	904
24	9	4	40	10	left	left	1	15	15.353	977
24	10	4	40	10	left	right	0	19	15.873	1197
24	11	4	40	10	left	left	1	17	15.712	1082
24	12	4	40	10	left	left	1	26	15.187	1712
24	13	4	40	10	right	left	0	18	15.544	1158
24	14	4	40	10	left	right	0	44	15.39	2859
24	15	4	40	10	left	left	1	17	15.138	1123
24	16	4	40	10	left	left	1	30	15.48	1938
24	17	4	40	10	right	right	1	22	15.559	1414
24	18	4	40	10	right	left	0	16	15.209	1052
24	19	4	40	10	right	right	1	18	15.652	1150
24	20	4	40	10	left	left	1	15	15.152	990
24	21	4	40	10	right	right	1	15	15.337	978
24	22	4	40	10	right	right	1	20	15.76	1269
24	23	4	40	10	right	right	1	13	15.33	848
24	24	4	40	10	right	left	0	13	15.777	824
24	25	4	40	10	left	right	0	12	15.707	764
24	26	4	40	10	right	right	1	14	15.66	894
24	27	4	40	10	left	left	1	22	15.374	1431
24	28	4	40	10	left	left	1	19	15.966	1190
24	29	4	40	10	right	right	1	14	15.234	919
24	30	4	40	10	left	left	1	15	15.609	961
24	31	4	40	10	left	right	0	19	15.587	1219
24	32	4	40	10	left	left	1	14	15.453	906
24	33	4	40	10	right	right	1	22	15.681	1403
24	34	4	40	10	right	left	0	22	15.614	1409
