
blkNum	trlNum	coherentDots	numberofDots	percentCoherence	winningDirection	response	correct	eventCount	averageFrameRate	RT
1	1	4	40	10	right	right	1	82	15.208	5392
1	2	4	40	10	left	left	1	42	15.195	2764
1	3	4	40	10	right	right	1	26	15.644	1662
1	4	4	40	10	left	left	1	59	15.325	3850
1	5	4	40	10	left	right	0	72	15.287	4710
1	6	4	40	10	right	right	1	41	15.495	2646
1	7	4	40	10	right	right	1	68	15.243	4461
1	8	4	40	10	right	left	0	87	15.271	5697
1	9	4	40	10	right	right	1	37	15.176	2438
1	10	4	40	10	left	left	1	32	15.542	2059
1	11	4	40	10	left	right	0	66	14.493	4554
1	12	4	40	10	left	left	1	44	15.251	2885
1	13	4	40	10	left	right	0	123	15.159	8114
1	14	4	40	10	left	left	1	36	15.352	2345
1	15	4	40	10	right	right	1	82	15.299	5360
1	16	4	40	10	left	left	1	58	15.155	3827
1	17	4	40	10	left	left	1	75	15.219	4928
1	18	4	40	10	left	left	1	25	15.319	1632
1	19	4	40	10	left	left	1	36	15.444	2331
1	20	4	40	10	left	left	1	32	15.377	2081
1	21	4	40	10	right	right	1	30	15.488	1937
1	22	4	40	10	right	right	1	20	15.373	1301
1	23	4	40	10	right	right	1	36	15.145	2377
1	24	4	40	10	left	left	1	20	15.432	1296
1	25	4	40	10	left	left	1	35	15.224	2299
1	26	4	40	10	right	right	1	19	15.715	1209
1	27	4	40	10	right	right	1	54	15.402	3506
1	28	4	40	10	right	right	1	22	15.559	1414
1	29	4	40	10	right	right	1	17	15.903	1069
1	30	4	40	10	left	left	1	14	15.59	898
1	31	4	40	10	right	right	1	15	16.234	924
1	32	4	40	10	right	right	1	14	15.945	878
1	33	4	40	10	right	right	1	23	15.646	1470
1	34	4	40	10	left	left	1	49	15.289	3205
1	35	4	40	10	left	left	1	24	15.686	1530
1	36	4	40	10	left	right	0	18	15.901	1132
1	37	4	40	10	right	right	1	36	15.358	2344
1	38	4	40	10	right	right	1	38	15.237	2494
1	39	4	40	10	right	right	1	19	15.728	1208
1	40	4	40	10	left	left	1	22	15.703	1401
2	1	4	40	10	left	left	1	27	15.535	1738
2	2	4	40	10	left	left	1	15	15.873	945
2	3	4	40	10	right	right	1	14	16.129	868
2	4	4	40	10	left	left	1	14	15.837	884
2	5	4	40	10	left	left	1	14	15.982	876
2	6	4	40	10	right	right	1	12	15.852	757
2	7	4	40	10	left	left	1	10	15.576	642
2	8	4	40	10	left	left	1	15	15.674	957
2	9	4	40	10	right	right	1	14	16.204	864
2	10	4	40	10	right	left	0	37	15.365	2408
2	11	4	40	10	left	left	1	15	15.045	997
2	12	4	40	10	left	left	1	19	15.41	1233
2	13	4	40	10	left	left	1	13	15.276	851
2	14	4	40	10	right	right	1	11	16.692	659
2	15	4	40	10	right	left	0	14	16.241	862
2	16	4	40	10	right	right	1	54	15.328	3523
2	17	4	40	10	left	left	1	20	15.152	1320
2	18	4	40	10	right	right	1	26	15.222	1708
2	19	4	40	10	right	right	1	57	15.38	3706
2	20	4	40	10	left	right	0	59	15.353	3843
2	21	4	40	10	right	right	1	32	15.13	2115
2	22	4	40	10	right	right	1	96	15.257	6292
2	23	4	40	10	right	right	1	13	15.187	856
2	24	4	40	10	left	left	1	19	15.847	1199
2	25	4	40	10	right	right	1	30	15.306	1960
2	26	4	40	10	right	right	1	44	15.299	2876
2	27	4	40	10	left	right	0	44	15.23	2889
2	28	4	40	10	left	left	1	23	15.52	1482
2	29	4	40	10	left	left	1	12	15.113	794
2	30	4	40	10	right	left	0	57	15.393	3703
2	31	4	40	10	right	left	0	25	15.198	1645
2	32	4	40	10	right	right	1	12	16.151	743
2	33	4	40	10	left	left	1	28	15.251	1836
2	34	4	40	10	right	right	1	98	15.281	6413
2	35	4	40	10	left	left	1	23	15.499	1484
2	36	4	40	10	left	right	0	32	15.414	2076
2	37	4	40	10	right	left	0	24	15.219	1577
2	38	4	40	10	left	right	0	53	15.3	3464
2	39	4	40	10	left	right	0	29	15.426	1880
2	40	4	40	10	right	right	1	35	15.358	2279
3	1	4	40	10	left	left	1	54	15.42	3502
3	2	4	40	10	left	left	1	36	15.557	2314
3	3	4	40	10	left	left	1	69	15.296	4511
3	4	4	40	10	left	left	1	67	15.349	4365
3	5	4	40	10	right	right	1	35	15.244	2296
3	6	4	40	10	left	left	1	32	15.231	2101
3	7	4	40	10	left	left	1	24	15.345	1564
3	8	4	40	10	right	right	1	50	15.404	3246
3	9	4	40	10	right	right	1	87	15.178	5732
3	10	4	40	10	left	left	1	71	15.194	4673
3	11	4	40	10	left	right	0	42	15.245	2755
3	12	4	40	10	left	left	1	108	15.166	7121
3	13	4	40	10	left	left	1	120	15.196	7897
3	14	4	40	10	right	left	0	56	15.259	3670
3	15	4	40	10	right	right	1	40	15.51	2579
3	16	4	40	10	left	left	1	87	15.317	5680
3	17	4	40	10	right	right	1	55	15.295	3596
3	18	4	40	10	right	right	1	48	15.375	3122
3	19	4	40	10	right	right	1	70	15.337	4564
3	20	4	40	10	left	left	1	88	15.249	5771
3	21	4	40	10	right	right	1	47	15.21	3090
3	22	4	40	10	left	left	1	50	15.161	3298
3	23	4	40	10	right	right	1	26	15.249	1705
3	24	4	40	10	left	left	1	44	15.368	2863
3	25	4	40	10	right	right	1	59	15.325	3850
3	26	4	40	10	right	right	1	35	15.412	2271
3	27	4	40	10	right	right	1	64	15.34	4172
3	28	4	40	10	right	right	1	19	15.926	1193
3	29	4	40	10	right	right	1	13	15.458	841
3	30	4	40	10	right	right	1	17	15.858	1072
3	31	4	40	10	right	right	1	18	15.652	1150
3	32	4	40	10	left	left	1	41	15.129	2710
3	33	4	40	10	right	right	1	43	15.374	2797
3	34	4	40	10	right	right	1	25	15.557	1607
3	35	4	40	10	right	right	1	25	15.596	1603
3	36	4	40	10	left	left	1	47	15.39	3054
3	37	4	40	10	left	left	1	19	15.548	1222
3	38	4	40	10	left	left	1	20	15.81	1265
3	39	4	40	10	left	left	1	45	15.437	2915
3	40	4	40	10	left	left	1	19	15.728	1208
4	1	4	40	10	left	left	1	29	15.344	1890
4	2	4	40	10	left	left	1	15	15.69	956
4	3	4	40	10	right	right	1	21	15.273	1375
4	4	4	40	10	right	right	1	36	15.484	2325
4	5	4	40	10	right	right	1	18	15.267	1179
4	6	4	40	10	left	left	1	30	15.472	1939
4	7	4	40	10	left	left	1	36	15.261	2359
4	8	4	40	10	right	right	1	24	15.564	1542
4	9	4	40	10	left	left	1	28	15.634	1791
4	10	4	40	10	right	right	1	26	15.7	1656
4	11	4	40	10	right	right	1	29	15.516	1869
4	12	4	40	10	right	right	1	23	15.551	1479
4	13	4	40	10	right	right	1	19	15.447	1230
4	14	4	40	10	left	left	1	70	15.301	4575
4	15	4	40	10	right	right	1	31	15.263	2031
4	16	4	40	10	right	right	1	70	15.175	4613
4	17	4	40	10	left	left	1	48	15.355	3126
4	18	4	40	10	left	left	1	84	15.173	5536
4	19	4	40	10	left	left	1	46	15.416	2984
4	20	4	40	10	left	left	1	58	15.203	3815
4	21	4	40	10	right	right	1	128	15.162	8442
4	22	4	40	10	right	right	1	33	15.299	2157
4	23	4	40	10	left	left	1	24	15.564	1542
4	24	4	40	10	right	right	1	38	15.23	2495
4	25	4	40	10	left	left	1	28	15.267	1834
4	26	4	40	10	left	left	1	50	15.38	3251
4	27	4	40	10	right	right	1	31	15.248	2033
4	28	4	40	10	left	left	1	24	15.625	1536
4	29	4	40	10	left	left	1	48	15.419	3113
4	30	4	40	10	right	right	1	36	15.551	2315
4	31	4	40	10	right	right	1	32	15.26	2097
4	32	4	40	10	right	right	1	20	15.528	1288
4	33	4	40	10	left	left	1	27	15.598	1731
4	34	4	40	10	left	right	0	22	15.603	1410
4	35	4	40	10	left	left	1	30	15.205	1973
4	36	4	40	10	right	right	1	27	15.254	1770
4	37	4	40	10	right	right	1	35	15.5	2258
4	38	4	40	10	left	left	1	57	15.397	3702
4	39	4	40	10	left	left	1	51	15.403	3311
4	40	4	40	10	right	right	1	17	15.206	1118
5	1	4	40	10	left	left	1	45	15.152	2970
5	2	4	40	10	right	right	1	22	15.439	1425
5	3	4	40	10	left	left	1	15	16.164	928
5	4	4	40	10	left	left	1	13	15.738	826
5	5	4	40	10	right	right	1	22	15.703	1401
5	6	4	40	10	right	right	1	22	15.816	1391
5	7	4	40	10	left	left	1	15	15.167	989
5	8	4	40	10	right	right	1	18	15.611	1153
5	9	4	40	10	right	right	1	40	15.198	2632
5	10	4	40	10	left	left	1	23	15.829	1453
5	11	4	40	10	right	right	1	14	15.267	917
5	12	4	40	10	left	left	1	14	15.801	886
5	13	4	40	10	right	right	1	17	15.639	1087
5	14	4	40	10	right	right	1	13	16.291	798
5	15	4	40	10	right	right	1	31	15.226	2036
5	16	4	40	10	right	right	1	21	15.239	1378
5	17	4	40	10	left	left	1	23	15.797	1456
5	18	4	40	10	left	left	1	26	15.7	1656
5	19	4	40	10	left	left	1	36	15.484	2325
5	20	4	40	10	right	right	1	13	16.049	810
5	21	4	40	10	right	right	1	34	15.172	2241
5	22	4	40	10	right	right	1	11	15.007	733
5	23	4	40	10	left	left	1	18	15.598	1154
5	24	4	40	10	right	right	1	35	15.184	2305
5	25	4	40	10	right	right	1	21	15.742	1334
5	26	4	40	10	right	right	1	20	15.785	1267
5	27	4	40	10	right	right	1	19	15.46	1229
5	28	4	40	10	left	left	1	18	15.762	1142
5	29	4	40	10	left	left	1	36	15.267	2358
5	30	4	40	10	left	left	1	23	15.405	1493
5	31	4	40	10	left	left	1	56	15.364	3645
5	32	4	40	10	left	left	1	27	15.437	1749
5	33	4	40	10	left	left	1	38	15.397	2468
5	34	4	40	10	right	right	1	17	15.206	1118
5	35	4	40	10	left	left	1	50	15.152	3300
5	36	4	40	10	left	left	1	56	15.172	3691
5	37	4	40	10	right	right	1	25	15.133	1652
5	38	4	40	10	left	left	1	58	15.291	3793
5	39	4	40	10	left	left	1	24	15.123	1587
5	40	4	40	10	right	right	1	31	15.211	2038
6	1	4	40	10	left	left	1	45	15.182	2964
6	2	4	40	10	right	right	1	13	15.892	818
6	3	4	40	10	left	left	1	25	15.694	1593
6	4	4	40	10	left	left	1	96	15.199	6316
6	5	4	40	10	right	right	1	14	16.073	871
6	6	4	40	10	right	right	1	32	15.564	2056
6	7	4	40	10	left	left	1	15	15.789	950
6	8	4	40	10	right	right	1	10	15.798	633
6	9	4	40	10	right	right	1	34	15.378	2211
6	10	4	40	10	left	left	1	43	15.281	2814
6	11	4	40	10	left	left	1	39	15.187	2568
6	12	4	40	10	left	left	1	44	15.336	2869
6	13	4	40	10	left	left	1	30	15.244	1968
6	14	4	40	10	right	right	1	13	15.834	821
6	15	4	40	10	left	left	1	36	15.332	2348
6	16	4	40	10	right	right	1	11	15.214	723
6	17	4	40	10	left	left	1	12	16.327	735
6	18	4	40	10	left	left	1	30	15.4	1948
6	19	4	40	10	right	right	1	12	15.464	776
6	20	4	40	10	right	right	1	13	16.129	806
6	21	4	40	10	right	right	1	17	15.455	1100
6	22	4	40	10	right	right	1	12	16.064	747
6	23	4	40	10	right	right	1	11	15.625	704
6	24	4	40	10	left	left	1	14	15.695	892
6	25	4	40	10	right	right	1	11	16.035	686
6	26	4	40	10	left	left	1	33	15.152	2178
6	27	4	40	10	right	right	1	24	15.758	1523
6	28	4	40	10	left	left	1	25	15.423	1621
6	29	4	40	10	right	right	1	30	15.56	1928
6	30	4	40	10	left	left	1	23	15.252	1508
6	31	4	40	10	left	left	1	36	15.431	2333
6	32	4	40	10	left	left	1	26	15.16	1715
6	33	4	40	10	right	right	1	35	15.297	2288
6	34	4	40	10	left	left	1	34	15.145	2245
6	35	4	40	10	left	left	1	27	15.689	1721
6	36	4	40	10	left	left	1	16	15.519	1031
6	37	4	40	10	right	right	1	18	16.014	1124
6	38	4	40	10	right	right	1	22	15.428	1426
6	39	4	40	10	right	right	1	20	15.81	1265
6	40	4	40	10	right	right	1	16	15.444	1036
7	1	4	40	10	right	right	1	16	15.123	1058
7	2	4	40	10	left	left	1	12	15.979	751
7	3	4	40	10	left	left	1	39	15.252	2557
7	4	4	40	10	right	right	1	9	15.385	585
7	5	4	40	10	left	left	1	25	15.152	1650
7	6	4	40	10	left	left	1	18	15.873	1134
7	7	4	40	10	left	left	1	17	15.329	1109
7	8	4	40	10	right	right	1	11	15.027	732
7	9	4	40	10	left	left	1	10	16.835	594
7	10	4	40	10	left	left	1	10	15.773	634
7	11	4	40	10	right	right	1	18	15.358	1172
7	12	4	40	10	right	right	1	33	15.242	2165
7	13	4	40	10	right	right	1	15	16.199	926
7	14	4	40	10	right	right	1	20	15.528	1288
7	15	4	40	10	left	left	1	33	15.306	2156
7	16	4	40	10	left	left	1	25	15.124	1653
7	17	4	40	10	right	right	1	23	15.604	1474
7	18	4	40	10	left	left	1	23	15.52	1482
7	19	4	40	10	left	left	1	13	16.209	802
7	20	4	40	10	right	right	1	19	15.41	1233
7	21	4	40	10	left	left	1	38	15.504	2451
7	22	4	40	10	right	right	1	13	16.01	812
7	23	4	40	10	right	right	1	46	15.318	3003
7	24	4	40	10	right	right	1	12	16.086	746
7	25	4	40	10	right	right	1	13	15.815	822
7	26	4	40	10	left	left	1	14	15.964	877
7	27	4	40	10	right	right	1	15	15.528	966
7	28	4	40	10	left	left	1	40	15.232	2626
7	29	4	40	10	right	right	1	18	15.972	1127
7	30	4	40	10	right	right	1	14	15.801	886
7	31	4	40	10	left	left	1	13	16.27	799
7	32	4	40	10	left	left	1	17	15.426	1102
7	33	4	40	10	left	left	1	11	15.007	733
7	34	4	40	10	right	right	1	40	15.232	2626
7	35	4	40	10	right	right	1	9	15.437	583
7	36	4	40	10	right	right	1	9	16.043	561
7	37	4	40	10	right	right	1	10	15.798	633
7	38	4	40	10	left	left	1	13	15.719	827
7	39	4	40	10	left	left	1	14	16.018	874
7	40	4	40	10	left	left	1	16	15.459	1035
8	1	4	40	10	left	left	1	17	15.426	1102
8	2	4	40	10	right	right	1	18	15.776	1141
8	3	4	40	10	left	left	1	18	15.358	1172
8	4	4	40	10	right	right	1	10	15.314	653
8	5	4	40	10	left	left	1	14	15.487	904
8	6	4	40	10	right	right	1	13	15.758	825
8	7	4	40	10	right	right	1	12	15.625	768
8	8	4	40	10	left	left	1	15	16.06	934
8	9	4	40	10	right	right	1	14	15.625	896
8	10	4	40	10	right	right	1	42	15.162	2770
8	11	4	40	10	left	left	1	14	16.298	859
8	12	4	40	10	left	left	1	29	15.271	1899
8	13	4	40	10	left	left	1	13	15.222	854
8	14	4	40	10	right	right	1	29	15.312	1894
8	15	4	40	10	right	right	1	15	15.873	945
8	16	4	40	10	right	right	1	15	15.576	963
8	17	4	40	10	left	left	1	30	15.576	1926
8	18	4	40	10	left	left	1	12	15.424	778
8	19	4	40	10	right	left	0	12	16.151	743
8	20	4	40	10	left	left	1	28	15.478	1809
8	21	4	40	10	right	right	1	22	15.614	1409
8	22	4	40	10	right	right	1	16	15.399	1039
8	23	4	40	10	right	right	1	13	15.55	836
8	24	4	40	10	left	left	1	15	15.322	979
8	25	4	40	10	left	left	1	20	15.361	1302
8	26	4	40	10	left	left	1	39	15.513	2514
8	27	4	40	10	right	right	1	45	15.141	2972
8	28	4	40	10	right	right	1	11	15.942	690
8	29	4	40	10	right	right	1	11	15.85	694
8	30	4	40	10	left	left	1	22	15.162	1451
8	31	4	40	10	left	left	1	22	15.692	1402
8	32	4	40	10	left	left	1	14	16.055	872
8	33	4	40	10	left	left	1	12	15.936	753
8	34	4	40	10	left	left	1	15	15.789	950
8	35	4	40	10	right	right	1	13	15.912	817
8	36	4	40	10	left	left	1	18	15.845	1136
8	37	4	40	10	right	right	1	16	15.889	1007
8	38	4	40	10	left	left	1	15	15.707	955
8	39	4	40	10	right	right	1	13	15.682	829
8	40	4	40	10	right	right	1	14	15.556	900
9	1	4	40	10	left	left	1	22	15.681	1403
9	2	4	40	10	left	left	1	15	15.94	941
9	3	4	40	10	right	right	1	12	16.327	735
9	4	4	40	10	right	right	1	11	15.714	700
9	5	4	40	10	left	left	1	11	16.566	664
9	6	4	40	10	right	right	1	23	15.499	1484
9	7	4	40	10	right	right	1	16	15.326	1044
9	8	4	40	10	left	left	1	10	15.432	648
9	9	4	40	10	right	right	1	15	15.448	971
9	10	4	40	10	right	right	1	11	15.131	727
9	11	4	40	10	right	right	1	12	15.564	771
9	12	4	40	10	right	right	1	11	15.988	688
9	13	4	40	10	right	right	1	11	15.363	716
9	14	4	40	10	right	right	1	16	15.984	1001
9	15	4	40	10	right	right	1	14	15.982	876
9	16	4	40	10	left	left	1	14	15.677	893
9	17	4	40	10	left	left	1	14	15.385	910
9	18	4	40	10	right	right	1	11	16.566	664
9	19	4	40	10	left	left	1	41	15.236	2691
9	20	4	40	10	left	left	1	37	15.245	2427
9	21	4	40	10	left	left	1	25	15.442	1619
9	22	4	40	10	right	right	1	16	15.764	1015
9	23	4	40	10	right	left	0	85	15.214	5587
9	24	4	40	10	right	right	1	31	15.301	2026
9	25	4	40	10	left	left	1	17	15.639	1087
9	26	4	40	10	left	left	1	13	15.24	853
9	27	4	40	10	left	left	1	41	15.362	2669
9	28	4	40	10	right	right	1	12	16.064	747
9	29	4	40	10	right	left	0	10	16.026	624
9	30	4	40	10	left	left	1	14	15.234	919
9	31	4	40	10	left	left	1	25	15.385	1625
9	32	4	40	10	right	right	1	32	15.526	2061
9	33	4	40	10	left	left	1	35	14.228	2460
9	34	4	40	10	left	left	1	21	15.464	1358
9	35	4	40	10	left	left	1	84	15.278	5498
9	36	4	40	10	right	right	1	19	15.702	1210
9	37	4	40	10	left	left	1	20	15.396	1299
9	38	4	40	10	left	left	1	15	15.924	942
9	39	4	40	10	left	left	1	38	15.466	2457
9	40	4	40	10	right	right	1	17	15.947	1066
10	1	4	40	10	right	right	1	25	15.557	1607
10	2	4	40	10	left	left	1	12	15.404	779
10	3	4	40	10	right	right	1	12	16.107	745
10	4	4	40	10	right	left	0	14	15.66	894
10	5	4	40	10	left	left	1	14	16.279	860
10	6	4	40	10	right	right	1	12	16.021	749
10	7	4	40	10	left	left	1	19	15.913	1194
10	8	4	40	10	right	right	1	22	15.331	1435
10	9	4	40	10	left	left	1	17	15.814	1075
10	10	4	40	10	right	right	1	14	15.625	896
10	11	4	40	10	right	right	1	53	15.226	3481
10	12	4	40	10	left	left	1	10	15.699	637
10	13	4	40	10	left	left	1	14	15.234	919
10	14	4	40	10	left	left	1	21	15.801	1329
10	15	4	40	10	right	left	0	17	15.903	1069
10	16	4	40	10	left	left	1	30	15.19	1975
10	17	4	40	10	left	left	1	14	16.26	861
10	18	4	40	10	left	left	1	11	15.172	725
10	19	4	40	10	right	right	1	12	15.132	793
10	20	4	40	10	left	left	1	17	15.992	1063
10	21	4	40	10	left	left	1	12	16.194	741
10	22	4	40	10	right	right	1	16	15.238	1050
10	23	4	40	10	right	right	1	36	15.464	2328
10	24	4	40	10	right	right	1	15	15.658	958
10	25	4	40	10	right	right	1	39	15.228	2561
10	26	4	40	10	left	left	1	99	15.247	6493
10	27	4	40	10	right	right	1	40	15.209	2630
10	28	4	40	10	right	right	1	19	15.188	1251
10	29	4	40	10	left	left	1	23	15.743	1461
10	30	4	40	10	right	right	1	46	15.147	3037
10	31	4	40	10	right	right	1	31	15.469	2004
10	32	4	40	10	left	left	1	12	16.282	737
10	33	4	40	10	right	right	1	11	15.152	726
10	34	4	40	10	right	right	1	21	15.59	1347
10	35	4	40	10	left	left	1	25	15.17	1648
10	36	4	40	10	left	left	1	20	15.564	1285
10	37	4	40	10	left	left	1	16	15.873	1008
10	38	4	40	10	left	left	1	11	15.193	724
10	39	4	40	10	right	right	1	25	15.309	1633
10	40	4	40	10	left	left	1	11	15.873	693
11	1	4	40	10	right	right	1	23	15.323	1501
11	2	4	40	10	left	left	1	10	15.314	653
11	3	4	40	10	left	left	1	23	15.797	1456
11	4	4	40	10	left	left	1	11	16.2	679
11	5	4	40	10	left	left	1	27	15.526	1739
11	6	4	40	10	right	right	1	11	15.068	730
11	7	4	40	10	left	left	1	10	15.848	631
11	8	4	40	10	left	left	1	13	15.169	857
11	9	4	40	10	right	right	1	10	15.601	641
11	10	4	40	10	left	left	1	19	15.587	1219
11	11	4	40	10	left	left	1	15	15.06	996
11	12	4	40	10	left	left	1	15	15.244	984
11	13	4	40	10	right	right	1	11	16.296	675
11	14	4	40	10	left	left	1	24	15.635	1535
11	15	4	40	10	right	right	1	33	15.165	2176
11	16	4	40	10	left	left	1	12	15.915	754
11	17	4	40	10	right	right	1	10	15.432	648
11	18	4	40	10	right	right	1	17	15.697	1083
11	19	4	40	10	left	left	1	10	16.42	609
11	20	4	40	10	right	right	1	7	15.521	451
11	21	4	40	10	right	right	1	19	15.31	1241
11	22	4	40	10	left	left	1	7	15.556	450
11	23	4	40	10	left	left	1	47	15.22	3088
11	24	4	40	10	right	right	1	35	15.453	2265
11	25	4	40	10	right	right	1	22	15.482	1421
11	26	4	40	10	right	right	1	15	15.957	940
11	27	4	40	10	left	left	1	12	16	750
11	28	4	40	10	right	right	1	21	15.306	1372
11	29	4	40	10	right	right	1	11	15.965	689
11	30	4	40	10	left	left	1	17	15.799	1076
11	31	4	40	10	left	left	1	37	15.507	2386
11	32	4	40	10	right	right	1	52	15.426	3371
11	33	4	40	10	right	right	1	31	15.233	2035
11	34	4	40	10	left	left	1	71	15.168	4681
11	35	4	40	10	left	left	1	19	15.993	1188
11	36	4	40	10	left	left	1	30	15.267	1965
11	37	4	40	10	right	right	1	77	15.178	5073
11	38	4	40	10	right	right	1	21	15.284	1374
11	39	4	40	10	right	right	1	21	15.498	1355
11	40	4	40	10	right	right	1	27	15.271	1768
12	1	4	40	10	left	left	1	18	15.789	1140
12	2	4	40	10	right	right	1	10	16.556	604
12	3	4	40	10	left	left	1	10	15.314	653
12	4	4	40	10	right	right	1	9	16.791	536
12	5	4	40	10	left	left	1	14	16.055	872
12	6	4	40	10	right	right	1	12	15.625	768
12	7	4	40	10	left	left	1	12	15.831	758
12	8	4	40	10	left	left	1	40	15.408	2596
12	9	4	40	10	left	right	0	15	15.353	977
12	10	4	40	10	left	left	1	18	15.957	1128
12	11	4	40	10	right	right	1	12	15.625	768
12	12	4	40	10	left	left	1	9	15.491	581
12	13	4	40	10	left	left	1	27	15.35	1759
12	14	4	40	10	right	right	1	21	15.195	1382
12	15	4	40	10	right	right	1	33	15.655	2108
12	16	4	40	10	left	left	1	24	15.199	1579
12	17	4	40	10	left	left	1	19	15.36	1237
12	18	4	40	10	left	left	1	22	15.204	1447
12	19	4	40	10	left	left	1	59	15.273	3863
12	20	4	40	10	left	left	1	31	15.531	1996
12	21	4	40	10	right	right	1	26	15.691	1657
12	22	4	40	10	right	left	0	83	15.331	5414
12	23	4	40	10	right	right	1	24	15.707	1528
12	24	4	40	10	left	left	1	39	15.324	2545
12	25	4	40	10	left	left	1	85	15.165	5605
12	26	4	40	10	left	left	1	19	15.447	1230
12	27	4	40	10	left	left	1	23	15.293	1504
12	28	4	40	10	right	right	1	25	15.625	1600
12	29	4	40	10	right	right	1	22	15.759	1396
12	30	4	40	10	right	right	1	35	15.171	2307
12	31	4	40	10	right	right	1	30	15.252	1967
12	32	4	40	10	right	right	1	18	15.254	1180
12	33	4	40	10	right	right	1	13	15.258	852
12	34	4	40	10	right	right	1	37	15.385	2405
12	35	4	40	10	right	right	1	94	15.292	6147
12	36	4	40	10	right	right	1	32	15.195	2106
12	37	4	40	10	right	right	1	25	15.366	1627
12	38	4	40	10	left	left	1	38	15.182	2503
12	39	4	40	10	right	right	1	41	15.112	2713
12	40	4	40	10	left	left	1	23	15.53	1481
13	1	4	40	10	left	left	1	15	15.385	975
13	2	4	40	10	right	right	1	37	15.245	2427
13	3	4	40	10	right	right	1	27	15.598	1731
13	4	4	40	10	right	right	1	13	15.152	858
13	5	4	40	10	left	left	1	12	16.107	745
13	6	4	40	10	right	right	1	19	15.447	1230
13	7	4	40	10	right	right	1	30	15.314	1959
13	8	4	40	10	left	left	1	31	15.477	2003
13	9	4	40	10	left	left	1	12	15.132	793
13	10	4	40	10	right	right	1	15	15.641	959
13	11	4	40	10	right	right	1	11	15.235	722
13	12	4	40	10	left	left	1	19	15.335	1239
13	13	4	40	10	left	left	1	26	15.187	1712
13	14	4	40	10	left	left	1	19	15.347	1238
13	15	4	40	10	right	right	1	12	16.304	736
13	16	4	40	10	right	right	1	18	15.557	1157
13	17	4	40	10	right	right	1	15	15.789	950
13	18	4	40	10	right	right	1	35	15.459	2264
13	19	4	40	10	left	left	1	17	15.918	1068
13	20	4	40	10	left	left	1	12	16.26	738
13	21	4	40	10	right	right	1	12	15.326	783
13	22	4	40	10	left	left	1	12	15.19	790
13	23	4	40	10	left	right	0	9	15.734	572
13	24	4	40	10	left	left	1	25	15.375	1626
13	25	4	40	10	left	left	1	13	16.129	806
13	26	4	40	10	right	right	1	12	15.852	757
13	27	4	40	10	left	left	1	11	16.153	681
13	28	4	40	10	left	left	1	14	15.402	909
13	29	4	40	10	right	right	1	12	16.304	736
13	30	4	40	10	left	left	1	11	16.467	668
13	31	4	40	10	left	left	1	24	15.075	1592
13	32	4	40	10	right	right	1	16	15.474	1034
13	33	4	40	10	right	left	0	54	15.451	3495
13	34	4	40	10	right	right	1	24	15.152	1584
13	35	4	40	10	right	right	1	14	15.573	899
13	36	4	40	10	left	left	1	22	15.32	1436
13	37	4	40	10	right	right	1	10	16.584	603
13	38	4	40	10	left	left	1	10	15.699	637
13	39	4	40	10	right	right	1	9	15.873	567
13	40	4	40	10	left	left	1	12	15.306	784
14	1	4	40	10	right	right	1	13	15.7	828
14	2	4	40	10	right	left	0	9	16.453	547
14	3	4	40	10	left	left	1	13	16.089	808
14	4	4	40	10	right	right	1	11	15.827	695
14	5	4	40	10	left	left	1	14	16.018	874
14	6	4	40	10	left	right	0	9	15.332	587
14	7	4	40	10	right	right	1	11	15.942	690
14	8	4	40	10	right	left	0	10	16.722	598
14	9	4	40	10	left	left	1	27	15.306	1764
14	10	4	40	10	right	right	1	16	15.209	1052
14	11	4	40	10	left	left	1	12	15.605	769
14	12	4	40	10	right	right	1	10	16.051	623
14	13	4	40	10	right	left	0	9	15.817	569
14	14	4	40	10	left	left	1	14	15.784	887
14	15	4	40	10	left	right	0	16	15.889	1007
14	16	4	40	10	left	left	1	10	15.625	640
14	17	4	40	10	right	right	1	26	15.231	1707
14	18	4	40	10	right	right	1	48	15.224	3153
14	19	4	40	10	left	left	1	25	15.509	1612
14	20	4	40	10	left	left	1	20	15.244	1312
14	21	4	40	10	right	right	1	14	15.837	884
14	22	4	40	10	left	left	1	15	15.806	949
14	23	4	40	10	right	right	1	14	16.241	862
14	24	4	40	10	right	right	1	22	15.214	1446
14	25	4	40	10	right	right	1	37	15.533	2382
14	26	4	40	10	left	left	1	18	15.241	1181
14	27	4	40	10	left	left	1	10	15.898	629
14	28	4	40	10	left	left	1	10	16.234	616
14	29	4	40	10	right	right	1	15	15.091	994
14	30	4	40	10	right	right	1	29	15.516	1869
14	31	4	40	10	left	left	1	15	15.385	975
14	32	4	40	10	right	right	1	26	15.16	1715
14	33	4	40	10	right	right	1	16	15.733	1017
14	34	4	40	10	left	left	1	15	15.94	941
14	35	4	40	10	right	right	1	21	15.625	1344
14	36	4	40	10	left	left	1	20	15.576	1284
14	37	4	40	10	left	left	1	13	15.476	840
14	38	4	40	10	right	right	1	12	15.171	791
14	39	4	40	10	left	left	1	11	15.67	702
14	40	4	40	10	left	left	1	11	15.759	698
15	1	4	40	10	right	right	1	58	15.239	3806
15	2	4	40	10	right	right	1	11	16.129	682
15	3	4	40	10	right	right	1	54	15.319	3525
15	4	4	40	10	left	left	1	23	15.52	1482
15	5	4	40	10	left	left	1	26	15.682	1658
15	6	4	40	10	left	left	1	12	15.19	790
15	7	4	40	10	right	right	1	10	16.529	605
15	8	4	40	10	left	left	1	11	16.2	679
15	9	4	40	10	left	left	1	10	15.576	642
15	10	4	40	10	left	left	1	11	16.641	661
15	11	4	40	10	right	right	1	26	15.33	1696
15	12	4	40	10	left	left	1	14	15.964	877
15	13	4	40	10	right	right	1	26	15.644	1662
15	14	4	40	10	left	left	1	10	15.748	635
15	15	4	40	10	right	left	0	9	16.854	534
15	16	4	40	10	right	right	1	22	15.614	1409
15	17	4	40	10	right	right	1	12	15.789	760
15	18	4	40	10	left	left	1	14	15.677	893
15	19	4	40	10	right	right	1	10	16.26	615
15	20	4	40	10	right	right	1	46	15.127	3041
15	21	4	40	10	right	right	1	10	15.432	648
15	22	4	40	10	left	left	1	12	15.894	755
15	23	4	40	10	right	right	1	18	15.504	1161
15	24	4	40	10	right	right	1	25	15.17	1648
15	25	4	40	10	right	right	1	14	15.538	901
15	26	4	40	10	right	right	1	15	15.03	998
15	27	4	40	10	left	left	1	19	15.913	1194
15	28	4	40	10	left	left	1	28	15.127	1851
15	29	4	40	10	left	left	1	11	16.442	669
15	30	4	40	10	right	right	1	23	15.293	1504
15	31	4	40	10	right	left	0	41	15.339	2673
15	32	4	40	10	right	right	1	14	15.284	916
15	33	4	40	10	left	left	1	18	15.762	1142
15	34	4	40	10	left	left	1	14	15.801	886
15	35	4	40	10	left	left	1	19	15.664	1213
15	36	4	40	10	left	left	1	12	15.645	767
15	37	4	40	10	left	left	1	10	15.699	637
15	38	4	40	10	left	left	1	18	15.216	1183
15	39	4	40	10	left	left	1	82	15.166	5407
15	40	4	40	10	right	right	1	23	15.668	1468
16	1	4	40	10	left	left	1	16	15.842	1010
16	2	4	40	10	left	left	1	14	15.945	878
16	3	4	40	10	right	right	1	31	15.516	1998
16	4	4	40	10	left	left	1	14	15.695	892
16	5	4	40	10	left	left	1	13	15.99	813
16	6	4	40	10	right	right	1	11	15.873	693
16	7	4	40	10	right	left	0	46	15.369	2993
16	8	4	40	10	right	right	1	14	15.301	915
16	9	4	40	10	left	left	1	9	15.929	565
16	10	4	40	10	left	left	1	10	15.291	654
16	11	4	40	10	left	left	1	19	15.833	1200
16	12	4	40	10	left	left	1	17	15.829	1074
16	13	4	40	10	right	right	1	13	15.348	847
16	14	4	40	10	right	right	1	13	15.644	831
16	15	4	40	10	left	left	1	14	15.368	911
16	16	4	40	10	right	right	1	11	15.965	689
16	17	4	40	10	left	left	1	10	15.129	661
16	18	4	40	10	left	left	1	9	15.203	592
16	19	4	40	10	right	right	1	10	16.639	601
16	20	4	40	10	right	left	0	11	16.692	659
16	21	4	40	10	right	right	1	19	15.385	1235
16	22	4	40	10	right	right	1	10	15.314	653
16	23	4	40	10	right	right	1	11	16.566	664
16	24	4	40	10	left	right	0	8	16.032	499
16	25	4	40	10	left	left	1	9	15.873	567
16	26	4	40	10	right	right	1	14	15.487	904
16	27	4	40	10	right	right	1	13	16.23	801
16	28	4	40	10	left	left	1	10	16.026	624
16	29	4	40	10	right	right	1	9	15.358	586
16	30	4	40	10	left	left	1	7	16.092	435
16	31	4	40	10	right	right	1	10	15.601	641
16	32	4	40	10	left	left	1	14	16.148	867
16	33	4	40	10	right	right	1	10	16.835	594
16	34	4	40	10	right	right	1	13	16.149	805
16	35	4	40	10	left	left	1	12	15.564	771
16	36	4	40	10	left	right	0	10	16.639	601
16	37	4	40	10	left	left	1	25	15.404	1623
16	38	4	40	10	right	right	1	11	15.048	731
16	39	4	40	10	left	left	1	36	15.203	2368
16	40	4	40	10	right	right	1	10	15.456	647
17	1	4	40	10	right	right	1	17	15.302	1111
17	2	4	40	10	left	left	1	10	16.077	622
17	3	4	40	10	left	left	1	20	15.349	1303
17	4	4	40	10	right	right	1	17	15.138	1123
17	5	4	40	10	right	right	1	11	15.048	731
17	6	4	40	10	right	right	1	11	15.827	695
17	7	4	40	10	right	right	1	15	15.839	947
17	8	4	40	10	left	left	1	16	15.905	1006
17	9	4	40	10	right	right	1	10	15.576	642
17	10	4	40	10	right	right	1	16	15.671	1021
17	11	4	40	10	left	left	1	27	15.473	1745
17	12	4	40	10	right	right	1	75	15.198	4935
17	13	4	40	10	left	left	1	14	15.909	880
17	14	4	40	10	right	right	1	25	15.244	1640
17	15	4	40	10	left	left	1	15	15.94	941
17	16	4	40	10	right	right	1	16	16.016	999
17	17	4	40	10	right	right	1	23	15.678	1467
17	18	4	40	10	right	right	1	11	15.214	723
17	19	4	40	10	left	left	1	22	15.714	1400
17	20	4	40	10	right	right	1	15	15.658	958
17	21	4	40	10	left	left	1	31	15.617	1985
17	22	4	40	10	left	left	1	24	15.404	1558
17	23	4	40	10	right	right	1	29	15.558	1864
17	24	4	40	10	left	left	1	11	15.235	722
17	25	4	40	10	left	left	1	14	15.504	903
17	26	4	40	10	left	left	1	59	15.269	3864
17	27	4	40	10	right	right	1	15	16.199	926
17	28	4	40	10	right	left	0	46	15.217	3023
17	29	4	40	10	left	right	0	19	15.286	1243
17	30	4	40	10	left	right	0	15	15.213	986
17	31	4	40	10	left	left	1	15	16.112	931
17	32	4	40	10	right	right	1	31	15.286	2028
17	33	4	40	10	left	left	1	17	15.933	1067
17	34	4	40	10	right	right	1	15	15.496	968
17	35	4	40	10	left	left	1	12	16.064	747
17	36	4	40	10	left	left	1	26	15.258	1704
17	37	4	40	10	right	right	1	27	15.571	1734
17	38	4	40	10	right	right	1	14	15.538	901
17	39	4	40	10	left	left	1	17	15.539	1094
17	40	4	40	10	left	left	1	15	15.674	957
18	1	4	40	10	left	left	1	15	16.181	927
18	2	4	40	10	left	left	1	15	16.146	929
18	3	4	40	10	left	left	1	9	15.571	578
18	4	4	40	10	left	left	1	23	15.499	1484
18	5	4	40	10	right	right	1	13	16.01	812
18	6	4	40	10	left	left	1	12	16.064	747
18	7	4	40	10	left	left	1	15	15.353	977
18	8	4	40	10	right	right	1	13	15.403	844
18	9	4	40	10	left	left	1	19	15.273	1244
18	10	4	40	10	right	right	1	21	15.284	1374
18	11	4	40	10	left	left	1	11	15.027	732
18	12	4	40	10	right	right	1	25	15.394	1624
18	13	4	40	10	right	right	1	11	15.714	700
18	14	4	40	10	right	right	1	11	16.176	680
18	15	4	40	10	left	left	1	10	15.723	636
18	16	4	40	10	right	right	1	9	16.129	558
18	17	4	40	10	right	left	0	74	15.242	4855
18	18	4	40	10	left	left	1	29	15.271	1899
18	19	4	40	10	left	left	1	19	15.46	1229
18	20	4	40	10	right	right	1	17	15.639	1087
18	21	4	40	10	right	left	0	110	15.286	7196
18	22	4	40	10	right	right	1	136	15.185	8956
18	23	4	40	10	left	left	1	39	15.501	2516
18	24	4	40	10	right	right	1	28	15.495	1807
18	25	4	40	10	left	left	1	21	15.637	1343
18	26	4	40	10	right	right	1	25	15.432	1620
18	27	4	40	10	right	right	1	20	15.432	1296
18	28	4	40	10	left	left	1	28	15.461	1811
18	29	4	40	10	left	left	1	30	15.408	1947
18	30	4	40	10	left	left	1	21	15.544	1351
18	31	4	40	10	left	left	1	28	15.453	1812
18	32	4	40	10	right	right	1	11	15.027	732
18	33	4	40	10	right	right	1	11	16.129	682
18	34	4	40	10	left	left	1	21	15.206	1381
18	35	4	40	10	left	left	1	9	16.014	562
18	36	4	40	10	right	right	1	10	16.807	595
18	37	4	40	10	right	right	1	9	16.886	533
18	38	4	40	10	right	right	1	9	15.929	565
18	39	4	40	10	left	left	1	9	16.886	533
18	40	4	40	10	right	right	1	19	15.873	1197
19	1	4	40	10	right	right	1	16	15.842	1010
19	2	4	40	10	left	left	1	10	16.26	615
19	3	4	40	10	right	right	1	11	15.603	705
19	4	4	40	10	right	right	1	23	15.572	1477
19	5	4	40	10	left	left	1	9	16.636	541
19	6	4	40	10	left	left	1	10	15.504	645
19	7	4	40	10	right	right	1	8	15.873	504
19	8	4	40	10	right	right	1	17	15.413	1103
19	9	4	40	10	left	left	1	10	15.504	645
19	10	4	40	10	left	left	1	26	15.267	1703
19	11	4	40	10	left	left	1	12	15.852	757
19	12	4	40	10	left	left	1	12	15.564	771
19	13	4	40	10	right	right	1	13	15.312	849
19	14	4	40	10	right	right	1	11	16.541	665
19	15	4	40	10	right	right	1	24	15.831	1516
19	16	4	40	10	right	right	1	14	15.538	901
19	17	4	40	10	right	right	1	10	16.474	607
19	18	4	40	10	left	left	1	10	16.447	608
19	19	4	40	10	right	left	0	8	16.064	498
19	20	4	40	10	right	right	1	10	16.287	614
19	21	4	40	10	left	left	1	8	16.393	488
19	22	4	40	10	right	right	1	8	15.686	510
19	23	4	40	10	right	right	1	11	16.224	678
19	24	4	40	10	left	left	1	9	15.598	577
19	25	4	40	10	left	left	1	15	15.593	962
19	26	4	40	10	left	left	1	11	15.007	733
19	27	4	40	10	right	right	1	42	15.206	2762
19	28	4	40	10	left	left	1	10	14.97	668
19	29	4	40	10	right	right	1	10	15.456	647
19	30	4	40	10	right	right	1	27	15.689	1721
19	31	4	40	10	left	left	1	14	15.487	904
19	32	4	40	10	left	left	1	13	15.312	849
19	33	4	40	10	left	left	1	20	15.711	1273
19	34	4	40	10	right	right	1	20	15.396	1299
19	35	4	40	10	right	right	1	40	15.396	2598
19	36	4	40	10	left	left	1	19	15.98	1189
19	37	4	40	10	left	left	1	13	16.169	804
19	38	4	40	10	left	left	1	35	15.5	2258
19	39	4	40	10	right	right	1	39	15.246	2558
19	40	4	40	10	left	left	1	26	15.532	1674
20	1	4	40	10	right	right	1	13	16.03	811
20	2	4	40	10	left	left	1	27	15.607	1730
20	3	4	40	10	left	left	1	12	15.306	784
20	4	4	40	10	right	right	1	20	15.083	1326
20	5	4	40	10	right	right	1	11	15.581	706
20	6	4	40	10	right	right	1	12	15.81	759
20	7	4	40	10	left	left	1	13	15.7	828
20	8	4	40	10	right	right	1	12	15.707	764
20	9	4	40	10	left	left	1	9	16.304	552
20	10	4	40	10	right	right	1	19	15.41	1233
20	11	4	40	10	left	left	1	19	15.993	1188
20	12	4	40	10	left	left	1	16	15.444	1036
20	13	4	40	10	right	right	1	16	15.267	1048
20	14	4	40	10	left	left	1	11	15.85	694
20	15	4	40	10	right	right	1	43	15.259	2818
20	16	4	40	10	left	left	1	13	16.311	797
20	17	4	40	10	left	left	1	14	15.855	883
20	18	4	40	10	left	left	1	18	15.571	1156
20	19	4	40	10	right	right	1	14	15.695	892
20	20	4	40	10	right	right	1	11	16.641	661
20	21	4	40	10	left	left	1	13	16.089	808
20	22	4	40	10	right	right	1	11	15.299	719
20	23	4	40	10	right	right	1	25	15.509	1612
20	24	4	40	10	left	left	1	13	15.348	847
20	25	4	40	10	right	right	1	13	16.27	799
20	26	4	40	10	left	left	1	16	15.296	1046
20	27	4	40	10	right	right	1	13	15.421	843
20	28	4	40	10	right	right	1	25	15.518	1611
20	29	4	40	10	left	left	1	25	15.179	1647
20	30	4	40	10	left	left	1	23	15.689	1466
20	31	4	40	10	left	left	1	17	15.596	1090
20	32	4	40	10	left	left	1	27	15.341	1760
20	33	4	40	10	right	right	1	12	15.81	759
20	34	4	40	10	right	right	1	28	15.111	1853
20	35	4	40	10	right	right	1	32	15.572	2055
20	36	4	40	10	left	left	1	24	15.738	1525
20	37	4	40	10	right	right	1	10	15.848	631
20	38	4	40	10	right	right	1	28	15.686	1785
20	39	4	40	10	left	left	1	11	16.345	673
20	40	4	40	10	left	left	1	23	15.668	1468
21	1	4	40	10	right	right	1	23	15.71	1464
21	2	4	40	10	right	right	1	9	15.873	567
21	3	4	40	10	left	left	1	10	15.06	664
21	4	4	40	10	left	right	0	11	16.105	683
21	5	4	40	10	left	left	1	38	15.498	2452
21	6	4	40	10	right	left	0	32	15.414	2076
21	7	4	40	10	right	right	1	11	16.717	658
21	8	4	40	10	right	right	1	9	16.949	531
21	9	4	40	10	left	left	1	23	15.509	1483
21	10	4	40	10	left	left	1	12	15.228	788
21	11	4	40	10	left	left	1	10	15.385	650
21	12	4	40	10	left	left	1	10	16.129	620
21	13	4	40	10	left	left	1	10	16.077	622
21	14	4	40	10	right	right	1	14	16.055	872
21	15	4	40	10	left	left	1	12	15.464	776
21	16	4	40	10	right	right	1	12	15.831	758
21	17	4	40	10	right	right	1	20	15.674	1276
21	18	4	40	10	right	right	1	14	16.073	871
21	19	4	40	10	left	right	0	13	15.951	815
21	20	4	40	10	left	left	1	9	15.332	587
21	21	4	40	10	left	left	1	16	15.702	1019
21	22	4	40	10	right	right	1	17	12.574	1352
21	23	4	40	10	right	right	1	24	15.656	1533
21	24	4	40	10	right	right	1	19	15.847	1199
21	25	4	40	10	left	left	1	22	15.537	1416
21	26	4	40	10	left	left	1	22	15.214	1446
21	27	4	40	10	right	right	1	12	15.873	756
21	28	4	40	10	left	left	1	11	16.345	673
21	29	4	40	10	right	right	1	9	15.491	581
21	30	4	40	10	right	right	1	16	15.534	1030
21	31	4	40	10	right	right	1	10	15.552	643
21	32	4	40	10	right	right	1	8	16.461	486
21	33	4	40	10	right	right	1	11	16.667	660
21	34	4	40	10	left	left	1	9	16.544	544
21	35	4	40	10	right	right	1	8	15.656	511
21	36	4	40	10	right	right	1	11	16.224	678
21	37	4	40	10	left	left	1	11	15.759	698
21	38	4	40	10	left	left	1	15	15.4	974
21	39	4	40	10	left	left	1	9	15.177	593
21	40	4	40	10	left	left	1	11	15.406	714
22	1	4	40	10	left	left	1	12	15.915	754
22	2	4	40	10	right	right	1	9	16.791	536
22	3	4	40	10	right	right	1	10	15.06	664
22	4	4	40	10	right	right	1	8	15.066	531
22	5	4	40	10	right	right	1	8	16.842	475
22	6	4	40	10	right	left	0	35	15.237	2297
22	7	4	40	10	left	left	1	10	16.807	595
22	8	4	40	10	right	right	1	9	15.28	589
22	9	4	40	10	right	right	1	13	16.291	798
22	10	4	40	10	left	left	1	9	16.423	548
22	11	4	40	10	right	right	1	10	16.129	620
22	12	4	40	10	right	left	0	9	15.464	582
22	13	4	40	10	right	right	1	8	15.296	523
22	14	4	40	10	left	left	1	11	15.048	731
22	15	4	40	10	left	left	1	9	15.411	584
22	16	4	40	10	right	right	1	10	16.639	601
22	17	4	40	10	left	left	1	9	15.789	570
22	18	4	40	10	left	left	1	9	15.544	579
22	19	4	40	10	left	left	1	10	15.898	629
22	20	4	40	10	left	left	1	9	15.652	575
22	21	4	40	10	right	right	1	10	16.026	624
22	22	4	40	10	left	left	1	9	16.245	554
22	23	4	40	10	left	left	1	21	15.239	1378
22	24	4	40	10	left	left	1	10	15.456	647
22	25	4	40	10	right	left	0	8	15.094	530
22	26	4	40	10	left	right	0	7	17.157	408
22	27	4	40	10	right	left	0	28	15.41	1817
22	28	4	40	10	left	left	1	12	16.349	734
22	29	4	40	10	left	left	1	24	15.666	1532
22	30	4	40	10	left	left	1	12	15.365	781
22	31	4	40	10	right	right	1	15	15.823	948
22	32	4	40	10	right	right	1	28	15.713	1782
22	33	4	40	10	right	right	1	10	15.291	654
22	34	4	40	10	left	left	1	11	15.625	704
22	35	4	40	10	right	right	1	14	15.419	908
22	36	4	40	10	left	left	1	13	15.971	814
22	37	4	40	10	right	right	1	19	15.561	1221
22	38	4	40	10	right	right	1	17	15.755	1079
22	39	4	40	10	left	left	1	18	16	1125
22	40	4	40	10	left	left	1	12	16.043	748
23	1	4	40	10	left	left	1	14	15.677	893
23	2	4	40	10	left	left	1	8	16.461	486
23	3	4	40	10	right	right	1	13	15.682	829
23	4	4	40	10	left	left	1	11	15.193	724
23	5	4	40	10	right	right	1	21	15.801	1329
23	6	4	40	10	left	left	1	9	15.28	589
23	7	4	40	10	right	right	1	15	15.641	959
23	8	4	40	10	right	right	1	31	15.248	2033
23	9	4	40	10	left	left	1	17	15.288	1112
23	10	4	40	10	right	right	1	10	15.649	639
23	11	4	40	10	left	left	1	27	15.402	1753
23	12	4	40	10	left	left	1	17	15.992	1063
23	13	4	40	10	left	left	1	10	15.504	645
23	14	4	40	10	right	right	1	9	16.071	560
23	15	4	40	10	left	left	1	11	16.566	664
23	16	4	40	10	left	left	1	20	15.492	1291
23	17	4	40	10	right	right	1	11	16.418	670
23	18	4	40	10	right	right	1	22	15.515	1418
23	19	4	40	10	right	left	0	31	15.562	1992
23	20	4	40	10	left	left	1	13	16.049	810
23	21	4	40	10	left	left	1	12	16.107	745
23	22	4	40	10	right	right	1	10	16.502	606
23	23	4	40	10	left	left	1	17	15.873	1071
23	24	4	40	10	right	right	1	10	16.529	605
23	25	4	40	10	right	right	1	23	15.222	1511
23	26	4	40	10	right	right	1	12	16.327	735
23	27	4	40	10	right	right	1	19	15.768	1205
23	28	4	40	10	right	right	1	9	15.464	582
23	29	4	40	10	right	right	1	13	15.348	847
23	30	4	40	10	left	left	1	9	15.437	583
23	31	4	40	10	right	right	1	11	16.768	656
23	32	4	40	10	left	left	1	11	16.467	668
23	33	4	40	10	left	right	0	8	16.162	495
23	34	4	40	10	right	left	0	8	15.564	514
23	35	4	40	10	left	left	1	24	15.335	1565
23	36	4	40	10	left	left	1	20	15.152	1320
23	37	4	40	10	left	left	1	14	15.695	892
23	38	4	40	10	right	right	1	14	15.538	901
23	39	4	40	10	right	right	1	13	16.27	799
23	40	4	40	10	left	left	1	9	15.491	581
24	1	4	40	10	right	right	1	20	15.337	1304
24	2	4	40	10	left	left	1	7	14.957	468
24	3	4	40	10	left	left	1	11	16.32	674
24	4	4	40	10	left	left	1	31	15.454	2006
24	5	4	40	10	left	left	1	7	14.957	468
24	6	4	40	10	right	right	1	14	15.317	914
24	7	4	40	10	right	right	1	23	15.172	1516
24	8	4	40	10	right	right	1	9	16.636	541
24	9	4	40	10	right	left	0	8	15.474	517
24	10	4	40	10	left	left	1	9	15.598	577
24	11	4	40	10	right	left	0	17	15.357	1107
24	12	4	40	10	right	right	1	12	15.504	774
24	13	4	40	10	right	right	1	27	15.315	1763
24	14	4	40	10	left	left	1	11	16.129	682
24	15	4	40	10	left	left	1	16	15.414	1038
24	16	4	40	10	right	right	1	14	15.573	899
24	17	4	40	10	left	left	1	17	15.568	1092
24	18	4	40	10	right	right	1	12	15.094	795
24	19	4	40	10	left	left	1	11	16.743	657
24	20	4	40	10	right	left	0	58	15.12	3836
24	21	4	40	10	right	right	1	7	15.73	445
24	22	4	40	10	left	left	1	13	15.421	843
24	23	4	40	10	left	left	1	14	15.301	915
24	24	4	40	10	left	left	1	14	15.982	876
24	25	4	40	10	left	left	1	23	15.162	1517
24	26	4	40	10	left	left	1	24	15.484	1550
24	27	4	40	10	left	left	1	14	16.204	864
24	28	4	40	10	right	right	1	20	15.232	1313
24	29	4	40	10	right	right	1	15	15.045	997
24	30	4	40	10	left	left	1	14	15.351	912
24	31	4	40	10	right	right	1	15	16.009	937
24	32	4	40	10	left	left	1	20	15.674	1276
24	33	4	40	10	right	right	1	18	15.332	1174
24	34	4	40	10	right	right	1	52	15.339	3390
24	35	4	40	10	right	right	1	21	15.73	1335
24	36	4	40	10	left	left	1	26	15.522	1675
24	37	4	40	10	right	left	0	44	15.363	2864
24	38	4	40	10	right	right	1	22	15.625	1408
24	39	4	40	10	left	left	1	25	15.328	1631
24	40	4	40	10	left	left	1	34	15.49	2195
