
blkNum	trlNum	coherentDots	numberofDots	percentCoherence	winningDirection	response	correct	eventCount	averageFrameRate	RT
1	1	4	40	10	left	left	1	56	15.351	3648
1	2	4	40	10	left	left	1	18	15.531	1159
1	3	4	40	10	left	right	0	16	15.64	1023
1	4	4	40	10	right	right	1	15	15.228	985
1	5	4	40	10	right	right	1	42	15.152	2772
1	6	4	40	10	right	left	0	17	15.668	1085
1	7	4	40	10	left	left	1	14	15.766	888
1	8	4	40	10	left	right	0	12	15.936	753
1	9	4	40	10	right	right	1	13	15.738	826
1	10	4	40	10	right	right	1	12	15.267	786
1	11	4	40	10	left	left	1	15	15.496	968
1	12	4	40	10	left	left	1	36	15.491	2324
1	13	4	40	10	left	left	1	15	15.213	986
1	14	4	40	10	right	right	1	18	15.666	1149
1	15	4	40	10	right	right	1	19	15.164	1253
1	16	4	40	10	left	left	1	31	15.316	2024
1	17	4	40	10	right	right	1	15	15.94	941
1	18	4	40	10	left	left	1	27	15.698	1720
1	19	4	40	10	left	left	1	12	15.504	774
1	20	4	40	10	right	right	1	17	15.918	1068
1	21	4	40	10	right	right	1	18	15.385	1170
1	22	4	40	10	left	right	0	17	15.947	1066
1	23	4	40	10	left	right	0	14	16.279	860
1	24	4	40	10	left	left	1	15	16.146	929
1	25	4	40	10	right	right	1	14	16	875
1	26	4	40	10	right	right	1	13	16.169	804
1	27	4	40	10	right	right	1	13	16.189	803
1	28	4	40	10	right	left	0	22	15.267	1441
1	29	4	40	10	right	right	1	10	15.873	630
1	30	4	40	10	right	right	1	11	15.278	720
1	31	4	40	10	left	left	1	19	15.98	1189
1	32	4	40	10	right	right	1	12	15.19	790
1	33	4	40	10	right	right	1	19	15.886	1196
1	34	4	40	10	left	right	0	14	15.538	901
1	35	4	40	10	left	left	1	20	15.588	1283
1	36	4	40	10	right	right	1	15	15.152	990
2	1	4	40	10	right	left	0	24	15.365	1562
2	2	4	40	10	right	right	1	39	15.421	2529
2	3	4	40	10	left	left	1	13	16.311	797
2	4	4	40	10	left	left	1	13	15.276	851
2	5	4	40	10	right	right	1	16	15.826	1011
2	6	4	40	10	left	left	1	14	15.504	903
2	7	4	40	10	left	left	1	20	15.711	1273
2	8	4	40	10	left	left	1	13	16.189	803
2	9	4	40	10	right	right	1	16	15.968	1002
2	10	4	40	10	right	left	0	14	15.385	910
2	11	4	40	10	right	right	1	12	15.209	789
2	12	4	40	10	left	left	1	16	15.579	1027
2	13	4	40	10	right	right	1	14	16.073	871
2	14	4	40	10	left	left	1	19	15.032	1264
2	15	4	40	10	right	right	1	13	16.189	803
2	16	4	40	10	right	right	1	17	15.152	1122
2	17	4	40	10	left	left	1	16	15.625	1024
2	18	4	40	10	left	right	0	15	15.544	965
2	19	4	40	10	right	right	1	12	15.228	788
2	20	4	40	10	right	right	1	17	15.582	1091
2	21	4	40	10	left	left	1	13	15.312	849
2	22	4	40	10	right	right	1	18	15.831	1137
2	23	4	40	10	right	right	1	14	15.909	880
2	24	4	40	10	right	left	0	19	15.115	1257
2	25	4	40	10	left	left	1	47	15.425	3047
2	26	4	40	10	right	right	1	35	15.562	2249
2	27	4	40	10	right	right	1	15	15.432	972
2	28	4	40	10	right	right	1	28	15.226	1839
2	29	4	40	10	right	right	1	20	15.244	1312
2	30	4	40	10	right	right	1	18	15.571	1156
2	31	4	40	10	left	left	1	19	15.372	1236
2	32	4	40	10	right	right	1	16	15.656	1022
2	33	4	40	10	right	right	1	26	15.672	1659
2	34	4	40	10	left	left	1	27	15.28	1767
2	35	4	40	10	right	right	1	15	16.181	927
2	36	4	40	10	left	left	1	22	15.352	1433
3	1	4	40	10	right	left	0	32	15.633	2047
3	2	4	40	10	right	right	1	11	16.32	674
3	3	4	40	10	left	left	1	16	15.905	1006
3	4	4	40	10	right	right	1	38	15.164	2506
3	5	4	40	10	right	right	1	31	15.408	2012
3	6	4	40	10	right	right	1	42	15.385	2730
3	7	4	40	10	left	left	1	48	15.253	3147
3	8	4	40	10	right	right	1	12	16.173	742
3	9	4	40	10	right	right	1	20	15.209	1315
3	10	4	40	10	right	right	1	14	15.234	919
3	11	4	40	10	left	left	1	22	15.288	1439
3	12	4	40	10	right	right	1	14	15.945	878
3	13	4	40	10	left	left	1	13	15.205	855
3	14	4	40	10	right	left	0	22	15.374	1431
3	15	4	40	10	right	right	1	11	15.385	715
3	16	4	40	10	left	left	1	13	15.644	831
3	17	4	40	10	right	right	1	38	15.428	2463
3	18	4	40	10	right	left	0	24	15.697	1529
3	19	4	40	10	right	left	0	12	16.151	743
3	20	4	40	10	left	right	0	15	15.74	953
3	21	4	40	10	right	right	1	16	16	1000
3	22	4	40	10	left	left	1	11	15.027	732
3	23	4	40	10	left	left	1	20	15.42	1297
3	24	4	40	10	right	right	1	14	15.267	917
3	25	4	40	10	left	left	1	15	16.06	934
3	26	4	40	10	left	left	1	10	15.625	640
3	27	4	40	10	left	left	1	15	15.448	971
3	28	4	40	10	right	left	0	22	15.299	1438
3	29	4	40	10	left	left	1	24	15.769	1522
3	30	4	40	10	left	right	0	45	15.106	2979
3	31	4	40	10	right	right	1	14	16.073	871
3	32	4	40	10	right	right	1	17	15.639	1087
3	33	4	40	10	right	right	1	12	16.194	741
4	1	4	40	10	left	left	1	13	16.291	798
4	2	4	40	10	right	right	1	12	16.043	748
4	3	4	40	10	right	right	1	38	15.36	2474
4	4	4	40	10	right	right	1	26	15.231	1707
4	5	4	40	10	right	right	1	21	15.43	1361
4	6	4	40	10	right	left	0	65	15.276	4255
4	7	4	40	10	left	left	1	35	15.277	2291
4	8	4	40	10	right	right	1	19	15.237	1247
4	9	4	40	10	right	right	1	16	15.717	1018
4	10	4	40	10	left	left	1	16	15.656	1022
4	11	4	40	10	left	left	1	16	15.34	1043
4	12	4	40	10	left	left	1	26	15.339	1695
4	13	4	40	10	left	left	1	18	16	1125
4	14	4	40	10	left	left	1	16	15.094	1060
4	15	4	40	10	right	right	1	20	15.408	1298
4	16	4	40	10	left	left	1	15	15.4	974
4	17	4	40	10	left	right	0	37	15.41	2401
4	18	4	40	10	left	left	1	14	15.267	917
4	19	4	40	10	right	left	0	14	16.222	863
4	20	4	40	10	right	right	1	12	16.043	748
4	21	4	40	10	right	left	0	38	15.218	2497
4	22	4	40	10	left	right	0	52	15.326	3393
4	23	4	40	10	left	left	1	20	15.848	1262
4	24	4	40	10	right	left	0	24	15.152	1584
4	25	4	40	10	right	left	0	54	15.442	3497
4	26	4	40	10	right	left	0	16	15.984	1001
4	27	4	40	10	left	left	1	13	16.069	809
4	28	4	40	10	left	left	1	11	16.369	672
4	29	4	40	10	left	left	1	12	16.216	740
5	1	4	40	10	right	right	1	16	15.34	1043
5	2	4	40	10	left	left	1	13	15.931	816
5	3	4	40	10	right	right	1	11	16.2	679
5	4	4	40	10	left	left	1	11	16.129	682
5	5	4	40	10	right	right	1	11	16.418	670
5	6	4	40	10	right	right	1	15	15.337	978
5	7	4	40	10	right	right	1	29	15.255	1901
5	8	4	40	10	right	right	1	16	15.385	1040
5	9	4	40	10	right	right	1	12	15.209	789
5	10	4	40	10	left	left	1	12	15.727	763
5	11	4	40	10	right	right	1	11	15.782	697
5	12	4	40	10	right	left	0	15	15.806	949
5	13	4	40	10	right	left	0	22	15.759	1396
5	14	4	40	10	left	right	0	13	15.205	855
5	15	4	40	10	right	right	1	27	15.246	1771
5	16	4	40	10	right	right	1	19	16.02	1186
5	17	4	40	10	right	right	1	13	16.189	803
5	18	4	40	10	left	left	1	12	15.915	754
5	19	4	40	10	right	left	0	25	15.547	1608
5	20	4	40	10	left	left	1	13	15.33	848
5	21	4	40	10	right	left	0	11	16.176	680
5	22	4	40	10	right	right	1	36	15.571	2312
5	23	4	40	10	right	right	1	45	15.296	2942
5	24	4	40	10	right	right	1	9	9.137	985
5	25	4	40	10	right	right	1	16	12.862	1244
5	26	4	40	10	right	right	1	15	15.512	967
5	27	4	40	10	right	right	1	12	16.282	737
5	28	4	40	10	left	left	1	13	15.815	822
5	29	4	40	10	right	right	1	12	16.043	748
5	30	4	40	10	left	left	1	12	15.748	762
5	31	4	40	10	right	right	1	10	15.625	640
5	32	4	40	10	left	left	1	11	16.296	675
5	33	4	40	10	left	left	1	24	15.564	1542
5	34	4	40	10	left	left	1	13	15.625	832
5	35	4	40	10	left	left	1	12	16.327	735
5	36	4	40	10	left	left	1	12	15.209	789
5	37	4	40	10	right	right	1	11	15.737	699
5	38	4	40	10	left	left	1	11	15.131	727
5	39	4	40	10	left	left	1	13	15.55	836
5	40	4	40	10	right	left	0	13	16.03	811
6	1	4	40	10	right	right	1	17	15.611	1089
6	2	4	40	10	left	left	1	11	16.2	679
6	3	4	40	10	right	right	1	14	15.73	890
6	4	4	40	10	right	right	1	11	16.272	676
6	5	4	40	10	right	right	1	12	16.327	735
6	6	4	40	10	left	left	1	12	16.194	741
6	7	4	40	10	left	left	1	10	15.198	658
6	8	4	40	10	right	right	1	10	15.504	645
6	9	4	40	10	left	left	1	11	15.11	728
6	10	4	40	10	right	right	1	9	15.28	589
6	11	4	40	10	left	left	1	10	15.873	630
6	12	4	40	10	right	right	1	11	16.369	672
6	13	4	40	10	right	right	1	13	15.719	827
6	14	4	40	10	left	left	1	11	15.759	698
6	15	4	40	10	left	left	1	15	15.924	942
6	16	4	40	10	left	left	1	12	15.287	785
6	17	4	40	10	right	right	1	13	16.109	807
6	18	4	40	10	left	left	1	11	15.67	702
6	19	4	40	10	right	right	1	10	15.361	651
6	20	4	40	10	right	left	0	13	15.385	845
6	21	4	40	10	right	right	1	15	15.856	946
6	22	4	40	10	left	left	1	9	15.517	580
6	23	4	40	10	right	left	0	18	16	1125
6	24	4	40	10	left	left	1	12	16.107	745
6	25	4	40	10	right	right	1	10	15.456	647
6	26	4	40	10	left	left	1	9	15.385	585
6	27	4	40	10	right	right	1	12	15.894	755
6	28	4	40	10	left	right	0	14	16.204	864
6	29	4	40	10	left	left	1	16	15.92	1005
6	30	4	40	10	right	right	1	9	16.514	545
6	31	4	40	10	left	left	1	10	15.974	626
6	32	4	40	10	right	right	1	16	15.936	1004
6	33	4	40	10	left	left	1	11	15.805	696
6	34	4	40	10	left	left	1	14	16.129	868
6	35	4	40	10	right	right	1	12	15.544	772
6	36	4	40	10	left	left	1	12	16.26	738
6	37	4	40	10	right	right	1	38	15.472	2456
6	38	4	40	10	right	right	1	16	15.873	1008
6	39	4	40	10	right	right	1	24	15.504	1548
6	40	4	40	10	left	right	0	17	15.755	1079
6	41	4	40	10	left	left	1	10	16.639	601
6	42	4	40	10	left	right	0	7	15.521	451
6	43	4	40	10	right	right	1	13	15.99	813
6	44	4	40	10	left	left	1	10	16.34	612
6	45	4	40	10	left	left	1	11	15.67	702
6	46	4	40	10	left	left	1	12	15.564	771
6	47	4	40	10	right	right	1	11	15.278	720
6	48	4	40	10	right	right	1	13	15.403	844
7	1	4	40	10	right	right	1	12	15.707	764
7	2	4	40	10	right	right	1	14	15.317	914
7	3	4	40	10	right	right	1	12	15.228	788
7	4	4	40	10	left	left	1	11	16.129	682
7	5	4	40	10	left	left	1	23	15.562	1478
7	6	4	40	10	right	left	0	16	15.534	1030
7	7	4	40	10	right	left	0	9	15.228	591
7	8	4	40	10	right	right	1	15	15.94	941
7	9	4	40	10	left	left	1	16	15.625	1024
7	10	4	40	10	right	right	1	13	16.169	804
7	11	4	40	10	left	left	1	11	15.559	707
7	12	4	40	10	left	right	0	11	15.131	727
7	13	4	40	10	right	right	1	14	15.334	913
7	14	4	40	10	right	right	1	11	16.541	665
7	15	4	40	10	right	left	0	19	15.993	1188
7	16	4	40	10	left	right	0	19	15.103	1258
7	17	4	40	10	right	left	0	17	15.611	1089
7	18	4	40	10	right	right	1	11	16.272	676
7	19	4	40	10	right	left	0	9	15.873	567
7	20	4	40	10	left	right	0	10	16.75	597
7	21	4	40	10	left	left	1	19	15.69	1211
7	22	4	40	10	left	right	0	22	15.658	1405
7	23	4	40	10	left	left	1	14	15.784	887
7	24	4	40	10	left	left	1	12	15.789	760
7	25	4	40	10	left	left	1	20	15.76	1269
7	26	4	40	10	right	left	0	15	15.625	960
7	27	4	40	10	right	right	1	12	15.625	768
7	28	4	40	10	left	left	1	15	16.06	934
7	29	4	40	10	left	left	1	12	16.304	736
7	30	4	40	10	right	right	1	16	15.429	1037
7	31	4	40	10	left	left	1	16	15.123	1058
7	32	4	40	10	left	left	1	18	15.424	1167
7	33	4	40	10	left	left	1	18	15.531	1159
7	34	4	40	10	left	left	1	15	15.385	975
7	35	4	40	10	left	right	0	19	15.913	1194
7	36	4	40	10	left	left	1	11	15.449	712
7	37	4	40	10	right	left	0	13	15.403	844
7	38	4	40	10	right	right	1	11	16.517	666
7	39	4	40	10	left	right	0	11	15.692	701
7	40	4	40	10	left	right	0	13	15.513	838
7	41	4	40	10	left	left	1	13	16.049	810
8	1	4	40	10	left	left	1	20	15.674	1276
8	2	4	40	10	right	right	1	12	15.326	783
8	3	4	40	10	right	right	1	12	15.209	789
8	4	4	40	10	right	right	1	13	16.03	811
8	5	4	40	10	left	left	1	19	15.286	1243
8	6	4	40	10	right	right	1	24	15.113	1588
8	7	4	40	10	right	right	1	15	16.043	935
8	8	4	40	10	left	left	1	15	15.106	993
8	9	4	40	10	left	left	1	13	15.532	837
8	10	4	40	10	right	right	1	13	15.854	820
8	11	4	40	10	left	left	1	13	15.569	835
8	12	4	40	10	right	right	1	12	15.564	771
8	13	4	40	10	right	right	1	13	15.758	825
8	14	4	40	10	right	right	1	15	16.164	928
8	15	4	40	10	right	left	0	14	15.317	914
8	16	4	40	10	left	left	1	17	15.741	1080
8	17	4	40	10	right	right	1	26	15.276	1702
8	18	4	40	10	right	right	1	15	16.234	924
8	19	4	40	10	left	left	1	14	15.66	894
8	20	4	40	10	right	right	1	16	15.625	1024
8	21	4	40	10	right	right	1	18	15.464	1164
8	22	4	40	10	right	right	1	15	15.957	940
8	23	4	40	10	left	left	1	19	15.651	1214
8	24	4	40	10	right	right	1	14	16.073	871
8	25	4	40	10	right	right	1	13	15.476	840
8	26	4	40	10	left	left	1	13	15.495	839
8	27	4	40	10	right	right	1	13	15.796	823
8	28	4	40	10	left	left	1	13	16.311	797
8	29	4	40	10	left	left	1	11	15.714	700
8	30	4	40	10	right	left	0	11	15.625	704
8	31	4	40	10	left	left	1	13	15.588	834
8	32	4	40	10	left	left	1	10	16.447	608
8	33	4	40	10	left	left	1	11	16.32	674
8	34	4	40	10	right	right	1	12	15.831	758
8	35	4	40	10	left	left	1	10	15.552	643
8	36	4	40	10	left	left	1	10	15.674	638
8	37	4	40	10	left	left	1	11	16.541	665
8	38	4	40	10	right	right	1	12	15.228	788
8	39	4	40	10	left	left	1	12	15.915	754
8	40	4	40	10	left	left	1	12	16.304	736
8	41	4	40	10	right	left	0	11	15.342	717
8	42	4	40	10	left	left	1	12	16.304	736
8	43	4	40	10	left	left	1	11	15.714	700
8	44	4	40	10	right	left	0	12	16.304	736
8	45	4	40	10	right	right	1	16	15.355	1042
8	46	4	40	10	right	right	1	11	16.2	679
9	1	4	40	10	left	left	1	28	15.478	1809
9	2	4	40	10	left	left	1	10	15.798	633
9	3	4	40	10	left	left	1	14	15.301	915
9	4	4	40	10	left	right	0	17	15.329	1109
9	5	4	40	10	right	right	1	10	15.408	649
9	6	4	40	10	left	left	1	9	16.698	539
9	7	4	40	10	left	left	1	17	15.357	1107
9	8	4	40	10	right	right	1	14	15.453	906
9	9	4	40	10	right	right	1	10	16.393	610
9	10	4	40	10	left	left	1	13	15.403	844
9	11	4	40	10	left	left	1	10	15.528	644
9	12	4	40	10	left	left	1	13	15.495	839
9	13	4	40	10	right	right	1	22	15.726	1399
9	14	4	40	10	left	left	1	15	16.216	925
9	15	4	40	10	left	left	1	12	16.151	743
9	16	4	40	10	left	left	1	20	15.385	1300
9	17	4	40	10	left	left	1	11	15.11	728
9	18	4	40	10	right	right	1	13	16.311	797
9	19	4	40	10	left	left	1	17	15.357	1107
9	20	4	40	10	right	right	1	40	15.516	2578
9	21	4	40	10	left	right	0	19	15.237	1247
9	22	4	40	10	right	right	1	10	15.314	653
9	23	4	40	10	right	left	0	28	15.217	1840
9	24	4	40	10	left	left	1	19	15.86	1198
9	25	4	40	10	left	left	1	27	15.491	1743
9	26	4	40	10	right	right	1	19	15.249	1246
9	27	4	40	10	right	right	1	16	15.519	1031
9	28	4	40	10	right	left	0	18	15.358	1172
9	29	4	40	10	right	left	0	11	15.089	729
9	30	4	40	10	left	left	1	16	15.826	1011
9	31	4	40	10	left	left	1	13	15.205	855
9	32	4	40	10	left	right	0	17	15.755	1079
9	33	4	40	10	left	left	1	11	15.068	730
9	34	4	40	10	left	left	1	11	16.012	687
9	35	4	40	10	left	left	1	19	15.913	1194
9	36	4	40	10	right	left	0	15	15.974	939
9	37	4	40	10	right	left	0	31	15.609	1986
9	38	4	40	10	left	left	1	16	15.224	1051
9	39	4	40	10	right	right	1	13	16.25	800
10	1	4	40	10	right	right	1	20	15.302	1307
10	2	4	40	10	right	left	0	13	15.495	839
10	3	4	40	10	right	right	1	11	15.559	707
10	4	4	40	10	left	left	1	16	16	1000
10	5	4	40	10	left	right	0	12	15.075	796
10	6	4	40	10	right	right	1	14	15.927	879
10	7	4	40	10	right	right	1	19	15.833	1200
10	8	4	40	10	left	left	1	36	15.404	2337
10	9	4	40	10	left	left	1	13	15.796	823
10	10	4	40	10	right	right	1	21	15.195	1382
10	11	4	40	10	right	right	1	13	15.7	828
10	12	4	40	10	right	left	0	25	15.674	1595
10	13	4	40	10	right	right	1	22	15.504	1419
10	14	4	40	10	left	left	1	12	15.605	769
10	15	4	40	10	left	left	1	13	15.796	823
10	16	4	40	10	right	right	1	14	15.385	910
10	17	4	40	10	right	right	1	15	15.773	951
10	18	4	40	10	left	left	1	15	15.213	986
10	19	4	40	10	left	left	1	14	16.092	870
10	20	4	40	10	right	right	1	21	15.742	1334
10	21	4	40	10	left	left	1	15	15.075	995
10	22	4	40	10	right	right	1	24	15.248	1574
10	23	4	40	10	right	right	1	15	16.009	937
10	24	4	40	10	left	left	1	15	15.213	986
10	25	4	40	10	right	right	1	15	16.199	926
10	26	4	40	10	right	right	1	16	15.873	1008
10	27	4	40	10	left	left	1	43	15.379	2796
10	28	4	40	10	left	left	1	12	15.666	766
10	29	4	40	10	left	left	1	14	15.837	884
10	30	4	40	10	right	right	1	14	16.26	861
10	31	4	40	10	left	right	0	17	15.785	1077
10	32	4	40	10	right	left	0	45	15.453	2912
10	33	4	40	10	right	left	0	10	15.601	641
10	34	4	40	10	left	right	0	15	16.146	929
10	35	4	40	10	right	left	0	24	15.385	1560
10	36	4	40	10	left	left	1	14	15.385	910
10	37	4	40	10	right	right	1	19	15.127	1256
11	1	4	40	10	left	left	1	18	15.345	1173
11	2	4	40	10	right	right	1	15	15.806	949
11	3	4	40	10	left	left	1	15	15.625	960
11	4	4	40	10	left	left	1	13	15.276	851
11	5	4	40	10	right	right	1	26	15.169	1714
11	6	4	40	10	right	right	1	15	15.353	977
11	7	4	40	10	left	left	1	14	15.837	884
11	8	4	40	10	left	left	1	14	15.819	885
11	9	4	40	10	left	left	1	15	15.806	949
11	10	4	40	10	right	right	1	16	16	1000
11	11	4	40	10	left	left	1	14	15.695	892
11	12	4	40	10	right	right	1	13	16.311	797
11	13	4	40	10	right	right	1	13	15.55	836
11	14	4	40	10	right	right	1	13	15.7	828
11	15	4	40	10	left	left	1	12	15.894	755
11	16	4	40	10	left	left	1	12	15.936	753
11	17	4	40	10	left	right	0	12	16.349	734
11	18	4	40	10	left	left	1	10	15.625	640
11	19	4	40	10	left	left	1	12	16.238	739
11	20	4	40	10	right	right	1	12	15.306	784
11	21	4	40	10	left	left	1	14	16.073	871
11	22	4	40	10	right	right	1	12	15.171	791
11	23	4	40	10	right	right	1	15	15.544	965
11	24	4	40	10	right	left	0	14	15.234	919
11	25	4	40	10	left	left	1	14	15.402	909
11	26	4	40	10	right	right	1	13	15.644	831
11	27	4	40	10	right	left	0	13	16.129	806
11	28	4	40	10	left	left	1	13	15.892	818
11	29	4	40	10	right	left	0	14	15.748	889
11	30	4	40	10	right	right	1	14	15.504	903
11	31	4	40	10	left	left	1	15	15.756	952
11	32	4	40	10	left	right	0	16	15.459	1035
11	33	4	40	10	left	left	1	20	15.76	1269
11	34	4	40	10	left	left	1	12	15.957	752
11	35	4	40	10	left	left	1	17	15.426	1102
11	36	4	40	10	left	left	1	15	15.823	948
11	37	4	40	10	right	left	0	15	16.181	927
11	38	4	40	10	right	left	0	12	15.686	765
11	39	4	40	10	right	right	1	24	15.228	1576
11	40	4	40	10	left	left	1	15	15.322	979
11	41	4	40	10	left	left	1	17	16.008	1062
11	42	4	40	10	left	left	1	15	15.856	946
11	43	4	40	10	right	right	1	15	15.94	941
12	1	4	40	10	left	left	1	18	15.254	1180
12	2	4	40	10	right	right	1	11	16.442	669
12	3	4	40	10	left	left	1	11	16.369	672
12	4	4	40	10	left	left	1	10	16.34	612
12	5	4	40	10	right	right	1	26	15.495	1678
12	6	4	40	10	right	right	1	13	15.421	843
12	7	4	40	10	right	right	1	16	15.702	1019
12	8	4	40	10	left	left	1	15	15.773	951
12	9	4	40	10	left	left	1	16	15.717	1018
12	10	4	40	10	right	right	1	14	16.241	862
12	11	4	40	10	left	left	1	16	15.519	1031
12	12	4	40	10	left	left	1	14	15.556	900
12	13	4	40	10	right	right	1	13	15.99	813
12	14	4	40	10	right	right	1	19	15.574	1220
12	15	4	40	10	left	left	1	14	16.241	862
12	16	4	40	10	left	left	1	12	15.666	766
12	17	4	40	10	right	right	1	12	16.216	740
12	18	4	40	10	right	right	1	13	15.312	849
12	19	4	40	10	left	left	1	22	15.183	1449
12	20	4	40	10	left	right	0	13	15.458	841
12	21	4	40	10	right	right	1	20	15.186	1317
12	22	4	40	10	right	right	1	11	15.089	729
12	23	4	40	10	left	left	1	19	15.86	1198
12	24	4	40	10	right	right	1	17	15.525	1095
12	25	4	40	10	right	right	1	12	16.021	749
12	26	4	40	10	right	right	1	13	15.421	843
12	27	4	40	10	left	left	1	20	15.492	1291
12	28	4	40	10	right	right	1	13	15.815	822
12	29	4	40	10	left	left	1	12	15.209	789
12	30	4	40	10	right	right	1	15	16.234	924
12	31	4	40	10	right	right	1	14	15.385	910
12	32	4	40	10	left	right	0	13	15.205	855
12	33	4	40	10	right	right	1	21	15.683	1339
12	34	4	40	10	right	right	1	14	15.766	888
12	35	4	40	10	right	right	1	31	15.256	2032
12	36	4	40	10	left	left	1	32	15.572	2055
12	37	4	40	10	right	right	1	12	16	750
12	38	4	40	10	left	left	1	13	16.03	811
12	39	4	40	10	left	left	1	16	15.238	1050
12	40	4	40	10	right	right	1	13	15.931	816
12	41	4	40	10	left	left	1	20	15.256	1311
12	42	4	40	10	left	left	1	16	15.579	1027
13	1	4	40	10	right	right	1	13	15.258	852
13	2	4	40	10	left	left	1	11	15.714	700
13	3	4	40	10	left	right	0	18	15.625	1152
13	4	4	40	10	left	left	1	15	16.234	924
13	5	4	40	10	right	right	1	14	15.801	886
13	6	4	40	10	left	left	1	20	15.736	1271
13	7	4	40	10	right	right	1	11	15.406	714
13	8	4	40	10	left	left	1	14	15.385	910
13	9	4	40	10	left	left	1	13	15.187	856
13	10	4	40	10	left	left	1	17	15.873	1071
13	11	4	40	10	left	left	1	15	15.306	980
13	12	4	40	10	right	right	1	13	15.187	856
13	13	4	40	10	right	left	0	22	15.193	1448
13	14	4	40	10	left	left	1	16	15.209	1052
13	15	4	40	10	right	right	1	14	16.037	873
13	16	4	40	10	left	left	1	16	15.968	1002
13	17	4	40	10	left	left	1	16	15.905	1006
13	18	4	40	10	left	left	1	13	15.169	857
13	19	4	40	10	right	right	1	18	15.293	1177
13	20	4	40	10	right	right	1	12	16.086	746
13	21	4	40	10	left	left	1	12	15.484	775
13	22	4	40	10	left	left	1	15	15.432	972
13	23	4	40	10	left	left	1	19	15.523	1224
13	24	4	40	10	right	right	1	16	15.37	1041
13	25	4	40	10	right	left	0	12	15.345	782
13	26	4	40	10	left	left	1	14	15.608	897
13	27	4	40	10	right	right	1	16	15.34	1043
13	28	4	40	10	left	right	0	28	15.226	1839
13	29	4	40	10	right	right	1	15	15.806	949
13	30	4	40	10	right	right	1	12	15.152	792
13	31	4	40	10	right	right	1	15	15.789	950
13	32	4	40	10	left	left	1	18	15.398	1169
13	33	4	40	10	left	left	1	17	15.843	1073
13	34	4	40	10	left	left	1	14	15.945	878
13	35	4	40	10	left	left	1	21	15.184	1383
13	36	4	40	10	left	left	1	45	15.306	2940
13	37	4	40	10	right	right	1	14	15.317	914
13	38	4	40	10	right	left	0	19	15.9	1195
13	39	4	40	10	right	right	1	13	16.23	801
13	40	4	40	10	left	right	0	12	15.484	775
14	1	4	40	10	right	right	1	22	15.782	1394
14	2	4	40	10	left	left	1	18	15.517	1160
14	3	4	40	10	right	right	1	11	15.805	696
14	4	4	40	10	left	right	0	11	15.714	700
14	5	4	40	10	right	left	0	23	15.84	1452
14	6	4	40	10	right	right	1	24	15.454	1553
14	7	4	40	10	left	left	1	18	15.477	1163
14	8	4	40	10	left	left	1	12	15.248	787
14	9	4	40	10	left	left	1	19	15.715	1209
14	10	4	40	10	left	left	1	14	16.148	867
14	11	4	40	10	right	right	1	33	15.257	2163
14	12	4	40	10	left	left	1	13	15.99	813
14	13	4	40	10	right	left	0	21	15.141	1387
14	14	4	40	10	right	right	1	12	15.345	782
14	15	4	40	10	left	left	1	11	16.667	660
14	16	4	40	10	left	left	1	10	16.447	608
14	17	4	40	10	right	right	1	24	15.375	1561
14	18	4	40	10	right	left	0	10	15.337	652
14	19	4	40	10	right	right	1	40	15.226	2627
14	20	4	40	10	left	left	1	12	15.789	760
14	21	4	40	10	right	right	1	18	15.873	1134
14	22	4	40	10	right	left	0	14	15.538	901
14	23	4	40	10	right	right	1	12	15.094	795
14	24	4	40	10	right	right	1	12	15.584	770
14	25	4	40	10	left	right	0	11	15.11	728
14	26	4	40	10	right	right	1	27	15.616	1729
14	27	4	40	10	right	right	1	22	15.537	1416
14	28	4	40	10	right	right	1	21	15.206	1381
14	29	4	40	10	right	right	1	18	15.371	1171
14	30	4	40	10	right	left	0	46	15.192	3028
14	31	4	40	10	right	right	1	19	15.926	1193
14	32	4	40	10	left	left	1	29	15.287	1897
14	33	4	40	10	right	right	1	24	15.267	1572
14	34	4	40	10	left	left	1	29	15.575	1862
14	35	4	40	10	right	left	0	13	15.625	832
15	1	4	40	10	left	left	1	13	16.25	800
15	2	4	40	10	left	left	1	11	16.591	663
15	3	4	40	10	right	right	1	11	15.406	714
15	4	4	40	10	left	left	1	11	15.85	694
15	5	4	40	10	right	right	1	11	16.717	658
15	6	4	40	10	left	left	1	23	15.323	1501
15	7	4	40	10	left	left	1	10	15.504	645
15	8	4	40	10	right	right	1	10	16.234	616
15	9	4	40	10	left	left	1	15	15.593	962
15	10	4	40	10	left	right	0	15	15.94	941
15	11	4	40	10	left	left	1	11	16.082	684
15	12	4	40	10	left	left	1	12	15.464	776
15	13	4	40	10	left	left	1	15	15.275	982
15	14	4	40	10	right	right	1	13	15.458	841
15	15	4	40	10	right	right	1	16	15.625	1024
15	16	4	40	10	right	right	1	16	15.195	1053
15	17	4	40	10	right	right	1	17	15.152	1122
15	18	4	40	10	left	left	1	15	15.48	969
15	19	4	40	10	left	left	1	26	15.222	1708
15	20	4	40	10	left	right	0	15	15.337	978
15	21	4	40	10	right	right	1	16	15.842	1010
15	22	4	40	10	right	right	1	18	16	1125
15	23	4	40	10	left	right	0	14	15.677	893
15	24	4	40	10	right	left	0	34	15.546	2187
15	25	4	40	10	right	right	1	13	15.152	858
15	26	4	40	10	left	left	1	11	15.406	714
15	27	4	40	10	left	right	0	14	16.073	871
15	28	4	40	10	left	left	1	11	15.027	732
15	29	4	40	10	right	right	1	13	15.458	841
15	30	4	40	10	left	left	1	13	15.931	816
15	31	4	40	10	left	left	1	27	15.411	1752
15	32	4	40	10	right	right	1	18	15.972	1127
15	33	4	40	10	right	right	1	17	15.539	1094
15	34	4	40	10	left	left	1	26	15.152	1716
15	35	4	40	10	right	right	1	28	15.461	1811
15	36	4	40	10	left	left	1	15	15.957	940
15	37	4	40	10	left	right	0	18	15.345	1173
15	38	4	40	10	right	right	1	18	15.385	1170
15	39	4	40	10	right	right	1	18	15.477	1163
15	40	4	40	10	left	left	1	23	15.593	1475
16	1	4	40	10	right	right	1	17	15.799	1076
16	2	4	40	10	right	right	1	18	15.721	1145
16	3	4	40	10	right	right	1	12	15.287	785
16	4	4	40	10	left	left	1	10	15.267	655
16	5	4	40	10	left	left	1	17	15.138	1123
16	6	4	40	10	left	left	1	10	16.393	610
16	7	4	40	10	right	right	1	8	15.267	524
16	8	4	40	10	left	left	1	10	16.584	603
16	9	4	40	10	left	left	1	9	15.929	565
16	10	4	40	10	right	right	1	8	16.461	486
16	11	4	40	10	left	left	1	19	15.472	1228
16	12	4	40	10	left	left	1	10	15.48	646
16	13	4	40	10	left	left	1	27	15.341	1760
16	14	4	40	10	right	right	1	10	15.432	648
16	15	4	40	10	left	left	1	20	15.129	1322
16	16	4	40	10	right	right	1	11	15.692	701
16	17	4	40	10	right	right	1	10	15.198	658
16	18	4	40	10	left	left	1	11	15.007	733
16	19	4	40	10	left	left	1	15	15.593	962
16	20	4	40	10	right	right	1	12	15.385	780
16	21	4	40	10	right	right	1	12	15.404	779
16	22	4	40	10	left	left	1	13	15.458	841
16	23	4	40	10	right	right	1	12	15.789	760
16	24	4	40	10	left	left	1	16	15.905	1006
16	25	4	40	10	right	left	0	17	15.829	1074
16	26	4	40	10	left	left	1	15	15.182	988
16	27	4	40	10	right	right	1	11	16.768	656
16	28	4	40	10	left	left	1	11	15.919	691
16	29	4	40	10	right	left	0	35	15.521	2255
16	30	4	40	10	left	right	0	22	15.193	1448
16	31	4	40	10	left	left	1	12	15.385	780
16	32	4	40	10	right	right	1	11	15.068	730
16	33	4	40	10	right	right	1	12	15.326	783
16	34	4	40	10	left	left	1	13	15.532	837
16	35	4	40	10	right	right	1	12	16.194	741
16	36	4	40	10	left	left	1	13	15.738	826
16	37	4	40	10	right	right	1	15	16.287	921
16	38	4	40	10	left	left	1	21	15.407	1363
16	39	4	40	10	left	left	1	26	15.691	1657
16	40	4	40	10	left	left	1	15	16.06	934
16	41	4	40	10	left	left	1	16	15.748	1016
16	42	4	40	10	right	right	1	26	15.222	1708
16	43	4	40	10	right	right	1	11	15.068	730
16	44	4	40	10	left	left	1	12	15.81	759
17	1	4	40	10	right	right	1	14	15.368	911
17	2	4	40	10	right	right	1	12	15.132	793
17	3	4	40	10	right	right	1	15	15.641	959
17	4	4	40	10	right	right	1	12	15.113	794
17	5	4	40	10	left	left	1	15	16.164	928
17	6	4	40	10	right	right	1	11	15.759	698
17	7	4	40	10	right	right	1	18	15.762	1142
17	8	4	40	10	left	left	1	20	15.279	1309
17	9	4	40	10	left	left	1	15	15.353	977
17	10	4	40	10	left	left	1	13	15.258	852
17	11	4	40	10	left	left	1	15	15.432	972
17	12	4	40	10	right	right	1	13	15.348	847
17	13	4	40	10	right	right	1	14	15.784	887
17	14	4	40	10	right	right	1	24	15.161	1583
17	15	4	40	10	left	right	0	15	15.464	970
17	16	4	40	10	right	right	1	18	15.929	1130
17	17	4	40	10	left	left	1	11	15.257	721
17	18	4	40	10	left	left	1	14	15.801	886
17	19	4	40	10	left	left	1	17	15.413	1103
17	20	4	40	10	right	left	0	18	15.345	1173
17	21	4	40	10	right	right	1	30	9.709	3090
17	22	4	40	10	right	right	1	20	15.48	1292
17	23	4	40	10	right	right	1	21	15.362	1367
17	24	4	40	10	right	right	1	18	15.789	1140
17	25	4	40	10	right	left	0	30	15.4	1948
17	26	4	40	10	right	right	1	16	15.326	1044
17	27	4	40	10	left	left	1	44	15.363	2864
17	28	4	40	10	right	left	0	14	15.284	916
17	29	4	40	10	right	right	1	11	15.406	714
17	30	4	40	10	left	left	1	12	15.666	766
17	31	4	40	10	left	left	1	17	15.455	1100
17	32	4	40	10	left	left	1	17	15.947	1066
17	33	4	40	10	right	left	0	17	15.179	1120
17	34	4	40	10	left	left	1	12	15.385	780
17	35	4	40	10	right	right	1	20	15.699	1274
17	36	4	40	10	left	left	1	14	15.538	901
17	37	4	40	10	left	left	1	12	15.831	758
17	38	4	40	10	right	right	1	15	15.707	955
18	1	4	40	10	right	left	0	16	15.889	1007
18	2	4	40	10	left	left	1	15	15.756	952
18	3	4	40	10	right	right	1	11	15.942	690
18	4	4	40	10	right	left	0	11	16.616	662
18	5	4	40	10	left	left	1	14	15.677	893
18	6	4	40	10	right	right	1	12	15.171	791
18	7	4	40	10	right	right	1	14	15.267	917
18	8	4	40	10	right	right	1	33	15.117	2183
18	9	4	40	10	left	left	1	14	16.037	873
18	10	4	40	10	left	right	0	13	15.294	850
18	11	4	40	10	right	right	1	15	15.789	950
18	12	4	40	10	right	left	0	12	15.444	777
18	13	4	40	10	right	right	1	33	15.193	2172
18	14	4	40	10	right	right	1	15	15.152	990
18	15	4	40	10	left	left	1	12	16.282	737
18	16	4	40	10	left	left	1	11	15.471	711
18	17	4	40	10	left	right	0	18	15.371	1171
18	18	4	40	10	right	right	1	25	15.394	1624
18	19	4	40	10	left	left	1	12	15.385	780
18	20	4	40	10	left	left	1	15	15.075	995
18	21	4	40	10	left	left	1	14	16.092	870
18	22	4	40	10	right	right	1	23	15.313	1502
18	23	4	40	10	right	right	1	13	15.385	845
18	24	4	40	10	left	left	1	13	15.495	839
18	25	4	40	10	left	left	1	17	15.77	1078
18	26	4	40	10	left	right	0	30	15.152	1980
18	27	4	40	10	right	right	1	13	15.663	830
18	28	4	40	10	right	left	0	12	16.194	741
18	29	4	40	10	right	right	1	31	15.57	1991
18	30	4	40	10	left	left	1	12	15.707	764
18	31	4	40	10	left	right	0	23	15.436	1490
18	32	4	40	10	right	right	1	20	15.736	1271
18	33	4	40	10	left	left	1	11	15.782	697
18	34	4	40	10	right	right	1	11	14.986	734
18	35	4	40	10	right	left	0	10	15.385	650
18	36	4	40	10	right	right	1	15	15.593	962
18	37	4	40	10	left	left	1	11	15.193	724
18	38	4	40	10	left	right	0	19	15.115	1257
19	1	4	40	10	right	right	1	17	15.77	1078
19	2	4	40	10	right	right	1	10	16.129	620
19	3	4	40	10	left	left	1	11	15.67	702
19	4	4	40	10	right	right	1	11	16.32	674
19	5	4	40	10	right	right	1	11	15.172	725
19	6	4	40	10	right	right	1	20	15.504	1290
19	7	4	40	10	right	right	1	11	16.442	669
19	8	4	40	10	right	right	1	29	15.426	1880
19	9	4	40	10	right	left	0	13	16.03	811
19	10	4	40	10	left	right	0	19	15.139	1255
19	11	4	40	10	right	right	1	13	16.129	806
19	12	4	40	10	right	right	1	19	15.164	1253
19	13	4	40	10	right	right	1	16	15.889	1007
19	14	4	40	10	left	left	1	11	15.048	731
19	15	4	40	10	left	left	1	12	15.152	792
19	16	4	40	10	left	right	0	12	15.484	775
19	17	4	40	10	right	right	1	12	15.605	769
19	18	4	40	10	right	left	0	14	15.784	887
19	19	4	40	10	left	left	1	10	16.103	621
19	20	4	40	10	left	left	1	11	16.012	687
19	21	4	40	10	left	left	1	13	16.03	811
19	22	4	40	10	left	left	1	10	15.385	650
19	23	4	40	10	right	right	1	15	15.806	949
19	24	4	40	10	right	right	1	12	15.171	791
19	25	4	40	10	right	right	1	15	15.924	942
19	26	4	40	10	right	right	1	12	15.152	792
19	27	4	40	10	right	right	1	13	15.366	846
19	28	4	40	10	left	left	1	12	15.345	782
19	29	4	40	10	left	left	1	11	15.515	709
19	30	4	40	10	right	right	1	11	16.153	681
19	31	4	40	10	left	left	1	13	15.385	845
19	32	4	40	10	left	left	1	13	15.24	853
19	33	4	40	10	left	left	1	12	16.043	748
19	34	4	40	10	right	right	1	11	15.068	730
19	35	4	40	10	right	left	0	34	15.413	2206
19	36	4	40	10	left	left	1	11	16.035	686
19	37	4	40	10	right	right	1	11	16.32	674
19	38	4	40	10	right	left	0	11	15.537	708
19	39	4	40	10	left	left	1	13	15.385	845
19	40	4	40	10	left	left	1	10	16.75	597
19	41	4	40	10	left	left	1	11	16.393	671
19	42	4	40	10	right	right	1	12	15.915	754
19	43	4	40	10	right	right	1	28	15.419	1816
19	44	4	40	10	right	left	0	10	16	625
19	45	4	40	10	left	right	0	11	16.566	664
20	1	4	40	10	right	right	1	13	15.513	838
20	2	4	40	10	left	left	1	16	15.296	1046
20	3	4	40	10	right	right	1	11	16.296	675
20	4	4	40	10	right	right	1	12	15.645	767
20	5	4	40	10	right	right	1	20	15.48	1292
20	6	4	40	10	left	left	1	40	15.438	2591
20	7	4	40	10	left	left	1	12	15.385	780
20	8	4	40	10	left	left	1	12	15.584	770
20	9	4	40	10	right	right	1	13	16.089	808
20	10	4	40	10	left	right	0	10	15.083	663
20	11	4	40	10	right	right	1	14	15.784	887
20	12	4	40	10	right	right	1	20	15.244	1312
20	13	4	40	10	right	right	1	13	15.7	828
20	14	4	40	10	left	right	0	30	15.464	1940
20	15	4	40	10	right	left	0	30	15.464	1940
20	16	4	40	10	right	right	1	12	15.852	757
20	17	4	40	10	left	left	1	10	16.584	603
20	18	4	40	10	left	left	1	10	15.337	652
20	19	4	40	10	right	right	1	10	15.649	639
20	20	4	40	10	right	right	1	11	15.089	729
20	21	4	40	10	right	right	1	12	15.209	789
20	22	4	40	10	right	right	1	11	16.667	660
20	23	4	40	10	right	right	1	20	15.349	1303
20	24	4	40	10	left	left	1	13	16.189	803
20	25	4	40	10	left	left	1	11	16.717	658
20	26	4	40	10	right	right	1	11	15.172	725
20	27	4	40	10	right	right	1	11	16.32	674
20	28	4	40	10	left	left	1	11	15.873	693
20	29	4	40	10	right	right	1	29	15.483	1873
20	30	4	40	10	right	right	1	9	15.762	571
20	31	4	40	10	right	right	1	14	15.982	876
20	32	4	40	10	left	right	0	10	15.504	645
20	33	4	40	10	right	left	0	17	15.903	1069
20	34	4	40	10	left	left	1	9	16.575	543
20	35	4	40	10	left	left	1	9	15.464	582
20	36	4	40	10	right	right	1	9	15.411	584
20	37	4	40	10	right	left	0	18	15.293	1177
20	38	4	40	10	right	left	0	15	15.924	942
20	39	4	40	10	right	right	1	10	16.75	597
20	40	4	40	10	left	left	1	11	15.827	695
20	41	4	40	10	right	right	1	12	15.894	755
20	42	4	40	10	left	right	0	9	15.385	585
20	43	4	40	10	left	left	1	14	16.073	871
21	1	4	40	10	right	right	1	44	15.178	2899
21	2	4	40	10	left	left	1	11	15.11	728
21	3	4	40	10	right	right	1	11	15.537	708
21	4	4	40	10	right	right	1	10	16.639	601
21	5	4	40	10	right	right	1	10	16.207	617
21	6	4	40	10	right	right	1	9	15.517	580
21	7	4	40	10	right	right	1	20	15.564	1285
21	8	4	40	10	right	right	1	10	16.667	600
21	9	4	40	10	right	right	1	10	16	625
21	10	4	40	10	left	left	1	11	16.467	668
21	11	4	40	10	right	left	0	19	15.847	1199
21	12	4	40	10	right	right	1	13	15.682	829
21	13	4	40	10	left	right	0	11	16.667	660
21	14	4	40	10	left	left	1	13	16.311	797
21	15	4	40	10	right	right	1	10	16.779	596
21	16	4	40	10	right	right	1	11	16.082	684
21	17	4	40	10	right	right	1	10	15.432	648
21	18	4	40	10	right	right	1	10	15.552	643
21	19	4	40	10	right	right	1	8	15.209	526
21	20	4	40	10	right	left	0	25	15.423	1621
21	21	4	40	10	left	left	1	10	16.077	622
21	22	4	40	10	left	left	1	36	15.517	2320
21	23	4	40	10	left	left	1	10	15.898	629
21	24	4	40	10	left	left	1	11	16.393	671
21	25	4	40	10	left	left	1	12	15.564	771
21	26	4	40	10	right	left	0	13	15.606	833
21	27	4	40	10	left	left	1	12	16.194	741
21	28	4	40	10	right	right	1	10	15.748	635
21	29	4	40	10	left	right	0	16	15.429	1037
21	30	4	40	10	right	right	1	24	15.474	1551
21	31	4	40	10	left	left	1	10	16	625
21	32	4	40	10	right	right	1	11	15.737	699
21	33	4	40	10	right	left	0	11	16.393	671
21	34	4	40	10	right	right	1	12	15.81	759
21	35	4	40	10	left	left	1	10	15.314	653
21	36	4	40	10	left	left	1	11	16.369	672
21	37	4	40	10	right	left	0	10	15.361	651
21	38	4	40	10	left	left	1	11	16.296	675
21	39	4	40	10	left	left	1	10	16.077	622
21	40	4	40	10	left	left	1	11	16.794	655
21	41	4	40	10	right	right	1	15	16.234	924
21	42	4	40	10	right	right	1	11	15.172	725
21	43	4	40	10	right	left	0	13	16.069	809
21	44	4	40	10	left	left	1	9	15.491	581
21	45	4	40	10	left	left	1	9	15.679	574
21	46	4	40	10	right	left	0	12	16.327	735
22	1	4	40	10	right	right	1	18	15.817	1138
22	2	4	40	10	left	left	1	10	16.42	609
22	3	4	40	10	left	left	1	10	15.949	627
22	4	4	40	10	right	right	1	12	15.365	781
22	5	4	40	10	right	right	1	15	15.707	955
22	6	4	40	10	left	left	1	10	16.077	622
22	7	4	40	10	right	right	1	10	15.823	632
22	8	4	40	10	left	left	1	10	15.552	643
22	9	4	40	10	left	left	1	16	15.429	1037
22	10	4	40	10	right	right	1	9	15.789	570
22	11	4	40	10	right	right	1	10	16.367	611
22	12	4	40	10	right	right	1	10	16.103	621
22	13	4	40	10	left	left	1	11	16.591	663
22	14	4	40	10	left	right	0	10	15.974	626
22	15	4	40	10	right	right	1	10	15.408	649
22	16	4	40	10	left	left	1	11	16.667	660
22	17	4	40	10	right	right	1	9	15.652	575
22	18	4	40	10	left	left	1	12	16.129	744
22	19	4	40	10	left	left	1	9	15.707	573
22	20	4	40	10	right	right	1	9	16.854	534
22	21	4	40	10	left	left	1	8	16.194	494
22	22	4	40	10	right	right	1	12	15.686	765
22	23	4	40	10	right	right	1	22	15.162	1451
22	24	4	40	10	left	right	0	10	16.611	602
22	25	4	40	10	left	left	1	18	15.831	1137
22	26	4	40	10	right	right	1	12	16.129	744
22	27	4	40	10	left	left	1	10	15.898	629
22	28	4	40	10	right	left	0	17	15.625	1088
22	29	4	40	10	right	left	0	46	15.127	3041
22	30	4	40	10	right	right	1	9	15.873	567
22	31	4	40	10	right	left	0	33	15.392	2144
22	32	4	40	10	right	right	1	69	15.245	4526
22	33	4	40	10	left	left	1	9	15.306	588
22	34	4	40	10	right	right	1	10	16.313	613
22	35	4	40	10	left	right	0	9	16.1	559
22	36	4	40	10	right	right	1	11	16.272	676
22	37	4	40	10	left	left	1	9	16.1	559
22	38	4	40	10	left	left	1	14	15.625	896
22	39	4	40	10	right	right	1	10	15.408	649
22	40	4	40	10	left	left	1	12	16.043	748
22	41	4	40	10	right	left	0	25	15.538	1609
22	42	4	40	10	right	right	1	11	15.257	721
22	43	4	40	10	left	left	1	20	15.361	1302
23	1	4	40	10	left	left	1	17	15.219	1117
23	2	4	40	10	left	left	1	9	16.917	532
23	3	4	40	10	right	right	1	10	16.779	596
23	4	4	40	10	right	right	1	8	15.238	525
23	5	4	40	10	left	left	1	8	17.021	470
23	6	4	40	10	right	right	1	33	15.172	2175
23	7	4	40	10	right	right	1	10	16.529	605
23	8	4	40	10	right	left	0	15	15.152	990
23	9	4	40	10	left	left	1	10	16.502	606
23	10	4	40	10	left	left	1	10	15.625	640
23	11	4	40	10	right	right	1	10	15.576	642
23	12	4	40	10	right	right	1	13	15.682	829
23	13	4	40	10	left	left	1	14	15.284	916
23	14	4	40	10	right	right	1	11	15.172	725
23	15	4	40	10	right	right	1	14	16.298	859
23	16	4	40	10	left	left	1	10	15.974	626
23	17	4	40	10	right	left	0	19	15.067	1261
23	18	4	40	10	left	left	1	32	15.238	2100
23	19	4	40	10	right	left	0	22	15.406	1428
23	20	4	40	10	left	left	1	22	15.278	1440
23	21	4	40	10	left	right	0	9	15.679	574
23	22	4	40	10	left	left	1	9	15.517	580
23	23	4	40	10	left	left	1	8	15.474	517
23	24	4	40	10	right	right	1	16	15.671	1021
23	25	4	40	10	right	left	0	13	15.458	841
23	26	4	40	10	left	left	1	12	15.19	790
23	27	4	40	10	left	left	1	10	15.337	652
23	28	4	40	10	left	left	1	10	15.848	631
23	29	4	40	10	left	left	1	11	15.089	729
23	30	4	40	10	left	right	0	11	15.32	718
23	31	4	40	10	right	left	0	9	15.845	568
23	32	4	40	10	right	right	1	11	16.058	685
23	33	4	40	10	right	left	0	10	16	625
23	34	4	40	10	left	right	0	11	16.768	656
23	35	4	40	10	right	right	1	26	15.33	1696
23	36	4	40	10	right	right	1	20	15.175	1318
23	37	4	40	10	right	right	1	21	15.239	1378
23	38	4	40	10	right	right	1	17	15.639	1087
23	39	4	40	10	right	right	1	16	15.671	1021
23	40	4	40	10	right	left	0	11	15.965	689
23	41	4	40	10	right	right	1	16	15.123	1058
23	42	4	40	10	right	right	1	22	15.559	1414
23	43	4	40	10	left	left	1	20	15.186	1317
24	1	4	40	10	right	right	1	23	15.593	1475
24	2	4	40	10	left	left	1	11	15.919	691
24	3	4	40	10	right	right	1	10	16.051	623
24	4	4	40	10	right	right	1	12	15.605	769
24	5	4	40	10	left	left	1	13	16.109	807
24	6	4	40	10	left	left	1	10	16.502	606
24	7	4	40	10	right	right	1	12	15.326	783
24	8	4	40	10	right	right	1	16	15.414	1038
24	9	4	40	10	left	left	1	27	15.246	1771
24	10	4	40	10	left	right	0	13	16.209	802
24	11	4	40	10	right	right	1	11	16.616	662
24	12	4	40	10	right	right	1	10	16.639	601
24	13	4	40	10	left	left	1	19	15.807	1202
24	14	4	40	10	left	left	1	10	16.155	619
24	15	4	40	10	right	right	1	11	15.007	733
24	16	4	40	10	right	right	1	14	15.317	914
24	17	4	40	10	right	right	1	14	15.284	916
24	18	4	40	10	left	left	1	10	16.313	613
24	19	4	40	10	right	right	1	11	15.299	719
24	20	4	40	10	left	left	1	10	15.337	652
24	21	4	40	10	right	left	0	22	15.214	1446
24	22	4	40	10	right	right	1	10	15.974	626
24	23	4	40	10	right	right	1	14	15.695	892
24	24	4	40	10	right	right	1	14	16.241	862
24	25	4	40	10	left	left	1	9	16.129	558
24	26	4	40	10	left	right	0	10	15.674	638
24	27	4	40	10	left	right	0	9	15.679	574
24	28	4	40	10	left	left	1	11	16.296	675
24	29	4	40	10	right	right	1	11	16.012	687
24	30	4	40	10	left	left	1	11	15.385	715
24	31	4	40	10	right	right	1	15	15.4	974
24	32	4	40	10	right	right	1	15	15.873	945
24	33	4	40	10	right	right	1	11	15.537	708
24	34	4	40	10	right	right	1	11	15.625	704
24	35	4	40	10	right	right	1	12	16	750
24	36	4	40	10	left	right	0	18	15.28	1178
24	37	4	40	10	left	right	0	14	15.351	912
24	38	4	40	10	right	right	1	13	15.222	854
24	39	4	40	10	right	right	1	23	15.732	1462
24	40	4	40	10	right	right	1	14	15.945	878
24	41	4	40	10	right	left	0	22	15.299	1438
24	42	4	40	10	left	right	0	11	15.942	690
24	43	4	40	10	left	left	1	11	16.105	683
24	44	4	40	10	right	right	1	19	15.536	1223
24	45	4	40	10	left	left	1	11	16.345	673
