
blkNum	trlNum	coherentDots	numberofDots	percentCoherence	winningDirection	response	correct	eventCount	averageFrameRate	RT
1	1	4	40	10	right	left	0	370	15.153	24417
1	2	4	40	10	left	left	1	340	15.139	22458
1	3	4	40	10	right	right	1	70	15.274	4583
1	4	4	40	10	right	right	1	142	15.173	9359
2	1	4	40	10	left	left	1	34	15.322	2219
2	2	4	40	10	left	left	1	100	15.265	6551
2	3	4	40	10	left	left	1	96	15.25	6295
2	4	4	40	10	left	left	1	118	15.226	7750
2	5	4	40	10	left	right	0	113	15.223	7423
2	6	4	40	10	right	left	0	448	15.155	29562
3	1	4	40	10	right	right	1	52	15.245	3411
3	2	4	40	10	left	left	1	60	15.279	3927
3	3	4	40	10	right	right	1	28	15.226	1839
3	4	4	40	10	right	right	1	26	15.267	1703
3	5	4	40	10	left	right	0	44	15.199	2895
3	6	4	40	10	right	right	1	176	15.189	11587
3	7	4	40	10	left	left	1	224	15.211	14726
3	8	4	40	10	right	right	1	422	15.186	27789
4	1	4	40	10	left	left	1	76	15.191	5003
4	2	4	40	10	left	left	1	56	15.255	3671
4	3	4	40	10	right	right	1	25	15.713	1591
4	4	4	40	10	right	right	1	65	15.334	4239
4	5	4	40	10	right	right	1	51	15.441	3303
4	6	4	40	10	right	right	1	57	15.393	3703
4	7	4	40	10	left	left	1	68	15.155	4487
4	8	4	40	10	right	right	1	179	14.889	12022
4	9	4	40	10	left	left	1	86	15.232	5646
4	10	4	40	10	left	left	1	182	15.168	11999
4	11	4	40	10	left	left	1	107	15.184	7047
5	1	4	40	10	left	left	1	72	15.296	4707
5	2	4	40	10	left	left	1	16	15.764	1015
5	3	4	40	10	right	right	1	59	15.277	3862
5	4	4	40	10	left	left	1	94	15.205	6182
5	5	4	40	10	left	left	1	35	15.304	2287
5	6	4	40	10	left	left	1	75	15.222	4927
5	7	4	40	10	left	left	1	95	15.188	6255
5	8	4	40	10	left	left	1	71	15.331	4631
5	9	4	40	10	right	left	0	50	15.323	3263
5	10	4	40	10	left	left	1	161	15.209	10586
5	11	4	40	10	right	right	1	55	15.415	3568
5	12	4	40	10	right	right	1	39	15.488	2518
5	13	4	40	10	left	left	1	138	15.16	9103
6	1	4	40	10	right	right	1	45	15.348	2932
6	2	4	40	10	right	right	1	26	15.634	1663
6	3	4	40	10	left	left	1	22	15.46	1423
6	4	4	40	10	right	right	1	51	15.403	3311
6	5	4	40	10	right	right	1	28	15.292	1831
6	6	4	40	10	right	right	1	24	15.789	1520
6	7	4	40	10	right	left	0	25	15.404	1623
6	8	4	40	10	right	right	1	95	15.198	6251
6	9	4	40	10	left	left	1	16	15.779	1014
6	10	4	40	10	right	right	1	13	15.366	846
6	11	4	40	10	right	right	1	13	15.796	823
6	12	4	40	10	right	right	1	14	15.234	919
6	13	4	40	10	right	right	1	13	16.109	807
6	14	4	40	10	left	left	1	12	15.81	759
6	15	4	40	10	left	left	1	12	15.464	776
6	16	4	40	10	right	right	1	14	15.368	911
6	17	4	40	10	right	right	1	12	15.484	775
6	18	4	40	10	left	left	1	11	15.299	719
6	19	4	40	10	left	left	1	13	15.644	831
6	20	4	40	10	left	left	1	12	16.151	743
6	21	4	40	10	right	left	0	14	16.073	871
6	22	4	40	10	left	left	1	17	16.038	1060
6	23	4	40	10	right	right	1	11	15.32	718
6	24	4	40	10	left	left	1	11	15.988	688
6	25	4	40	10	left	left	1	12	16.327	735
6	26	4	40	10	left	left	1	28	15.359	1823
6	27	4	40	10	right	right	1	18	15.424	1167
6	28	4	40	10	left	left	1	14	15.217	920
6	29	4	40	10	left	left	1	14	15.927	879
6	30	4	40	10	left	left	1	11	15.131	727
6	31	4	40	10	right	right	1	10	15.456	647
6	32	4	40	10	right	right	1	10	16.26	615
6	33	4	40	10	left	left	1	11	15.131	727
6	34	4	40	10	left	left	1	12	15.645	767
6	35	4	40	10	left	left	1	13	16.27	799
6	36	4	40	10	right	right	1	9	15.652	575
6	37	4	40	10	right	right	1	9	16.822	535
7	1	4	40	10	left	left	1	17	15.357	1107
7	2	4	40	10	left	left	1	22	15.214	1446
7	3	4	40	10	right	right	1	17	15.206	1118
7	4	4	40	10	right	right	1	15	15.259	983
7	5	4	40	10	right	right	1	17	15.639	1087
7	6	4	40	10	left	left	1	10	16.26	615
7	7	4	40	10	right	right	1	11	16.2	679
7	8	4	40	10	left	left	1	10	15.267	655
7	9	4	40	10	right	right	1	47	15.344	3063
7	10	4	40	10	right	right	1	36	15.471	2327
7	11	4	40	10	right	right	1	33	15.399	2143
7	12	4	40	10	left	left	1	14	16.055	872
7	13	4	40	10	left	left	1	12	15.789	760
7	14	4	40	10	right	left	0	54	15.169	3560
7	15	4	40	10	right	right	1	122	15.275	7987
7	16	4	40	10	right	right	1	20	15.175	1318
7	17	4	40	10	left	left	1	15	15.121	992
7	18	4	40	10	right	left	0	92	15.277	6022
7	19	4	40	10	right	right	1	92	15.305	6011
7	20	4	40	10	right	left	0	43	15.495	2775
7	21	4	40	10	right	left	0	64	15.315	4179
8	1	4	40	10	left	left	1	17	15.814	1075
8	2	4	40	10	right	right	1	12	16.151	743
8	3	4	40	10	left	left	1	12	15.979	751
8	4	4	40	10	right	right	1	12	15.81	759
8	5	4	40	10	right	right	1	39	15.24	2559
8	6	4	40	10	right	right	1	102	15.219	6702
8	7	4	40	10	right	right	1	26	15.339	1695
8	8	4	40	10	right	right	1	48	15.156	3167
8	9	4	40	10	right	right	1	24	15.554	1543
8	10	4	40	10	right	right	1	163	15.161	10751
8	11	4	40	10	right	left	0	234	15.164	15431
8	12	4	40	10	left	left	1	34	15.603	2179
8	13	4	40	10	right	right	1	79	15.337	5151
8	14	4	40	10	left	right	0	44	15.162	2902
9	1	4	40	10	right	right	1	185	15.18	12187
9	2	4	40	10	left	right	0	121	15.249	7935
9	3	4	40	10	left	left	1	316	15.156	20850
9	4	4	40	10	right	right	1	29	15.516	1869
9	5	4	40	10	left	left	1	27	15.707	1719
9	6	4	40	10	left	left	1	29	15.633	1855
9	7	4	40	10	right	right	1	50	15.399	3247
9	8	4	40	10	right	right	1	85	15.269	5567
9	9	4	40	10	left	left	1	15	15.907	943
10	1	4	40	10	left	left	1	17	15.933	1067
10	2	4	40	10	right	right	1	21	15.648	1342
10	3	4	40	10	right	right	1	16	16.129	992
10	4	4	40	10	left	left	1	13	15.513	838
10	5	4	40	10	right	right	1	15	15.773	951
10	6	4	40	10	left	left	1	12	15.484	775
10	7	4	40	10	right	right	1	11	15.131	727
10	8	4	40	10	left	left	1	11	16.012	687
10	9	4	40	10	right	right	1	10	15.267	655
10	10	4	40	10	left	left	1	13	16.27	799
10	11	4	40	10	right	right	1	10	16.26	615
10	12	4	40	10	right	right	1	18	15.319	1175
10	13	4	40	10	left	left	1	13	15.495	839
10	14	4	40	10	left	left	1	83	15.171	5471
10	15	4	40	10	right	right	1	15	15.907	943
10	16	4	40	10	right	right	1	12	15.645	767
10	17	4	40	10	left	left	1	26	15.71	1655
10	18	4	40	10	right	right	1	16	15.282	1047
10	19	4	40	10	left	left	1	16	15.64	1023
10	20	4	40	10	left	left	1	53	15.345	3454
10	21	4	40	10	right	right	1	13	16.129	806
10	22	4	40	10	left	left	1	69	15.188	4543
10	23	4	40	10	left	left	1	32	15.159	2111
10	24	4	40	10	right	right	1	39	15.482	2519
10	25	4	40	10	right	right	1	34	15.302	2222
10	26	4	40	10	left	left	1	41	15.31	2678
10	27	4	40	10	right	right	1	20	15.349	1303
10	28	4	40	10	right	right	1	33	15.399	2143
10	29	4	40	10	left	left	1	22	15.636	1407
10	30	4	40	10	left	left	1	78	15.333	5087
11	1	4	40	10	left	left	1	16	16.08	995
11	2	4	40	10	left	left	1	12	15.464	776
11	3	4	40	10	right	right	1	19	15.335	1239
11	4	4	40	10	left	left	1	16	15.905	1006
11	5	4	40	10	right	right	1	11	15.493	710
11	6	4	40	10	right	right	1	11	16.591	663
11	7	4	40	10	right	right	1	86	15.297	5622
11	8	4	40	10	right	right	1	16	15.399	1039
11	9	4	40	10	right	right	1	31	15.324	2023
11	10	4	40	10	right	right	1	13	15.205	855
11	11	4	40	10	left	left	1	30	15.244	1968
11	12	4	40	10	right	right	1	11	15.32	718
11	13	4	40	10	left	left	1	14	16.073	871
11	14	4	40	10	right	right	1	10	15.267	655
11	15	4	40	10	left	left	1	9	16.1	559
11	16	4	40	10	right	right	1	9	16.575	543
11	17	4	40	10	left	left	1	9	16.1	559
11	18	4	40	10	left	right	0	8	16.701	479
11	19	4	40	10	right	right	1	13	15.421	843
11	20	4	40	10	right	right	1	237	15.178	15615
11	21	4	40	10	right	right	1	37	15.372	2407
11	22	4	40	10	right	right	1	32	15.399	2078
11	23	4	40	10	right	right	1	33	15.235	2166
11	24	4	40	10	right	right	1	24	15.171	1582
11	25	4	40	10	left	left	1	17	15.755	1079
11	26	4	40	10	right	right	1	20	15.736	1271
11	27	4	40	10	right	right	1	14	15.368	911
12	1	4	40	10	left	left	1	13	15.55	836
12	2	4	40	10	right	right	1	10	15.48	646
12	3	4	40	10	left	left	1	9	16.605	542
12	4	4	40	10	right	right	1	10	16.287	614
12	5	4	40	10	right	right	1	25	15.48	1615
12	6	4	40	10	left	left	1	14	15.368	911
12	7	4	40	10	right	right	1	10	15.848	631
12	8	4	40	10	right	right	1	20	15.736	1271
12	9	4	40	10	left	left	1	25	15.404	1623
12	10	4	40	10	left	left	1	57	15.196	3751
12	11	4	40	10	right	right	1	13	15.348	847
12	12	4	40	10	left	left	1	33	15.342	2151
12	13	4	40	10	left	left	1	45	15.411	2920
12	14	4	40	10	right	right	1	48	15.385	3120
12	15	4	40	10	right	right	1	144	15.193	9478
12	16	4	40	10	left	left	1	20	15.911	1257
12	17	4	40	10	left	left	1	16	15.92	1005
12	18	4	40	10	right	right	1	15	15.496	968
12	19	4	40	10	left	left	1	12	16.327	735
12	20	4	40	10	right	right	1	10	15.456	647
12	21	4	40	10	left	left	1	10	15.649	639
12	22	4	40	10	left	left	1	12	15.326	783
12	23	4	40	10	left	left	1	11	15.299	719
12	24	4	40	10	right	right	1	12	16.151	743
12	25	4	40	10	right	right	1	12	16	750
12	26	4	40	10	right	right	1	11	16.035	686
12	27	4	40	10	right	right	1	11	16.591	663
12	28	4	40	10	left	right	0	10	16.474	607
12	29	4	40	10	left	left	1	11	15.581	706
12	30	4	40	10	right	right	1	10	15.848	631
12	31	4	40	10	right	right	1	14	16.073	871
12	32	4	40	10	right	right	1	11	15.299	719
12	33	4	40	10	left	left	1	18	15.957	1128
12	34	4	40	10	left	left	1	14	16.073	871
13	1	4	40	10	right	right	1	20	15.302	1307
13	2	4	40	10	right	right	1	20	15.924	1256
13	3	4	40	10	right	right	1	15	15.167	989
13	4	4	40	10	left	left	1	14	16.222	863
13	5	4	40	10	right	right	1	11	16.012	687
13	6	4	40	10	right	right	1	23	15.808	1455
13	7	4	40	10	right	right	1	14	15.368	911
13	8	4	40	10	left	left	1	14	16.222	863
13	9	4	40	10	left	left	1	11	16.012	687
13	10	4	40	10	right	right	1	10	15.649	639
13	11	4	40	10	left	left	1	17	15.525	1095
13	12	4	40	10	right	right	1	13	15.931	816
13	13	4	40	10	left	left	1	19	15.94	1192
13	14	4	40	10	right	right	1	20	15.152	1320
13	15	4	40	10	right	right	1	19	15.523	1224
13	16	4	40	10	left	left	1	56	15.355	3647
13	17	4	40	10	left	left	1	28	15.234	1838
13	18	4	40	10	left	left	1	12	15.831	758
13	19	4	40	10	right	right	1	17	15.315	1110
13	20	4	40	10	left	left	1	14	15.801	886
13	21	4	40	10	left	left	1	20	15.256	1311
13	22	4	40	10	left	left	1	17	15.992	1063
13	23	4	40	10	left	left	1	13	16.109	807
13	24	4	40	10	left	left	1	11	15.131	727
13	25	4	40	10	right	right	1	9	16.575	543
13	26	4	40	10	right	right	1	13	16.109	807
13	27	4	40	10	right	right	1	10	16.051	623
13	28	4	40	10	left	left	1	9	15.228	591
13	29	4	40	10	left	left	1	10	16.694	599
13	30	4	40	10	right	right	1	10	15.848	631
13	31	4	40	10	left	left	1	12	16.151	743
13	32	4	40	10	left	left	1	13	16.291	798
13	33	4	40	10	right	right	1	259	15.208	17031
14	1	4	40	10	left	left	1	14	16.148	867
14	2	4	40	10	right	right	1	11	15.647	703
14	3	4	40	10	right	right	1	64	15.245	4198
14	4	4	40	10	right	right	1	45	15.422	2918
14	5	4	40	10	right	left	0	14	15.784	887
14	6	4	40	10	right	left	0	124	15.235	8139
14	7	4	40	10	left	left	1	22	15.771	1395
14	8	4	40	10	right	right	1	32	15.511	2063
14	9	4	40	10	left	left	1	18	15.748	1143
14	10	4	40	10	right	right	1	67	15.176	4415
14	11	4	40	10	left	left	1	12	15.326	783
14	12	4	40	10	left	left	1	13	15.644	831
14	13	4	40	10	right	right	1	12	16.151	743
14	14	4	40	10	left	left	1	10	16.051	623
14	15	4	40	10	left	left	1	11	15.827	695
14	16	4	40	10	right	right	1	10	15.267	655
14	17	4	40	10	left	left	1	11	15.299	719
14	18	4	40	10	right	right	1	37	15.52	2384
14	19	4	40	10	left	right	0	193	15.174	12719
14	20	4	40	10	right	right	1	280	15.203	18418
15	1	4	40	10	left	left	1	26	15.532	1674
15	2	4	40	10	right	right	1	18	15.873	1134
15	3	4	40	10	left	left	1	12	15.666	766
15	4	4	40	10	right	right	1	11	16.591	663
15	5	4	40	10	right	right	1	13	15.796	823
15	6	4	40	10	left	left	1	15	15.641	959
15	7	4	40	10	left	left	1	12	15.326	783
15	8	4	40	10	left	left	1	10	15.456	647
15	9	4	40	10	left	left	1	13	16.109	807
15	10	4	40	10	left	left	1	9	15.228	591
15	11	4	40	10	right	right	1	15	16.199	926
15	12	4	40	10	right	right	1	19	15.742	1207
15	13	4	40	10	right	right	1	9	16.334	551
15	14	4	40	10	right	right	1	8	16.162	495
15	15	4	40	10	right	left	0	10	16.051	623
15	16	4	40	10	left	left	1	12	16.064	747
15	17	4	40	10	right	right	1	23	15.142	1519
15	18	4	40	10	left	left	1	12	16.173	742
15	19	4	40	10	right	right	1	46	15.374	2992
15	20	4	40	10	right	left	0	12	15.484	775
15	21	4	40	10	left	left	1	16	15.459	1035
15	22	4	40	10	right	right	1	11	15.647	703
15	23	4	40	10	right	right	1	38	15.428	2463
15	24	4	40	10	left	left	1	12	15.484	775
15	25	4	40	10	left	left	1	36	15.261	2359
15	26	4	40	10	left	left	1	19	15.435	1231
15	27	4	40	10	left	left	1	24	15.789	1520
15	28	4	40	10	left	left	1	38	15.176	2504
15	29	4	40	10	left	left	1	23	15.222	1511
15	30	4	40	10	left	left	1	28	15.573	1798
15	31	4	40	10	left	left	1	14	16.241	862
15	32	4	40	10	left	left	1	11	16.591	663
15	33	4	40	10	left	left	1	69	15.327	4502
15	34	4	40	10	left	left	1	64	15.388	4159
16	1	4	40	10	left	left	1	26	15.588	1668
16	2	4	40	10	right	right	1	11	16.2	679
16	3	4	40	10	left	left	1	12	15.81	759
16	4	4	40	10	left	left	1	10	16.287	614
16	5	4	40	10	right	right	1	16	15.764	1015
16	6	4	40	10	left	left	1	12	15.326	783
16	7	4	40	10	left	left	1	27	15.211	1775
16	8	4	40	10	left	left	1	13	15.187	856
16	9	4	40	10	left	left	1	12	15.831	758
16	10	4	40	10	right	right	1	60	15.31	3919
16	11	4	40	10	right	right	1	13	15.951	815
16	12	4	40	10	left	left	1	73	15.314	4767
16	13	4	40	10	left	left	1	20	15.54	1287
16	14	4	40	10	right	right	1	23	15.551	1479
16	15	4	40	10	right	right	1	22	15.374	1431
16	16	4	40	10	left	left	1	18	15.424	1167
16	17	4	40	10	left	right	0	20	15.637	1279
16	18	4	40	10	left	left	1	49	15.265	3210
16	19	4	40	10	right	right	1	14	16.222	863
16	20	4	40	10	left	left	1	63	14.348	4391
16	21	4	40	10	left	left	1	54	15.31	3527
16	22	4	40	10	right	right	1	64	15.333	4174
16	23	4	40	10	right	right	1	20	15.256	1311
16	24	4	40	10	left	left	1	23	15.636	1471
16	25	4	40	10	right	right	1	20	15.736	1271
16	26	4	40	10	left	left	1	29	15.633	1855
16	27	4	40	10	right	right	1	16	16.016	999
16	28	4	40	10	left	left	1	9	15.228	591
17	1	4	40	10	left	left	1	18	16	1125
17	2	4	40	10	left	left	1	27	15.42	1751
17	3	4	40	10	left	left	1	12	16.484	728
17	4	4	40	10	right	right	1	8	15.209	526
17	5	4	40	10	right	right	1	28	15.226	1839
17	6	4	40	10	right	right	1	29	15.239	1903
17	7	4	40	10	right	right	1	19	15.237	1247
17	8	4	40	10	left	left	1	15	15.773	951
17	9	4	40	10	left	left	1	26	15.634	1663
17	10	4	40	10	left	left	1	14	16.241	862
17	11	4	40	10	right	left	0	8	16.162	495
17	12	4	40	10	right	right	1	10	16.584	603
17	13	4	40	10	right	right	1	14	15.625	896
17	14	4	40	10	left	left	1	10	15.48	646
17	15	4	40	10	right	right	1	10	16.26	615
17	16	4	40	10	right	right	1	10	16.051	623
17	17	4	40	10	right	right	1	10	15.848	631
17	18	4	40	10	right	right	1	8	15.414	519
17	19	4	40	10	right	right	1	8	16.427	487
17	20	4	40	10	left	left	1	11	15.85	694
17	21	4	40	10	left	left	1	18	15.228	1182
17	22	4	40	10	right	right	1	10	16.287	614
17	23	4	40	10	left	left	1	11	16.591	663
17	24	4	40	10	left	left	1	11	16.616	662
17	25	4	40	10	right	right	1	9	15.254	590
17	26	4	40	10	left	left	1	10	15.649	639
17	27	4	40	10	right	right	1	9	15.873	567
17	28	4	40	10	left	left	1	9	16.1	559
17	29	4	40	10	left	right	0	7	15.66	447
17	30	4	40	10	right	right	1	11	16.296	675
17	31	4	40	10	left	left	1	8	16.701	479
17	32	4	40	10	right	right	1	11	15.647	703
17	33	4	40	10	left	left	1	8	15.656	511
17	34	4	40	10	right	right	1	8	16.985	471
17	35	4	40	10	right	left	0	8	16.162	495
17	36	4	40	10	left	left	1	17	15.357	1107
17	37	4	40	10	right	right	1	9	15.228	591
17	38	4	40	10	right	right	1	35	15.304	2287
17	39	4	40	10	left	left	1	15	15.756	952
17	40	4	40	10	left	left	1	50	15.437	3239
17	41	4	40	10	right	right	1	14	16.222	863
17	42	4	40	10	left	left	1	14	15.927	879
17	43	4	40	10	left	left	1	25	15.635	1599
17	44	4	40	10	left	left	1	13	16.109	807
17	45	4	40	10	left	left	1	13	15.796	823
18	1	4	40	10	left	left	1	19	15.188	1251
18	2	4	40	10	left	left	1	13	15.205	855
18	3	4	40	10	left	left	1	15	15.275	982
18	4	4	40	10	right	right	1	10	15.48	646
18	5	4	40	10	left	left	1	18	15.332	1174
18	6	4	40	10	left	left	1	15	16.043	935
18	7	4	40	10	left	left	1	14	15.784	887
18	8	4	40	10	right	right	1	10	15.456	647
18	9	4	40	10	right	right	1	10	15.649	639
18	10	4	40	10	left	left	1	10	15.456	647
18	11	4	40	10	left	left	1	10	15.848	631
18	12	4	40	10	right	right	1	11	16.393	671
18	13	4	40	10	left	left	1	11	16.2	679
18	14	4	40	10	left	left	1	59	15.337	3847
18	15	4	40	10	right	right	1	36	15.313	2351
18	16	4	40	10	right	right	1	23	15.541	1480
18	17	4	40	10	left	left	1	33	15.165	2176
18	18	4	40	10	left	left	1	37	15.378	2406
18	19	4	40	10	right	right	1	13	15.951	815
18	20	4	40	10	right	right	1	10	16.694	599
18	21	4	40	10	left	left	1	13	15.348	847
18	22	4	40	10	left	left	1	39	15.336	2543
18	23	4	40	10	right	left	0	36	15.371	2342
18	24	4	40	10	left	left	1	32	15.474	2068
18	25	4	40	10	left	left	1	29	15.434	1879
18	26	4	40	10	left	left	1	26	15.267	1703
18	27	4	40	10	right	right	1	17	15.525	1095
18	28	4	40	10	left	right	0	47	15.425	3047
18	29	4	40	10	right	right	1	17	15.829	1074
18	30	4	40	10	right	right	1	13	15.644	831
18	31	4	40	10	right	right	1	13	15.348	847
18	32	4	40	10	right	right	1	12	15.645	767
18	33	4	40	10	left	right	0	68	15.236	4463
19	1	4	40	10	left	left	1	141	15.163	9299
19	2	4	40	10	left	left	1	26	15.196	1711
19	3	4	40	10	right	right	1	16	15.534	1030
19	4	4	40	10	left	left	1	71	15.335	4630
19	5	4	40	10	right	right	1	13	15.495	839
19	6	4	40	10	right	right	1	16	15.64	1023
19	7	4	40	10	right	right	1	13	16.109	807
19	8	4	40	10	left	left	1	22	15.726	1399
19	9	4	40	10	right	right	1	16	15.64	1023
19	10	4	40	10	left	left	1	19	15.447	1230
19	11	4	40	10	right	right	1	14	16.241	862
19	12	4	40	10	right	right	1	14	15.945	878
19	13	4	40	10	right	right	1	13	15.951	815
19	14	4	40	10	right	right	1	10	15.267	655
19	15	4	40	10	left	left	1	13	15.951	815
19	16	4	40	10	left	left	1	24	15.474	1551
19	17	4	40	10	left	left	1	35	15.576	2247
19	18	4	40	10	left	left	1	31	15.204	2039
19	19	4	40	10	right	right	1	20	15.256	1311
19	20	4	40	10	left	left	1	203	15.159	13391
19	21	4	40	10	left	left	1	17	15.755	1079
19	22	4	40	10	left	left	1	29	15.508	1870
19	23	4	40	10	right	right	1	15	15.658	958
20	1	4	40	10	right	right	1	14	16.129	868
20	2	4	40	10	left	left	1	9	16.129	558
20	3	4	40	10	left	left	1	10	16.077	622
20	4	4	40	10	left	left	1	10	15.873	630
20	5	4	40	10	right	right	1	10	16.474	607
20	6	4	40	10	left	left	1	14	16.073	871
20	7	4	40	10	left	left	1	10	15.456	647
20	8	4	40	10	left	left	1	28	15.359	1823
20	9	4	40	10	left	left	1	14	15.504	903
20	10	4	40	10	right	right	1	10	16.694	599
20	11	4	40	10	left	left	1	8	15.656	511
20	12	4	40	10	left	left	1	14	16.073	871
20	13	4	40	10	left	left	1	8	15.18	527
20	14	4	40	10	right	right	1	9	15.437	583
20	15	4	40	10	right	right	1	9	16.575	543
20	16	4	40	10	left	left	1	9	15.652	575
20	17	4	40	10	right	right	1	12	15.81	759
20	18	4	40	10	right	right	1	11	16.566	664
20	19	4	40	10	left	left	1	10	16.026	624
20	20	4	40	10	left	right	0	10	15.432	648
20	21	4	40	10	right	right	1	11	15.537	708
20	22	4	40	10	left	left	1	10	16.051	623
20	23	4	40	10	left	left	1	21	15.362	1367
20	24	4	40	10	right	right	1	35	15.521	2255
20	25	4	40	10	left	left	1	13	16.27	799
20	26	4	40	10	right	right	1	13	16.109	807
20	27	4	40	10	right	right	1	13	15.971	814
20	28	4	40	10	right	right	1	10	16.287	614
20	29	4	40	10	left	left	1	32	15.282	2094
20	30	4	40	10	right	right	1	18	15.216	1183
20	31	4	40	10	right	right	1	11	16.012	687
20	32	4	40	10	left	right	0	11	16.2	679
20	33	4	40	10	left	left	1	14	15.168	923
20	34	4	40	10	right	right	1	12	15.171	791
20	35	4	40	10	right	right	1	10	15.649	639
20	36	4	40	10	left	left	1	10	15.649	639
20	37	4	40	10	left	left	1	14	16.222	863
20	38	4	40	10	right	right	1	40	15.203	2631
20	39	4	40	10	left	left	1	39	15.439	2526
20	40	4	40	10	right	right	1	12	15.81	759
20	41	4	40	10	left	left	1	11	15.471	711
20	42	4	40	10	left	right	0	12	16.327	735
20	43	4	40	10	right	right	1	27	15.526	1739
20	44	4	40	10	left	left	1	29	15.368	1887
21	1	4	40	10	right	right	1	13	16.01	812
21	2	4	40	10	left	left	1	9	16.791	536
21	3	4	40	10	left	left	1	34	15.179	2240
21	4	4	40	10	left	left	1	15	16.043	935
21	5	4	40	10	left	left	1	49	15.166	3231
21	6	4	40	10	left	left	1	14	15.521	902
21	7	4	40	10	right	left	0	65	15.366	4230
21	8	4	40	10	right	right	1	17	15.947	1066
21	9	4	40	10	right	right	1	10	16.051	623
21	10	4	40	10	left	right	0	16	15.64	1023
21	11	4	40	10	left	left	1	12	15.248	787
21	12	4	40	10	left	left	1	16	15.889	1007
21	13	4	40	10	left	left	1	12	15.979	751
21	14	4	40	10	right	right	1	15	15.907	943
21	15	4	40	10	right	right	1	12	15.979	751
21	16	4	40	10	right	right	1	12	15.484	775
21	17	4	40	10	left	left	1	77	15.26	5046
21	18	4	40	10	left	left	1	16	15.282	1047
21	19	4	40	10	left	left	1	11	15.647	703
21	20	4	40	10	left	left	1	12	15.645	767
21	21	4	40	10	right	right	1	57	15.294	3727
21	22	4	40	10	left	left	1	40	15.391	2599
21	23	4	40	10	left	left	1	14	15.234	919
21	24	4	40	10	left	left	1	25	15.635	1599
21	25	4	40	10	left	left	1	52	15.258	3408
21	26	4	40	10	left	left	1	17	15.639	1087
21	27	4	40	10	left	left	1	48	15.233	3151
21	28	4	40	10	left	left	1	25	15.567	1606
21	29	4	40	10	left	left	1	23	15.732	1462
22	1	4	40	10	left	left	1	12	15.564	771
22	2	4	40	10	right	right	1	12	15.171	791
22	3	4	40	10	right	right	1	12	15.625	768
22	4	4	40	10	left	left	1	11	16.566	664
22	5	4	40	10	right	right	1	10	16.051	623
22	6	4	40	10	left	left	1	10	16.502	606
22	7	4	40	10	right	right	1	9	16.129	558
22	8	4	40	10	left	left	1	10	16.077	622
22	9	4	40	10	left	left	1	12	16.484	728
22	10	4	40	10	right	right	1	9	16.364	550
22	11	4	40	10	left	left	1	9	16.822	535
22	12	4	40	10	left	left	1	10	16.051	623
22	13	4	40	10	right	right	1	8	15.656	511
22	14	4	40	10	right	right	1	8	16.701	479
22	15	4	40	10	right	right	1	9	16.334	551
22	16	4	40	10	right	right	1	8	16.701	479
22	17	4	40	10	right	right	1	8	15.905	503
22	18	4	40	10	left	right	0	8	15.656	511
22	19	4	40	10	left	left	1	10	15.361	651
22	20	4	40	10	left	left	1	10	15.649	639
22	21	4	40	10	right	right	1	9	16.334	551
22	22	4	40	10	left	left	1	17	15.639	1087
22	23	4	40	10	right	right	1	10	15.625	640
22	24	4	40	10	right	left	0	9	16.544	544
22	25	4	40	10	left	left	1	11	16.467	668
22	26	4	40	10	left	left	1	11	15.625	704
22	27	4	40	10	right	right	1	13	16.25	800
22	28	4	40	10	left	left	1	8	15.18	527
22	29	4	40	10	right	right	1	10	16.051	623
22	30	4	40	10	left	left	1	10	16.051	623
22	31	4	40	10	right	right	1	12	16	750
22	32	4	40	10	left	left	1	9	16.129	558
22	33	4	40	10	left	left	1	11	16.418	670
22	34	4	40	10	right	right	1	10	15.291	654
22	35	4	40	10	right	right	1	10	15.873	630
22	36	4	40	10	right	right	1	15	16.043	935
22	37	4	40	10	left	left	1	11	15.32	718
22	38	4	40	10	right	right	1	14	15.784	887
22	39	4	40	10	left	left	1	9	16.1	559
22	40	4	40	10	right	right	1	9	15.652	575
22	41	4	40	10	right	left	0	10	15.649	639
22	42	4	40	10	left	left	1	22	15.592	1411
22	43	4	40	10	right	right	1	9	15.652	575
22	44	4	40	10	right	right	1	19	15.953	1191
22	45	4	40	10	left	left	1	10	16.694	599
22	46	4	40	10	right	right	1	10	15.456	647
22	47	4	40	10	right	right	1	32	15.392	2079
22	48	4	40	10	right	right	1	10	15.873	630
22	49	4	40	10	right	right	1	9	16.822	535
22	50	4	40	10	left	left	1	9	16.1	559
22	51	4	40	10	right	right	1	9	15.873	567
22	52	4	40	10	right	right	1	9	15.652	575
22	53	4	40	10	right	right	1	9	16.575	543
22	54	4	40	10	right	right	1	11	15.827	695
23	1	4	40	10	left	left	1	26	15.16	1715
23	2	4	40	10	left	left	1	8	17.021	470
23	3	4	40	10	left	left	1	8	16.194	494
23	4	4	40	10	left	left	1	8	16.194	494
23	5	4	40	10	left	left	1	8	17.021	470
23	6	4	40	10	left	left	1	8	17.021	470
23	7	4	40	10	left	left	1	9	16.364	550
23	8	4	40	10	right	right	1	15	15.275	982
23	9	4	40	10	right	right	1	19	15.86	1198
23	10	4	40	10	right	right	1	9	15.873	567
23	11	4	40	10	left	left	1	10	16.694	599
23	12	4	40	10	left	left	1	8	15.905	503
23	13	4	40	10	right	right	1	9	15.254	590
23	14	4	40	10	right	left	0	10	16.051	623
23	15	4	40	10	right	right	1	13	16.352	795
23	16	4	40	10	right	right	1	9	15.679	574
23	17	4	40	10	right	right	1	9	16.605	542
23	18	4	40	10	right	right	1	9	16.364	550
23	19	4	40	10	right	right	1	10	16.287	614
23	20	4	40	10	left	right	0	8	15.686	510
23	21	4	40	10	right	right	1	11	15.406	714
23	22	4	40	10	right	right	1	9	16.605	542
23	23	4	40	10	left	left	1	9	15.228	591
23	24	4	40	10	left	left	1	36	15.564	2313
23	25	4	40	10	left	left	1	59	15.409	3829
23	26	4	40	10	right	right	1	22	15.204	1447
23	27	4	40	10	right	left	0	55	15.214	3615
23	28	4	40	10	right	left	0	52	15.353	3387
23	29	4	40	10	right	right	1	18	15.693	1147
23	30	4	40	10	left	left	1	22	15.204	1447
23	31	4	40	10	left	left	1	41	15.213	2695
23	32	4	40	10	right	right	1	26	15.634	1663
23	33	4	40	10	left	left	1	23	15.303	1503
23	34	4	40	10	right	right	1	14	15.504	903
23	35	4	40	10	right	right	1	44	15.162	2902
23	36	4	40	10	right	right	1	18	15.957	1128
23	37	4	40	10	right	right	1	11	15.625	704
24	1	4	40	10	right	right	1	25	15.674	1595
24	2	4	40	10	left	left	1	12	15.345	782
24	3	4	40	10	left	left	1	23	15.385	1495
24	4	4	40	10	right	right	1	10	15.267	655
24	5	4	40	10	right	right	1	22	15.204	1447
24	6	4	40	10	right	right	1	11	15.471	711
24	7	4	40	10	left	left	1	13	15.951	815
24	8	4	40	10	right	right	1	9	15.652	575
24	9	4	40	10	right	right	1	11	15.471	711
24	10	4	40	10	right	right	1	11	15.131	727
24	11	4	40	10	right	right	1	11	16.012	687
24	12	4	40	10	right	right	1	36	15.209	2367
24	13	4	40	10	right	right	1	15	15.907	943
24	14	4	40	10	left	left	1	12	15.152	792
24	15	4	40	10	left	left	1	11	16.393	671
24	16	4	40	10	right	left	0	15	16.181	927
24	17	4	40	10	left	left	1	10	15.552	643
24	18	4	40	10	left	left	1	12	16.151	743
24	19	4	40	10	right	right	1	9	15.437	583
24	20	4	40	10	right	right	1	11	16.2	679
24	21	4	40	10	left	left	1	9	15.873	567
24	22	4	40	10	left	left	1	10	15.267	655
24	23	4	40	10	left	left	1	10	16.474	607
24	24	4	40	10	left	left	1	10	16.051	623
24	25	4	40	10	right	right	1	9	15.228	591
24	26	4	40	10	right	right	1	42	15.179	2767
24	27	4	40	10	right	right	1	13	15.777	824
24	28	4	40	10	right	right	1	33	15.278	2160
24	29	4	40	10	left	left	1	14	15.351	912
24	30	4	40	10	right	right	1	11	16.2	679
24	31	4	40	10	left	left	1	9	16.822	535
24	32	4	40	10	right	right	1	9	16.605	542
24	33	4	40	10	left	left	1	8	16.194	494
24	34	4	40	10	left	left	1	11	16.035	686
24	35	4	40	10	right	right	1	8	15.686	510
24	36	4	40	10	right	right	1	10	15.48	646
24	37	4	40	10	right	right	1	31	15.633	1983
24	38	4	40	10	left	left	1	9	16.1	559
24	39	4	40	10	right	right	1	11	15.471	711
24	40	4	40	10	right	right	1	14	15.784	887
24	41	4	40	10	right	left	0	13	15.796	823
24	42	4	40	10	right	right	1	10	16.367	611
24	43	4	40	10	left	left	1	13	16.27	799
24	44	4	40	10	right	right	1	10	16.26	615
24	45	4	40	10	right	right	1	11	16.2	679
24	46	4	40	10	left	left	1	10	15.267	655
