
blkNum	trlNum	coherentDots	numberofDots	percentCoherence	winningDirection	response	correct	eventCount	averageFrameRate	RT
1	1	4	40	10	left	left	1	75	15.272	4911
1	2	4	40	10	right	right	1	60	15.155	3959
1	3	4	40	10	left	left	1	22	15.636	1407
1	4	4	40	10	left	left	1	23	15.242	1509
1	5	4	40	10	right	right	1	15	15.924	942
1	6	4	40	10	left	left	1	21	15.43	1361
1	7	4	40	10	left	left	1	27	15.22	1774
1	8	4	40	10	right	left	0	25	15.115	1654
1	9	4	40	10	left	left	1	15	16.181	927
1	10	4	40	10	left	left	1	23	15.53	1481
1	11	4	40	10	left	left	1	19	15.612	1217
1	12	4	40	10	right	right	1	21	15.152	1386
1	13	4	40	10	left	left	1	14	16.055	872
1	14	4	40	10	right	left	0	17	15.843	1073
1	15	4	40	10	right	right	1	50	15.267	3275
1	16	4	40	10	left	left	1	20	15.516	1289
1	17	4	40	10	right	right	1	21	15.683	1339
1	18	4	40	10	left	left	1	15	16.181	927
1	19	4	40	10	left	left	1	17	15.843	1073
1	20	4	40	10	left	left	1	21	15.73	1335
1	21	4	40	10	left	right	0	24	15.277	1571
1	22	4	40	10	left	left	1	19	15.9	1195
1	23	4	40	10	left	left	1	19	15.485	1227
1	24	4	40	10	right	right	1	14	15.677	893
1	25	4	40	10	right	left	0	15	15.789	950
1	26	4	40	10	right	right	1	22	15.385	1430
1	27	4	40	10	right	right	1	14	15.695	892
1	28	4	40	10	right	right	1	43	15.33	2805
1	29	4	40	10	right	right	1	19	15.847	1199
1	30	4	40	10	left	left	1	23	15.625	1472
1	31	4	40	10	left	left	1	45	15.203	2960
1	32	4	40	10	right	right	1	23	15.313	1502
1	33	4	40	10	right	right	1	15	16.181	927
1	34	4	40	10	right	right	1	22	15.614	1409
1	35	4	40	10	right	right	1	16	15.399	1039
1	36	4	40	10	right	right	1	13	15.258	852
1	37	4	40	10	right	right	1	12	16.216	740
1	38	4	40	10	left	left	1	12	15.287	785
1	39	4	40	10	right	right	1	19	15.742	1207
1	40	4	40	10	left	left	1	13	15.777	824
2	1	4	40	10	left	left	1	19	15.966	1190
2	2	4	40	10	right	right	1	17	15.873	1071
2	3	4	40	10	right	right	1	11	16.667	660
2	4	4	40	10	left	left	1	12	16.151	743
2	5	4	40	10	left	left	1	11	16.248	677
2	6	4	40	10	right	right	1	11	15.11	728
2	7	4	40	10	left	left	1	13	15.682	829
2	8	4	40	10	left	left	1	15	15.416	973
2	9	4	40	10	left	left	1	36	15.254	2360
2	10	4	40	10	right	right	1	19	15.847	1199
2	11	4	40	10	left	left	1	16	15.748	1016
2	12	4	40	10	right	right	1	12	15.873	756
2	13	4	40	10	left	left	1	12	15.267	786
2	14	4	40	10	right	right	1	13	15.777	824
2	15	4	40	10	right	right	1	18	15.531	1159
2	16	4	40	10	right	right	1	33	15.117	2183
2	17	4	40	10	right	right	1	28	15.342	1825
2	18	4	40	10	left	left	1	11	15.559	707
2	19	4	40	10	left	left	1	30	15.44	1943
2	20	4	40	10	right	right	1	15	16.112	931
2	21	4	40	10	right	right	1	35	15.324	2284
2	22	4	40	10	right	right	1	25	15.385	1625
2	23	4	40	10	left	left	1	13	15.385	845
2	24	4	40	10	left	left	1	13	15.99	813
2	25	4	40	10	right	right	1	10	15.528	644
2	26	4	40	10	right	right	1	17	15.755	1079
2	27	4	40	10	left	left	1	11	15.007	733
2	28	4	40	10	left	left	1	10	16.393	610
2	29	4	40	10	left	left	1	19	15.273	1244
2	30	4	40	10	right	right	1	10	16.287	614
2	31	4	40	10	right	right	1	17	15.858	1072
2	32	4	40	10	left	left	1	9	16.158	557
2	33	4	40	10	left	left	1	9	15.464	582
2	34	4	40	10	left	left	1	13	15.348	847
2	35	4	40	10	right	right	1	10	15.083	663
2	36	4	40	10	right	right	1	14	15.873	882
2	37	4	40	10	left	left	1	9	15.762	571
2	38	4	40	10	right	right	1	13	15.55	836
2	39	4	40	10	right	right	1	10	15.552	643
2	40	4	40	10	left	left	1	8	15.209	526
3	1	4	40	10	right	right	1	20	15.291	1308
3	2	4	40	10	left	left	1	8	16.393	488
3	3	4	40	10	right	right	1	11	15.131	727
3	4	4	40	10	left	right	0	8	16.032	499
3	5	4	40	10	left	left	1	13	15.495	839
3	6	4	40	10	left	left	1	9	15.228	591
3	7	4	40	10	right	right	1	11	15.805	696
3	8	4	40	10	left	left	1	10	16.779	596
3	9	4	40	10	left	left	1	9	16.129	558
3	10	4	40	10	right	right	1	12	16	750
3	11	4	40	10	left	left	1	9	15.734	572
3	12	4	40	10	right	right	1	9	15.929	565
3	13	4	40	10	right	left	0	9	16.854	534
3	14	4	40	10	left	left	1	13	16.069	809
3	15	4	40	10	right	right	1	14	15.909	880
3	16	4	40	10	left	left	1	9	16.043	561
3	17	4	40	10	left	left	1	16	15.474	1034
3	18	4	40	10	left	left	1	16	15.889	1007
3	19	4	40	10	right	right	1	10	15.949	627
3	20	4	40	10	left	left	1	9	15.929	565
3	21	4	40	10	right	right	1	10	16.722	598
3	22	4	40	10	left	left	1	9	15.411	584
3	23	4	40	10	left	left	1	23	15.282	1505
3	24	4	40	10	left	left	1	14	16.185	865
3	25	4	40	10	left	left	1	12	15.113	794
3	26	4	40	10	right	right	1	12	15.625	768
3	27	4	40	10	right	right	1	10	16.287	614
3	28	4	40	10	right	right	1	13	16.25	800
3	29	4	40	10	left	right	0	12	15.979	751
3	30	4	40	10	right	right	1	12	15.444	777
3	31	4	40	10	right	right	1	14	16.073	871
3	32	4	40	10	left	left	1	9	15.203	592
3	33	4	40	10	right	right	1	10	16.639	601
3	34	4	40	10	right	right	1	20	15.785	1267
3	35	4	40	10	right	right	1	13	15.834	821
3	36	4	40	10	left	left	1	12	15.852	757
3	37	4	40	10	right	right	1	16	15.238	1050
3	38	4	40	10	right	right	1	11	15.131	727
3	39	4	40	10	right	right	1	9	15.957	564
3	40	4	40	10	left	left	1	9	16.636	541
4	1	4	40	10	right	right	1	21	15.533	1352
4	2	4	40	10	right	right	1	9	16.187	556
4	3	4	40	10	left	left	1	27	15.508	1741
4	4	4	40	10	right	right	1	12	16.043	748
4	5	4	40	10	left	left	1	11	16.743	657
4	6	4	40	10	right	right	1	11	16.105	683
4	7	4	40	10	right	right	1	10	16.694	599
4	8	4	40	10	left	left	1	10	16.667	600
4	9	4	40	10	left	left	1	11	16.717	658
4	10	4	40	10	right	right	1	12	15.365	781
4	11	4	40	10	left	left	1	9	16.423	548
4	12	4	40	10	right	right	1	24	15.424	1556
4	13	4	40	10	left	left	1	11	16.035	686
4	14	4	40	10	left	left	1	39	15.464	2522
4	15	4	40	10	right	right	1	18	15.557	1157
4	16	4	40	10	left	left	1	34	15.308	2221
4	17	4	40	10	right	right	1	10	16.447	608
4	18	4	40	10	right	right	1	47	15.25	3082
4	19	4	40	10	left	left	1	12	16.064	747
4	20	4	40	10	left	left	1	44	15.488	2841
4	21	4	40	10	right	right	1	23	15.583	1476
4	22	4	40	10	right	right	1	11	15.027	732
4	23	4	40	10	right	right	1	11	15.965	689
4	24	4	40	10	left	left	1	10	15.699	637
4	25	4	40	10	left	right	0	21	15.637	1343
4	26	4	40	10	left	left	1	11	16.369	672
4	27	4	40	10	left	left	1	10	16.129	620
4	28	4	40	10	left	left	1	20	15.083	1326
4	29	4	40	10	left	left	1	14	16.166	866
4	30	4	40	10	right	right	1	18	15.491	1162
4	31	4	40	10	right	right	1	11	15.581	706
4	32	4	40	10	right	left	0	10	16.287	614
4	33	4	40	10	right	right	1	13	15.834	821
4	34	4	40	10	left	left	1	11	16.272	676
4	35	4	40	10	right	left	0	13	15.931	816
4	36	4	40	10	left	right	0	9	15.734	572
4	37	4	40	10	right	right	1	10	16.835	594
4	38	4	40	10	left	left	1	14	16.148	867
4	39	4	40	10	left	left	1	13	15.55	836
4	40	4	40	10	right	left	0	20	15.785	1267
5	1	4	40	10	right	right	1	12	15.385	780
5	2	4	40	10	right	left	0	6	15.544	386
5	3	4	40	10	left	left	1	8	16.842	475
5	4	4	40	10	right	right	1	10	16.639	601
5	5	4	40	10	left	left	1	9	15.332	587
5	6	4	40	10	right	left	0	9	16.187	556
5	7	4	40	10	left	left	1	9	15.598	577
5	8	4	40	10	left	right	0	15	15.198	987
5	9	4	40	10	left	left	1	7	14.989	467
5	10	4	40	10	left	left	1	7	16.166	433
5	11	4	40	10	right	right	1	8	15.444	518
5	12	4	40	10	right	right	1	9	16.129	558
5	13	4	40	10	left	right	0	9	15.254	590
5	14	4	40	10	left	left	1	8	16.807	476
5	15	4	40	10	left	left	1	9	15.358	586
5	16	4	40	10	left	right	0	8	16.807	476
5	17	4	40	10	left	right	0	10	16.26	615
5	18	4	40	10	left	right	0	8	15.686	510
5	19	4	40	10	left	left	1	9	16.484	546
5	20	4	40	10	left	left	1	10	15.773	634
5	21	4	40	10	right	right	1	8	15.748	508
5	22	4	40	10	right	right	1	9	15.332	587
5	23	4	40	10	right	right	1	32	15.587	2053
5	24	4	40	10	right	right	1	18	15.371	1171
5	25	4	40	10	right	right	1	16	15.224	1051
5	26	4	40	10	left	left	1	7	15.086	464
5	27	4	40	10	left	left	1	6	15.707	382
5	28	4	40	10	right	right	1	9	16.014	562
5	29	4	40	10	right	right	1	6	14.888	403
5	30	4	40	10	right	left	0	6	15.345	391
5	31	4	40	10	left	left	1	11	15.449	712
5	32	4	40	10	right	left	0	6	16.086	373
5	33	4	40	10	right	right	1	10	16.313	613
5	34	4	40	10	right	left	0	7	17.157	408
5	35	4	40	10	right	right	1	7	15.59	449
5	36	4	40	10	left	right	0	7	17.544	399
5	37	4	40	10	right	right	1	12	16.304	736
5	38	4	40	10	left	left	1	6	15.113	397
5	39	4	40	10	left	left	1	10	16.835	594
5	40	4	40	10	right	right	1	8	16.293	491
6	1	4	40	10	right	left	0	6	15.267	393
6	2	4	40	10	left	right	0	7	16.092	435
6	3	4	40	10	left	left	1	21	15.385	1365
6	4	4	40	10	left	left	1	15	15.337	978
6	5	4	40	10	right	right	1	9	15.929	565
6	6	4	40	10	left	right	0	9	15.679	574
6	7	4	40	10	left	left	1	12	15.404	779
6	8	4	40	10	right	right	1	9	15.598	577
6	9	4	40	10	right	right	1	7	15.021	466
6	10	4	40	10	left	left	1	8	16.667	480
6	11	4	40	10	left	left	1	10	16.694	599
6	12	4	40	10	left	right	0	7	15.351	456
6	13	4	40	10	left	left	1	10	15.361	651
6	14	4	40	10	right	right	1	12	16	750
6	15	4	40	10	right	right	1	7	14.989	467
6	16	4	40	10	left	left	1	8	16.598	482
6	17	4	40	10	left	left	1	10	16.667	600
6	18	4	40	10	right	left	0	7	15.021	466
6	19	4	40	10	right	right	1	13	16.149	805
6	20	4	40	10	right	right	1	10	16.807	595
6	21	4	40	10	left	left	1	7	16.317	429
6	22	4	40	10	right	right	1	9	15.571	578
6	23	4	40	10	right	left	0	8	16.032	499
6	24	4	40	10	left	left	1	13	15.951	815
6	25	4	40	10	right	left	0	11	16.616	662
6	26	4	40	10	right	right	1	9	16.605	542
6	27	4	40	10	right	right	1	10	15.48	646
6	28	4	40	10	right	left	0	8	16.36	489
6	29	4	40	10	left	left	1	11	15.714	700
6	30	4	40	10	right	right	1	9	16.791	536
6	31	4	40	10	left	left	1	9	16.544	544
6	32	4	40	10	right	right	1	7	15.873	441
6	33	4	40	10	left	left	1	6	17.964	334
6	34	4	40	10	right	right	1	5	18.315	273
6	35	4	40	10	left	tooFast	2	4	16.529	242
6	36	4	40	10	right	right	1	18	15.216	1183
6	37	4	40	10	right	right	1	8	16.427	487
6	38	4	40	10	left	right	0	10	15.48	646
6	39	4	40	10	left	right	0	10	15.314	653
6	40	4	40	10	left	left	1	14	16.11	869
7	1	4	40	10	right	right	1	10	16.779	596
7	2	4	40	10	right	right	1	7	16.018	437
7	3	4	40	10	left	left	1	7	15.251	459
7	4	4	40	10	left	left	1	8	15.355	521
7	5	4	40	10	right	right	1	7	15.59	449
7	6	4	40	10	right	right	1	7	15.695	446
7	7	4	40	10	right	left	0	6	14.851	404
7	8	4	40	10	right	right	1	8	15.968	501
7	9	4	40	10	right	left	0	7	15.217	460
7	10	4	40	10	left	left	1	10	16.26	615
7	11	4	40	10	left	left	1	8	15.842	505
7	12	4	40	10	left	right	0	8	16.162	495
7	13	4	40	10	right	right	1	11	16.692	659
7	14	4	40	10	right	left	0	8	15.444	518
7	15	4	40	10	left	right	0	11	15.385	715
7	16	4	40	10	left	right	0	15	15.182	988
7	17	4	40	10	right	right	1	8	15.905	503
7	18	4	40	10	left	left	1	16	15.459	1035
7	19	4	40	10	left	left	1	40	15.522	2577
7	20	4	40	10	left	right	0	27	15.661	1724
7	21	4	40	10	right	right	1	16	15.519	1031
7	22	4	40	10	left	left	1	10	15.723	636
7	23	4	40	10	left	left	1	13	15.971	814
7	24	4	40	10	left	left	1	19	15.261	1245
7	25	4	40	10	right	right	1	17	15.639	1087
7	26	4	40	10	right	left	0	18	15.557	1157
7	27	4	40	10	left	right	0	8	16.064	498
7	28	4	40	10	right	right	1	5	15.723	318
7	29	4	40	10	right	right	1	11	15.131	727
7	30	4	40	10	right	left	0	9	16.423	548
7	31	4	40	10	left	left	1	12	15.605	769
7	32	4	40	10	left	right	0	13	15.796	823
7	33	4	40	10	right	right	1	15	15.974	939
7	34	4	40	10	left	left	1	20	15.279	1309
7	35	4	40	10	right	right	1	19	15.31	1241
7	36	4	40	10	right	right	1	11	15.048	731
7	37	4	40	10	left	left	1	13	15.777	824
7	38	4	40	10	right	right	1	10	16.051	623
7	39	4	40	10	left	left	1	13	16.23	801
7	40	4	40	10	left	right	0	15	15.259	983
8	1	4	40	10	left	right	0	8	17.021	470
8	2	4	40	10	right	right	1	6	16.304	368
8	3	4	40	10	right	left	0	7	15.766	444
8	4	4	40	10	left	left	1	14	15.945	878
8	5	4	40	10	right	right	1	9	15.873	567
8	6	4	40	10	right	left	0	13	15.796	823
8	7	4	40	10	left	left	1	12	16.064	747
8	8	4	40	10	left	left	1	10	16.447	608
8	9	4	40	10	left	left	1	11	16.345	673
8	10	4	40	10	right	left	0	9	15.28	589
8	11	4	40	10	right	right	1	14	15.573	899
8	12	4	40	10	right	right	1	10	15.528	644
8	13	4	40	10	left	left	1	37	15.579	2375
8	14	4	40	10	right	right	1	13	15.971	814
8	15	4	40	10	left	left	1	11	15.515	709
8	16	4	40	10	left	right	0	15	15.991	938
8	17	4	40	10	left	left	1	8	15.123	529
8	18	4	40	10	left	left	1	16	16	1000
8	19	4	40	10	left	left	1	14	15.819	885
8	20	4	40	10	left	left	1	11	15.172	725
8	21	4	40	10	left	right	0	17	15.371	1106
8	22	4	40	10	right	right	1	16	15.92	1005
8	23	4	40	10	left	left	1	30	15.298	1961
8	24	4	40	10	right	right	1	16	15.795	1013
8	25	4	40	10	left	right	0	23	15.282	1505
8	26	4	40	10	right	right	1	8	15.414	519
8	27	4	40	10	right	right	1	9	15.254	590
8	28	4	40	10	right	right	1	9	16.575	543
8	29	4	40	10	left	right	0	9	16.822	535
8	30	4	40	10	right	right	1	16	15.326	1044
8	31	4	40	10	right	left	0	24	15.454	1553
8	32	4	40	10	left	left	1	15	15.756	952
8	33	4	40	10	left	right	0	14	15.317	914
8	34	4	40	10	right	right	1	11	15.965	689
8	35	4	40	10	right	right	1	10	16.779	596
8	36	4	40	10	right	right	1	11	15.342	717
8	37	4	40	10	right	right	1	9	15.598	577
8	38	4	40	10	left	right	0	9	16.484	546
8	39	4	40	10	left	right	0	7	15.625	448
8	40	4	40	10	right	right	1	10	16.611	602
9	1	4	40	10	left	right	0	8	16.393	488
9	2	4	40	10	left	right	0	7	16.667	420
9	3	4	40	10	right	right	1	10	16.502	606
9	4	4	40	10	right	right	1	14	15.927	879
9	5	4	40	10	right	right	1	9	15.203	592
9	6	4	40	10	right	right	1	11	16.153	681
9	7	4	40	10	left	left	1	8	16.495	485
9	8	4	40	10	left	left	1	9	16.216	555
9	9	4	40	10	left	left	1	19	15.472	1228
9	10	4	40	10	right	right	1	16	15.656	1022
9	11	4	40	10	right	right	1	13	16.049	810
9	12	4	40	10	left	left	1	10	15.408	649
9	13	4	40	10	right	right	1	13	15.7	828
9	14	4	40	10	left	left	1	10	15.361	651
9	15	4	40	10	right	right	1	9	16.854	534
9	16	4	40	10	right	right	1	10	16.502	606
9	17	4	40	10	left	left	1	10	15.267	655
9	18	4	40	10	right	right	1	7	15.837	442
9	19	4	40	10	left	left	1	8	15.152	528
9	20	4	40	10	left	left	1	9	15.625	576
9	21	4	40	10	right	right	1	9	16.791	536
9	22	4	40	10	left	left	1	7	16.509	424
9	23	4	40	10	right	right	1	8	16.985	471
9	24	4	40	10	left	right	0	8	16.563	483
9	25	4	40	10	left	left	1	9	16.129	558
9	26	4	40	10	left	left	1	10	15.674	638
9	27	4	40	10	right	right	1	9	16.304	552
9	28	4	40	10	left	left	1	9	16.514	545
9	29	4	40	10	right	right	1	10	16.207	617
9	30	4	40	10	right	left	0	9	15.544	579
9	31	4	40	10	left	left	1	12	16.282	737
9	32	4	40	10	right	right	1	11	15.67	702
9	33	4	40	10	left	left	1	9	16.729	538
9	34	4	40	10	right	right	1	8	16.293	491
9	35	4	40	10	right	left	0	8	15.842	505
9	36	4	40	10	right	right	1	11	16.058	685
9	37	4	40	10	left	right	0	9	15.385	585
9	38	4	40	10	right	left	0	8	15.656	511
9	39	4	40	10	left	left	1	12	16.238	739
9	40	4	40	10	left	right	0	12	16.129	744
10	1	4	40	10	left	left	1	11	15.32	718
10	2	4	40	10	left	left	1	12	15.404	779
10	3	4	40	10	left	left	1	11	15.603	705
10	4	4	40	10	right	right	1	9	15.28	589
10	5	4	40	10	right	right	1	8	15.686	510
10	6	4	40	10	left	left	1	9	15.28	589
10	7	4	40	10	right	right	1	10	16.722	598
10	8	4	40	10	right	right	1	9	15.228	591
10	9	4	40	10	left	left	1	10	16.026	624
10	10	4	40	10	left	left	1	14	16.148	867
10	11	4	40	10	right	right	1	9	16.698	539
10	12	4	40	10	left	left	1	10	15.361	651
10	13	4	40	10	right	left	0	8	15.444	518
10	14	4	40	10	right	right	1	9	15.986	563
10	15	4	40	10	right	left	0	12	15.564	771
10	16	4	40	10	left	left	1	7	15.695	446
10	17	4	40	10	left	right	0	13	16.311	797
10	18	4	40	10	right	right	1	8	15.905	503
10	19	4	40	10	right	left	0	7	15.119	463
10	20	4	40	10	left	left	1	11	16.743	657
10	21	4	40	10	left	left	1	8	16.227	493
10	22	4	40	10	right	right	1	11	15.919	691
10	23	4	40	10	left	left	1	7	17.199	407
10	24	4	40	10	left	left	1	8	16.26	492
10	25	4	40	10	right	left	0	9	16.216	555
10	26	4	40	10	right	right	1	8	15.873	504
10	27	4	40	10	left	left	1	7	16.509	424
10	28	4	40	10	left	left	1	8	15.238	525
10	29	4	40	10	right	left	0	10	15.337	652
10	30	4	40	10	right	right	1	14	15.982	876
10	31	4	40	10	left	left	1	10	14.948	669
10	32	4	40	10	right	right	1	9	16.304	552
10	33	4	40	10	right	left	0	8	15.625	512
10	34	4	40	10	right	right	1	11	16.272	676
10	35	4	40	10	right	left	0	16	16	1000
10	36	4	40	10	left	right	0	15	15.121	992
10	37	4	40	10	left	left	1	8	15.355	521
10	38	4	40	10	right	right	1	11	16.743	657
10	39	4	40	10	left	left	1	13	15.421	843
10	40	4	40	10	left	left	1	9	15.986	563
11	1	4	40	10	right	right	1	12	15.444	777
11	2	4	40	10	left	left	1	9	15.652	575
11	3	4	40	10	left	right	0	11	15.625	704
11	4	4	40	10	right	right	1	9	15.385	585
11	5	4	40	10	right	right	1	8	16.598	482
11	6	4	40	10	right	right	1	8	15.355	521
11	7	4	40	10	right	right	1	10	16.026	624
11	8	4	40	10	left	left	1	8	16.293	491
11	9	4	40	10	left	left	1	10	15.408	649
11	10	4	40	10	left	left	1	8	15.504	516
11	11	4	40	10	right	right	1	9	16.187	556
11	12	4	40	10	left	left	1	11	16.272	676
11	13	4	40	10	right	left	0	8	15.152	528
11	14	4	40	10	right	right	1	11	15.537	708
11	15	4	40	10	left	left	1	9	16.514	545
11	16	4	40	10	right	right	1	9	15.845	568
11	17	4	40	10	right	right	1	10	16.835	594
11	18	4	40	10	left	left	1	9	15.544	579
11	19	4	40	10	left	left	1	10	16.779	596
11	20	4	40	10	right	right	1	9	16.364	550
11	21	4	40	10	left	left	1	9	16.129	558
11	22	4	40	10	right	left	0	9	15.679	574
11	23	4	40	10	left	left	1	7	15.217	460
11	24	4	40	10	left	left	1	10	15.385	650
11	25	4	40	10	right	right	1	10	16.529	605
11	26	4	40	10	right	right	1	10	15.649	639
11	27	4	40	10	right	right	1	10	16.639	601
11	28	4	40	10	left	left	1	10	16.181	618
11	29	4	40	10	right	right	1	13	15.421	843
11	30	4	40	10	right	right	1	12	15.248	787
11	31	4	40	10	right	right	1	12	16.26	738
11	32	4	40	10	left	left	1	9	16.605	542
11	33	4	40	10	left	right	0	11	15.67	702
11	34	4	40	10	left	left	1	8	16.129	496
11	35	4	40	10	right	right	1	8	16.194	494
11	36	4	40	10	left	left	1	10	16.75	597
11	37	4	40	10	left	left	1	9	15.437	583
11	38	4	40	10	left	left	1	8	16.393	488
11	39	4	40	10	right	right	1	11	16.012	687
11	40	4	40	10	left	right	0	6	15.831	379
12	1	4	40	10	right	left	0	7	16.129	434
12	2	4	40	10	left	left	1	5	15.823	316
12	3	4	40	10	right	right	1	7	15.152	462
12	4	4	40	10	left	left	1	7	15.487	452
12	5	4	40	10	right	right	1	8	16.327	490
12	6	4	40	10	left	left	1	7	17.812	393
12	7	4	40	10	right	right	1	8	15.238	525
12	8	4	40	10	left	left	1	7	16.949	413
12	9	4	40	10	left	right	0	9	16.729	538
12	10	4	40	10	right	right	1	6	17.143	350
12	11	4	40	10	right	left	0	8	16.878	474
12	12	4	40	10	left	left	1	7	16.018	437
12	13	4	40	10	right	right	1	9	16.014	562
12	14	4	40	10	left	left	1	9	15.544	579
12	15	4	40	10	left	left	1	7	15.453	453
12	16	4	40	10	right	left	0	7	16.393	427
12	17	4	40	10	right	left	0	6	15.748	381
12	18	4	40	10	left	left	1	12	16.194	741
12	19	4	40	10	left	left	1	16	15.224	1051
12	20	4	40	10	right	right	1	14	15.766	888
12	21	4	40	10	right	right	1	11	15.089	729
12	22	4	40	10	right	right	1	11	15.027	732
12	23	4	40	10	right	right	1	18	15.721	1145
12	24	4	40	10	left	left	1	9	16.043	561
12	25	4	40	10	left	left	1	7	15.317	457
12	26	4	40	10	right	right	1	9	16.1	559
12	27	4	40	10	right	left	0	10	16.051	623
12	28	4	40	10	right	right	1	10	16.502	606
12	29	4	40	10	left	right	0	12	16.129	744
12	30	4	40	10	left	left	1	33	15.493	2130
12	31	4	40	10	left	left	1	10	15.748	635
12	32	4	40	10	right	right	1	14	15.538	901
12	33	4	40	10	right	left	0	11	16.012	687
12	34	4	40	10	left	left	1	7	16.548	423
12	35	4	40	10	left	right	0	9	16.886	533
12	36	4	40	10	left	left	1	12	15.915	754
12	37	4	40	10	right	right	1	12	15.979	751
12	38	4	40	10	left	right	0	10	15.504	645
12	39	4	40	10	right	right	1	12	15.544	772
12	40	4	40	10	left	left	1	10	16.181	618
13	1	4	40	10	right	right	1	7	15.66	447
13	2	4	40	10	left	right	0	7	15.73	445
13	3	4	40	10	left	right	0	5	18.45	271
13	4	4	40	10	right	right	1	6	16.484	364
13	5	4	40	10	left	left	1	11	16.369	672
13	6	4	40	10	left	right	0	10	15.361	651
13	7	4	40	10	left	left	1	8	15.534	515
13	8	4	40	10	right	right	1	11	16.296	675
13	9	4	40	10	left	right	0	8	16.461	486
13	10	4	40	10	left	left	1	11	15.782	697
13	11	4	40	10	right	right	1	12	15.686	765
13	12	4	40	10	right	right	1	10	16.807	595
13	13	4	40	10	left	left	1	8	16.771	477
13	14	4	40	10	right	right	1	12	16.238	739
13	15	4	40	10	left	left	1	7	16.471	425
13	16	4	40	10	right	right	1	10	16.077	622
13	17	4	40	10	right	right	1	12	16.129	744
13	18	4	40	10	right	right	1	9	16.393	549
13	19	4	40	10	left	right	0	9	16.393	549
13	20	4	40	10	left	left	1	11	16.129	682
13	21	4	40	10	right	right	1	12	16	750
13	22	4	40	10	right	right	1	10	16.556	604
13	23	4	40	10	right	right	1	17	15.554	1093
13	24	4	40	10	left	left	1	10	16.129	620
13	25	4	40	10	left	right	0	10	15.314	653
13	26	4	40	10	right	right	1	11	16.058	685
13	27	4	40	10	left	left	1	11	16.176	680
13	28	4	40	10	left	right	0	8	15.748	508
13	29	4	40	10	right	right	1	7	15.909	440
13	30	4	40	10	right	right	1	11	15.67	702
13	31	4	40	10	left	right	0	9	15.571	578
13	32	4	40	10	right	right	1	6	15.957	376
13	33	4	40	10	left	left	1	7	16.99	412
13	34	4	40	10	right	left	0	6	15.267	393
13	35	4	40	10	left	right	0	9	15.789	570
13	36	4	40	10	right	right	1	8	16.667	480
13	37	4	40	10	left	left	1	10	15.873	630
13	38	4	40	10	right	right	1	11	16.153	681
13	39	4	40	10	right	right	1	17	15.933	1067
13	40	4	40	10	left	right	0	16	15.137	1057
14	1	4	40	10	left	right	0	9	16.275	553
14	2	4	40	10	left	right	0	9	15.679	574
14	3	4	40	10	left	left	1	11	15.363	716
14	4	4	40	10	left	left	1	15	15.496	968
14	5	4	40	10	right	right	1	8	16.563	483
14	6	4	40	10	left	left	1	7	17.073	410
14	7	4	40	10	right	right	1	8	16.701	479
14	8	4	40	10	left	left	1	8	15.238	525
14	9	4	40	10	left	right	0	10	15.314	653
14	10	4	40	10	right	right	1	7	15.217	460
14	11	4	40	10	right	right	1	12	15.584	770
14	12	4	40	10	right	right	1	10	16.447	608
14	13	4	40	10	left	left	1	10	15.385	650
14	14	4	40	10	right	left	0	9	16.636	541
14	15	4	40	10	right	right	1	9	16.014	562
14	16	4	40	10	left	left	1	10	15.385	650
14	17	4	40	10	right	left	0	9	15.28	589
14	18	4	40	10	left	right	0	9	15.332	587
14	19	4	40	10	right	right	1	8	15.355	521
14	20	4	40	10	right	right	1	15	15.609	961
14	21	4	40	10	right	left	0	12	15.564	771
14	22	4	40	10	left	right	0	9	16.393	549
14	23	4	40	10	right	right	1	16	15.459	1035
14	24	4	40	10	right	right	1	10	15.848	631
14	25	4	40	10	left	right	0	14	16.018	874
14	26	4	40	10	right	right	1	10	16.051	623
14	27	4	40	10	right	right	1	13	15.606	833
14	28	4	40	10	right	right	1	10	16.026	624
14	29	4	40	10	right	left	0	15	15.576	963
14	30	4	40	10	left	left	1	10	15.773	634
14	31	4	40	10	left	left	1	13	15.854	820
14	32	4	40	10	left	left	1	10	15.337	652
14	33	4	40	10	left	left	1	12	16.327	735
14	34	4	40	10	right	right	1	9	15.332	587
14	35	4	40	10	left	left	1	9	16.636	541
14	36	4	40	10	right	left	0	10	16.103	621
14	37	4	40	10	left	right	0	9	16.698	539
14	38	4	40	10	left	right	0	12	15.152	792
14	39	4	40	10	right	left	0	10	16.807	595
14	40	4	40	10	left	left	1	10	15.385	650
15	1	4	40	10	right	left	0	10	15.625	640
15	2	4	40	10	right	left	0	8	16.667	480
15	3	4	40	10	left	left	1	10	16.155	619
15	4	4	40	10	right	right	1	15	15.045	997
15	5	4	40	10	left	left	1	9	15.625	576
15	6	4	40	10	right	right	1	24	15.296	1569
15	7	4	40	10	right	right	1	12	15.404	779
15	8	4	40	10	left	left	1	10	15.798	633
15	9	4	40	10	right	right	1	10	15.723	636
15	10	4	40	10	left	left	1	11	15.32	718
15	11	4	40	10	left	left	1	14	16.148	867
15	12	4	40	10	right	right	1	11	16.492	667
15	13	4	40	10	left	left	1	10	16.722	598
15	14	4	40	10	left	left	1	10	15.625	640
15	15	4	40	10	right	left	0	11	15.737	699
15	16	4	40	10	right	right	1	10	15.528	644
15	17	4	40	10	right	right	1	9	15.679	574
15	18	4	40	10	right	right	1	9	15.873	567
15	19	4	40	10	left	right	0	8	15.873	504
15	20	4	40	10	right	right	1	9	16.667	540
15	21	4	40	10	right	right	1	10	15.337	652
15	22	4	40	10	right	right	1	12	16.151	743
15	23	4	40	10	left	left	1	9	16.187	556
15	24	4	40	10	left	left	1	12	15.524	773
15	25	4	40	10	left	right	0	12	16.064	747
15	26	4	40	10	right	right	1	18	15.887	1133
15	27	4	40	10	right	right	1	11	15.537	708
15	28	4	40	10	right	right	1	9	15.203	592
15	29	4	40	10	left	right	0	11	16.717	658
15	30	4	40	10	right	right	1	9	15.385	585
15	31	4	40	10	left	left	1	7	14.989	467
15	32	4	40	10	left	right	0	13	15.912	817
15	33	4	40	10	left	left	1	9	15.929	565
15	34	4	40	10	left	left	1	31	15.4	2013
15	35	4	40	10	right	right	1	14	15.436	907
15	36	4	40	10	left	left	1	12	15.686	765
15	37	4	40	10	left	right	0	13	15.892	818
15	38	4	40	10	left	left	1	8	16.194	494
15	39	4	40	10	left	left	1	16	15.429	1037
15	40	4	40	10	right	right	1	13	15.312	849
16	1	4	40	10	right	left	0	10	15.823	632
16	2	4	40	10	left	left	1	7	15.66	447
16	3	4	40	10	left	left	1	8	15.238	525
16	4	4	40	10	left	left	1	9	16.393	549
16	5	4	40	10	right	right	1	7	15.73	445
16	6	4	40	10	left	left	1	7	16.092	435
16	7	4	40	10	left	left	1	12	15.957	752
16	8	4	40	10	right	right	1	8	16.771	477
16	9	4	40	10	right	right	1	10	16.129	620
16	10	4	40	10	right	right	1	7	15.419	454
16	11	4	40	10	right	right	1	9	16.667	540
16	12	4	40	10	left	left	1	10	15.528	644
16	13	4	40	10	left	left	1	10	16.051	623
16	14	4	40	10	left	right	0	8	15.873	504
16	15	4	40	10	right	right	1	7	15.217	460
16	16	4	40	10	right	right	1	12	16.086	746
16	17	4	40	10	left	left	1	7	16.867	415
16	18	4	40	10	left	left	1	9	16.886	533
16	19	4	40	10	right	right	1	11	16.082	684
16	20	4	40	10	left	left	1	9	15.203	592
16	21	4	40	10	left	right	0	7	17.157	408
16	22	4	40	10	right	right	1	9	15.571	578
16	23	4	40	10	left	left	1	7	16.092	435
16	24	4	40	10	right	right	1	9	16.791	536
16	25	4	40	10	right	right	1	9	15.411	584
16	26	4	40	10	left	left	1	7	16.166	433
16	27	4	40	10	right	right	1	7	15.152	462
16	28	4	40	10	left	left	1	7	16.355	428
16	29	4	40	10	left	right	0	8	16.36	489
16	30	4	40	10	right	right	1	6	15.748	381
16	31	4	40	10	left	left	1	8	15.842	505
16	32	4	40	10	right	right	1	8	16.985	471
16	33	4	40	10	left	left	1	9	15.679	574
16	34	4	40	10	right	right	1	7	16.588	422
16	35	4	40	10	right	left	0	7	15.487	452
16	36	4	40	10	right	right	1	9	16.605	542
16	37	4	40	10	left	left	1	10	16.722	598
16	38	4	40	10	right	right	1	7	15.625	448
16	39	4	40	10	right	right	1	7	15.184	461
16	40	4	40	10	left	left	1	9	15.762	571
17	1	4	40	10	left	left	1	11	16.272	676
17	2	4	40	10	left	left	1	8	15.905	503
17	3	4	40	10	right	right	1	8	16.736	478
17	4	4	40	10	left	left	1	8	16.771	477
17	5	4	40	10	left	left	1	8	15.296	523
17	6	4	40	10	left	left	1	7	15.837	442
17	7	4	40	10	right	right	1	11	15.805	696
17	8	4	40	10	right	left	0	7	16.99	412
17	9	4	40	10	left	left	1	8	16.495	485
17	10	4	40	10	right	right	1	7	15.766	444
17	11	4	40	10	right	right	1	8	15.564	514
17	12	4	40	10	right	right	1	13	16.23	801
17	13	4	40	10	left	left	1	7	16.827	416
17	14	4	40	10	left	left	1	8	15.267	524
17	15	4	40	10	right	right	1	12	15.707	764
17	16	4	40	10	right	left	0	13	15.294	850
17	17	4	40	10	left	left	1	8	16.461	486
17	18	4	40	10	left	left	1	11	16.058	685
17	19	4	40	10	right	right	1	7	15.351	456
17	20	4	40	10	right	left	0	8	16.427	487
17	21	4	40	10	right	right	1	8	16.064	498
17	22	4	40	10	right	left	0	7	15.317	457
17	23	4	40	10	right	right	1	11	16.082	684
17	24	4	40	10	right	right	1	8	17.021	470
17	25	4	40	10	right	left	0	10	15.873	630
17	26	4	40	10	left	right	0	7	17.327	404
17	27	4	40	10	right	right	1	7	17.632	397
17	28	4	40	10	left	left	1	11	16.129	682
17	29	4	40	10	right	right	1	7	15.453	453
17	30	4	40	10	left	left	1	8	15.779	507
17	31	4	40	10	left	right	0	9	15.544	579
17	32	4	40	10	left	right	0	7	16.471	425
17	33	4	40	10	left	left	1	7	15.251	459
17	34	4	40	10	right	left	0	9	15.817	569
17	35	4	40	10	right	right	1	7	15.695	446
17	36	4	40	10	left	left	1	10	15.723	636
17	37	4	40	10	left	left	1	8	16.194	494
17	38	4	40	10	left	left	1	8	15.717	509
17	39	4	40	10	right	right	1	9	16.667	540
17	40	4	40	10	left	left	1	7	15.766	444
18	1	4	40	10	left	right	0	10	16.611	602
18	2	4	40	10	right	right	1	9	15.203	592
18	3	4	40	10	right	right	1	13	15.439	842
18	4	4	40	10	right	right	1	9	15.571	578
18	5	4	40	10	left	left	1	8	16.842	475
18	6	4	40	10	left	left	1	8	15.81	506
18	7	4	40	10	right	right	1	8	16.097	497
18	8	4	40	10	right	right	1	17	15.858	1072
18	9	4	40	10	right	right	1	13	15.682	829
18	10	4	40	10	right	left	0	7	16.949	413
18	11	4	40	10	right	right	1	8	16.736	478
18	12	4	40	10	right	right	1	11	16.442	669
18	13	4	40	10	right	right	1	8	16.129	496
18	14	4	40	10	left	left	1	10	16.26	615
18	15	4	40	10	left	left	1	11	15.449	712
18	16	4	40	10	left	left	1	19	15.677	1212
18	17	4	40	10	left	left	1	10	15.699	637
18	18	4	40	10	right	right	1	9	16.822	535
18	19	4	40	10	right	right	1	8	16.162	495
18	20	4	40	10	left	left	1	7	15.152	462
18	21	4	40	10	left	left	1	7	16.99	412
18	22	4	40	10	right	left	0	9	16.76	537
18	23	4	40	10	left	left	1	11	16.616	662
18	24	4	40	10	left	left	1	12	16.107	745
18	25	4	40	10	right	left	0	12	16.173	742
18	26	4	40	10	left	left	1	9	15.625	576
18	27	4	40	10	left	left	1	12	15.769	761
18	28	4	40	10	left	left	1	10	16.051	623
18	29	4	40	10	left	right	0	12	15.306	784
18	30	4	40	10	left	left	1	7	15.251	459
18	31	4	40	10	left	left	1	12	15.113	794
18	32	4	40	10	right	right	1	15	16.164	928
18	33	4	40	10	right	right	1	9	16.245	554
18	34	4	40	10	right	left	0	16	15.595	1026
18	35	4	40	10	right	right	1	7	14.957	468
18	36	4	40	10	right	right	1	11	16.717	658
18	37	4	40	10	left	left	1	9	15.28	589
18	38	4	40	10	left	left	1	11	16.591	663
18	39	4	40	10	right	right	1	11	15.068	730
18	40	4	40	10	left	right	0	13	15.205	855
19	1	4	40	10	left	left	1	7	16.018	437
19	2	4	40	10	left	left	1	7	16.092	435
19	3	4	40	10	left	left	1	7	16.204	432
19	4	4	40	10	left	left	1	7	15.453	453
19	5	4	40	10	right	right	1	9	15.571	578
19	6	4	40	10	right	right	1	6	15.464	388
19	7	4	40	10	left	left	1	9	16.304	552
19	8	4	40	10	left	right	0	8	15.873	504
19	9	4	40	10	left	tooFast	2	4	16.393	244
19	10	4	40	10	left	left	1	6	16.304	368
19	11	4	40	10	right	left	0	10	16.556	604
19	12	4	40	10	left	left	1	9	16.917	532
19	13	4	40	10	right	right	1	8	16.032	499
19	14	4	40	10	right	left	0	9	16.484	546
19	15	4	40	10	left	right	0	7	15.385	455
19	16	4	40	10	left	right	0	7	16.746	418
19	17	4	40	10	right	right	1	6	15.789	380
19	18	4	40	10	right	right	1	12	15.789	760
19	19	4	40	10	right	right	1	11	16.058	685
19	20	4	40	10	right	left	0	7	15.054	465
19	21	4	40	10	left	right	0	9	16.667	540
19	22	4	40	10	right	right	1	8	16.129	496
19	23	4	40	10	left	right	0	14	16.073	871
19	24	4	40	10	left	left	1	17	15.799	1076
19	25	4	40	10	right	right	1	34	15.441	2202
19	26	4	40	10	left	left	1	12	16.021	749
19	27	4	40	10	left	left	1	11	15.068	730
19	28	4	40	10	right	right	1	11	16.2	679
19	29	4	40	10	left	left	1	10	16.584	603
19	30	4	40	10	right	left	0	12	15.707	764
19	31	4	40	10	right	right	1	8	15.905	503
19	32	4	40	10	left	right	0	13	15.663	830
19	33	4	40	10	right	right	1	9	16.453	547
19	34	4	40	10	right	right	1	9	15.986	563
19	35	4	40	10	right	right	1	11	15.193	724
19	36	4	40	10	left	right	0	9	16.043	561
19	37	4	40	10	left	left	1	11	15.342	717
19	38	4	40	10	right	right	1	11	16.541	665
19	39	4	40	10	right	right	1	11	16.058	685
19	40	4	40	10	right	right	1	15	16.026	936
20	1	4	40	10	left	right	0	10	15.221	657
20	2	4	40	10	right	right	1	8	16.913	473
20	3	4	40	10	right	right	1	10	16.694	599
20	4	4	40	10	left	left	1	12	15.132	793
20	5	4	40	10	left	right	0	12	15.979	751
20	6	4	40	10	left	left	1	11	16.717	658
20	7	4	40	10	left	right	0	9	16.393	549
20	8	4	40	10	right	right	1	7	17.073	410
20	9	4	40	10	right	right	1	11	16.591	663
20	10	4	40	10	left	left	1	9	15.358	586
20	11	4	40	10	left	left	1	9	16.917	532
20	12	4	40	10	right	right	1	9	15.762	571
20	13	4	40	10	right	left	0	8	16	500
20	14	4	40	10	right	right	1	9	15.625	576
20	15	4	40	10	right	right	1	8	15.595	513
20	16	4	40	10	left	left	1	14	16.204	864
20	17	4	40	10	right	right	1	8	16.129	496
20	18	4	40	10	left	left	1	9	16.1	559
20	19	4	40	10	left	left	1	11	15.299	719
20	20	4	40	10	left	left	1	15	15.823	948
20	21	4	40	10	left	left	1	12	15.979	751
20	22	4	40	10	right	right	1	11	15.363	716
20	23	4	40	10	left	left	1	10	16.207	617
20	24	4	40	10	right	right	1	11	16.105	683
20	25	4	40	10	left	left	1	11	16.035	686
20	26	4	40	10	right	right	1	8	15.094	530
20	27	4	40	10	left	left	1	8	15.842	505
20	28	4	40	10	right	left	0	13	15.606	833
20	29	4	40	10	left	left	1	7	16.018	437
20	30	4	40	10	right	right	1	7	14.989	467
20	31	4	40	10	right	left	0	8	15.842	505
20	32	4	40	10	right	right	1	7	15.453	453
20	33	4	40	10	left	right	0	8	16.032	499
20	34	4	40	10	right	right	1	7	16.867	415
20	35	4	40	10	left	left	1	5	15.432	324
20	36	4	40	10	left	left	1	9	15.679	574
20	37	4	40	10	left	left	1	7	15.945	439
20	38	4	40	10	right	right	1	5	16.234	308
20	39	4	40	10	right	left	0	6	15.385	390
20	40	4	40	10	right	right	1	8	15.873	504
21	1	4	40	10	right	right	1	8	15.534	515
21	2	4	40	10	left	left	1	6	14.888	403
21	3	4	40	10	right	right	1	7	16.548	423
21	4	4	40	10	left	right	0	7	15.766	444
21	5	4	40	10	left	right	0	6	17.094	351
21	6	4	40	10	right	right	1	6	15.666	383
21	7	4	40	10	left	right	0	10	16.584	603
21	8	4	40	10	left	left	1	7	16.166	433
21	9	4	40	10	left	left	1	11	16.616	662
21	10	4	40	10	right	right	1	10	16.611	602
21	11	4	40	10	right	right	1	8	15.534	515
21	12	4	40	10	right	right	1	8	15.534	515
21	13	4	40	10	left	right	0	6	15.228	394
21	14	4	40	10	right	right	1	7	16.667	420
21	15	4	40	10	right	right	1	18	15.517	1160
21	16	4	40	10	left	left	1	12	16.304	736
21	17	4	40	10	right	right	1	11	15.32	718
21	18	4	40	10	right	left	0	13	15.294	850
21	19	4	40	10	left	left	1	9	15.901	566
21	20	4	40	10	right	right	1	11	16.012	687
21	21	4	40	10	left	left	1	22	15.331	1435
21	22	4	40	10	left	left	1	8	16.598	482
21	23	4	40	10	right	left	0	7	15.086	464
21	24	4	40	10	left	left	1	8	16.293	491
21	25	4	40	10	left	left	1	10	15.385	650
21	26	4	40	10	left	right	0	10	16.75	597
21	27	4	40	10	right	right	1	11	15.385	715
21	28	4	40	10	right	right	1	8	15.414	519
21	29	4	40	10	left	left	1	11	16.393	671
21	30	4	40	10	left	left	1	8	16.293	491
21	31	4	40	10	right	left	0	10	16.835	594
21	32	4	40	10	left	left	1	8	16.701	479
21	33	4	40	10	left	left	1	11	16.616	662
21	34	4	40	10	right	left	0	10	16.835	594
21	35	4	40	10	right	left	0	10	15.649	639
21	36	4	40	10	right	left	0	10	16.051	623
21	37	4	40	10	right	right	1	15	15.544	965
21	38	4	40	10	left	right	0	12	15.789	760
21	39	4	40	10	left	left	1	8	16.293	491
21	40	4	40	10	right	right	1	9	15.598	577
22	1	4	40	10	right	left	0	9	16.544	544
22	2	4	40	10	left	left	1	11	15.515	709
22	3	4	40	10	left	left	1	9	15.571	578
22	4	4	40	10	left	left	1	9	16.245	554
22	5	4	40	10	right	right	1	8	16.064	498
22	6	4	40	10	left	left	1	9	15.177	593
22	7	4	40	10	left	left	1	11	16.692	659
22	8	4	40	10	right	right	1	8	15.238	525
22	9	4	40	10	left	left	1	9	16.423	548
22	10	4	40	10	left	left	1	9	15.929	565
22	11	4	40	10	right	right	1	15	15.658	958
22	12	4	40	10	left	right	0	10	16.026	624
22	13	4	40	10	right	right	1	15	15.496	968
22	14	4	40	10	right	right	1	8	16.032	499
22	15	4	40	10	right	right	1	11	15.581	706
22	16	4	40	10	left	left	1	9	16.854	534
22	17	4	40	10	right	right	1	9	15.254	590
22	18	4	40	10	left	left	1	10	16.051	623
22	19	4	40	10	right	right	1	8	15.564	514
22	20	4	40	10	right	left	0	9	16.275	553
22	21	4	40	10	right	right	1	7	17.199	407
22	22	4	40	10	right	right	1	8	15.296	523
22	23	4	40	10	left	right	0	11	16.692	659
22	24	4	40	10	left	left	1	7	16.667	420
22	25	4	40	10	right	right	1	9	16.514	545
22	26	4	40	10	left	left	1	9	16.043	561
22	27	4	40	10	right	right	1	10	16.181	618
22	28	4	40	10	right	right	1	10	15.528	644
22	29	4	40	10	right	right	1	9	16.822	535
22	30	4	40	10	left	left	1	8	15.656	511
22	31	4	40	10	left	right	0	9	16.605	542
22	32	4	40	10	left	left	1	9	16.917	532
22	33	4	40	10	left	left	1	10	16.584	603
22	34	4	40	10	left	left	1	13	16.311	797
22	35	4	40	10	right	left	0	9	15.332	587
22	36	4	40	10	right	left	0	7	16.787	417
22	37	4	40	10	left	left	1	10	16.584	603
22	38	4	40	10	left	left	1	10	15.723	636
22	39	4	40	10	right	right	1	10	15.48	646
22	40	4	40	10	right	right	1	12	15.769	761
23	1	4	40	10	right	left	0	9	15.598	577
23	2	4	40	10	left	left	1	7	17.157	408
23	3	4	40	10	right	right	1	9	16.886	533
23	4	4	40	10	left	left	1	8	15.296	523
23	5	4	40	10	right	right	1	10	15.748	635
23	6	4	40	10	right	left	0	8	15.717	509
23	7	4	40	10	right	right	1	8	16.632	481
23	8	4	40	10	left	left	1	9	16.822	535
23	9	4	40	10	right	right	1	6	15.666	383
23	10	4	40	10	left	right	0	6	15.831	379
23	11	4	40	10	right	left	0	6	16.129	372
23	12	4	40	10	right	right	1	7	15.453	453
23	13	4	40	10	left	left	1	8	15.81	506
23	14	4	40	10	left	right	0	8	16.632	481
23	15	4	40	10	left	left	1	11	16.058	685
23	16	4	40	10	left	left	1	9	16.071	560
23	17	4	40	10	left	left	1	11	16.153	681
23	18	4	40	10	left	left	1	12	16.216	740
23	19	4	40	10	right	right	1	11	15.782	697
23	20	4	40	10	left	right	0	12	15.831	758
23	21	4	40	10	left	left	1	10	15.432	648
23	22	4	40	10	left	left	1	10	15.361	651
23	23	4	40	10	left	right	0	13	15.815	822
23	24	4	40	10	right	right	1	13	15.738	826
23	25	4	40	10	left	left	1	11	16.369	672
23	26	4	40	10	right	right	1	15	16.094	932
23	27	4	40	10	left	right	0	11	16.641	661
23	28	4	40	10	left	left	1	10	15.314	653
23	29	4	40	10	right	right	1	13	15.625	832
23	30	4	40	10	right	right	1	11	15.471	711
23	31	4	40	10	right	right	1	17	15.799	1076
23	32	4	40	10	left	right	0	16	15.857	1009
23	33	4	40	10	right	right	1	10	16.807	595
23	34	4	40	10	right	right	1	11	15.737	699
23	35	4	40	10	right	left	0	11	15.647	703
23	36	4	40	10	left	right	0	9	16.304	552
23	37	4	40	10	right	right	1	9	16.605	542
23	38	4	40	10	left	left	1	9	16.605	542
23	39	4	40	10	right	right	1	8	15.686	510
23	40	4	40	10	right	right	1	7	16.018	437
24	1	4	40	10	right	right	1	7	15.73	445
24	2	4	40	10	right	right	1	7	15.556	450
24	3	4	40	10	right	left	0	8	15.873	504
24	4	4	40	10	left	right	0	8	15.504	516
24	5	4	40	10	right	left	0	7	16.827	416
24	6	4	40	10	left	left	1	9	16.014	562
24	7	4	40	10	left	left	1	8	16.032	499
24	8	4	40	10	left	right	0	10	16.835	594
24	9	4	40	10	right	right	1	9	16.544	544
24	10	4	40	10	left	left	1	9	16.791	536
24	11	4	40	10	right	right	1	17	15.977	1064
24	12	4	40	10	left	left	1	11	15.493	710
24	13	4	40	10	right	right	1	10	15.974	626
24	14	4	40	10	left	left	1	11	16.467	668
24	15	4	40	10	right	right	1	16	15.385	1040
24	16	4	40	10	left	left	1	10	15.152	660
24	17	4	40	10	right	right	1	10	16.474	607
24	18	4	40	10	right	right	1	9	15.845	568
24	19	4	40	10	left	left	1	8	15.842	505
24	20	4	40	10	left	left	1	7	15.086	464
24	21	4	40	10	right	left	0	8	15.209	526
24	22	4	40	10	right	left	0	7	15.837	442
24	23	4	40	10	left	left	1	9	15.491	581
24	24	4	40	10	right	right	1	17	15.992	1063
24	25	4	40	10	left	left	1	12	15.727	763
24	26	4	40	10	right	right	1	14	16.037	873
24	27	4	40	10	right	right	1	13	15.588	834
24	28	4	40	10	left	left	1	10	16.207	617
24	29	4	40	10	left	left	1	9	15.332	587
24	30	4	40	10	left	left	1	9	15.517	580
24	31	4	40	10	left	left	1	9	15.707	573
24	32	4	40	10	left	left	1	9	15.464	582
24	33	4	40	10	left	left	1	11	16.2	679
24	34	4	40	10	right	right	1	9	15.762	571
24	35	4	40	10	right	right	1	11	16.296	675
24	36	4	40	10	right	left	0	9	16.575	543
24	37	4	40	10	left	left	1	7	16.055	436
24	38	4	40	10	left	left	1	8	16.097	497
24	39	4	40	10	right	right	1	9	15.625	576
24	40	4	40	10	right	right	1	7	15.909	440
