
blkNum	trlNum	coherentDots	numberofDots	percentCoherence	winningDirection	response	correct	eventCount	averageFrameRate	RT
1	1	4	40	10	left	left	1	122	15.002	8132
1	2	4	40	10	right	right	1	41	15.35	2671
1	3	4	40	10	left	left	1	19	15.447	1230
1	4	4	40	10	left	right	0	22	15.737	1398
1	5	4	40	10	right	left	0	61	15.369	3969
1	6	4	40	10	left	right	0	40	15.396	2598
1	7	4	40	10	right	right	1	80	15.2	5263
1	8	4	40	10	right	right	1	102	15.267	6681
1	9	4	40	10	left	left	1	46	15.426	2982
1	10	4	40	10	right	right	1	29	15.583	1861
1	11	4	40	10	right	right	1	42	15.179	2767
1	12	4	40	10	right	right	1	30	15.432	1944
1	13	4	40	10	left	left	1	12	16.216	740
1	14	4	40	10	left	right	0	86	15.16	5673
1	15	4	40	10	left	left	1	37	15.308	2417
1	16	4	40	10	right	left	0	41	15.373	2667
2	1	4	40	10	left	left	1	43	15.184	2832
2	2	4	40	10	right	right	1	77	15.317	5027
2	3	4	40	10	left	left	1	29	15.247	1902
2	4	4	40	10	right	right	1	49	15.308	3201
2	5	4	40	10	right	right	1	36	15.222	2365
2	6	4	40	10	right	right	1	118	15.167	7780
2	7	4	40	10	left	left	1	37	15.133	2445
2	8	4	40	10	left	left	1	14	15.251	918
2	9	4	40	10	right	left	0	17	15.873	1071
2	10	4	40	10	left	left	1	39	15.366	2538
2	11	4	40	10	left	left	1	31	15.4	2013
2	12	4	40	10	right	right	1	55	15.337	3586
2	13	4	40	10	right	right	1	47	15.215	3089
2	14	4	40	10	right	right	1	21	15.602	1346
2	15	4	40	10	left	left	1	17	15.192	1119
2	16	4	40	10	left	left	1	107	15.255	7014
2	17	4	40	10	right	right	1	55	15.227	3612
2	18	4	40	10	right	right	1	21	15.407	1363
3	1	4	40	10	left	left	1	28	15.251	1836
3	2	4	40	10	left	left	1	15	16.077	933
3	3	4	40	10	left	left	1	25	15.567	1606
3	4	4	40	10	right	right	1	33	15.264	2162
3	5	4	40	10	right	right	1	31	15.531	1996
3	6	4	40	10	right	right	1	25	15.235	1641
3	7	4	40	10	right	right	1	19	15.46	1229
3	8	4	40	10	left	left	1	15	15.136	991
3	9	4	40	10	left	left	1	34	15.213	2235
3	10	4	40	10	right	right	1	39	15.439	2526
3	11	4	40	10	left	left	1	43	15.221	2825
3	12	4	40	10	right	right	1	17	15.343	1108
3	13	4	40	10	right	right	1	30	15.283	1963
3	14	4	40	10	left	left	1	22	15.816	1391
3	15	4	40	10	right	right	1	22	15.395	1429
3	16	4	40	10	left	left	1	25	15.586	1604
3	17	4	40	10	right	right	1	14	15.368	911
3	18	4	40	10	left	left	1	14	15.748	889
3	19	4	40	10	left	left	1	13	15.294	850
3	20	4	40	10	left	left	1	43	15.479	2778
3	21	4	40	10	left	left	1	20	15.588	1283
3	22	4	40	10	right	right	1	21	15.73	1335
3	23	4	40	10	right	right	1	19	15.599	1218
3	24	4	40	10	right	right	1	18	15.571	1156
3	25	4	40	10	right	right	1	37	15.139	2444
3	26	4	40	10	left	left	1	15	16.216	925
3	27	4	40	10	left	left	1	10	15.456	647
3	28	4	40	10	left	left	1	22	15.793	1393
3	29	4	40	10	right	right	1	35	15.304	2287
3	30	4	40	10	left	left	1	11	15.193	724
3	31	4	40	10	left	left	1	22	15.625	1408
4	1	4	40	10	left	left	1	15	15.244	984
4	2	4	40	10	right	right	1	13	15.421	843
4	3	4	40	10	left	left	1	12	15.564	771
4	4	4	40	10	right	right	1	11	16.345	673
4	5	4	40	10	right	right	1	16	15.311	1045
4	6	4	40	10	left	left	1	17	15.152	1122
4	7	4	40	10	left	left	1	34	15.504	2193
4	8	4	40	10	right	right	1	10	15.552	643
4	9	4	40	10	left	left	1	8	15.444	518
4	10	4	40	10	left	left	1	27	15.725	1717
4	11	4	40	10	right	right	1	21	15.778	1331
4	12	4	40	10	right	right	1	16	15.748	1016
4	13	4	40	10	right	right	1	19	15.176	1252
4	14	4	40	10	left	left	1	14	16.222	863
4	15	4	40	10	right	right	1	12	15.171	791
4	16	4	40	10	right	right	1	15	15.167	989
4	17	4	40	10	right	right	1	15	15.609	961
4	18	4	40	10	right	right	1	15	15.707	955
4	19	4	40	10	right	right	1	18	15.887	1133
4	20	4	40	10	right	right	1	13	15.682	829
4	21	4	40	10	right	right	1	14	16.129	868
4	22	4	40	10	left	right	0	15	15.94	941
4	23	4	40	10	left	left	1	14	15.556	900
4	24	4	40	10	left	left	1	27	15.58	1733
4	25	4	40	10	right	right	1	13	16.03	811
4	26	4	40	10	left	left	1	45	15.353	2931
4	27	4	40	10	right	right	1	10	15.823	632
4	28	4	40	10	right	right	1	18	15.817	1138
4	29	4	40	10	left	left	1	12	15.132	793
4	30	4	40	10	left	right	0	20	15.637	1279
4	31	4	40	10	left	left	1	13	15.205	855
4	32	4	40	10	left	left	1	12	15.171	791
4	33	4	40	10	left	left	1	21	15.206	1381
4	34	4	40	10	right	right	1	14	15.713	891
4	35	4	40	10	left	right	0	66	15.349	4300
4	36	4	40	10	right	right	1	17	15.497	1097
4	37	4	40	10	right	right	1	30	15.432	1944
5	1	4	40	10	left	left	1	16	15.34	1043
5	2	4	40	10	left	left	1	19	15.237	1247
5	3	4	40	10	left	left	1	17	15.962	1065
5	4	4	40	10	left	left	1	12	15.645	767
5	5	4	40	10	left	left	1	15	16.216	925
5	6	4	40	10	right	right	1	19	15.044	1263
5	7	4	40	10	right	right	1	12	15.287	785
5	8	4	40	10	right	right	1	13	15.644	831
5	9	4	40	10	left	left	1	14	15.521	902
5	10	4	40	10	left	left	1	14	15.234	919
5	11	4	40	10	left	left	1	14	15.47	905
5	12	4	40	10	left	left	1	13	15.738	826
5	13	4	40	10	right	right	1	14	16.298	859
5	14	4	40	10	left	left	1	11	15.406	714
5	15	4	40	10	left	left	1	24	15.085	1591
5	16	4	40	10	left	left	1	30	15.48	1938
5	17	4	40	10	right	right	1	16	15.296	1046
5	18	4	40	10	right	right	1	24	15.676	1531
5	19	4	40	10	left	left	1	23	15.657	1469
5	20	4	40	10	left	left	1	25	15.499	1613
5	21	4	40	10	left	left	1	16	15.61	1025
5	22	4	40	10	left	left	1	26	15.285	1701
5	23	4	40	10	left	left	1	13	15.569	835
5	24	4	40	10	left	left	1	11	15.068	730
5	25	4	40	10	right	right	1	12	15.979	751
5	26	4	40	10	right	right	1	25	15.124	1653
5	27	4	40	10	left	left	1	13	16.23	801
5	28	4	40	10	left	left	1	53	15.23	3480
5	29	4	40	10	right	right	1	20	15.48	1292
5	30	4	40	10	right	right	1	46	15.182	3030
5	31	4	40	10	left	left	1	11	16.418	670
5	32	4	40	10	left	right	0	13	15.169	857
5	33	4	40	10	left	left	1	15	15.416	973
5	34	4	40	10	left	left	1	16	15.137	1057
5	35	4	40	10	left	left	1	12	15.345	782
5	36	4	40	10	left	left	1	13	16.311	797
5	37	4	40	10	right	right	1	18	15.584	1155
5	38	4	40	10	right	right	1	11	16.296	675
6	1	4	40	10	right	right	1	19	15.913	1194
6	2	4	40	10	right	right	1	11	16.692	659
6	3	4	40	10	right	right	1	10	15.848	631
6	4	4	40	10	right	right	1	10	15.601	641
6	5	4	40	10	left	left	1	18	15.267	1179
6	6	4	40	10	right	right	1	25	15.509	1612
6	7	4	40	10	left	left	1	40	15.203	2631
6	8	4	40	10	left	left	1	15	16.216	925
6	9	4	40	10	right	right	1	16	15.399	1039
6	10	4	40	10	left	left	1	16	15.81	1012
6	11	4	40	10	right	right	1	11	15.278	720
6	12	4	40	10	left	left	1	14	16.11	869
6	13	4	40	10	left	left	1	22	15.658	1405
6	14	4	40	10	right	right	1	13	16.189	803
6	15	4	40	10	left	left	1	14	15.317	914
6	16	4	40	10	left	left	1	20	15.492	1291
6	17	4	40	10	right	right	1	10	16.26	615
6	18	4	40	10	right	left	0	14	15.766	888
6	19	4	40	10	left	left	1	13	15.971	814
6	20	4	40	10	right	right	1	12	15.686	765
6	21	4	40	10	left	left	1	20	15.785	1267
6	22	4	40	10	left	right	0	103	15.172	6789
6	23	4	40	10	right	right	1	64	15.285	4187
6	24	4	40	10	right	left	0	56	15.317	3656
6	25	4	40	10	left	right	0	22	15.839	1389
6	26	4	40	10	left	left	1	11	15.805	696
6	27	4	40	10	left	right	0	49	15.18	3228
6	28	4	40	10	left	left	1	61	15.292	3989
6	29	4	40	10	right	right	1	41	15.408	2661
7	1	4	40	10	right	right	1	39	15.336	2543
7	2	4	40	10	left	left	1	14	16.298	859
7	3	4	40	10	right	right	1	13	15.276	851
7	4	4	40	10	right	right	1	15	15.576	963
7	5	4	40	10	left	left	1	15	15.045	997
7	6	4	40	10	right	right	1	16	15.671	1021
7	7	4	40	10	left	left	1	12	15.852	757
7	8	4	40	10	right	right	1	16	15.109	1059
7	9	4	40	10	right	right	1	22	15.816	1391
7	10	4	40	10	left	left	1	22	15.658	1405
7	11	4	40	10	left	left	1	59	15.132	3899
7	12	4	40	10	right	right	1	11	15.942	690
7	13	4	40	10	left	left	1	14	15.521	902
7	14	4	40	10	right	right	1	10	16.26	615
7	15	4	40	10	left	left	1	46	15.416	2984
7	16	4	40	10	right	right	1	18	15.424	1167
7	17	4	40	10	left	left	1	10	15.267	655
7	18	4	40	10	right	right	1	12	15.748	762
7	19	4	40	10	right	right	1	22	15.714	1400
7	20	4	40	10	left	left	1	49	15.322	3198
7	21	4	40	10	left	left	1	22	15.172	1450
7	22	4	40	10	right	right	1	13	15.312	849
7	23	4	40	10	left	left	1	12	16.107	745
7	24	4	40	10	right	right	1	15	16.199	926
7	25	4	40	10	right	left	0	23	15.541	1480
7	26	4	40	10	right	right	1	14	15.677	893
7	27	4	40	10	left	right	0	41	15.495	2646
7	28	4	40	10	left	left	1	31	15.248	2033
7	29	4	40	10	left	left	1	41	15.168	2703
7	30	4	40	10	left	left	1	51	15.329	3327
7	31	4	40	10	left	right	0	70	15.274	4583
8	1	4	40	10	right	right	1	20	15.175	1318
8	2	4	40	10	right	right	1	18	15.943	1129
8	3	4	40	10	right	right	1	16	15.504	1032
8	4	4	40	10	left	right	0	47	15.275	3077
8	5	4	40	10	right	right	1	30	15.601	1923
8	6	4	40	10	left	left	1	10	16.051	623
8	7	4	40	10	right	right	1	15	15.106	993
8	8	4	40	10	left	left	1	11	15.342	717
8	9	4	40	10	left	left	1	11	15.428	713
8	10	4	40	10	right	right	1	10	15.699	637
8	11	4	40	10	left	left	1	10	15.823	632
8	12	4	40	10	right	right	1	10	16.835	594
8	13	4	40	10	left	left	1	9	16.667	540
8	14	4	40	10	right	right	1	14	15.556	900
8	15	4	40	10	right	left	0	7	15.453	453
8	16	4	40	10	left	right	0	41	15.118	2712
8	17	4	40	10	left	left	1	32	15.296	2092
8	18	4	40	10	right	right	1	15	15.957	940
8	19	4	40	10	left	left	1	12	16	750
8	20	4	40	10	left	left	1	40	15.51	2579
8	21	4	40	10	right	right	1	15	15.121	992
8	22	4	40	10	right	right	1	26	15.449	1683
8	23	4	40	10	right	right	1	15	15.756	952
8	24	4	40	10	right	right	1	14	15.713	891
8	25	4	40	10	right	right	1	14	15.677	893
8	26	4	40	10	right	right	1	15	16.06	934
8	27	4	40	10	left	left	1	40	15.337	2608
8	28	4	40	10	right	right	1	23	15.743	1461
8	29	4	40	10	left	left	1	27	15.716	1718
8	30	4	40	10	left	left	1	14	15.301	915
8	31	4	40	10	left	left	1	56	15.23	3677
8	32	4	40	10	left	left	1	27	15.725	1717
8	33	4	40	10	left	left	1	27	15.661	1724
8	34	4	40	10	left	left	1	17	15.371	1106
9	1	4	40	10	left	left	1	15	15.89	944
9	2	4	40	10	right	right	1	14	15.453	906
9	3	4	40	10	right	right	1	47	15.161	3100
9	4	4	40	10	right	right	1	32	15.348	2085
9	5	4	40	10	left	left	1	9	16.423	548
9	6	4	40	10	left	left	1	27	15.297	1765
9	7	4	40	10	right	right	1	23	15.416	1492
9	8	4	40	10	right	right	1	12	15.385	780
9	9	4	40	10	left	left	1	12	16.238	739
9	10	4	40	10	left	left	1	11	15.625	704
9	11	4	40	10	right	right	1	23	15.405	1493
9	12	4	40	10	right	right	1	15	15.045	997
9	13	4	40	10	right	right	1	14	15.766	888
9	14	4	40	10	right	right	1	16	15.984	1001
9	15	4	40	10	left	left	1	18	15.241	1181
9	16	4	40	10	right	left	0	13	15.682	829
9	17	4	40	10	right	right	1	12	15.464	776
9	18	4	40	10	left	left	1	15	15.275	982
9	19	4	40	10	right	right	1	54	15.16	3562
9	20	4	40	10	right	right	1	25	15.48	1615
9	21	4	40	10	left	left	1	24	15.277	1571
9	22	4	40	10	right	left	0	48	15.321	3133
9	23	4	40	10	right	right	1	49	15.255	3212
9	24	4	40	10	right	left	0	50	15.432	3240
9	25	4	40	10	left	left	1	92	15.187	6058
9	26	4	40	10	right	left	0	58	15.421	3761
9	27	4	40	10	left	left	1	41	15.344	2672
10	1	4	40	10	left	left	1	15	15.091	994
10	2	4	40	10	right	right	1	41	15.264	2686
10	3	4	40	10	left	left	1	19	15.261	1245
10	4	4	40	10	right	right	1	39	15.193	2567
10	5	4	40	10	left	left	1	12	16.064	747
10	6	4	40	10	left	left	1	17	15.192	1119
10	7	4	40	10	right	right	1	13	15.366	846
10	8	4	40	10	left	left	1	14	16.092	870
10	9	4	40	10	right	right	1	27	15.42	1751
10	10	4	40	10	right	left	0	12	15.345	782
10	11	4	40	10	left	left	1	25	15.161	1649
10	12	4	40	10	right	right	1	21	15.464	1358
10	13	4	40	10	left	left	1	15	15.839	947
10	14	4	40	10	left	left	1	11	15.172	725
10	15	4	40	10	right	right	1	12	16.26	738
10	16	4	40	10	left	left	1	8	16.162	495
10	17	4	40	10	left	left	1	19	15.249	1246
10	18	4	40	10	right	right	1	16	15.152	1056
10	19	4	40	10	left	left	1	11	15.007	733
10	20	4	40	10	right	left	0	19	15.298	1242
10	21	4	40	10	right	right	1	36	15.564	2313
10	22	4	40	10	left	left	1	13	15.796	823
10	23	4	40	10	left	left	1	12	15.852	757
10	24	4	40	10	left	left	1	13	15.276	851
10	25	4	40	10	right	right	1	20	15.588	1283
10	26	4	40	10	right	right	1	81	15.188	5333
10	27	4	40	10	left	left	1	15	16.026	936
10	28	4	40	10	right	right	1	29	15.467	1875
10	29	4	40	10	left	left	1	43	15.157	2837
10	30	4	40	10	right	right	1	11	15.449	712
10	31	4	40	10	left	left	1	13	15.55	836
10	32	4	40	10	right	right	1	16	15.81	1012
10	33	4	40	10	left	left	1	27	15.482	1744
10	34	4	40	10	right	right	1	19	15.638	1215
11	1	4	40	10	right	right	1	16	15.717	1018
11	2	4	40	10	left	left	1	11	15.647	703
11	3	4	40	10	right	right	1	10	16.155	619
11	4	4	40	10	left	left	1	10	16.103	621
11	5	4	40	10	left	left	1	13	16.109	807
11	6	4	40	10	right	right	1	17	15.329	1109
11	7	4	40	10	right	right	1	23	15.753	1460
11	8	4	40	10	right	right	1	16	15.686	1020
11	9	4	40	10	left	left	1	11	15.805	696
11	10	4	40	10	right	right	1	18	15.901	1132
11	11	4	40	10	right	right	1	40	15.51	2579
11	12	4	40	10	right	right	1	20	15.349	1303
11	13	4	40	10	right	right	1	15	15.723	954
11	14	4	40	10	left	left	1	17	15.219	1117
11	15	4	40	10	left	left	1	19	15.188	1251
11	16	4	40	10	left	left	1	14	15.385	910
11	17	4	40	10	right	right	1	31	15.324	2023
11	18	4	40	10	left	left	1	18	12.721	1415
11	19	4	40	10	left	left	1	20	15.302	1307
11	20	4	40	10	left	left	1	15	15.773	951
11	21	4	40	10	left	left	1	15	15.228	985
11	22	4	40	10	right	right	1	14	15.964	877
11	23	4	40	10	right	right	1	11	16.035	686
11	24	4	40	10	right	right	1	12	15.936	753
11	25	4	40	10	left	left	1	14	15.368	911
11	26	4	40	10	right	right	1	12	15.132	793
11	27	4	40	10	right	right	1	18	15.319	1175
11	28	4	40	10	left	left	1	22	15.288	1439
11	29	4	40	10	right	right	1	15	16.199	926
11	30	4	40	10	left	left	1	25	15.244	1640
11	31	4	40	10	left	left	1	23	15.743	1461
11	32	4	40	10	left	left	1	20	15.385	1300
11	33	4	40	10	left	left	1	22	15.625	1408
11	34	4	40	10	right	right	1	15	15.924	942
11	35	4	40	10	right	right	1	30	15.56	1928
11	36	4	40	10	left	left	1	76	15.261	4980
11	37	4	40	10	left	left	1	22	15.214	1446
12	1	4	40	10	left	left	1	14	15.873	882
12	2	4	40	10	right	right	1	14	16.148	867
12	3	4	40	10	right	right	1	11	16.667	660
12	4	4	40	10	left	left	1	9	15.873	567
12	5	4	40	10	left	left	1	9	15.411	584
12	6	4	40	10	left	left	1	13	15.458	841
12	7	4	40	10	left	left	1	23	15.614	1473
12	8	4	40	10	left	left	1	16	15.253	1049
12	9	4	40	10	left	left	1	11	15.67	702
12	10	4	40	10	right	right	1	15	15.593	962
12	11	4	40	10	left	left	1	9	15.929	565
12	12	4	40	10	right	right	1	11	16.442	669
12	13	4	40	10	left	left	1	8	15.355	521
12	14	4	40	10	left	left	1	10	16.447	608
12	15	4	40	10	left	left	1	8	16.598	482
12	16	4	40	10	right	right	1	7	15.625	448
12	17	4	40	10	left	left	1	6	15.113	397
12	18	4	40	10	left	left	1	11	15.068	730
12	19	4	40	10	left	left	1	39	15.342	2542
12	20	4	40	10	right	right	1	10	15.385	650
12	21	4	40	10	right	left	0	7	17.032	411
12	22	4	40	10	left	left	1	24	15.494	1549
12	23	4	40	10	right	right	1	12	15.171	791
12	24	4	40	10	left	left	1	30	15.448	1942
12	25	4	40	10	right	right	1	12	15.444	777
12	26	4	40	10	left	left	1	11	16.012	687
12	27	4	40	10	right	right	1	8	16.032	499
12	28	4	40	10	right	right	1	16	15.238	1050
12	29	4	40	10	left	left	1	9	15.203	592
12	30	4	40	10	left	right	0	15	15.48	969
12	31	4	40	10	right	right	1	17	15.858	1072
12	32	4	40	10	right	right	1	14	15.945	878
12	33	4	40	10	right	right	1	12	16.151	743
12	34	4	40	10	right	right	1	9	15.517	580
12	35	4	40	10	right	right	1	9	15.707	573
12	36	4	40	10	left	left	1	10	15.674	638
12	37	4	40	10	left	right	0	13	15.758	825
12	38	4	40	10	left	left	1	9	15.28	589
12	39	4	40	10	left	left	1	36	15.319	2350
12	40	4	40	10	left	right	0	29	15.591	1860
12	41	4	40	10	right	right	1	10	15.552	643
12	42	4	40	10	right	right	1	24	15.404	1558
12	43	4	40	10	left	left	1	11	15.988	688
12	44	4	40	10	right	right	1	13	15.7	828
12	45	4	40	10	right	right	1	12	15.094	795
12	46	4	40	10	right	right	1	11	15.406	714
13	1	4	40	10	right	right	1	11	16.153	681
13	2	4	40	10	right	right	1	10	15.504	645
13	3	4	40	10	right	right	1	9	15.203	592
13	4	4	40	10	right	right	1	9	15.385	585
13	5	4	40	10	right	right	1	8	16.878	474
13	6	4	40	10	left	left	1	22	15.193	1448
13	7	4	40	10	left	left	1	10	16.026	624
13	8	4	40	10	right	right	1	8	15.094	530
13	9	4	40	10	right	right	1	27	15.393	1754
13	10	4	40	10	right	right	1	15	15.873	945
13	11	4	40	10	left	left	1	10	15.924	628
13	12	4	40	10	left	left	1	8	15.209	526
13	13	4	40	10	left	left	1	10	15.48	646
13	14	4	40	10	right	left	0	13	16.089	808
13	15	4	40	10	right	right	1	24	15.424	1556
13	16	4	40	10	left	left	1	11	16.616	662
13	17	4	40	10	left	left	1	11	15.089	729
13	18	4	40	10	left	left	1	17	15.77	1078
13	19	4	40	10	left	left	1	12	15.075	796
13	20	4	40	10	right	right	1	10	16.181	618
13	21	4	40	10	left	left	1	11	16.467	668
13	22	4	40	10	right	right	1	15	15.121	992
13	23	4	40	10	left	left	1	13	15.421	843
13	24	4	40	10	left	left	1	53	15.358	3451
13	25	4	40	10	left	left	1	22	15.559	1414
13	26	4	40	10	left	left	1	15	15.432	972
13	27	4	40	10	left	left	1	34	15.35	2215
13	28	4	40	10	right	right	1	19	15.807	1202
13	29	4	40	10	right	right	1	14	15.695	892
13	30	4	40	10	right	right	1	9	15.306	588
13	31	4	40	10	right	right	1	12	15.686	765
13	32	4	40	10	right	right	1	10	15.949	627
13	33	4	40	10	left	left	1	11	16.035	686
13	34	4	40	10	right	right	1	10	15.974	626
13	35	4	40	10	left	left	1	16	15.936	1004
13	36	4	40	10	right	right	1	9	16.544	544
13	37	4	40	10	left	left	1	9	16.791	536
13	38	4	40	10	left	left	1	26	15.33	1696
13	39	4	40	10	left	left	1	11	16.248	677
13	40	4	40	10	right	right	1	17	15.726	1081
13	41	4	40	10	left	left	1	11	15.299	719
13	42	4	40	10	left	left	1	11	15.919	691
13	43	4	40	10	left	left	1	11	15.827	695
13	44	4	40	10	right	left	0	11	16.296	675
13	45	4	40	10	left	left	1	12	15.894	755
14	1	4	40	10	right	right	1	11	16.296	675
14	2	4	40	10	right	right	1	10	16.502	606
14	3	4	40	10	left	left	1	18	15.411	1168
14	4	4	40	10	right	right	1	11	16.176	680
14	5	4	40	10	left	left	1	10	16.779	596
14	6	4	40	10	left	left	1	9	15.707	573
14	7	4	40	10	left	left	1	9	15.254	590
14	8	4	40	10	left	left	1	12	15.81	759
14	9	4	40	10	left	left	1	10	16.103	621
14	10	4	40	10	left	left	1	15	16.043	935
14	11	4	40	10	left	left	1	11	15.603	705
14	12	4	40	10	left	left	1	10	15.723	636
14	13	4	40	10	right	right	1	15	15.773	951
14	14	4	40	10	left	left	1	8	15.81	506
14	15	4	40	10	left	left	1	45	15.491	2905
14	16	4	40	10	right	right	1	27	15.499	1742
14	17	4	40	10	left	left	1	18	15.451	1165
14	18	4	40	10	left	left	1	11	15.873	693
14	19	4	40	10	left	left	1	24	15.219	1577
14	20	4	40	10	right	right	1	16	15.826	1011
14	21	4	40	10	right	right	1	11	16.393	671
14	22	4	40	10	left	left	1	15	16.251	923
14	23	4	40	10	left	left	1	13	15.99	813
14	24	4	40	10	left	right	0	40	15.408	2596
14	25	4	40	10	left	left	1	13	16.129	806
14	26	4	40	10	left	left	1	11	15.027	732
14	27	4	40	10	right	right	1	10	15.798	633
14	28	4	40	10	right	right	1	16	15.326	1044
14	29	4	40	10	right	right	1	11	15.782	697
14	30	4	40	10	left	left	1	18	15.776	1141
14	31	4	40	10	right	right	1	14	15.419	908
14	32	4	40	10	left	left	1	21	15.66	1341
14	33	4	40	10	left	left	1	15	15.593	962
14	34	4	40	10	right	right	1	14	16.26	861
14	35	4	40	10	right	right	1	10	15.504	645
14	36	4	40	10	left	left	1	22	15.363	1432
14	37	4	40	10	right	right	1	15	15.136	991
14	38	4	40	10	left	left	1	18	15.398	1169
14	39	4	40	10	left	left	1	22	15.428	1426
14	40	4	40	10	right	right	1	10	16	625
14	41	4	40	10	left	left	1	9	16.698	539
14	42	4	40	10	left	left	1	19	15.794	1203
14	43	4	40	10	right	right	1	16	15.209	1052
14	44	4	40	10	right	right	1	22	15.614	1409
15	1	4	40	10	right	right	1	14	15.504	903
15	2	4	40	10	left	left	1	15	15.907	943
15	3	4	40	10	left	left	1	42	15.162	2770
15	4	4	40	10	left	left	1	19	15.794	1203
15	5	4	40	10	right	right	1	12	16.043	748
15	6	4	40	10	left	left	1	24	15.697	1529
15	7	4	40	10	left	left	1	12	15.564	771
15	8	4	40	10	left	left	1	10	16.42	609
15	9	4	40	10	right	right	1	19	15.587	1219
15	10	4	40	10	left	left	1	24	15.656	1533
15	11	4	40	10	left	left	1	16	15.549	1029
15	12	4	40	10	right	right	1	9	16.014	562
15	13	4	40	10	right	right	1	12	15.113	794
15	14	4	40	10	left	left	1	12	16.107	745
15	15	4	40	10	left	left	1	11	16.418	670
15	16	4	40	10	left	right	0	8	16.598	482
15	17	4	40	10	left	left	1	10	16.75	597
15	18	4	40	10	right	right	1	16	15.905	1006
15	19	4	40	10	left	left	1	18	15.707	1146
15	20	4	40	10	left	left	1	19	15.599	1218
15	21	4	40	10	left	left	1	30	15.221	1971
15	22	4	40	10	left	left	1	14	15.766	888
15	23	4	40	10	right	right	1	29	15.55	1865
15	24	4	40	10	right	right	1	30	15.601	1923
15	25	4	40	10	right	right	1	12	16.304	736
15	26	4	40	10	right	right	1	22	15.581	1412
15	27	4	40	10	right	right	1	15	15.856	946
15	28	4	40	10	left	right	0	22	15.759	1396
15	29	4	40	10	left	left	1	13	15.644	831
15	30	4	40	10	left	left	1	13	16.129	806
15	31	4	40	10	right	right	1	12	15.852	757
15	32	4	40	10	left	left	1	13	16.189	803
15	33	4	40	10	left	left	1	46	15.405	2986
15	34	4	40	10	right	right	1	12	15.936	753
15	35	4	40	10	left	left	1	19	15.249	1246
15	36	4	40	10	left	left	1	7	15.086	464
15	37	4	40	10	right	right	1	10	16.722	598
15	38	4	40	10	left	left	1	8	15.905	503
15	39	4	40	10	left	left	1	20	15.361	1302
15	40	4	40	10	right	right	1	13	16.209	802
16	1	4	40	10	left	left	1	12	16.327	735
16	2	4	40	10	right	right	1	10	15.552	643
16	3	4	40	10	left	left	1	8	15.686	510
16	4	4	40	10	left	left	1	9	16.636	541
16	5	4	40	10	right	right	1	11	15.172	725
16	6	4	40	10	right	right	1	13	15.152	858
16	7	4	40	10	left	left	1	13	15.892	818
16	8	4	40	10	left	left	1	11	15.942	690
16	9	4	40	10	right	right	1	10	15.291	654
16	10	4	40	10	right	right	1	19	15.94	1192
16	11	4	40	10	left	left	1	10	16.42	609
16	12	4	40	10	left	left	1	16	15.826	1011
16	13	4	40	10	left	left	1	10	15.456	647
16	14	4	40	10	left	left	1	9	15.358	586
16	15	4	40	10	right	right	1	11	15.214	723
16	16	4	40	10	right	left	0	9	15.203	592
16	17	4	40	10	right	right	1	15	15.806	949
16	18	4	40	10	left	left	1	8	15.385	520
16	19	4	40	10	left	left	1	12	15.81	759
16	20	4	40	10	right	right	1	11	15.172	725
16	21	4	40	10	right	right	1	12	16.107	745
16	22	4	40	10	left	left	1	12	16.151	743
16	23	4	40	10	right	right	1	25	15.586	1604
16	24	4	40	10	left	left	1	10	16.474	607
16	25	4	40	10	right	right	1	13	16.089	808
16	26	4	40	10	left	left	1	11	16.224	678
16	27	4	40	10	right	right	1	10	15.773	634
16	28	4	40	10	right	right	1	11	15.172	725
16	29	4	40	10	right	right	1	11	16.345	673
16	30	4	40	10	left	left	1	16	15.564	1028
16	31	4	40	10	right	right	1	9	16.514	545
16	32	4	40	10	left	left	1	22	15.793	1393
16	33	4	40	10	right	right	1	9	15.437	583
16	34	4	40	10	left	left	1	15	15.121	992
16	35	4	40	10	left	left	1	15	16.251	923
16	36	4	40	10	right	right	1	11	15.515	709
16	37	4	40	10	right	right	1	12	16.107	745
16	38	4	40	10	left	left	1	13	15.796	823
16	39	4	40	10	left	left	1	13	15.815	822
16	40	4	40	10	right	right	1	11	15.007	733
16	41	4	40	10	left	left	1	11	15.942	690
16	42	4	40	10	right	right	1	10	16.722	598
16	43	4	40	10	right	right	1	13	15.476	840
16	44	4	40	10	left	left	1	18	15.748	1143
16	45	4	40	10	right	right	1	10	16.051	623
16	46	4	40	10	left	left	1	14	16.037	873
16	47	4	40	10	right	right	1	9	16.76	537
16	48	4	40	10	left	left	1	8	16.097	497
16	49	4	40	10	right	right	1	8	15.873	504
16	50	4	40	10	right	right	1	9	16.334	551
16	51	4	40	10	left	left	1	9	15.625	576
16	52	4	40	10	right	right	1	7	15.054	465
16	53	4	40	10	left	left	1	8	15.656	511
17	1	4	40	10	left	left	1	15	16.043	935
17	2	4	40	10	left	left	1	8	16.36	489
17	3	4	40	10	left	left	1	8	16.667	480
17	4	4	40	10	left	left	1	7	15.982	438
17	5	4	40	10	right	right	1	10	16.556	604
17	6	4	40	10	right	right	1	9	15.679	574
17	7	4	40	10	right	right	1	12	15.852	757
17	8	4	40	10	right	right	1	8	16.293	491
17	9	4	40	10	left	left	1	12	15.769	761
17	10	4	40	10	left	left	1	9	16.822	535
17	11	4	40	10	right	right	1	9	15.228	591
17	12	4	40	10	right	right	1	9	16.071	560
17	13	4	40	10	right	right	1	10	16.234	616
17	14	4	40	10	right	right	1	10	16.807	595
17	15	4	40	10	left	right	0	6	15.152	396
17	16	4	40	10	right	right	1	9	15.929	565
17	17	4	40	10	left	left	1	9	15.254	590
17	18	4	40	10	right	right	1	10	16.694	599
17	19	4	40	10	right	left	0	8	16.632	481
17	20	4	40	10	left	left	1	10	15.723	636
17	21	4	40	10	left	left	1	10	16.502	606
17	22	4	40	10	left	left	1	9	16.544	544
17	23	4	40	10	right	right	1	12	15.957	752
17	24	4	40	10	right	right	1	10	16.529	605
17	25	4	40	10	left	left	1	12	16.327	735
17	26	4	40	10	left	left	1	11	15.193	724
17	27	4	40	10	left	left	1	21	15.43	1361
17	28	4	40	10	left	left	1	27	15.358	1758
17	29	4	40	10	right	right	1	21	15.206	1381
17	30	4	40	10	left	left	1	17	15.814	1075
17	31	4	40	10	left	left	1	16	15.489	1033
17	32	4	40	10	right	right	1	27	15.437	1749
17	33	4	40	10	right	right	1	12	16.194	741
17	34	4	40	10	left	left	1	8	15.81	506
17	35	4	40	10	left	left	1	31	15.431	2009
17	36	4	40	10	right	right	1	9	16.605	542
17	37	4	40	10	left	left	1	10	15.48	646
17	38	4	40	10	right	right	1	13	15.169	857
17	39	4	40	10	left	left	1	14	15.909	880
17	40	4	40	10	left	left	1	14	15.334	913
17	41	4	40	10	left	left	1	12	15.113	794
17	42	4	40	10	left	left	1	15	15.89	944
17	43	4	40	10	left	left	1	13	15.588	834
17	44	4	40	10	right	right	1	19	15.599	1218
17	45	4	40	10	right	right	1	16	15.936	1004
17	46	4	40	10	right	right	1	16	15.984	1001
17	47	4	40	10	right	right	1	14	15.982	876
17	48	4	40	10	right	right	1	22	15.67	1404
17	49	4	40	10	right	right	1	13	15.719	827
18	1	4	40	10	left	left	1	13	15.931	816
18	2	4	40	10	left	left	1	10	15.267	655
18	3	4	40	10	right	right	1	13	15.892	818
18	4	4	40	10	right	right	1	9	15.598	577
18	5	4	40	10	left	left	1	8	16.878	474
18	6	4	40	10	left	left	1	7	17.115	409
18	7	4	40	10	right	left	0	8	16.495	485
18	8	4	40	10	right	right	1	22	15.793	1393
18	9	4	40	10	right	right	1	12	15.326	783
18	10	4	40	10	left	left	1	9	15.464	582
18	11	4	40	10	left	left	1	14	15.784	887
18	12	4	40	10	right	right	1	12	15.957	752
18	13	4	40	10	left	left	1	11	16.058	685
18	14	4	40	10	left	left	1	11	15.449	712
18	15	4	40	10	right	right	1	10	16.75	597
18	16	4	40	10	left	left	1	8	15.209	526
18	17	4	40	10	left	left	1	10	16.722	598
18	18	4	40	10	left	left	1	9	15.625	576
18	19	4	40	10	left	left	1	11	16.012	687
18	20	4	40	10	right	right	1	10	16.129	620
18	21	4	40	10	right	right	1	13	15.513	838
18	22	4	40	10	left	left	1	14	15.819	885
18	23	4	40	10	right	right	1	10	16.502	606
18	24	4	40	10	left	left	1	11	16.2	679
18	25	4	40	10	right	right	1	9	16.453	547
18	26	4	40	10	right	left	0	14	16	875
18	27	4	40	10	right	right	1	13	16.23	801
18	28	4	40	10	left	right	0	14	16.204	864
18	29	4	40	10	right	right	1	10	16.103	621
18	30	4	40	10	left	left	1	9	16.334	551
18	31	4	40	10	left	right	0	17	15.192	1119
18	32	4	40	10	right	right	1	12	15.248	787
18	33	4	40	10	right	right	1	18	15.943	1129
18	34	4	40	10	right	right	1	14	15.217	920
18	35	4	40	10	left	left	1	14	15.873	882
18	36	4	40	10	left	left	1	29	15.207	1907
18	37	4	40	10	right	right	1	12	15.19	790
18	38	4	40	10	right	right	1	12	15.686	765
18	39	4	40	10	right	right	1	11	16.296	675
18	40	4	40	10	left	left	1	9	16.129	558
18	41	4	40	10	left	right	0	8	16.701	479
18	42	4	40	10	left	left	1	8	15.81	506
18	43	4	40	10	left	left	1	10	16.639	601
18	44	4	40	10	left	left	1	13	15.569	835
18	45	4	40	10	left	left	1	9	15.571	578
18	46	4	40	10	left	left	1	6	15.504	387
18	47	4	40	10	right	right	1	18	15.424	1167
18	48	4	40	10	left	left	1	11	15.827	695
18	49	4	40	10	right	right	1	12	16.26	738
18	50	4	40	10	right	right	1	10	15.625	640
18	51	4	40	10	right	left	0	11	16.32	674
19	1	4	40	10	left	left	1	12	16	750
19	2	4	40	10	right	right	1	8	15.267	524
19	3	4	40	10	left	left	1	9	15.957	564
19	4	4	40	10	right	right	1	10	15.528	644
19	5	4	40	10	right	right	1	11	16.012	687
19	6	4	40	10	left	left	1	10	15.748	635
19	7	4	40	10	left	left	1	8	15.686	510
19	8	4	40	10	left	left	1	9	16.158	557
19	9	4	40	10	left	left	1	9	16.158	557
19	10	4	40	10	left	left	1	8	15.238	525
19	11	4	40	10	right	right	1	8	16.495	485
19	12	4	40	10	left	left	1	8	15.504	516
19	13	4	40	10	right	right	1	16	15.952	1003
19	14	4	40	10	right	right	1	11	15.827	695
19	15	4	40	10	left	left	1	10	15.361	651
19	16	4	40	10	right	right	1	13	15.815	822
19	17	4	40	10	left	left	1	20	15.373	1301
19	18	4	40	10	right	right	1	10	15.601	641
19	19	4	40	10	right	right	1	19	15.886	1196
19	20	4	40	10	left	right	0	15	15.416	973
19	21	4	40	10	left	left	1	13	16.311	797
19	22	4	40	10	left	left	1	35	15.542	2252
19	23	4	40	10	left	left	1	13	15.625	832
19	24	4	40	10	left	left	1	16	15.282	1047
19	25	4	40	10	left	left	1	14	15.402	909
19	26	4	40	10	left	left	1	13	15.366	846
19	27	4	40	10	left	left	1	38	15.145	2509
19	28	4	40	10	right	right	1	13	15.205	855
19	29	4	40	10	left	left	1	10	16.26	615
19	30	4	40	10	left	left	1	15	16.009	937
19	31	4	40	10	right	right	1	17	15.799	1076
19	32	4	40	10	right	right	1	10	16.611	602
19	33	4	40	10	right	right	1	10	15.552	643
19	34	4	40	10	left	right	0	11	15.493	710
19	35	4	40	10	left	left	1	10	16.26	615
19	36	4	40	10	right	right	1	10	16.639	601
19	37	4	40	10	left	right	0	15	16.251	923
19	38	4	40	10	right	right	1	13	15.892	818
19	39	4	40	10	right	right	1	11	16.153	681
19	40	4	40	10	left	left	1	11	15.342	717
19	41	4	40	10	left	right	0	6	16.62	361
19	42	4	40	10	right	right	1	13	16.23	801
19	43	4	40	10	right	right	1	12	15.464	776
19	44	4	40	10	right	right	1	20	15.649	1278
19	45	4	40	10	right	right	1	21	15.521	1353
19	46	4	40	10	right	right	1	12	15.666	766
19	47	4	40	10	left	left	1	20	15.773	1268
20	1	4	40	10	right	right	1	13	15.758	825
20	2	4	40	10	right	right	1	11	16.743	657
20	3	4	40	10	right	right	1	12	15.707	764
20	4	4	40	10	left	left	1	10	16.835	594
20	5	4	40	10	right	right	1	8	16.032	499
20	6	4	40	10	left	left	1	8	15.842	505
20	7	4	40	10	right	right	1	8	16.129	496
20	8	4	40	10	left	left	1	10	16.26	615
20	9	4	40	10	left	left	1	18	15.306	1176
20	10	4	40	10	right	right	1	11	16.345	673
20	11	4	40	10	left	left	1	11	15.027	732
20	12	4	40	10	left	left	1	10	16.393	610
20	13	4	40	10	left	left	1	16	15.686	1020
20	14	4	40	10	right	right	1	13	15.476	840
20	15	4	40	10	left	left	1	10	15.432	648
20	16	4	40	10	left	left	1	16	15.224	1051
20	17	4	40	10	left	left	1	20	15.528	1288
20	18	4	40	10	right	right	1	23	15.84	1452
20	19	4	40	10	left	left	1	10	15.552	643
20	20	4	40	10	left	left	1	22	15.225	1445
20	21	4	40	10	left	left	1	11	15.342	717
20	22	4	40	10	left	left	1	24	15.454	1553
20	23	4	40	10	left	left	1	11	16.296	675
20	24	4	40	10	left	left	1	13	15.348	847
20	25	4	40	10	right	right	1	14	15.784	887
20	26	4	40	10	right	right	1	11	15.278	720
20	27	4	40	10	left	left	1	39	15.211	2564
20	28	4	40	10	left	left	1	20	15.337	1304
20	29	4	40	10	left	left	1	15	15.432	972
20	30	4	40	10	right	right	1	80	15.2	5263
20	31	4	40	10	right	left	0	20	15.723	1272
20	32	4	40	10	left	left	1	10	16.694	599
20	33	4	40	10	right	left	0	32	15.444	2072
20	34	4	40	10	left	left	1	11	16.272	676
20	35	4	40	10	right	right	1	18	15.957	1128
20	36	4	40	10	right	right	1	16	15.64	1023
20	37	4	40	10	left	left	1	38	15.347	2476
20	38	4	40	10	left	left	1	14	15.819	885
20	39	4	40	10	left	left	1	11	15.493	710
20	40	4	40	10	right	right	1	31	15.294	2027
21	1	4	40	10	left	left	1	17	15.947	1066
21	2	4	40	10	left	left	1	10	15.267	655
21	3	4	40	10	right	right	1	11	15.235	722
21	4	4	40	10	left	left	1	61	15.193	4015
21	5	4	40	10	right	right	1	9	16.791	536
21	6	4	40	10	right	left	0	7	15.086	464
21	7	4	40	10	right	right	1	13	15.569	835
21	8	4	40	10	left	left	1	13	15.276	851
21	9	4	40	10	left	left	1	11	15.048	731
21	10	4	40	10	right	right	1	25	15.179	1647
21	11	4	40	10	left	left	1	19	15.574	1220
21	12	4	40	10	left	left	1	43	15.462	2781
21	13	4	40	10	right	right	1	16	15.414	1038
21	14	4	40	10	left	left	1	17	15.697	1083
21	15	4	40	10	left	left	1	24	15.375	1561
21	16	4	40	10	right	right	1	11	15.737	699
21	17	4	40	10	left	left	1	10	15.456	647
21	18	4	40	10	right	right	1	11	15.759	698
21	19	4	40	10	right	right	1	10	16.502	606
21	20	4	40	10	left	left	1	9	15.873	567
21	21	4	40	10	right	right	1	12	15.625	768
21	22	4	40	10	right	right	1	10	16.077	622
21	23	4	40	10	right	right	1	10	16.026	624
21	24	4	40	10	right	right	1	11	15.919	691
21	25	4	40	10	left	left	1	19	15.86	1198
21	26	4	40	10	right	left	0	15	16.043	935
21	27	4	40	10	right	right	1	8	16.461	486
21	28	4	40	10	left	right	0	10	15.314	653
21	29	4	40	10	left	left	1	8	15.504	516
21	30	4	40	10	left	left	1	35	15.217	2300
21	31	4	40	10	left	left	1	12	16.107	745
21	32	4	40	10	right	right	1	10	15.848	631
21	33	4	40	10	right	right	1	11	15.428	713
21	34	4	40	10	right	right	1	17	15.219	1117
21	35	4	40	10	right	right	1	12	16.043	748
21	36	4	40	10	right	right	1	14	15.201	921
21	37	4	40	10	right	left	0	8	15.066	531
21	38	4	40	10	right	right	1	9	16.304	552
21	39	4	40	10	right	right	1	10	16.026	624
21	40	4	40	10	left	left	1	14	16.018	874
21	41	4	40	10	left	left	1	12	15.915	754
21	42	4	40	10	right	right	1	9	15.411	584
21	43	4	40	10	left	left	1	15	15.213	986
22	1	4	40	10	right	right	1	13	15.644	831
22	2	4	40	10	right	right	1	14	16.241	862
22	3	4	40	10	left	left	1	9	16.1	559
22	4	4	40	10	left	left	1	13	15.796	823
22	5	4	40	10	right	right	1	17	15.888	1070
22	6	4	40	10	right	right	1	15	16.094	932
22	7	4	40	10	left	left	1	28	15.168	1846
22	8	4	40	10	right	right	1	10	15.625	640
22	9	4	40	10	left	left	1	13	15.738	826
22	10	4	40	10	right	right	1	11	16.541	665
22	11	4	40	10	left	left	1	14	15.556	900
22	12	4	40	10	right	right	1	17	16.008	1062
22	13	4	40	10	right	right	1	16	15.224	1051
22	14	4	40	10	right	right	1	17	15.625	1088
22	15	4	40	10	right	right	1	13	16.129	806
22	16	4	40	10	left	left	1	38	15.194	2501
22	17	4	40	10	right	right	1	17	15.755	1079
22	18	4	40	10	left	left	1	18	15.986	1126
22	19	4	40	10	right	right	1	19	15.261	1245
22	20	4	40	10	left	left	1	14	15.784	887
22	21	4	40	10	left	left	1	16	15.873	1008
22	22	4	40	10	left	left	1	28	15.461	1811
22	23	4	40	10	right	right	1	14	15.837	884
22	24	4	40	10	right	left	0	21	15.396	1364
22	25	4	40	10	right	right	1	17	15.992	1063
22	26	4	40	10	left	left	1	13	16.01	812
22	27	4	40	10	left	left	1	13	15.421	843
22	28	4	40	10	left	left	1	14	16	875
22	29	4	40	10	right	left	0	15	15.823	948
22	30	4	40	10	left	left	1	10	15.175	659
22	31	4	40	10	left	left	1	23	15.646	1470
22	32	4	40	10	right	right	1	30	15.576	1926
22	33	4	40	10	right	right	1	30	15.609	1922
22	34	4	40	10	left	left	1	28	15.582	1797
22	35	4	40	10	right	left	0	32	15.526	2061
22	36	4	40	10	right	right	1	9	16.043	561
22	37	4	40	10	left	left	1	22	15.428	1426
22	38	4	40	10	right	right	1	9	16.043	561
22	39	4	40	10	right	right	1	15	15.228	985
23	1	4	40	10	left	left	1	11	15.625	704
23	2	4	40	10	left	left	1	9	16.854	534
23	3	4	40	10	left	left	1	8	15.748	508
23	4	4	40	10	left	left	1	9	15.762	571
23	5	4	40	10	left	left	1	9	16.917	532
23	6	4	40	10	left	left	1	8	15.748	508
23	7	4	40	10	left	left	1	10	16.611	602
23	8	4	40	10	left	left	1	12	15.228	788
23	9	4	40	10	right	right	1	14	16.018	874
23	10	4	40	10	left	left	1	10	16.807	595
23	11	4	40	10	left	left	1	10	16.34	612
23	12	4	40	10	left	left	1	9	16.605	542
23	13	4	40	10	right	right	1	8	16.194	494
23	14	4	40	10	left	left	1	16	15.92	1005
23	15	4	40	10	left	left	1	9	16.275	553
23	16	4	40	10	left	left	1	9	16.014	562
23	17	4	40	10	right	right	1	10	15.974	626
23	18	4	40	10	left	left	1	8	15.968	501
23	19	4	40	10	left	left	1	10	16.34	612
23	20	4	40	10	right	right	1	14	15.521	902
23	21	4	40	10	right	left	0	10	16.26	615
23	22	4	40	10	right	right	1	11	15.692	701
23	23	4	40	10	left	left	1	24	15.375	1561
23	24	4	40	10	right	right	1	10	16.556	604
23	25	4	40	10	left	left	1	10	15.504	645
23	26	4	40	10	left	right	0	15	15.369	976
23	27	4	40	10	left	left	1	10	16.667	600
23	28	4	40	10	left	left	1	10	16	625
23	29	4	40	10	left	left	1	10	15.361	651
23	30	4	40	10	right	right	1	9	16.364	550
23	31	4	40	10	right	right	1	13	15.513	838
23	32	4	40	10	left	left	1	10	16.077	622
23	33	4	40	10	left	left	1	21	15.351	1368
23	34	4	40	10	right	right	1	10	15.314	653
23	35	4	40	10	right	right	1	11	15.278	720
23	36	4	40	10	right	right	1	40	15.308	2613
23	37	4	40	10	right	right	1	17	15.829	1074
23	38	4	40	10	left	left	1	15	15.385	975
23	39	4	40	10	left	left	1	11	15.919	691
23	40	4	40	10	left	left	1	23	15.562	1478
23	41	4	40	10	left	left	1	10	14.925	670
23	42	4	40	10	right	left	0	9	16.544	544
23	43	4	40	10	right	right	1	10	15.314	653
23	44	4	40	10	left	left	1	8	15.152	528
23	45	4	40	10	left	left	1	22	15.714	1400
23	46	4	40	10	right	right	1	9	15.901	566
23	47	4	40	10	left	left	1	16	15.764	1015
23	48	4	40	10	right	right	1	10	16.807	595
23	49	4	40	10	left	left	1	18	15.887	1133
23	50	4	40	10	right	right	1	13	15.403	844
24	1	4	40	10	left	left	1	13	15.532	837
24	2	4	40	10	right	right	1	11	16.442	669
24	3	4	40	10	right	right	1	12	15.326	783
24	4	4	40	10	right	right	1	12	15.831	758
24	5	4	40	10	right	right	1	11	15.363	716
24	6	4	40	10	left	left	1	8	15.625	512
24	7	4	40	10	left	left	1	11	16.591	663
24	8	4	40	10	left	left	1	13	15.439	842
24	9	4	40	10	right	right	1	14	15.873	882
24	10	4	40	10	left	left	1	8	15.595	513
24	11	4	40	10	left	left	1	17	15.497	1097
24	12	4	40	10	right	right	1	9	15.873	567
24	13	4	40	10	right	right	1	13	15.931	816
24	14	4	40	10	right	right	1	13	15.951	815
24	15	4	40	10	left	left	1	36	15.267	2358
24	16	4	40	10	left	right	0	66	15.374	4293
24	17	4	40	10	left	left	1	17	15.829	1074
24	18	4	40	10	right	right	1	18	15.216	1183
24	19	4	40	10	right	left	0	37	15.114	2448
24	20	4	40	10	left	left	1	20	15.662	1277
24	21	4	40	10	right	right	1	13	15.476	840
24	22	4	40	10	right	right	1	36	15.358	2344
24	23	4	40	10	right	right	1	19	15.347	1238
24	24	4	40	10	right	right	1	15	15.496	968
24	25	4	40	10	right	right	1	45	15.437	2915
24	26	4	40	10	left	left	1	26	15.33	1696
24	27	4	40	10	left	left	1	46	15.39	2989
24	28	4	40	10	left	left	1	14	15.556	900
24	29	4	40	10	right	left	0	29	15.32	1893
24	30	4	40	10	left	left	1	22	15.581	1412
24	31	4	40	10	left	right	0	34	15.385	2210
24	32	4	40	10	left	left	1	35	15.446	2266
24	33	4	40	10	right	left	0	10	15.106	662
