
blkNum	trlNum	coherentDots	numberofDots	percentCoherence	winningDirection	response	correct	eventCount	averageFrameRate	RT
1	1	4	40	10	right	right	1	87	15.159	5739
1	2	4	40	10	right	left	0	50	15.133	3304
1	3	4	40	10	left	left	1	103	15.228	6764
1	4	4	40	10	right	left	0	132	15.228	8668
1	5	4	40	10	right	right	1	121	15.232	7944
1	6	4	40	10	right	left	0	86	15.275	5630
1	7	4	40	10	right	right	1	223	15.218	14654
1	8	4	40	10	left	left	1	103	15.239	6759
2	1	4	40	10	right	right	1	95	15.222	6241
2	2	4	40	10	left	left	1	56	15.301	3660
2	3	4	40	10	left	left	1	69	15.337	4499
2	4	4	40	10	left	left	1	58	15.227	3809
2	5	4	40	10	right	left	0	112	15.193	7372
2	6	4	40	10	right	right	1	58	15.136	3832
2	7	4	40	10	left	left	1	27	15.725	1717
2	8	4	40	10	right	right	1	14	16.298	859
2	9	4	40	10	right	right	1	34	15.371	2212
2	10	4	40	10	right	right	1	28	15.368	1822
2	11	4	40	10	right	left	0	16	15.399	1039
2	12	4	40	10	left	left	1	19	15.51	1225
2	13	4	40	10	right	right	1	17	15.138	1123
2	14	4	40	10	right	right	1	16	15.857	1009
2	15	4	40	10	right	right	1	14	15.402	909
2	16	4	40	10	right	right	1	18	15.859	1135
2	17	4	40	10	right	right	1	18	15.544	1158
2	18	4	40	10	left	left	1	16	15.779	1014
2	19	4	40	10	right	right	1	12	15.248	787
2	20	4	40	10	left	left	1	13	15.912	817
2	21	4	40	10	right	right	1	12	16.129	744
2	22	4	40	10	right	right	1	39	15.452	2524
2	23	4	40	10	right	right	1	11	16.2	679
3	1	4	40	10	right	right	1	12	16.282	737
3	2	4	40	10	left	left	1	13	16.27	799
3	3	4	40	10	left	left	1	16	15.195	1053
3	4	4	40	10	left	left	1	14	15.301	915
3	5	4	40	10	right	right	1	16	15.686	1020
3	6	4	40	10	left	left	1	14	15.608	897
3	7	4	40	10	left	left	1	34	15.165	2242
3	8	4	40	10	left	left	1	47	15.27	3078
3	9	4	40	10	right	right	1	17	15.192	1119
3	10	4	40	10	left	left	1	28	15.368	1822
3	11	4	40	10	right	right	1	21	15.648	1342
3	12	4	40	10	right	left	0	60	15.294	3923
3	13	4	40	10	right	right	1	15	15.03	998
3	14	4	40	10	right	right	1	16	15.826	1011
3	15	4	40	10	right	right	1	18	15.859	1135
3	16	4	40	10	right	right	1	16	15.534	1030
3	17	4	40	10	right	left	0	72	15.142	4755
3	18	4	40	10	right	right	1	49	15.184	3227
3	19	4	40	10	right	left	0	56	15.255	3671
3	20	4	40	10	right	right	1	15	15.69	956
3	21	4	40	10	left	left	1	14	16.222	863
3	22	4	40	10	right	right	1	12	16.327	735
3	23	4	40	10	right	left	0	14	15.819	885
3	24	4	40	10	right	right	1	11	15.406	714
3	25	4	40	10	right	right	1	24	15.564	1542
3	26	4	40	10	left	left	1	42	15.447	2719
3	27	4	40	10	right	left	0	71	15.355	4624
4	1	4	40	10	left	left	1	29	15.6	1859
4	2	4	40	10	right	right	1	14	15.284	916
4	3	4	40	10	right	left	0	14	15.385	910
4	4	4	40	10	right	right	1	22	15.493	1420
4	5	4	40	10	right	right	1	22	15.592	1411
4	6	4	40	10	right	right	1	18	15.831	1137
4	7	4	40	10	right	left	0	19	15.94	1192
4	8	4	40	10	left	left	1	24	15.094	1590
4	9	4	40	10	right	right	1	14	15.201	921
4	10	4	40	10	left	right	0	41	15.101	2715
4	11	4	40	10	left	left	1	353	15.175	23262
4	12	4	40	10	right	right	1	16	15.414	1038
4	13	4	40	10	left	left	1	56	15.276	3666
4	14	4	40	10	right	right	1	40	15.367	2603
4	15	4	40	10	right	left	0	61	15.281	3992
4	16	4	40	10	left	right	0	88	15.265	5765
5	1	4	40	10	right	right	1	10	16.639	601
5	2	4	40	10	left	left	1	10	15.773	634
5	3	4	40	10	left	right	0	10	16.75	597
5	4	4	40	10	left	left	1	18	15.371	1171
5	5	4	40	10	left	left	1	13	16.03	811
5	6	4	40	10	left	left	1	11	15.919	691
5	7	4	40	10	right	right	1	11	16.2	679
5	8	4	40	10	right	right	1	12	15.748	762
5	9	4	40	10	left	right	0	10	15.432	648
5	10	4	40	10	left	left	1	8	15.656	511
5	11	4	40	10	right	right	1	18	15.972	1127
5	12	4	40	10	right	left	0	13	15.682	829
5	13	4	40	10	right	right	1	19	15.926	1193
5	14	4	40	10	right	right	1	9	15.358	586
5	15	4	40	10	left	right	0	11	15.559	707
5	16	4	40	10	left	left	1	11	16.224	678
5	17	4	40	10	right	right	1	9	15.625	576
5	18	4	40	10	left	left	1	12	15.769	761
5	19	4	40	10	left	left	1	10	15.873	630
5	20	4	40	10	right	right	1	21	15.162	1385
5	21	4	40	10	left	left	1	12	15.666	766
5	22	4	40	10	left	right	0	13	16.332	796
5	23	4	40	10	right	right	1	34	15.179	2240
5	24	4	40	10	right	right	1	11	15.714	700
5	25	4	40	10	left	left	1	10	15.823	632
5	26	4	40	10	left	left	1	20	15.504	1290
5	27	4	40	10	left	left	1	33	15.131	2181
5	28	4	40	10	left	left	1	59	15.148	3895
5	29	4	40	10	right	right	1	11	16.442	669
5	30	4	40	10	left	left	1	11	16.176	680
5	31	4	40	10	right	right	1	15	15.322	979
5	32	4	40	10	right	right	1	13	15.663	830
5	33	4	40	10	left	right	0	13	15.222	854
5	34	4	40	10	left	left	1	12	15.267	786
5	35	4	40	10	right	left	0	12	15.287	785
5	36	4	40	10	right	right	1	11	16.467	668
5	37	4	40	10	right	right	1	22	15.46	1423
5	38	4	40	10	right	left	0	12	15.504	774
5	39	4	40	10	right	right	1	11	16.743	657
5	40	4	40	10	left	right	0	16	15.81	1012
5	41	4	40	10	left	left	1	8	16.771	477
5	42	4	40	10	right	right	1	12	15.424	778
6	1	4	40	10	right	right	1	8	16.736	478
6	2	4	40	10	right	left	0	6	14.851	404
6	3	4	40	10	left	tooFast	2	2	16.949	118
6	4	4	40	10	left	left	1	22	15.46	1423
6	5	4	40	10	right	right	1	16	15.656	1022
6	6	4	40	10	left	left	1	16	15.459	1035
6	7	4	40	10	right	right	1	16	16.016	999
6	8	4	40	10	left	left	1	17	15.814	1075
6	9	4	40	10	left	left	1	15	15.48	969
6	10	4	40	10	left	right	0	16	15.444	1036
6	11	4	40	10	left	left	1	14	16.241	862
6	12	4	40	10	right	right	1	14	15.801	886
6	13	4	40	10	left	left	1	16	15.399	1039
6	14	4	40	10	right	right	1	14	16.298	859
6	15	4	40	10	right	right	1	15	15.075	995
6	16	4	40	10	left	left	1	16	15.625	1024
6	17	4	40	10	right	right	1	15	15.69	956
6	18	4	40	10	left	left	1	15	15.275	982
6	19	4	40	10	left	right	0	19	15.212	1249
6	20	4	40	10	left	left	1	14	16.204	864
6	21	4	40	10	left	left	1	25	15.161	1649
6	22	4	40	10	left	left	1	15	15.544	965
6	23	4	40	10	right	right	1	13	15.777	824
6	24	4	40	10	left	left	1	52	15.407	3375
6	25	4	40	10	left	right	0	41	15.443	2655
6	26	4	40	10	right	left	0	19	15.913	1194
6	27	4	40	10	right	right	1	13	15.625	832
6	28	4	40	10	right	right	1	13	15.476	840
6	29	4	40	10	left	left	1	13	16.27	799
6	30	4	40	10	right	right	1	15	15.528	966
6	31	4	40	10	right	left	0	14	15.47	905
6	32	4	40	10	left	right	0	18	15.859	1135
6	33	4	40	10	left	left	1	20	15.588	1283
6	34	4	40	10	right	right	1	28	15.168	1846
6	35	4	40	10	left	left	1	21	15.173	1384
6	36	4	40	10	right	right	1	24	15.727	1526
6	37	4	40	10	left	right	0	41	15.536	2639
7	1	4	40	10	left	right	0	13	15.439	842
7	2	4	40	10	left	left	1	15	15.136	991
7	3	4	40	10	left	left	1	33	15.544	2123
7	4	4	40	10	right	right	1	17	15.233	1116
7	5	4	40	10	right	left	0	27	15.607	1730
7	6	4	40	10	right	right	1	18	15.873	1134
7	7	4	40	10	left	left	1	27	15.437	1749
7	8	4	40	10	left	left	1	20	15.385	1300
7	9	4	40	10	left	left	1	22	15.278	1440
7	10	4	40	10	right	right	1	34	15.462	2199
7	11	4	40	10	left	left	1	20	15.911	1257
7	12	4	40	10	right	right	1	20	15.291	1308
7	13	4	40	10	left	left	1	18	15.859	1135
7	14	4	40	10	right	right	1	15	15.773	951
7	15	4	40	10	left	left	1	12	15.132	793
7	16	4	40	10	left	right	0	13	15.796	823
7	17	4	40	10	right	right	1	19	15.298	1242
7	18	4	40	10	right	left	0	19	15.36	1237
7	19	4	40	10	left	right	0	18	15.803	1139
7	20	4	40	10	right	left	0	45	15.459	2911
7	21	4	40	10	right	left	0	32	15.202	2105
7	22	4	40	10	right	left	0	25	15.567	1606
7	23	4	40	10	right	left	0	26	15.348	1694
7	24	4	40	10	left	right	0	20	15.81	1265
7	25	4	40	10	right	left	0	11	15.11	728
7	26	4	40	10	right	right	1	43	15.173	2834
7	27	4	40	10	right	left	0	22	15.759	1396
7	28	4	40	10	right	right	1	43	15.407	2791
7	29	4	40	10	right	right	1	45	15.239	2953
8	1	4	40	10	right	right	1	19	15.152	1254
8	2	4	40	10	right	right	1	35	15.398	2273
8	3	4	40	10	right	left	0	40	15.45	2589
8	4	4	40	10	right	left	0	100	15.288	6541
8	5	4	40	10	left	right	0	18	15.901	1132
8	6	4	40	10	left	right	0	17	15.399	1104
8	7	4	40	10	right	left	0	18	15.477	1163
8	8	4	40	10	left	left	1	16	15.873	1008
8	9	4	40	10	left	right	0	12	15.707	764
8	10	4	40	10	right	left	0	45	15.291	2943
8	11	4	40	10	right	right	1	13	15.312	849
8	12	4	40	10	right	right	1	30	15.298	1961
8	13	4	40	10	left	left	1	18	15.241	1181
8	14	4	40	10	left	left	1	27	15.367	1757
8	15	4	40	10	right	right	1	14	15.556	900
8	16	4	40	10	left	left	1	28	15.301	1830
8	17	4	40	10	left	left	1	19	15.237	1247
8	18	4	40	10	right	right	1	22	15.183	1449
8	19	4	40	10	right	right	1	21	15.813	1328
8	20	4	40	10	right	right	1	34	15.199	2237
8	21	4	40	10	left	left	1	27	15.411	1752
8	22	4	40	10	left	left	1	30	15.576	1926
8	23	4	40	10	left	left	1	27	15.607	1730
8	24	4	40	10	right	right	1	28	15.538	1802
8	25	4	40	10	right	right	1	24	15.219	1577
8	26	4	40	10	right	left	0	20	15.674	1276
8	27	4	40	10	left	left	1	25	15.518	1611
9	1	4	40	10	left	left	1	15	15.136	991
9	2	4	40	10	left	right	0	39	15.36	2539
9	3	4	40	10	right	right	1	11	15.737	699
9	4	4	40	10	left	left	1	14	15.642	895
9	5	4	40	10	left	left	1	20	15.337	1304
9	6	4	40	10	right	right	1	21	15.579	1348
9	7	4	40	10	left	left	1	27	15.402	1753
9	8	4	40	10	right	right	1	21	15.262	1376
9	9	4	40	10	left	left	1	19	15.36	1237
9	10	4	40	10	left	left	1	16	15.399	1039
9	11	4	40	10	right	right	1	17	15.918	1068
9	12	4	40	10	left	left	1	15	15.337	978
9	13	4	40	10	left	left	1	15	15.291	981
9	14	4	40	10	right	right	1	17	15.977	1064
9	15	4	40	10	right	right	1	33	15.356	2149
9	16	4	40	10	right	right	1	62	15.204	4078
9	17	4	40	10	left	left	1	20	15.516	1289
9	18	4	40	10	right	right	1	32	15.414	2076
9	19	4	40	10	left	left	1	23	15.262	1507
9	20	4	40	10	right	right	1	24	15.666	1532
9	21	4	40	10	left	left	1	17	15.888	1070
9	22	4	40	10	left	left	1	16	15.702	1019
9	23	4	40	10	right	right	1	16	15.267	1048
9	24	4	40	10	right	right	1	67	15.238	4397
9	25	4	40	10	left	left	1	19	15.323	1240
9	26	4	40	10	right	right	1	21	15.789	1330
9	27	4	40	10	right	left	0	24	15.564	1542
9	28	4	40	10	right	left	0	32	15.296	2092
9	29	4	40	10	left	left	1	13	15.912	817
9	30	4	40	10	left	left	1	21	15.162	1385
9	31	4	40	10	right	right	1	19	15.447	1230
10	1	4	40	10	right	right	1	27	15.689	1721
10	2	4	40	10	right	right	1	40	15.349	2606
10	3	4	40	10	left	left	1	13	15.569	835
10	4	4	40	10	right	right	1	19	15.794	1203
10	5	4	40	10	left	left	1	13	15.7	828
10	6	4	40	10	right	right	1	13	15.55	836
10	7	4	40	10	left	left	1	10	15.748	635
10	8	4	40	10	left	left	1	11	15.32	718
10	9	4	40	10	left	left	1	9	16.917	532
10	10	4	40	10	right	right	1	9	16.216	555
10	11	4	40	10	right	left	0	8	15.296	523
10	12	4	40	10	left	left	1	12	15.484	775
10	13	4	40	10	left	left	1	15	16.234	924
10	14	4	40	10	right	right	1	11	16.2	679
10	15	4	40	10	left	left	1	21	15.51	1354
10	16	4	40	10	left	left	1	12	15.484	775
10	17	4	40	10	left	left	1	13	15.682	829
10	18	4	40	10	left	left	1	11	16.442	669
10	19	4	40	10	left	left	1	11	15.625	704
10	20	4	40	10	right	right	1	11	15.896	692
10	21	4	40	10	left	left	1	14	15.217	920
10	22	4	40	10	right	right	1	11	15.581	706
10	23	4	40	10	right	right	1	21	15.637	1343
10	24	4	40	10	right	right	1	12	15.075	796
10	25	4	40	10	left	left	1	11	15.559	707
10	26	4	40	10	left	left	1	13	16.27	799
10	27	4	40	10	right	right	1	11	15.873	693
10	28	4	40	10	right	right	1	11	15.782	697
10	29	4	40	10	left	left	1	10	15.314	653
10	30	4	40	10	right	right	1	12	15.152	792
10	31	4	40	10	left	left	1	12	16.173	742
10	32	4	40	10	right	right	1	10	15.552	643
10	33	4	40	10	right	right	1	15	15.528	966
10	34	4	40	10	right	right	1	11	15.965	689
10	35	4	40	10	right	right	1	11	15.172	725
10	36	4	40	10	right	left	0	18	15.707	1146
10	37	4	40	10	right	right	1	26	15.71	1655
10	38	4	40	10	left	left	1	9	15.358	586
10	39	4	40	10	left	right	0	9	15.986	563
10	40	4	40	10	right	right	1	39	15.47	2521
10	41	4	40	10	right	left	0	37	15.494	2388
10	42	4	40	10	right	left	0	11	15.449	712
10	43	4	40	10	left	left	1	10	16.835	594
11	1	4	40	10	right	right	1	24	15.769	1522
11	2	4	40	10	right	left	0	42	15.464	2716
11	3	4	40	10	left	left	1	14	16.055	872
11	4	4	40	10	left	left	1	11	15.278	720
11	5	4	40	10	right	right	1	13	15.834	821
11	6	4	40	10	left	left	1	13	15.258	852
11	7	4	40	10	right	right	1	11	15.193	724
11	8	4	40	10	right	right	1	35	15.237	2297
11	9	4	40	10	left	left	1	9	15.491	581
11	10	4	40	10	left	left	1	11	15.85	694
11	11	4	40	10	right	left	0	9	15.789	570
11	12	4	40	10	right	right	1	9	15.203	592
11	13	4	40	10	right	right	1	9	16.76	537
11	14	4	40	10	right	right	1	10	16.639	601
11	15	4	40	10	right	right	1	8	15.534	515
11	16	4	40	10	left	right	0	9	16.729	538
11	17	4	40	10	right	right	1	14	15.234	919
11	18	4	40	10	right	right	1	19	15.926	1193
11	19	4	40	10	left	left	1	13	16.23	801
11	20	4	40	10	left	left	1	16	15.385	1040
11	21	4	40	10	left	left	1	16	15.671	1021
11	22	4	40	10	left	right	0	15	15.106	993
11	23	4	40	10	right	right	1	17	15.947	1066
11	24	4	40	10	left	left	1	14	15.642	895
11	25	4	40	10	right	right	1	13	16.089	808
11	26	4	40	10	left	left	1	11	15.471	711
11	27	4	40	10	left	left	1	28	15.461	1811
11	28	4	40	10	left	left	1	11	15.537	708
11	29	4	40	10	right	right	1	16	16	1000
11	30	4	40	10	right	right	1	25	15.509	1612
11	31	4	40	10	left	left	1	10	15.625	640
11	32	4	40	10	left	left	1	12	15.248	787
11	33	4	40	10	right	right	1	10	16.42	609
11	34	4	40	10	right	left	0	12	16.064	747
11	35	4	40	10	right	right	1	16	15.92	1005
11	36	4	40	10	right	right	1	13	15.758	825
11	37	4	40	10	left	left	1	11	16.768	656
11	38	4	40	10	right	right	1	13	15.719	827
11	39	4	40	10	right	right	1	30	15.472	1939
11	40	4	40	10	right	left	0	15	15.907	943
11	41	4	40	10	right	right	1	18	15.557	1157
11	42	4	40	10	left	left	1	10	16.077	622
12	1	4	40	10	left	left	1	16	15.579	1027
12	2	4	40	10	left	left	1	20	15.444	1295
12	3	4	40	10	right	left	0	30	15.472	1939
12	4	4	40	10	right	right	1	15	15.306	980
12	5	4	40	10	left	left	1	10	15.649	639
12	6	4	40	10	right	left	0	32	15.377	2081
12	7	4	40	10	left	left	1	29	15.508	1870
12	8	4	40	10	left	left	1	18	15.957	1128
12	9	4	40	10	right	right	1	14	16.073	871
12	10	4	40	10	left	left	1	15	16.043	935
12	11	4	40	10	right	right	1	14	16.037	873
12	12	4	40	10	left	left	1	15	15.991	938
12	13	4	40	10	right	left	0	17	15.329	1109
12	14	4	40	10	left	right	0	13	15.33	848
12	15	4	40	10	right	left	0	77	15.166	5077
12	16	4	40	10	left	left	1	14	16.26	861
12	17	4	40	10	left	left	1	13	15.971	814
12	18	4	40	10	right	right	1	10	15.504	645
12	19	4	40	10	left	left	1	12	16.327	735
12	20	4	40	10	right	right	1	12	15.524	773
12	21	4	40	10	left	left	1	10	15.748	635
12	22	4	40	10	left	left	1	10	16.313	613
12	23	4	40	10	right	right	1	12	16.151	743
12	24	4	40	10	right	right	1	15	15.06	996
12	25	4	40	10	right	right	1	13	15.951	815
12	26	4	40	10	right	left	0	19	15.044	1263
12	27	4	40	10	left	left	1	13	16.291	798
12	28	4	40	10	left	left	1	11	16.641	661
12	29	4	40	10	left	right	0	10	15.625	640
12	30	4	40	10	right	right	1	36	15.358	2344
12	31	4	40	10	right	left	0	53	15.169	3494
12	32	4	40	10	left	left	1	54	15.415	3503
12	33	4	40	10	right	left	0	65	15.176	4283
13	1	4	40	10	right	right	1	10	16.667	600
13	2	4	40	10	right	right	1	8	15.81	506
13	3	4	40	10	left	left	1	10	16.207	617
13	4	4	40	10	right	right	1	9	15.332	587
13	5	4	40	10	left	left	1	11	16.467	668
13	6	4	40	10	right	right	1	9	16.822	535
13	7	4	40	10	left	left	1	6	16.349	367
13	8	4	40	10	right	right	1	8	16.293	491
13	9	4	40	10	left	right	0	7	15.59	449
13	10	4	40	10	left	left	1	15	15.306	980
13	11	4	40	10	right	right	1	7	15.66	447
13	12	4	40	10	left	left	1	7	16.667	420
13	13	4	40	10	left	left	1	8	16.36	489
13	14	4	40	10	right	left	0	7	15.086	464
13	15	4	40	10	right	right	1	10	16.611	602
13	16	4	40	10	right	left	0	12	16.043	748
13	17	4	40	10	left	left	1	11	15.67	702
13	18	4	40	10	left	left	1	8	16.327	490
13	19	4	40	10	left	left	1	17	15.611	1089
13	20	4	40	10	left	left	1	12	15.81	759
13	21	4	40	10	left	left	1	11	15.007	733
13	22	4	40	10	left	left	1	11	15.406	714
13	23	4	40	10	left	left	1	23	15.732	1462
13	24	4	40	10	left	left	1	11	16.058	685
13	25	4	40	10	left	left	1	17	15.385	1105
13	26	4	40	10	left	left	1	11	15.625	704
13	27	4	40	10	right	left	0	16	15.326	1044
13	28	4	40	10	right	right	1	15	15.658	958
13	29	4	40	10	right	right	1	10	15.798	633
13	30	4	40	10	left	left	1	17	15.933	1067
13	31	4	40	10	left	right	0	13	15.33	848
13	32	4	40	10	right	left	0	14	15.538	901
13	33	4	40	10	right	left	0	11	15.737	699
13	34	4	40	10	right	right	1	14	15.695	892
13	35	4	40	10	left	left	1	12	15.686	765
13	36	4	40	10	left	left	1	10	16.611	602
13	37	4	40	10	right	left	0	12	15.564	771
13	38	4	40	10	right	left	0	17	15.539	1094
13	39	4	40	10	right	right	1	16	15.137	1057
13	40	4	40	10	right	left	0	11	15.493	710
13	41	4	40	10	left	left	1	13	15.348	847
13	42	4	40	10	left	left	1	28	15.094	1855
13	43	4	40	10	right	right	1	12	15.132	793
13	44	4	40	10	left	left	1	12	15.645	767
13	45	4	40	10	left	right	0	28	15.111	1853
13	46	4	40	10	left	left	1	9	15.306	588
13	47	4	40	10	left	left	1	9	15.28	589
14	1	4	40	10	left	left	1	17	15.455	1100
14	2	4	40	10	left	left	1	24	15.132	1586
14	3	4	40	10	left	left	1	17	15.683	1084
14	4	4	40	10	left	left	1	17	15.814	1075
14	5	4	40	10	right	right	1	20	15.152	1320
14	6	4	40	10	left	left	1	18	15.371	1171
14	7	4	40	10	left	left	1	15	15.06	996
14	8	4	40	10	left	left	1	18	15.531	1159
14	9	4	40	10	left	left	1	37	15.121	2447
14	10	4	40	10	left	left	1	19	15.224	1248
14	11	4	40	10	right	right	1	25	15.442	1619
14	12	4	40	10	right	right	1	20	15.267	1310
14	13	4	40	10	left	left	1	15	15.337	978
14	14	4	40	10	left	right	0	19	15.98	1189
14	15	4	40	10	right	left	0	31	15.539	1995
14	16	4	40	10	right	right	1	14	15.801	886
14	17	4	40	10	left	right	0	207	15.187	13630
14	18	4	40	10	right	left	0	11	16.105	683
14	19	4	40	10	right	left	0	13	15.421	843
14	20	4	40	10	right	right	1	13	15.476	840
14	21	4	40	10	right	right	1	13	15.187	856
14	22	4	40	10	right	right	1	11	16.176	680
14	23	4	40	10	left	right	0	12	16.238	739
14	24	4	40	10	left	left	1	10	16.75	597
14	25	4	40	10	right	left	0	8	16.162	495
14	26	4	40	10	left	right	0	10	16.584	603
14	27	4	40	10	right	right	1	11	15.11	728
14	28	4	40	10	left	left	1	15	16.234	924
14	29	4	40	10	left	left	1	19	15.536	1223
14	30	4	40	10	left	left	1	14	15.487	904
15	1	4	40	10	right	right	1	14	15.453	906
15	2	4	40	10	right	right	1	31	15.408	2012
15	3	4	40	10	right	right	1	36	15.511	2321
15	4	4	40	10	right	right	1	15	15.773	951
15	5	4	40	10	left	left	1	11	15.782	697
15	6	4	40	10	right	right	1	10	16.103	621
15	7	4	40	10	left	left	1	9	15.228	591
15	8	4	40	10	left	left	1	10	15.601	641
15	9	4	40	10	right	right	1	12	15.113	794
15	10	4	40	10	right	right	1	10	16	625
15	11	4	40	10	right	right	1	11	16.492	667
15	12	4	40	10	left	left	1	10	15.291	654
15	13	4	40	10	right	right	1	13	15.458	841
15	14	4	40	10	right	right	1	13	15.606	833
15	15	4	40	10	left	left	1	11	15.988	688
15	16	4	40	10	right	right	1	10	15.337	652
15	17	4	40	10	left	left	1	11	16.2	679
15	18	4	40	10	left	left	1	13	15.439	842
15	19	4	40	10	left	left	1	12	15.424	778
15	20	4	40	10	right	right	1	10	16.026	624
15	21	4	40	10	right	right	1	10	15.748	635
15	22	4	40	10	right	right	1	13	15.834	821
15	23	4	40	10	right	right	1	11	16.272	676
15	24	4	40	10	right	left	0	13	15.187	856
15	25	4	40	10	left	left	1	29	15.32	1893
15	26	4	40	10	left	right	0	21	15.351	1368
15	27	4	40	10	right	right	1	11	15.759	698
15	28	4	40	10	left	left	1	14	15.385	910
15	29	4	40	10	left	right	0	17	15.992	1063
15	30	4	40	10	left	left	1	12	15.424	778
15	31	4	40	10	right	right	1	9	15.625	576
15	32	4	40	10	left	left	1	9	15.625	576
15	33	4	40	10	right	right	1	11	15.603	705
15	34	4	40	10	left	left	1	13	16.311	797
15	35	4	40	10	left	left	1	10	15.723	636
15	36	4	40	10	left	left	1	13	16.129	806
15	37	4	40	10	right	right	1	11	16.641	661
15	38	4	40	10	right	right	1	9	16.275	553
15	39	4	40	10	left	left	1	10	16.42	609
15	40	4	40	10	left	left	1	9	16.698	539
15	41	4	40	10	left	left	1	10	16.807	595
15	42	4	40	10	right	right	1	11	16.058	685
15	43	4	40	10	left	left	1	9	15.625	576
15	44	4	40	10	right	right	1	13	15.912	817
15	45	4	40	10	right	left	0	13	15.625	832
15	46	4	40	10	right	right	1	10	16.313	613
15	47	4	40	10	right	right	1	9	16.1	559
15	48	4	40	10	left	left	1	12	15.666	766
16	1	4	40	10	left	left	1	13	15.569	835
16	2	4	40	10	right	right	1	12	16.086	746
16	3	4	40	10	left	left	1	11	15.647	703
16	4	4	40	10	right	right	1	11	16.082	684
16	5	4	40	10	right	left	0	17	15.992	1063
16	6	4	40	10	right	right	1	10	15.601	641
16	7	4	40	10	right	right	1	8	16	500
16	8	4	40	10	right	right	1	10	15.361	651
16	9	4	40	10	right	left	0	13	15.366	846
16	10	4	40	10	right	right	1	9	16.917	532
16	11	4	40	10	left	left	1	13	15.569	835
16	12	4	40	10	left	left	1	14	15.453	906
16	13	4	40	10	left	left	1	15	15.182	988
16	14	4	40	10	left	left	1	19	15.237	1247
16	15	4	40	10	left	left	1	12	15.132	793
16	16	4	40	10	right	right	1	10	16.051	623
16	17	4	40	10	left	left	1	11	15.603	705
16	18	4	40	10	left	left	1	10	15.898	629
16	19	4	40	10	right	right	1	9	15.873	567
16	20	4	40	10	left	left	1	8	16.129	496
16	21	4	40	10	left	left	1	11	16.369	672
16	22	4	40	10	right	right	1	8	15.81	506
16	23	4	40	10	left	left	1	9	16.245	554
16	24	4	40	10	right	right	1	25	15.375	1626
16	25	4	40	10	right	right	1	10	16.722	598
16	26	4	40	10	right	left	0	16	15.764	1015
16	27	4	40	10	left	right	0	17	15.497	1097
16	28	4	40	10	right	right	1	8	15.748	508
16	29	4	40	10	right	right	1	9	15.986	563
16	30	4	40	10	right	right	1	7	16.706	419
16	31	4	40	10	right	right	1	8	15.152	528
16	32	4	40	10	right	left	0	7	16.204	432
16	33	4	40	10	right	right	1	5	18.797	266
16	34	4	40	10	right	right	1	9	15.544	579
16	35	4	40	10	left	right	0	11	15.896	692
16	36	4	40	10	left	left	1	14	15.964	877
16	37	4	40	10	right	right	1	13	15.663	830
16	38	4	40	10	right	right	1	11	16.248	677
16	39	4	40	10	right	left	0	13	16.069	809
16	40	4	40	10	left	left	1	10	15.723	636
16	41	4	40	10	left	right	0	9	16.575	543
16	42	4	40	10	left	right	0	10	16.556	604
16	43	4	40	10	right	right	1	14	16.166	866
16	44	4	40	10	left	left	1	13	16.209	802
16	45	4	40	10	left	left	1	16	15.61	1025
16	46	4	40	10	right	right	1	15	15.4	974
16	47	4	40	10	right	right	1	10	16.207	617
16	48	4	40	10	left	right	0	12	16.064	747
16	49	4	40	10	left	left	1	11	16.248	677
17	1	4	40	10	right	right	1	16	15.64	1023
17	2	4	40	10	left	left	1	21	15.228	1379
17	3	4	40	10	right	right	1	11	16.541	665
17	4	4	40	10	right	right	1	17	15.799	1076
17	5	4	40	10	left	left	1	13	15.588	834
17	6	4	40	10	left	left	1	10	15.798	633
17	7	4	40	10	left	left	1	14	15.982	876
17	8	4	40	10	left	left	1	14	16.279	860
17	9	4	40	10	left	right	0	10	15.898	629
17	10	4	40	10	left	left	1	11	15.193	724
17	11	4	40	10	right	right	1	12	15.625	768
17	12	4	40	10	right	left	0	12	15.504	774
17	13	4	40	10	right	right	1	9	15.817	569
17	14	4	40	10	left	left	1	11	15.068	730
17	15	4	40	10	right	left	0	14	15.927	879
17	16	4	40	10	left	left	1	15	16.094	932
17	17	4	40	10	right	right	1	14	15.784	887
17	18	4	40	10	right	right	1	98	15.22	6439
17	19	4	40	10	left	left	1	11	15.647	703
17	20	4	40	10	right	right	1	68	15.168	4483
17	21	4	40	10	right	left	0	24	15.544	1544
17	22	4	40	10	right	right	1	40	15.209	2630
17	23	4	40	10	right	left	0	24	15.514	1547
17	24	4	40	10	right	left	0	37	15.455	2394
17	25	4	40	10	left	left	1	11	16.012	687
17	26	4	40	10	right	right	1	20	15.492	1291
17	27	4	40	10	left	left	1	11	15.152	726
17	28	4	40	10	left	right	0	14	15.855	883
17	29	4	40	10	right	left	0	14	15.351	912
17	30	4	40	10	right	right	1	19	15.847	1199
17	31	4	40	10	left	left	1	15	15.244	984
17	32	4	40	10	right	right	1	12	15.894	755
17	33	4	40	10	right	right	1	14	15.608	897
17	34	4	40	10	left	left	1	11	15.759	698
18	1	4	40	10	left	left	1	13	15.421	843
18	2	4	40	10	right	right	1	16	15.579	1027
18	3	4	40	10	left	left	1	17	15.413	1103
18	4	4	40	10	left	left	1	14	15.964	877
18	5	4	40	10	left	left	1	20	15.848	1262
18	6	4	40	10	right	right	1	11	15.11	728
18	7	4	40	10	left	left	1	10	16.779	596
18	8	4	40	10	left	left	1	9	15.28	589
18	9	4	40	10	left	left	1	32	15.166	2110
18	10	4	40	10	right	right	1	13	15.495	839
18	11	4	40	10	right	right	1	10	15.48	646
18	12	4	40	10	right	right	1	31	15.189	2041
18	13	4	40	10	right	right	1	16	15.282	1047
18	14	4	40	10	left	left	1	14	16.129	868
18	15	4	40	10	right	left	0	83	15.199	5461
18	16	4	40	10	right	right	1	12	15.957	752
18	17	4	40	10	left	left	1	8	15.936	502
18	18	4	40	10	left	left	1	13	15.834	821
18	19	4	40	10	left	left	1	10	15.723	636
18	20	4	40	10	left	left	1	14	15.66	894
18	21	4	40	10	right	right	1	13	16.089	808
18	22	4	40	10	right	right	1	16	15.534	1030
18	23	4	40	10	left	left	1	11	16.692	659
18	24	4	40	10	right	left	0	12	15.645	767
18	25	4	40	10	right	right	1	9	16.275	553
18	26	4	40	10	left	left	1	9	15.598	577
18	27	4	40	10	left	left	1	10	16.835	594
18	28	4	40	10	left	left	1	34	15.213	2235
18	29	4	40	10	right	right	1	62	15.354	4038
18	30	4	40	10	left	left	1	18	15.845	1136
18	31	4	40	10	left	left	1	11	15.299	719
18	32	4	40	10	left	left	1	23	15.84	1452
18	33	4	40	10	right	right	1	20	15.492	1291
18	34	4	40	10	left	left	1	19	15.447	1230
18	35	4	40	10	left	left	1	26	15.625	1664
18	36	4	40	10	left	left	1	38	15.292	2485
19	1	4	40	10	left	left	1	17	15.77	1078
19	2	4	40	10	right	right	1	12	15.873	756
19	3	4	40	10	right	right	1	21	15.613	1345
19	4	4	40	10	right	right	1	16	15.779	1014
19	5	4	40	10	right	right	1	13	15.152	858
19	6	4	40	10	right	left	0	17	15.712	1082
19	7	4	40	10	left	left	1	19	15.46	1229
19	8	4	40	10	right	right	1	15	15.136	991
19	9	4	40	10	left	left	1	12	15.915	754
19	10	4	40	10	right	left	0	11	16.591	663
19	11	4	40	10	right	right	1	9	16.1	559
19	12	4	40	10	right	right	1	10	15.625	640
19	13	4	40	10	left	left	1	8	16.064	498
19	14	4	40	10	right	right	1	7	15.284	458
19	15	4	40	10	left	left	1	10	16.667	600
19	16	4	40	10	right	right	1	8	16.097	497
19	17	4	40	10	right	right	1	8	16.393	488
19	18	4	40	10	right	right	1	8	16.461	486
19	19	4	40	10	right	left	0	8	16.495	485
19	20	4	40	10	right	right	1	11	15.782	697
19	21	4	40	10	left	left	1	11	15.515	709
19	22	4	40	10	left	left	1	14	15.47	905
19	23	4	40	10	right	right	1	11	16.492	667
19	24	4	40	10	left	left	1	11	16.224	678
19	25	4	40	10	right	right	1	12	15.748	762
19	26	4	40	10	left	left	1	9	16.822	535
19	27	4	40	10	left	left	1	11	16.768	656
19	28	4	40	10	left	left	1	11	16.492	667
19	29	4	40	10	right	right	1	11	16.616	662
19	30	4	40	10	left	left	1	11	15.089	729
19	31	4	40	10	left	left	1	12	16	750
19	32	4	40	10	left	right	0	11	15.559	707
19	33	4	40	10	right	right	1	14	16.26	861
19	34	4	40	10	right	left	0	16	15.549	1029
19	35	4	40	10	left	left	1	11	16.393	671
19	36	4	40	10	right	right	1	12	15.584	770
19	37	4	40	10	right	right	1	39	15.476	2520
19	38	4	40	10	left	left	1	10	15.949	627
19	39	4	40	10	right	right	1	9	15.464	582
19	40	4	40	10	left	left	1	10	14.925	670
19	41	4	40	10	right	right	1	12	15.267	786
19	42	4	40	10	left	left	1	9	15.625	576
19	43	4	40	10	left	left	1	11	16.541	665
19	44	4	40	10	right	right	1	9	15.517	580
19	45	4	40	10	left	left	1	9	15.929	565
19	46	4	40	10	right	right	1	11	16.224	678
19	47	4	40	10	right	right	1	10	15.974	626
19	48	4	40	10	left	left	1	8	16.26	492
19	49	4	40	10	left	left	1	11	16.692	659
19	50	4	40	10	left	left	1	10	16.077	622
20	1	4	40	10	left	left	1	9	15.491	581
20	2	4	40	10	left	left	1	11	16.012	687
20	3	4	40	10	left	left	1	12	15.094	795
20	4	4	40	10	right	right	1	9	16.514	545
20	5	4	40	10	left	left	1	9	15.598	577
20	6	4	40	10	right	right	1	9	16.698	539
20	7	4	40	10	right	right	1	17	15.357	1107
20	8	4	40	10	left	left	1	10	16.639	601
20	9	4	40	10	right	right	1	9	16.453	547
20	10	4	40	10	left	left	1	8	16.563	483
20	11	4	40	10	right	right	1	9	16.245	554
20	12	4	40	10	right	right	1	8	16.598	482
20	13	4	40	10	right	right	1	8	16.129	496
20	14	4	40	10	right	right	1	8	15.18	527
20	15	4	40	10	right	right	1	10	16.502	606
20	16	4	40	10	left	left	1	9	16.791	536
20	17	4	40	10	left	left	1	11	15.11	728
20	18	4	40	10	right	right	1	10	16.556	604
20	19	4	40	10	right	right	1	10	16.287	614
20	20	4	40	10	left	left	1	7	15.909	440
20	21	4	40	10	right	right	1	8	16.227	493
20	22	4	40	10	left	left	1	6	15.464	388
20	23	4	40	10	right	left	0	12	15.152	792
20	24	4	40	10	right	right	1	11	15.214	723
20	25	4	40	10	right	right	1	12	15.789	760
20	26	4	40	10	left	left	1	8	15.717	509
20	27	4	40	10	right	right	1	8	16.26	492
20	28	4	40	10	right	right	1	10	16.807	595
20	29	4	40	10	left	left	1	10	16.129	620
20	30	4	40	10	right	right	1	10	16.287	614
20	31	4	40	10	left	left	1	18	15.625	1152
20	32	4	40	10	left	left	1	11	16.176	680
20	33	4	40	10	left	left	1	12	16.238	739
20	34	4	40	10	left	left	1	11	15.449	712
20	35	4	40	10	right	right	1	12	16.194	741
20	36	4	40	10	right	right	1	11	15.068	730
20	37	4	40	10	right	left	0	11	16.012	687
20	38	4	40	10	left	left	1	52	15.258	3408
20	39	4	40	10	left	left	1	11	15.603	705
20	40	4	40	10	left	left	1	11	15.67	702
20	41	4	40	10	right	left	0	25	15.375	1626
20	42	4	40	10	left	left	1	12	15.404	779
20	43	4	40	10	left	left	1	30	15.617	1921
20	44	4	40	10	right	right	1	8	16.771	477
20	45	4	40	10	right	right	1	10	16.584	603
20	46	4	40	10	right	left	0	18	15.241	1181
20	47	4	40	10	right	right	1	25	15.684	1594
20	48	4	40	10	right	right	1	11	15.515	709
20	49	4	40	10	left	left	1	10	15.576	642
20	50	4	40	10	right	left	0	20	15.873	1260
21	1	4	40	10	right	right	1	10	15.601	641
21	2	4	40	10	right	right	1	21	15.766	1332
21	3	4	40	10	right	left	0	14	15.766	888
21	4	4	40	10	left	left	1	17	15.77	1078
21	5	4	40	10	right	right	1	14	15.695	892
21	6	4	40	10	left	left	1	13	15.834	821
21	7	4	40	10	left	left	1	9	15.734	572
21	8	4	40	10	left	right	0	13	15.385	845
21	9	4	40	10	left	left	1	22	15.603	1410
21	10	4	40	10	left	left	1	19	15.224	1248
21	11	4	40	10	left	left	1	12	15.094	795
21	12	4	40	10	left	left	1	15	15.228	985
21	13	4	40	10	right	left	0	15	16.216	925
21	14	4	40	10	left	left	1	15	15.707	955
21	15	4	40	10	left	left	1	16	15.296	1046
21	16	4	40	10	right	right	1	11	16.272	676
21	17	4	40	10	right	right	1	13	16.109	807
21	18	4	40	10	left	left	1	10	16.722	598
21	19	4	40	10	right	right	1	12	16.304	736
21	20	4	40	10	left	left	1	13	16.149	805
21	21	4	40	10	right	right	1	11	16.667	660
21	22	4	40	10	right	left	0	10	16.474	607
21	23	4	40	10	left	left	1	12	16.021	749
21	24	4	40	10	left	left	1	15	15.991	938
21	25	4	40	10	right	right	1	11	15.007	733
21	26	4	40	10	right	right	1	22	15.257	1442
21	27	4	40	10	left	left	1	11	15.965	689
21	28	4	40	10	left	right	0	15	16.216	925
21	29	4	40	10	right	right	1	10	16.155	619
21	30	4	40	10	left	right	0	13	15.682	829
21	31	4	40	10	left	left	1	10	16	625
21	32	4	40	10	right	right	1	11	16.272	676
21	33	4	40	10	left	left	1	12	16.151	743
21	34	4	40	10	left	left	1	31	15.408	2012
21	35	4	40	10	left	left	1	44	15.433	2851
21	36	4	40	10	right	right	1	30	15.512	1934
21	37	4	40	10	left	left	1	17	15.947	1066
21	38	4	40	10	right	right	1	28	15.16	1847
21	39	4	40	10	right	left	0	11	15.428	713
21	40	4	40	10	right	right	1	61	15.304	3986
22	1	4	40	10	left	left	1	19	15.86	1198
22	2	4	40	10	left	right	0	23	15.808	1455
22	3	4	40	10	left	left	1	113	15.279	7396
22	4	4	40	10	right	right	1	14	15.713	891
22	5	4	40	10	right	left	0	15	15.823	948
22	6	4	40	10	left	right	0	12	16.238	739
22	7	4	40	10	left	right	0	16	15.671	1021
22	8	4	40	10	right	right	1	14	15.385	910
22	9	4	40	10	left	left	1	14	16.055	872
22	10	4	40	10	left	right	0	29	15.167	1912
22	11	4	40	10	left	left	1	18	15.845	1136
22	12	4	40	10	left	left	1	10	15.649	639
22	13	4	40	10	left	left	1	12	15.584	770
22	14	4	40	10	left	right	0	10	15.432	648
22	15	4	40	10	right	right	1	13	15.33	848
22	16	4	40	10	left	right	0	11	15.805	696
22	17	4	40	10	right	right	1	12	15.444	777
22	18	4	40	10	left	right	0	23	15.636	1471
22	19	4	40	10	left	left	1	10	15.924	628
22	20	4	40	10	left	left	1	14	15.801	886
22	21	4	40	10	right	right	1	11	16.591	663
22	22	4	40	10	right	right	1	11	15.942	690
22	23	4	40	10	right	left	0	9	16.129	558
22	24	4	40	10	right	right	1	8	16.293	491
22	25	4	40	10	right	left	0	16	15.355	1042
22	26	4	40	10	right	right	1	12	16.043	748
22	27	4	40	10	left	left	1	19	15.212	1249
22	28	4	40	10	left	left	1	18	15.803	1139
22	29	4	40	10	left	left	1	38	15.453	2459
22	30	4	40	10	right	left	0	80	15.212	5259
22	31	4	40	10	right	right	1	19	15.41	1233
22	32	4	40	10	left	left	1	17	15.138	1123
23	1	4	40	10	left	left	1	18	15.986	1126
23	2	4	40	10	left	left	1	17	15.554	1093
23	3	4	40	10	left	right	0	13	15.854	820
23	4	4	40	10	right	right	1	9	15.411	584
23	5	4	40	10	left	left	1	9	16.043	561
23	6	4	40	10	left	left	1	11	15.965	689
23	7	4	40	10	right	right	1	10	15.699	637
23	8	4	40	10	left	left	1	10	16.026	624
23	9	4	40	10	left	left	1	11	15.581	706
23	10	4	40	10	right	right	1	9	16.129	558
23	11	4	40	10	right	right	1	10	16.26	615
23	12	4	40	10	left	left	1	9	15.817	569
23	13	4	40	10	right	right	1	16	15.984	1001
23	14	4	40	10	right	left	0	9	15.491	581
23	15	4	40	10	right	right	1	11	15.214	723
23	16	4	40	10	left	left	1	11	15.625	704
23	17	4	40	10	right	right	1	11	16.272	676
23	18	4	40	10	right	right	1	13	15.777	824
23	19	4	40	10	left	left	1	12	15.645	767
23	20	4	40	10	left	left	1	10	16.529	605
23	21	4	40	10	left	left	1	9	15.228	591
23	22	4	40	10	left	left	1	14	16.055	872
23	23	4	40	10	right	right	1	8	16.097	497
23	24	4	40	10	right	left	0	12	15.81	759
23	25	4	40	10	left	left	1	9	15.789	570
23	26	4	40	10	right	right	1	11	16.517	666
23	27	4	40	10	right	right	1	13	15.682	829
23	28	4	40	10	right	left	0	30	15.528	1932
23	29	4	40	10	right	right	1	11	15.873	693
23	30	4	40	10	left	left	1	12	15.444	777
23	31	4	40	10	left	right	0	20	15.736	1271
23	32	4	40	10	right	right	1	10	15.674	638
23	33	4	40	10	left	right	0	11	16.541	665
23	34	4	40	10	left	left	1	25	15.385	1625
23	35	4	40	10	left	left	1	16	15.311	1045
23	36	4	40	10	left	left	1	11	15.942	690
23	37	4	40	10	left	right	0	38	15.485	2454
23	38	4	40	10	left	left	1	15	15.06	996
23	39	4	40	10	left	left	1	29	15.231	1904
23	40	4	40	10	left	left	1	28	15.326	1827
23	41	4	40	10	left	left	1	13	16.332	796
23	42	4	40	10	right	right	1	21	15.683	1339
23	43	4	40	10	right	left	0	46	15.172	3032
24	1	4	40	10	right	right	1	9	16.636	541
24	2	4	40	10	left	left	1	12	16.043	748
24	3	4	40	10	left	right	0	11	15.759	698
24	4	4	40	10	left	left	1	14	16.298	859
24	5	4	40	10	right	right	1	13	15.276	851
24	6	4	40	10	right	right	1	12	15.248	787
24	7	4	40	10	left	left	1	10	16.639	601
24	8	4	40	10	right	right	1	12	15.915	754
24	9	4	40	10	right	right	1	13	15.625	832
24	10	4	40	10	left	left	1	12	16.282	737
24	11	4	40	10	left	left	1	13	16.149	805
24	12	4	40	10	left	left	1	18	15.571	1156
24	13	4	40	10	right	right	1	12	15.564	771
24	14	4	40	10	left	left	1	12	15.769	761
24	15	4	40	10	right	right	1	15	15.773	951
24	16	4	40	10	right	right	1	13	15.892	818
24	17	4	40	10	right	right	1	13	15.312	849
24	18	4	40	10	left	left	1	10	16.42	609
24	19	4	40	10	right	right	1	10	16.807	595
24	20	4	40	10	right	right	1	19	15.886	1196
24	21	4	40	10	right	right	1	32	15.173	2109
24	22	4	40	10	right	left	0	20	15.279	1309
24	23	4	40	10	left	left	1	21	15.742	1334
24	24	4	40	10	left	right	0	11	16.32	674
24	25	4	40	10	left	right	0	28	15.53	1803
24	26	4	40	10	left	left	1	13	16.089	808
24	27	4	40	10	right	right	1	13	15.205	855
24	28	4	40	10	left	left	1	15	15.907	943
24	29	4	40	10	left	left	1	19	15.715	1209
24	30	4	40	10	left	right	0	29	15.608	1858
24	31	4	40	10	left	left	1	62	15.192	4081
24	32	4	40	10	right	left	0	19	15.574	1220
24	33	4	40	10	left	left	1	24	15.697	1529
24	34	4	40	10	left	left	1	14	15.713	891
24	35	4	40	10	right	right	1	19	15.781	1204
24	36	4	40	10	left	left	1	13	15.99	813
24	37	4	40	10	right	left	0	16	15.564	1028
24	38	4	40	10	left	left	1	43	15.374	2797
