
blkNum	trlNum	coherentDots	numberofDots	percentCoherence	winningDirection	response	correct	eventCount	averageFrameRate	RT
1	1	4	40	10	left	left	1	12	16.194	741
1	2	4	40	10	left	right	0	20	15.686	1275
1	3	4	40	10	right	right	1	15	15.448	971
1	4	4	40	10	right	right	1	17	15.888	1070
1	5	4	40	10	left	left	1	23	15.252	1508
1	6	4	40	10	left	left	1	15	15.4	974
1	7	4	40	10	right	right	1	23	15.374	1496
1	8	4	40	10	right	right	1	19	15.51	1225
1	9	4	40	10	left	left	1	14	15.436	907
1	10	4	40	10	right	right	1	14	15.402	909
1	11	4	40	10	right	right	1	23	15.142	1519
1	12	4	40	10	left	left	1	18	15.306	1176
1	13	4	40	10	left	left	1	29	15.483	1873
1	14	4	40	10	right	right	1	15	15.56	964
1	15	4	40	10	left	right	0	14	15.487	904
1	16	4	40	10	right	left	0	25	15.557	1607
1	17	4	40	10	left	left	1	24	15.385	1560
1	18	4	40	10	left	right	0	19	15.298	1242
1	19	4	40	10	right	right	1	21	15.328	1370
1	20	4	40	10	left	left	1	16	15.399	1039
1	21	4	40	10	right	right	1	16	15.311	1045
1	22	4	40	10	left	left	1	21	15.419	1362
1	23	4	40	10	right	right	1	11	15.278	720
1	24	4	40	10	left	left	1	12	15.544	772
1	25	4	40	10	left	right	0	13	15.439	842
1	26	4	40	10	right	left	0	12	15.957	752
1	27	4	40	10	right	right	1	20	15.209	1315
1	28	4	40	10	right	right	1	13	15.348	847
1	29	4	40	10	right	left	0	11	15.299	719
1	30	4	40	10	right	right	1	9	15.177	593
1	31	4	40	10	left	right	0	15	15.69	956
1	32	4	40	10	left	left	1	20	15.576	1284
1	33	4	40	10	left	left	1	17	15.639	1087
1	34	4	40	10	left	left	1	22	15.737	1398
1	35	4	40	10	right	right	1	17	15.233	1116
1	36	4	40	10	right	left	0	17	15.469	1099
1	37	4	40	10	left	right	0	10	15.649	639
1	38	4	40	10	right	right	1	12	15.171	791
1	39	4	40	10	left	left	1	13	15.971	814
1	40	4	40	10	right	right	1	12	16	750
2	1	4	40	10	right	left	0	26	15.214	1709
2	2	4	40	10	left	right	0	10	15.06	664
2	3	4	40	10	left	right	0	10	16.42	609
2	4	4	40	10	left	left	1	11	16.176	680
2	5	4	40	10	left	left	1	15	14.591	1028
2	6	4	40	10	right	right	1	16	15.857	1009
2	7	4	40	10	left	left	1	14	15.801	886
2	8	4	40	10	right	right	1	14	15.909	880
2	9	4	40	10	left	left	1	12	15.444	777
2	10	4	40	10	right	right	1	11	15.449	712
2	11	4	40	10	right	right	1	18	15.679	1148
2	12	4	40	10	left	left	1	9	15.734	572
2	13	4	40	10	right	right	1	10	16.077	622
2	14	4	40	10	left	left	1	9	16.791	536
2	15	4	40	10	left	right	0	23	15.625	1472
2	16	4	40	10	right	right	1	23	15.657	1469
2	17	4	40	10	right	right	1	12	15.19	790
2	18	4	40	10	left	left	1	11	15.896	692
2	19	4	40	10	left	left	1	19	15.612	1217
2	20	4	40	10	left	right	0	16	15.579	1027
2	21	4	40	10	right	left	0	10	15.129	661
2	22	4	40	10	right	right	1	12	16.021	749
2	23	4	40	10	right	right	1	12	15.727	763
2	24	4	40	10	right	right	1	10	15.198	658
2	25	4	40	10	left	right	0	14	15.251	918
2	26	4	40	10	left	left	1	9	15.28	589
2	27	4	40	10	right	right	1	14	15.945	878
2	28	4	40	10	left	left	1	10	16.026	624
2	29	4	40	10	right	right	1	14	15.317	914
2	30	4	40	10	left	left	1	10	15.699	637
2	31	4	40	10	right	right	1	9	16.544	544
2	32	4	40	10	left	left	1	8	15.355	521
2	33	4	40	10	right	right	1	10	16	625
2	34	4	40	10	right	left	0	7	16.393	427
2	35	4	40	10	right	right	1	9	16.129	558
2	36	4	40	10	left	left	1	19	15.548	1222
2	37	4	40	10	right	right	1	15	15.89	944
2	38	4	40	10	left	left	1	10	15.361	651
2	39	4	40	10	right	right	1	9	14.851	606
2	40	4	40	10	left	left	1	11	15.625	704
3	1	4	40	10	right	right	1	24	15.494	1549
3	2	4	40	10	right	right	1	14	15.766	888
3	3	4	40	10	left	left	1	11	15.257	721
3	4	4	40	10	left	right	0	10	16.26	615
3	5	4	40	10	left	left	1	9	15.679	574
3	6	4	40	10	right	right	1	15	15.773	951
3	7	4	40	10	right	left	0	8	16.563	483
3	8	4	40	10	right	right	1	9	16.575	543
3	9	4	40	10	left	right	0	9	15.437	583
3	10	4	40	10	left	left	1	9	16.364	550
3	11	4	40	10	left	left	1	14	15.504	903
3	12	4	40	10	right	right	1	10	15.221	657
3	13	4	40	10	right	left	0	10	15.723	636
3	14	4	40	10	left	right	0	10	15.175	659
3	15	4	40	10	right	right	1	10	15.528	644
3	16	4	40	10	left	left	1	11	16.369	672
3	17	4	40	10	right	right	1	12	15.248	787
3	18	4	40	10	left	left	1	12	16.086	746
3	19	4	40	10	left	right	0	17	15.399	1104
3	20	4	40	10	right	left	0	9	15.734	572
3	21	4	40	10	left	right	0	11	16.32	674
3	22	4	40	10	left	left	1	12	16.238	739
3	23	4	40	10	right	right	1	13	15.458	841
3	24	4	40	10	right	right	1	14	15.608	897
3	25	4	40	10	left	left	1	12	15.727	763
3	26	4	40	10	right	right	1	11	15.965	689
3	27	4	40	10	left	left	1	9	15.464	582
3	28	4	40	10	left	right	0	10	16.26	615
3	29	4	40	10	right	right	1	11	15.827	695
3	30	4	40	10	right	right	1	23	15.426	1491
3	31	4	40	10	left	left	1	18	15.254	1180
3	32	4	40	10	left	left	1	16	15.195	1053
3	33	4	40	10	left	left	1	14	15.054	930
3	34	4	40	10	left	left	1	12	15.686	765
3	35	4	40	10	left	right	0	14	15.873	882
3	36	4	40	10	right	left	0	13	15.912	817
3	37	4	40	10	right	right	1	10	15.649	639
3	38	4	40	10	right	right	1	17	15.858	1072
3	39	4	40	10	right	right	1	13	15.796	823
3	40	4	40	10	right	left	0	20	15.54	1287
4	1	4	40	10	right	right	1	17	15.888	1070
4	2	4	40	10	left	left	1	18	16.014	1124
4	3	4	40	10	left	right	0	13	15.719	827
4	4	4	40	10	right	left	0	10	15.432	648
4	5	4	40	10	left	right	0	9	15.411	584
4	6	4	40	10	left	left	1	10	15.267	655
4	7	4	40	10	right	right	1	27	15.393	1754
4	8	4	40	10	left	left	1	33	15.214	2169
4	9	4	40	10	right	right	1	18	16.014	1124
4	10	4	40	10	right	right	1	15	15.707	955
4	11	4	40	10	right	left	0	22	15.636	1407
4	12	4	40	10	right	right	1	17	15.962	1065
4	13	4	40	10	left	right	0	14	15.927	879
4	14	4	40	10	left	left	1	10	15.504	645
4	15	4	40	10	left	left	1	19	15.224	1248
4	16	4	40	10	left	left	1	14	15.301	915
4	17	4	40	10	left	left	1	13	15.099	861
4	18	4	40	10	right	right	1	20	15.456	1294
4	19	4	40	10	left	right	0	21	15.419	1362
4	20	4	40	10	left	left	1	10	14.97	668
4	21	4	40	10	right	left	0	15	15.121	992
4	22	4	40	10	right	right	1	9	16.071	560
4	23	4	40	10	left	right	0	23	15.53	1481
4	24	4	40	10	right	left	0	9	15.652	575
4	25	4	40	10	right	right	1	9	15.929	565
4	26	4	40	10	right	right	1	14	15.102	927
4	27	4	40	10	left	left	1	17	15.497	1097
4	28	4	40	10	right	right	1	12	15.789	760
4	29	4	40	10	left	right	0	16	15.519	1031
4	30	4	40	10	left	left	1	14	15.217	920
4	31	4	40	10	left	left	1	10	15.175	659
4	32	4	40	10	right	right	1	15	15.275	982
4	33	4	40	10	right	right	1	23	15.112	1522
4	34	4	40	10	right	right	1	15	15.06	996
4	35	4	40	10	right	right	1	12	15.789	760
4	36	4	40	10	left	right	0	12	15.19	790
4	37	4	40	10	right	right	1	21	15.602	1346
4	38	4	40	10	left	left	1	16	15.282	1047
4	39	4	40	10	right	right	1	16	15.209	1052
4	40	4	40	10	left	left	1	17	15.371	1106
5	1	4	40	10	right	right	1	14	15.368	911
5	2	4	40	10	left	left	1	10	16.207	617
5	3	4	40	10	right	right	1	11	15.385	715
5	4	4	40	10	right	right	1	12	15.287	785
5	5	4	40	10	left	left	1	15	15.385	975
5	6	4	40	10	left	left	1	14	15.855	883
5	7	4	40	10	right	right	1	10	15.723	636
5	8	4	40	10	right	right	1	15	15.369	976
5	9	4	40	10	left	right	0	15	15.198	987
5	10	4	40	10	left	left	1	10	16.34	612
5	11	4	40	10	right	right	1	13	16.129	806
5	12	4	40	10	left	left	1	24	15.171	1582
5	13	4	40	10	left	left	1	28	15.478	1809
5	14	4	40	10	right	right	1	13	15.012	866
5	15	4	40	10	left	left	1	13	15.569	835
5	16	4	40	10	right	right	1	12	15.248	787
5	17	4	40	10	left	left	1	10	15.198	658
5	18	4	40	10	left	left	1	18	15.025	1198
5	19	4	40	10	left	left	1	27	15.42	1751
5	20	4	40	10	left	left	1	17	15.668	1085
5	21	4	40	10	right	right	1	10	15.723	636
5	22	4	40	10	left	left	1	9	15.025	599
5	23	4	40	10	left	right	0	11	16.345	673
5	24	4	40	10	left	left	1	11	15.068	730
5	25	4	40	10	left	right	0	19	15.127	1256
5	26	4	40	10	right	right	1	11	15.299	719
5	27	4	40	10	right	right	1	13	16.169	804
5	28	4	40	10	right	left	0	11	15.896	692
5	29	4	40	10	right	right	1	10	16.103	621
5	30	4	40	10	right	right	1	9	16.791	536
5	31	4	40	10	left	right	0	10	15.601	641
5	32	4	40	10	right	left	0	9	15.411	584
5	33	4	40	10	right	right	1	9	16.334	551
5	34	4	40	10	left	right	0	14	15.625	896
5	35	4	40	10	right	right	1	15	15.275	982
5	36	4	40	10	right	left	0	23	15.272	1506
5	37	4	40	10	left	right	0	8	15.385	520
5	38	4	40	10	left	left	1	8	15.267	524
5	39	4	40	10	right	left	0	21	15.487	1356
5	40	4	40	10	right	right	1	10	15.873	630
6	1	4	40	10	right	right	1	12	15.748	762
6	2	4	40	10	left	right	0	13	15.312	849
6	3	4	40	10	left	right	0	12	15.345	782
6	4	4	40	10	right	left	0	10	16.393	610
6	5	4	40	10	left	right	0	13	15.029	865
6	6	4	40	10	left	left	1	9	14.851	606
6	7	4	40	10	right	right	1	16	15.137	1057
6	8	4	40	10	right	right	1	15	15.4	974
6	9	4	40	10	left	left	1	11	15.406	714
6	10	4	40	10	left	right	0	11	15.471	711
6	11	4	40	10	left	left	1	19	15.51	1225
6	12	4	40	10	left	right	0	17	15.814	1075
6	13	4	40	10	right	left	0	10	15.873	630
6	14	4	40	10	left	right	0	9	14.851	606
6	15	4	40	10	left	left	1	9	15.734	572
6	16	4	40	10	right	right	1	14	15.819	885
6	17	4	40	10	left	left	1	10	16.051	623
6	18	4	40	10	right	right	1	11	16.129	682
6	19	4	40	10	right	right	1	15	15.275	982
6	20	4	40	10	left	left	1	12	16.26	738
6	21	4	40	10	left	left	1	16	15.519	1031
6	22	4	40	10	right	left	0	22	15.31	1437
6	23	4	40	10	left	left	1	10	16.207	617
6	24	4	40	10	right	right	1	10	15.924	628
6	25	4	40	10	right	left	0	16	15.296	1046
6	26	4	40	10	right	right	1	8	16.097	497
6	27	4	40	10	right	left	0	13	14.891	873
6	28	4	40	10	right	right	1	16	15.889	1007
6	29	4	40	10	right	right	1	10	14.993	667
6	30	4	40	10	left	left	1	11	15.647	703
6	31	4	40	10	right	right	1	11	15.048	731
6	32	4	40	10	right	right	1	18	15.19	1185
6	33	4	40	10	left	left	1	13	15.439	842
6	34	4	40	10	right	right	1	9	15.762	571
6	35	4	40	10	left	left	1	11	16.296	675
6	36	4	40	10	right	right	1	8	16.427	487
6	37	4	40	10	left	left	1	8	15.18	527
6	38	4	40	10	left	left	1	14	15.234	919
6	39	4	40	10	right	right	1	18	15.293	1177
6	40	4	40	10	left	left	1	10	15.385	650
7	1	4	40	10	right	left	0	13	15.081	862
7	2	4	40	10	left	right	0	9	15.762	571
7	3	4	40	10	right	right	1	11	16.345	673
7	4	4	40	10	right	left	0	14	15.677	893
7	5	4	40	10	right	left	0	17	15.233	1116
7	6	4	40	10	left	left	1	10	15.432	648
7	7	4	40	10	left	left	1	14	15.168	923
7	8	4	40	10	left	left	1	12	15.831	758
7	9	4	40	10	right	right	1	9	15.306	588
7	10	4	40	10	left	left	1	11	15.342	717
7	11	4	40	10	right	right	1	10	15.576	642
7	12	4	40	10	left	left	1	9	15.679	574
7	13	4	40	10	left	left	1	12	15.171	791
7	14	4	40	10	left	left	1	11	16.248	677
7	15	4	40	10	left	left	1	11	15.235	722
7	16	4	40	10	right	left	0	13	15.513	838
7	17	4	40	10	right	right	1	20	15.674	1276
7	18	4	40	10	right	right	1	19	15.536	1223
7	19	4	40	10	left	left	1	9	15.817	569
7	20	4	40	10	left	right	0	19	15.587	1219
7	21	4	40	10	right	right	1	11	15.603	705
7	22	4	40	10	left	right	0	13	15.663	830
7	23	4	40	10	left	left	1	9	14.925	603
7	24	4	40	10	left	right	0	18	15.666	1149
7	25	4	40	10	right	left	0	9	16.729	538
7	26	4	40	10	left	right	0	10	15.267	655
7	27	4	40	10	left	left	1	9	16.544	544
7	28	4	40	10	right	right	1	13	16.069	809
7	29	4	40	10	right	left	0	13	16.25	800
7	30	4	40	10	right	right	1	11	15.896	692
7	31	4	40	10	left	left	1	17	15.843	1073
7	32	4	40	10	right	right	1	11	16.012	687
7	33	4	40	10	right	left	0	11	15.919	691
7	34	4	40	10	right	right	1	11	16.082	684
7	35	4	40	10	right	right	1	14	15.487	904
7	36	4	40	10	left	left	1	13	15.892	818
7	37	4	40	10	right	right	1	9	15.817	569
7	38	4	40	10	right	left	0	10	15.949	627
7	39	4	40	10	left	right	0	9	16.729	538
7	40	4	40	10	left	left	1	10	15.083	663
8	1	4	40	10	left	left	1	16	15.385	1040
8	2	4	40	10	left	right	0	16	15.549	1029
8	3	4	40	10	right	right	1	10	16.26	615
8	4	4	40	10	left	left	1	12	15.584	770
8	5	4	40	10	right	right	1	17	15.639	1087
8	6	4	40	10	right	right	1	12	16.021	749
8	7	4	40	10	left	left	1	14	15.021	932
8	8	4	40	10	left	left	1	18	15.332	1174
8	9	4	40	10	right	right	1	10	15.267	655
8	10	4	40	10	right	right	1	12	15.915	754
8	11	4	40	10	right	left	0	17	15.858	1072
8	12	4	40	10	right	right	1	8	15.504	516
8	13	4	40	10	right	right	1	12	15.707	764
8	14	4	40	10	right	right	1	12	15.584	770
8	15	4	40	10	right	right	1	10	15.221	657
8	16	4	40	10	left	right	0	12	16.043	748
8	17	4	40	10	right	right	1	12	15.171	791
8	18	4	40	10	left	left	1	14	15.521	902
8	19	4	40	10	left	left	1	9	14.803	608
8	20	4	40	10	right	right	1	10	16.181	618
8	21	4	40	10	left	left	1	10	15.699	637
8	22	4	40	10	right	right	1	11	16.176	680
8	23	4	40	10	left	left	1	11	15.714	700
8	24	4	40	10	left	left	1	14	15.334	913
8	25	4	40	10	right	left	0	17	15.582	1091
8	26	4	40	10	left	left	1	18	15.531	1159
8	27	4	40	10	left	left	1	13	15.663	830
8	28	4	40	10	left	right	0	11	16.248	677
8	29	4	40	10	right	right	1	19	15.347	1238
8	30	4	40	10	left	right	0	18	15.611	1153
8	31	4	40	10	right	left	0	14	15.385	910
8	32	4	40	10	left	right	0	13	15.682	829
8	33	4	40	10	left	left	1	13	15.892	818
8	34	4	40	10	right	right	1	12	15.132	793
8	35	4	40	10	left	left	1	12	15.306	784
8	36	4	40	10	right	right	1	12	15.81	759
8	37	4	40	10	left	right	0	20	15.279	1309
8	38	4	40	10	left	left	1	12	15.326	783
8	39	4	40	10	right	right	1	13	15.99	813
8	40	4	40	10	right	right	1	12	15.209	789
9	1	4	40	10	right	right	1	17	15.385	1105
9	2	4	40	10	right	right	1	11	15.278	720
9	3	4	40	10	left	right	0	14	15.521	902
9	4	4	40	10	right	left	0	11	16.082	684
9	5	4	40	10	left	right	0	10	15.873	630
9	6	4	40	10	right	right	1	14	15.005	933
9	7	4	40	10	left	left	1	11	16.176	680
9	8	4	40	10	left	left	1	14	15.021	932
9	9	4	40	10	left	left	1	17	15.992	1063
9	10	4	40	10	left	left	1	13	15.385	845
9	11	4	40	10	right	left	0	13	16.311	797
9	12	4	40	10	right	left	0	11	15.428	713
9	13	4	40	10	left	left	1	20	15.492	1291
9	14	4	40	10	left	left	1	12	16.349	734
9	15	4	40	10	right	right	1	17	15.247	1115
9	16	4	40	10	right	right	1	13	15.7	828
9	17	4	40	10	right	right	1	12	15.564	771
9	18	4	40	10	right	right	1	15	15.74	953
9	19	4	40	10	right	right	1	12	16.216	740
9	20	4	40	10	left	left	1	18	15.929	1130
9	21	4	40	10	left	left	1	10	15.773	634
9	22	4	40	10	left	left	1	17	15.668	1085
9	23	4	40	10	right	right	1	12	15.894	755
9	24	4	40	10	right	left	0	10	16	625
9	25	4	40	10	right	right	1	15	15.106	993
9	26	4	40	10	right	left	0	25	15.124	1653
9	27	4	40	10	left	left	1	21	15.184	1383
9	28	4	40	10	left	left	1	26	15.43	1685
9	29	4	40	10	left	left	1	16	15.34	1043
9	30	4	40	10	left	left	1	19	15.115	1257
9	31	4	40	10	left	right	0	21	15.317	1371
9	32	4	40	10	left	left	1	11	16.058	685
9	33	4	40	10	left	left	1	15	15.991	938
9	34	4	40	10	right	left	0	18	15.464	1164
9	35	4	40	10	right	right	1	11	15.235	722
9	36	4	40	10	right	right	1	22	15.46	1423
9	37	4	40	10	right	right	1	13	15.971	814
9	38	4	40	10	left	right	0	20	15.083	1326
9	39	4	40	10	left	right	0	12	15.171	791
9	40	4	40	10	right	left	0	9	15.762	571
10	1	4	40	10	left	right	0	14	15.837	884
10	2	4	40	10	left	left	1	15	15.856	946
10	3	4	40	10	left	left	1	13	16.01	812
10	4	4	40	10	left	right	0	11	15.193	724
10	5	4	40	10	right	left	0	9	15.075	597
10	6	4	40	10	left	right	0	10	15.152	660
10	7	4	40	10	left	left	1	9	15.075	597
10	8	4	40	10	right	right	1	16	16	1000
10	9	4	40	10	right	right	1	13	16.189	803
10	10	4	40	10	left	left	1	12	16.26	738
10	11	4	40	10	right	right	1	11	15.625	704
10	12	4	40	10	right	right	1	16	15.311	1045
10	13	4	40	10	right	right	1	17	15.829	1074
10	14	4	40	10	right	right	1	14	15.07	929
10	15	4	40	10	left	right	0	11	16.105	683
10	16	4	40	10	right	right	1	8	15.474	517
10	17	4	40	10	right	right	1	16	15.311	1045
10	18	4	40	10	right	right	1	12	15.113	794
10	19	4	40	10	left	left	1	13	14.891	873
10	20	4	40	10	left	left	1	13	15.421	843
10	21	4	40	10	left	left	1	12	15.564	771
10	22	4	40	10	left	right	0	11	15.942	690
10	23	4	40	10	right	right	1	20	15.785	1267
10	24	4	40	10	left	right	0	20	15.456	1294
10	25	4	40	10	right	right	1	17	16.008	1062
10	26	4	40	10	left	left	1	19	15.079	1260
10	27	4	40	10	left	left	1	13	15.064	863
10	28	4	40	10	right	right	1	15	16.009	937
10	29	4	40	10	left	left	1	11	15.559	707
10	30	4	40	10	left	left	1	16	15.385	1040
10	31	4	40	10	right	right	1	13	16.311	797
10	32	4	40	10	right	right	1	14	15.837	884
10	33	4	40	10	left	right	0	15	15.045	997
10	34	4	40	10	right	left	0	9	15.437	583
10	35	4	40	10	right	right	1	6	16.086	373
10	36	4	40	10	left	right	0	12	16.282	737
10	37	4	40	10	right	right	1	14	15.837	884
10	38	4	40	10	right	right	1	13	15.385	845
10	39	4	40	10	left	left	1	15	15.152	990
10	40	4	40	10	right	right	1	12	16.26	738
11	1	4	40	10	right	right	1	12	15.81	759
11	2	4	40	10	right	right	1	13	15.385	845
11	3	4	40	10	right	right	1	14	15.819	885
11	4	4	40	10	right	right	1	13	16.27	799
11	5	4	40	10	left	right	0	11	15.67	702
11	6	4	40	10	left	left	1	10	15.06	664
11	7	4	40	10	right	right	1	12	16.238	739
11	8	4	40	10	left	left	1	21	15.707	1337
11	9	4	40	10	right	right	1	15	15.275	982
11	10	4	40	10	left	left	1	23	15.354	1498
11	11	4	40	10	left	left	1	14	15.873	882
11	12	4	40	10	left	right	0	10	15.723	636
11	13	4	40	10	right	right	1	12	16.238	739
11	14	4	40	10	right	left	0	13	15.312	849
11	15	4	40	10	left	left	1	20	15.748	1270
11	16	4	40	10	right	right	1	15	15.228	985
11	17	4	40	10	left	right	0	23	15.242	1509
11	18	4	40	10	left	left	1	15	15.06	996
11	19	4	40	10	right	right	1	25	15.17	1648
11	20	4	40	10	left	right	0	17	15.219	1117
11	21	4	40	10	left	left	1	9	15.598	577
11	22	4	40	10	left	left	1	17	15.247	1115
11	23	4	40	10	right	left	0	14	15.453	906
11	24	4	40	10	right	right	1	9	15.817	569
11	25	4	40	10	right	right	1	17	15.26	1114
11	26	4	40	10	left	left	1	17	15.165	1121
11	27	4	40	10	left	right	0	16	15.984	1001
11	28	4	40	10	left	left	1	12	16.086	746
11	29	4	40	10	left	left	1	19	15.536	1223
11	30	4	40	10	right	left	0	13	15.012	866
11	31	4	40	10	right	right	1	10	15.083	663
11	32	4	40	10	right	right	1	14	15.713	891
11	33	4	40	10	right	right	1	13	15.258	852
11	34	4	40	10	right	left	0	13	15.834	821
11	35	4	40	10	left	right	0	12	15.605	769
11	36	4	40	10	right	right	1	13	16.332	796
11	37	4	40	10	left	left	1	13	16.311	797
11	38	4	40	10	left	left	1	22	15.162	1451
11	39	4	40	10	right	right	1	19	15.69	1211
11	40	4	40	10	left	left	1	14	15.267	917
12	1	4	40	10	left	left	1	13	15.7	828
12	2	4	40	10	right	right	1	14	15.556	900
12	3	4	40	10	right	right	1	14	15.119	926
12	4	4	40	10	right	right	1	12	15.306	784
12	5	4	40	10	right	left	0	11	15.131	727
12	6	4	40	10	left	right	0	9	14.975	601
12	7	4	40	10	left	left	1	9	15.203	592
12	8	4	40	10	right	right	1	13	16.209	802
12	9	4	40	10	right	left	0	20	15.711	1273
12	10	4	40	10	right	right	1	10	15.798	633
12	11	4	40	10	right	right	1	12	16.216	740
12	12	4	40	10	left	left	1	11	16.345	673
12	13	4	40	10	left	left	1	10	14.948	669
12	14	4	40	10	right	right	1	11	15.782	697
12	15	4	40	10	left	left	1	15	15.167	989
12	16	4	40	10	left	right	0	12	15.936	753
12	17	4	40	10	right	right	1	12	15.385	780
12	18	4	40	10	left	left	1	11	15.919	691
12	19	4	40	10	right	right	1	13	15.495	839
12	20	4	40	10	left	left	1	19	15.742	1207
12	21	4	40	10	left	left	1	16	15.253	1049
12	22	4	40	10	right	right	1	16	15.399	1039
12	23	4	40	10	left	left	1	12	15.544	772
12	24	4	40	10	left	left	1	17	15.247	1115
12	25	4	40	10	right	right	1	17	15.371	1106
12	26	4	40	10	right	right	1	15	15.228	985
12	27	4	40	10	right	right	1	15	15.167	989
12	28	4	40	10	right	right	1	18	15.504	1161
12	29	4	40	10	left	left	1	11	15.406	714
12	30	4	40	10	left	left	1	17	15.654	1086
12	31	4	40	10	left	right	0	13	15.99	813
12	32	4	40	10	left	right	0	10	15.408	649
12	33	4	40	10	left	right	0	18	15	1200
12	34	4	40	10	right	right	1	12	16.327	735
12	35	4	40	10	left	left	1	13	15.116	860
12	36	4	40	10	left	left	1	19	15.46	1229
12	37	4	40	10	right	right	1	11	15.11	728
12	38	4	40	10	right	left	0	17	15.539	1094
12	39	4	40	10	right	right	1	19	15.323	1240
12	40	4	40	10	left	left	1	11	15.214	723
13	1	4	40	10	right	right	1	21	15.51	1354
13	2	4	40	10	left	left	1	24	15.625	1536
13	3	4	40	10	left	left	1	20	15.504	1290
13	4	4	40	10	left	left	1	20	15.186	1317
13	5	4	40	10	right	left	0	10	15.974	626
13	6	4	40	10	left	left	1	9	14.975	601
13	7	4	40	10	left	right	0	16	15.579	1027
13	8	4	40	10	left	right	0	15	15.167	989
13	9	4	40	10	left	right	0	9	15.464	582
13	10	4	40	10	right	right	1	13	15.682	829
13	11	4	40	10	left	left	1	16	15.08	1061
13	12	4	40	10	right	right	1	10	15.015	666
13	13	4	40	10	left	left	1	11	16.248	677
13	14	4	40	10	right	right	1	11	15.965	689
13	15	4	40	10	left	left	1	11	16.035	686
13	16	4	40	10	right	right	1	9	15.571	578
13	17	4	40	10	right	right	1	16	15.209	1052
13	18	4	40	10	right	right	1	11	15.406	714
13	19	4	40	10	left	left	1	10	15.456	647
13	20	4	40	10	left	right	0	12	15.113	794
13	21	4	40	10	left	right	0	23	15.646	1470
13	22	4	40	10	left	left	1	10	14.993	667
13	23	4	40	10	left	right	0	31	15.085	2055
13	24	4	40	10	left	left	1	10	16.34	612
13	25	4	40	10	right	right	1	10	15.291	654
13	26	4	40	10	right	right	1	18	15.385	1170
13	27	4	40	10	right	right	1	14	15.713	891
13	28	4	40	10	left	left	1	16	15.326	1044
13	29	4	40	10	right	right	1	20	15.601	1282
13	30	4	40	10	right	left	0	9	15.254	590
13	31	4	40	10	left	right	0	11	15.363	716
13	32	4	40	10	right	right	1	10	15.291	654
13	33	4	40	10	right	left	0	19	15.51	1225
13	34	4	40	10	right	right	1	9	15.411	584
13	35	4	40	10	right	right	1	13	15.892	818
13	36	4	40	10	left	right	0	13	15.912	817
13	37	4	40	10	right	left	0	10	16.077	622
13	38	4	40	10	left	right	0	7	15.184	461
13	39	4	40	10	right	right	1	17	15.962	1065
13	40	4	40	10	right	right	1	11	15.827	695
14	1	4	40	10	left	left	1	20	15.083	1326
14	2	4	40	10	left	left	1	18	15.929	1130
14	3	4	40	10	left	left	1	14	15.453	906
14	4	4	40	10	left	right	0	11	15.537	708
14	5	4	40	10	right	right	1	12	16	750
14	6	4	40	10	left	right	0	19	15.472	1228
14	7	4	40	10	right	right	1	9	15.126	595
14	8	4	40	10	right	left	0	17	15.329	1109
14	9	4	40	10	right	right	1	9	15.625	576
14	10	4	40	10	left	left	1	10	16	625
14	11	4	40	10	right	right	1	9	16.423	548
14	12	4	40	10	left	left	1	22	15.31	1437
14	13	4	40	10	left	left	1	15	15.544	965
14	14	4	40	10	right	right	1	9	16.304	552
14	15	4	40	10	right	right	1	11	15.089	729
14	16	4	40	10	left	left	1	10	15.848	631
14	17	4	40	10	left	left	1	13	15.152	858
14	18	4	40	10	right	right	1	19	15.498	1226
14	19	4	40	10	left	left	1	10	16.129	620
14	20	4	40	10	left	left	1	19	15.335	1239
14	21	4	40	10	right	right	1	16	15.474	1034
14	22	4	40	10	left	left	1	13	16.109	807
14	23	4	40	10	left	left	1	15	15.03	998
14	24	4	40	10	right	left	0	19	15.188	1251
14	25	4	40	10	right	left	0	22	15.603	1410
14	26	4	40	10	right	right	1	10	16.287	614
14	27	4	40	10	left	left	1	15	15.625	960
14	28	4	40	10	right	right	1	26	15.081	1724
14	29	4	40	10	right	right	1	20	15.129	1322
14	30	4	40	10	right	left	0	19	15.755	1206
14	31	4	40	10	left	right	0	10	15.723	636
14	32	4	40	10	left	left	1	9	15.957	564
14	33	4	40	10	right	right	1	13	15.663	830
14	34	4	40	10	right	right	1	15	15.789	950
14	35	4	40	10	left	left	1	11	15.257	721
14	36	4	40	10	right	left	0	14	15.521	902
14	37	4	40	10	right	right	1	9	16.393	549
14	38	4	40	10	right	right	1	13	15.951	815
14	39	4	40	10	left	left	1	12	16.349	734
14	40	4	40	10	left	left	1	13	16.189	803
15	1	4	40	10	right	right	1	22	15.737	1398
15	2	4	40	10	left	left	1	12	16.021	749
15	3	4	40	10	right	right	1	19	15.69	1211
15	4	4	40	10	left	left	1	11	16.248	677
15	5	4	40	10	right	right	1	22	15.183	1449
15	6	4	40	10	left	left	1	10	15.823	632
15	7	4	40	10	right	right	1	14	15.168	923
15	8	4	40	10	left	left	1	10	15.106	662
15	9	4	40	10	right	left	0	13	15.439	842
15	10	4	40	10	right	right	1	14	15.784	887
15	11	4	40	10	left	left	1	9	15.845	568
15	12	4	40	10	right	right	1	18	15.598	1154
15	13	4	40	10	left	left	1	9	15.358	586
15	14	4	40	10	right	right	1	11	16.272	676
15	15	4	40	10	right	right	1	13	14.908	872
15	16	4	40	10	left	left	1	14	15.748	889
15	17	4	40	10	right	right	1	11	16.129	682
15	18	4	40	10	left	left	1	10	16.26	615
15	19	4	40	10	right	right	1	10	15.798	633
15	20	4	40	10	right	right	1	12	15.707	764
15	21	4	40	10	right	right	1	15	15.707	955
15	22	4	40	10	left	left	1	13	15.24	853
15	23	4	40	10	left	right	0	20	15.373	1301
15	24	4	40	10	left	left	1	9	15.901	566
15	25	4	40	10	right	right	1	10	16.051	623
15	26	4	40	10	left	left	1	14	15.054	930
15	27	4	40	10	right	right	1	11	15.515	709
15	28	4	40	10	left	left	1	10	15.385	650
15	29	4	40	10	left	right	0	9	16.158	557
15	30	4	40	10	left	left	1	17	15.469	1099
15	31	4	40	10	left	left	1	22	15.603	1410
15	32	4	40	10	left	left	1	15	15.353	977
15	33	4	40	10	right	left	0	15	15.957	940
15	34	4	40	10	right	right	1	9	15.734	572
15	35	4	40	10	right	right	1	10	15.314	653
15	36	4	40	10	left	left	1	12	15.936	753
15	37	4	40	10	right	right	1	9	15.025	599
15	38	4	40	10	left	left	1	10	16.207	617
15	39	4	40	10	right	right	1	9	16.216	555
15	40	4	40	10	left	left	1	9	15.306	588
16	1	4	40	10	right	right	1	17	15.343	1108
16	2	4	40	10	right	right	1	21	15.228	1379
16	3	4	40	10	left	left	1	9	15.411	584
16	4	4	40	10	left	left	1	10	16.393	610
16	5	4	40	10	right	right	1	16	15.686	1020
16	6	4	40	10	left	left	1	8	16.36	489
16	7	4	40	10	right	right	1	11	15.11	728
16	8	4	40	10	left	left	1	8	15.474	517
16	9	4	40	10	right	right	1	9	15.491	581
16	10	4	40	10	left	left	1	8	16.701	479
16	11	4	40	10	right	right	1	9	16.605	542
16	12	4	40	10	right	left	0	11	15.827	695
16	13	4	40	10	right	right	1	10	15.244	656
16	14	4	40	10	right	right	1	11	15.896	692
16	15	4	40	10	left	left	1	13	16.089	808
16	16	4	40	10	left	left	1	12	16.304	736
16	17	4	40	10	left	left	1	11	16.058	685
16	18	4	40	10	left	left	1	11	15.581	706
16	19	4	40	10	left	right	0	19	15.347	1238
16	20	4	40	10	right	right	1	14	15.66	894
16	21	4	40	10	right	right	1	13	15.951	815
16	22	4	40	10	left	left	1	10	15.083	663
16	23	4	40	10	left	left	1	16	15.826	1011
16	24	4	40	10	right	right	1	18	15	1200
16	25	4	40	10	right	left	0	18	15.19	1185
16	26	4	40	10	left	left	1	12	15.979	751
16	27	4	40	10	left	right	0	14	15.837	884
16	28	4	40	10	right	right	1	12	15.248	787
16	29	4	40	10	right	right	1	17	15.152	1122
16	30	4	40	10	right	right	1	14	15.07	929
16	31	4	40	10	left	right	0	13	15.258	852
16	32	4	40	10	right	left	0	10	15.601	641
16	33	4	40	10	right	right	1	8	15.595	513
16	34	4	40	10	left	left	1	12	15.936	753
16	35	4	40	10	right	left	0	15	15.512	967
16	36	4	40	10	left	left	1	12	16.327	735
16	37	4	40	10	left	left	1	15	15.674	957
16	38	4	40	10	left	right	0	25	15.244	1640
16	39	4	40	10	left	right	0	10	15.015	666
16	40	4	40	10	right	left	0	10	16.393	610
17	1	4	40	10	left	left	1	27	15.075	1791
17	2	4	40	10	right	right	1	13	15.796	823
17	3	4	40	10	left	left	1	10	15.244	656
17	4	4	40	10	left	left	1	12	15.727	763
17	5	4	40	10	left	left	1	16	15.253	1049
17	6	4	40	10	right	right	1	13	15.644	831
17	7	4	40	10	left	left	1	21	15.453	1359
17	8	4	40	10	left	left	1	18	15.358	1172
17	9	4	40	10	right	left	0	16	15.795	1013
17	10	4	40	10	left	right	0	14	16.222	863
17	11	4	40	10	right	right	1	10	16.129	620
17	12	4	40	10	right	right	1	13	15.495	839
17	13	4	40	10	left	left	1	11	15.988	688
17	14	4	40	10	left	right	0	11	16.082	684
17	15	4	40	10	left	right	0	10	15.898	629
17	16	4	40	10	left	left	1	9	15.929	565
17	17	4	40	10	right	right	1	14	15.801	886
17	18	4	40	10	right	right	1	14	15.487	904
17	19	4	40	10	right	right	1	14	15.317	914
17	20	4	40	10	left	left	1	11	15.537	708
17	21	4	40	10	right	right	1	12	15.287	785
17	22	4	40	10	right	left	0	19	15.127	1256
17	23	4	40	10	left	right	0	7	15.152	462
17	24	4	40	10	right	left	0	8	15.326	522
17	25	4	40	10	right	right	1	10	16.287	614
17	26	4	40	10	left	left	1	11	16.345	673
17	27	4	40	10	right	right	1	11	15.007	733
17	28	4	40	10	right	right	1	15	15.464	970
17	29	4	40	10	left	left	1	10	15.48	646
17	30	4	40	10	left	left	1	18	15.831	1137
17	31	4	40	10	right	right	1	12	15.444	777
17	32	4	40	10	left	left	1	11	15.988	688
17	33	4	40	10	right	right	1	10	15.129	661
17	34	4	40	10	right	left	0	10	16.234	616
17	35	4	40	10	right	right	1	19	15.435	1231
17	36	4	40	10	right	right	1	18	15.707	1146
17	37	4	40	10	left	left	1	14	16	875
17	38	4	40	10	left	left	1	14	15.436	907
17	39	4	40	10	left	left	1	14	15.005	933
17	40	4	40	10	right	right	1	14	15.909	880
18	1	4	40	10	right	right	1	14	15.766	888
18	2	4	40	10	right	right	1	13	15.439	842
18	3	4	40	10	left	right	0	13	15.012	866
18	4	4	40	10	right	right	1	9	15.411	584
18	5	4	40	10	left	left	1	12	16.086	746
18	6	4	40	10	left	left	1	10	15.432	648
18	7	4	40	10	left	right	0	9	16.216	555
18	8	4	40	10	right	right	1	9	16.791	536
18	9	4	40	10	left	right	0	17	15.611	1089
18	10	4	40	10	right	right	1	10	14.948	669
18	11	4	40	10	right	right	1	14	15.748	889
18	12	4	40	10	right	right	1	20	15.221	1314
18	13	4	40	10	left	left	1	17	15.525	1095
18	14	4	40	10	left	left	1	16	15.779	1014
18	15	4	40	10	left	right	0	23	15.604	1474
18	16	4	40	10	right	right	1	17	15.192	1119
18	17	4	40	10	right	right	1	14	15.521	902
18	18	4	40	10	left	left	1	15	15.89	944
18	19	4	40	10	left	right	0	15	15.576	963
18	20	4	40	10	right	right	1	13	15.7	828
18	21	4	40	10	left	left	1	9	14.925	603
18	22	4	40	10	right	right	1	11	15.692	701
18	23	4	40	10	right	right	1	15	15.091	994
18	24	4	40	10	right	right	1	16	15.905	1006
18	25	4	40	10	right	left	0	9	16.453	547
18	26	4	40	10	left	left	1	19	15.51	1225
18	27	4	40	10	right	right	1	14	15.184	922
18	28	4	40	10	left	left	1	25	15.347	1629
18	29	4	40	10	left	left	1	18	15.831	1137
18	30	4	40	10	left	left	1	13	15.588	834
18	31	4	40	10	right	right	1	12	15.748	762
18	32	4	40	10	left	right	0	17	15.511	1096
18	33	4	40	10	left	right	0	9	15.517	580
18	34	4	40	10	right	left	0	9	16.043	561
18	35	4	40	10	left	left	1	10	15.456	647
18	36	4	40	10	right	right	1	11	15.068	730
18	37	4	40	10	right	right	1	11	15.625	704
18	38	4	40	10	left	left	1	13	16.311	797
18	39	4	40	10	left	left	1	11	15.714	700
18	40	4	40	10	right	left	0	13	15.458	841
19	1	4	40	10	right	left	0	30	15.496	1936
19	2	4	40	10	right	left	0	13	16.049	810
19	3	4	40	10	left	left	1	14	15.66	894
19	4	4	40	10	right	right	1	13	15.931	816
19	5	4	40	10	right	right	1	13	15.348	847
19	6	4	40	10	left	left	1	13	16.109	807
19	7	4	40	10	left	left	1	13	15.081	862
19	8	4	40	10	right	right	1	10	15.649	639
19	9	4	40	10	left	left	1	11	15.068	730
19	10	4	40	10	right	right	1	20	15.625	1280
19	11	4	40	10	left	left	1	11	15.737	699
19	12	4	40	10	left	left	1	18	15.306	1176
19	13	4	40	10	right	right	1	10	15.038	665
19	14	4	40	10	right	left	0	12	16.194	741
19	15	4	40	10	right	right	1	11	15.131	727
19	16	4	40	10	left	left	1	10	15.337	652
19	17	4	40	10	left	left	1	14	15.351	912
19	18	4	40	10	left	left	1	12	15.113	794
19	19	4	40	10	right	right	1	12	15.132	793
19	20	4	40	10	right	left	0	10	16.234	616
19	21	4	40	10	right	right	1	9	15.203	592
19	22	4	40	10	right	right	1	11	15.406	714
19	23	4	40	10	right	left	0	11	16.2	679
19	24	4	40	10	left	right	0	15	15.907	943
19	25	4	40	10	left	left	1	9	15.873	567
19	26	4	40	10	left	right	0	11	16.369	672
19	27	4	40	10	left	left	1	14	15.47	905
19	28	4	40	10	left	right	0	18	15.371	1171
19	29	4	40	10	right	left	0	20	15.723	1272
19	30	4	40	10	left	right	0	13	15.33	848
19	31	4	40	10	right	right	1	11	16.058	685
19	32	4	40	10	right	right	1	17	15.947	1066
19	33	4	40	10	left	left	1	12	15.152	792
19	34	4	40	10	left	left	1	18	15.986	1126
19	35	4	40	10	right	left	0	15	15.152	990
19	36	4	40	10	right	right	1	13	15.205	855
19	37	4	40	10	right	left	0	18	15.734	1144
19	38	4	40	10	left	left	1	11	15.007	733
19	39	4	40	10	left	left	1	15	15.856	946
19	40	4	40	10	left	right	0	11	15.342	717
20	1	4	40	10	right	right	1	23	15.364	1497
20	2	4	40	10	right	right	1	16	15.238	1050
20	3	4	40	10	left	left	1	16	15.764	1015
20	4	4	40	10	left	left	1	12	15.209	789
20	5	4	40	10	right	right	1	11	15.235	722
20	6	4	40	10	right	right	1	14	15.909	880
20	7	4	40	10	left	left	1	20	15.232	1313
20	8	4	40	10	right	right	1	12	15.852	757
20	9	4	40	10	right	right	1	15	15.974	939
20	10	4	40	10	right	left	0	13	15.081	862
20	11	4	40	10	right	right	1	15	15.957	940
20	12	4	40	10	right	right	1	13	15.205	855
20	13	4	40	10	left	right	0	14	15.784	887
20	14	4	40	10	right	right	1	15	15.4	974
20	15	4	40	10	left	left	1	10	15.198	658
20	16	4	40	10	left	left	1	12	16.021	749
20	17	4	40	10	left	right	0	11	15.385	715
20	18	4	40	10	right	right	1	12	15.365	781
20	19	4	40	10	right	right	1	15	15.56	964
20	20	4	40	10	left	left	1	10	15.244	656
20	21	4	40	10	left	left	1	24	15.123	1587
20	22	4	40	10	right	right	1	15	15.907	943
20	23	4	40	10	left	left	1	11	15.257	721
20	24	4	40	10	left	right	0	13	15.366	846
20	25	4	40	10	left	left	1	9	16.453	547
20	26	4	40	10	right	right	1	12	16.216	740
20	27	4	40	10	right	right	1	15	15.48	969
20	28	4	40	10	left	left	1	12	16.021	749
20	29	4	40	10	right	right	1	12	15.404	779
20	30	4	40	10	left	left	1	11	15.581	706
20	31	4	40	10	left	left	1	11	15.471	711
20	32	4	40	10	left	left	1	14	15.837	884
20	33	4	40	10	left	left	1	14	15.402	909
20	34	4	40	10	left	left	1	13	15.064	863
20	35	4	40	10	right	right	1	13	15.187	856
20	36	4	40	10	left	left	1	11	16.369	672
20	37	4	40	10	right	right	1	12	16.021	749
20	38	4	40	10	left	left	1	11	15.919	691
20	39	4	40	10	right	left	0	15	15.907	943
20	40	4	40	10	right	right	1	16	15.779	1014
21	1	4	40	10	left	left	1	17	15.596	1090
21	2	4	40	10	right	right	1	11	16.153	681
21	3	4	40	10	left	left	1	13	16.149	805
21	4	4	40	10	left	right	0	20	15.576	1284
21	5	4	40	10	right	right	1	12	15.707	764
21	6	4	40	10	right	right	1	13	15.134	859
21	7	4	40	10	right	right	1	20	15.48	1292
21	8	4	40	10	right	left	0	17	15.288	1112
21	9	4	40	10	left	left	1	13	15.258	852
21	10	4	40	10	left	left	1	12	15.707	764
21	11	4	40	10	right	left	0	14	15.713	891
21	12	4	40	10	left	left	1	10	16	625
21	13	4	40	10	right	right	1	15	15.432	972
21	14	4	40	10	right	right	1	14	15.487	904
21	15	4	40	10	right	left	0	10	15.198	658
21	16	4	40	10	right	right	1	10	16.207	617
21	17	4	40	10	right	right	1	16	15.826	1011
21	18	4	40	10	left	left	1	10	15.601	641
21	19	4	40	10	right	right	1	12	16.064	747
21	20	4	40	10	left	left	1	11	15.406	714
21	21	4	40	10	left	left	1	16	15.399	1039
21	22	4	40	10	left	left	1	12	15.873	756
21	23	4	40	10	left	right	0	13	16.209	802
21	24	4	40	10	right	right	1	11	15.85	694
21	25	4	40	10	left	left	1	11	15.942	690
21	26	4	40	10	right	right	1	11	15.827	695
21	27	4	40	10	left	left	1	10	15.552	643
21	28	4	40	10	right	right	1	10	14.903	671
21	29	4	40	10	right	left	0	12	15.404	779
21	30	4	40	10	right	right	1	9	15.901	566
21	31	4	40	10	left	left	1	9	15.873	567
21	32	4	40	10	left	left	1	15	16.009	937
21	33	4	40	10	right	right	1	16	15.826	1011
21	34	4	40	10	left	left	1	13	15.777	824
21	35	4	40	10	right	right	1	13	16.25	800
21	36	4	40	10	right	right	1	18	15.957	1128
21	37	4	40	10	left	left	1	13	15.064	863
21	38	4	40	10	left	right	0	11	15.625	704
21	39	4	40	10	left	left	1	11	15.965	689
21	40	4	40	10	left	left	1	13	15.834	821
22	1	4	40	10	left	right	0	13	14.994	867
22	2	4	40	10	right	right	1	8	15.355	521
22	3	4	40	10	left	left	1	10	16	625
22	4	4	40	10	right	right	1	15	15.707	955
22	5	4	40	10	right	right	1	17	15.192	1119
22	6	4	40	10	left	left	1	15	15.924	942
22	7	4	40	10	left	left	1	17	15.726	1081
22	8	4	40	10	right	right	1	11	15.647	703
22	9	4	40	10	left	right	0	14	15.152	924
22	10	4	40	10	right	left	0	9	15.762	571
22	11	4	40	10	right	right	1	9	15.598	577
22	12	4	40	10	right	right	1	12	15.094	795
22	13	4	40	10	right	right	1	12	15.584	770
22	14	4	40	10	left	left	1	10	15.601	641
22	15	4	40	10	right	right	1	11	16.272	676
22	16	4	40	10	right	left	0	9	15.411	584
22	17	4	40	10	left	right	0	10	15.898	629
22	18	4	40	10	left	right	0	9	16.393	549
22	19	4	40	10	right	right	1	8	15.504	516
22	20	4	40	10	left	left	1	9	15.126	595
22	21	4	40	10	left	left	1	12	15.852	757
22	22	4	40	10	right	right	1	11	16.105	683
22	23	4	40	10	right	right	1	14	15.368	911
22	24	4	40	10	right	right	1	12	15.769	761
22	25	4	40	10	left	left	1	15	15.89	944
22	26	4	40	10	left	left	1	14	15.873	882
22	27	4	40	10	left	right	0	13	15.854	820
22	28	4	40	10	left	right	0	10	15.432	648
22	29	4	40	10	right	right	1	9	14.803	608
22	30	4	40	10	left	left	1	10	16.155	619
22	31	4	40	10	right	right	1	10	15.504	645
22	32	4	40	10	right	right	1	15	15.496	968
22	33	4	40	10	right	right	1	15	15.306	980
22	34	4	40	10	right	left	0	10	15.823	632
22	35	4	40	10	right	right	1	10	16.234	616
22	36	4	40	10	left	left	1	11	15.581	706
22	37	4	40	10	left	right	0	15	15.385	975
22	38	4	40	10	left	left	1	8	15.414	519
22	39	4	40	10	left	right	0	15	15.528	966
22	40	4	40	10	left	left	1	8	16.985	471
23	1	4	40	10	left	left	1	17	15.726	1081
23	2	4	40	10	left	left	1	15	15.641	959
23	3	4	40	10	right	right	1	14	15.573	899
23	4	4	40	10	right	right	1	16	15.564	1028
23	5	4	40	10	right	right	1	18	15.088	1193
23	6	4	40	10	left	left	1	9	15.544	579
23	7	4	40	10	left	right	0	16	15.564	1028
23	8	4	40	10	left	left	1	9	16.129	558
23	9	4	40	10	left	left	1	12	15.789	760
23	10	4	40	10	right	right	1	11	15.32	718
23	11	4	40	10	left	left	1	17	15.697	1083
23	12	4	40	10	left	right	0	10	15.798	633
23	13	4	40	10	right	right	1	15	15.873	945
23	14	4	40	10	right	right	1	14	15.837	884
23	15	4	40	10	left	left	1	9	15.517	580
23	16	4	40	10	right	right	1	11	15.85	694
23	17	4	40	10	left	left	1	10	15.576	642
23	18	4	40	10	right	right	1	10	14.948	669
23	19	4	40	10	right	right	1	16	15.984	1001
23	20	4	40	10	right	right	1	16	15.779	1014
23	21	4	40	10	left	right	0	18	15.803	1139
23	22	4	40	10	left	right	0	11	15.299	719
23	23	4	40	10	left	left	1	14	15.201	921
23	24	4	40	10	right	right	1	17	15.455	1100
23	25	4	40	10	left	right	0	14	15.038	931
23	26	4	40	10	left	left	1	11	15.759	698
23	27	4	40	10	right	right	1	17	15.315	1110
23	28	4	40	10	right	right	1	19	15.249	1246
23	29	4	40	10	right	left	0	12	16.129	744
23	30	4	40	10	right	right	1	8	15.534	515
23	31	4	40	10	right	right	1	14	15.855	883
23	32	4	40	10	left	right	0	13	15.099	861
23	33	4	40	10	right	right	1	11	15.759	698
23	34	4	40	10	right	right	1	18	15.424	1167
23	35	4	40	10	left	right	0	21	15.173	1384
23	36	4	40	10	left	left	1	8	16.064	498
23	37	4	40	10	left	right	0	15	15.74	953
23	38	4	40	10	right	left	0	9	16.76	537
23	39	4	40	10	left	right	0	8	16.194	494
23	40	4	40	10	right	right	1	8	15.564	514
24	1	4	40	10	left	left	1	14	15.234	919
24	2	4	40	10	left	left	1	14	16	875
24	3	4	40	10	left	left	1	15	15.974	939
24	4	4	40	10	right	right	1	14	15.66	894
24	5	4	40	10	left	left	1	14	15.234	919
24	6	4	40	10	left	left	1	19	15.2	1250
24	7	4	40	10	right	right	1	13	15.834	821
24	8	4	40	10	right	right	1	20	15.773	1268
24	9	4	40	10	right	left	0	16	16	1000
24	10	4	40	10	right	right	1	10	15.038	665
24	11	4	40	10	left	left	1	14	15.556	900
24	12	4	40	10	right	right	1	14	15.521	902
24	13	4	40	10	right	right	1	13	16.109	807
24	14	4	40	10	right	right	1	15	15.385	975
24	15	4	40	10	right	right	1	13	15.439	842
24	16	4	40	10	right	left	0	12	16.238	739
24	17	4	40	10	left	right	0	12	16.349	734
24	18	4	40	10	left	left	1	10	15.432	648
24	19	4	40	10	right	left	0	20	15.302	1307
24	20	4	40	10	left	left	1	10	15.152	660
24	21	4	40	10	right	right	1	20	15.528	1288
24	22	4	40	10	left	left	1	15	15.322	979
24	23	4	40	10	left	right	0	14	15.351	912
24	24	4	40	10	right	right	1	13	15.815	822
24	25	4	40	10	left	left	1	15	15.152	990
24	26	4	40	10	right	right	1	14	15.73	890
24	27	4	40	10	right	right	1	16	15.209	1052
24	28	4	40	10	right	right	1	14	15.748	889
24	29	4	40	10	right	right	1	15	15.075	995
24	30	4	40	10	left	left	1	13	15.951	815
24	31	4	40	10	left	right	0	11	16.012	687
24	32	4	40	10	left	left	1	11	15.988	688
24	33	4	40	10	right	left	0	14	15.982	876
24	34	4	40	10	right	right	1	11	15.385	715
24	35	4	40	10	left	left	1	13	16.109	807
24	36	4	40	10	left	left	1	16	15.764	1015
24	37	4	40	10	left	left	1	12	15.894	755
24	38	4	40	10	left	left	1	12	15.132	793
24	39	4	40	10	left	left	1	12	15.936	753
24	40	4	40	10	right	right	1	16	16	1000
