
blkNum	trlNum	coherentDots	numberofDots	percentCoherence	winningDirection	response	correct	eventCount	averageFrameRate	RT
1	1	4	40	10	right	left	0	101	15.172	6657
1	2	4	40	10	right	right	1	66	15.352	4299
1	3	4	40	10	left	right	0	114	15.2	7500
1	4	4	40	10	left	left	1	49	15.222	3219
1	5	4	40	10	left	right	0	48	15.233	3151
1	6	4	40	10	right	left	0	10	15.267	655
1	7	4	40	10	right	tooFast	2	4	17.937	223
1	8	4	40	10	right	right	1	62	15.122	4100
1	9	4	40	10	right	right	1	103	15.241	6758
1	10	4	40	10	left	left	1	27	15.571	1734
1	11	4	40	10	right	right	1	31	15.339	2021
1	12	4	40	10	right	right	1	37	15.201	2434
1	13	4	40	10	right	left	0	57	15.41	3699
1	14	4	40	10	left	right	0	21	15.34	1369
1	15	4	40	10	left	left	1	27	15.385	1755
1	16	4	40	10	left	left	1	47	15.21	3090
2	1	4	40	10	left	left	1	39	15.217	2563
2	2	4	40	10	left	left	1	36	15.464	2328
2	3	4	40	10	right	right	1	54	15.216	3549
2	4	4	40	10	right	left	0	34	15.165	2242
2	5	4	40	10	left	right	0	23	15.436	1490
2	6	4	40	10	right	left	0	23	15.052	1528
2	7	4	40	10	left	left	1	35	15.473	2262
2	8	4	40	10	left	right	0	85	15.152	5610
2	9	4	40	10	left	left	1	26	15.321	1697
2	10	4	40	10	left	left	1	44	15.326	2871
2	11	4	40	10	right	right	1	50	15.342	3259
2	12	4	40	10	left	left	1	53	15.23	3480
2	13	4	40	10	right	right	1	42	15.195	2764
2	14	4	40	10	left	left	1	21	15.206	1381
2	15	4	40	10	left	left	1	23	15.678	1467
2	16	4	40	10	right	left	0	26	15.16	1715
2	17	4	40	10	left	left	1	27	15.297	1765
2	18	4	40	10	left	left	1	20	15.198	1316
2	19	4	40	10	right	right	1	19	15.323	1240
2	20	4	40	10	right	left	0	51	15.279	3338
2	21	4	40	10	left	right	0	15	15.136	991
3	1	4	40	10	right	right	1	27	15.491	1743
3	2	4	40	10	left	left	1	26	15.644	1662
3	3	4	40	10	left	right	0	27	15.315	1763
3	4	4	40	10	left	left	1	13	15.348	847
3	5	4	40	10	right	right	1	46	15.137	3039
3	6	4	40	10	left	left	1	36	15.418	2335
3	7	4	40	10	right	left	0	47	15.235	3085
3	8	4	40	10	left	right	0	21	15.141	1387
3	9	4	40	10	left	right	0	6	17.964	334
3	10	4	40	10	right	right	1	5	15.773	317
3	11	4	40	10	right	right	1	18	15.411	1168
3	12	4	40	10	right	left	0	30	15.182	1976
3	13	4	40	10	left	right	0	20	15.42	1297
3	14	4	40	10	right	right	1	20	15.504	1290
3	15	4	40	10	right	right	1	49	15.409	3180
3	16	4	40	10	right	right	1	41	15.483	2648
3	17	4	40	10	left	left	1	34	15.469	2198
3	18	4	40	10	right	left	0	22	15.714	1400
3	19	4	40	10	left	left	1	44	15.477	2843
3	20	4	40	10	left	left	1	16	15.905	1006
3	21	4	40	10	left	left	1	24	15.852	1514
3	22	4	40	10	right	right	1	17	15.247	1115
3	23	4	40	10	right	left	0	27	15.393	1754
3	24	4	40	10	left	right	0	22	15.299	1438
3	25	4	40	10	left	right	0	9	16.484	546
3	26	4	40	10	right	right	1	11	15.827	695
3	27	4	40	10	right	right	1	15	15.707	955
3	28	4	40	10	left	left	1	14	15.66	894
4	1	4	40	10	right	right	1	35	15.425	2269
4	2	4	40	10	right	left	0	37	15.251	2426
4	3	4	40	10	left	right	0	25	15.557	1607
4	4	4	40	10	left	right	0	13	15.951	815
4	5	4	40	10	right	right	1	19	15.913	1194
4	6	4	40	10	left	right	0	21	15.778	1331
4	7	4	40	10	left	left	1	11	15.172	725
4	8	4	40	10	left	right	0	36	15.564	2313
4	9	4	40	10	left	right	0	60	15.198	3948
4	10	4	40	10	left	left	1	12	16.129	744
4	11	4	40	10	left	right	0	17	15.554	1093
4	12	4	40	10	right	right	1	16	15.873	1008
4	13	4	40	10	right	right	1	20	15.773	1268
4	14	4	40	10	right	right	1	22	15.204	1447
4	15	4	40	10	left	right	0	19	15.447	1230
4	16	4	40	10	right	right	1	23	15.829	1453
4	17	4	40	10	left	left	1	30	15.4	1948
4	18	4	40	10	left	left	1	27	15.625	1728
4	19	4	40	10	left	left	1	36	15.216	2366
4	20	4	40	10	left	left	1	26	15.504	1677
4	21	4	40	10	left	right	0	18	15.929	1130
4	22	4	40	10	right	right	1	22	15.299	1438
4	23	4	40	10	left	left	1	26	15.366	1692
4	24	4	40	10	right	right	1	20	15.504	1290
4	25	4	40	10	right	left	0	18	15.345	1173
4	26	4	40	10	right	left	0	9	15.544	579
4	27	4	40	10	left	left	1	7	16.204	432
4	28	4	40	10	left	left	1	15	15.167	989
4	29	4	40	10	right	right	1	14	15.334	913
4	30	4	40	10	left	right	0	17	15.712	1082
5	1	4	40	10	left	right	0	26	15.458	1682
5	2	4	40	10	right	left	0	14	15.982	876
5	3	4	40	10	right	left	0	5	15.576	321
5	4	4	40	10	right	left	0	23	15.53	1481
5	5	4	40	10	left	right	0	18	16	1125
5	6	4	40	10	right	left	0	18	15.831	1137
5	7	4	40	10	right	right	1	22	15.748	1397
5	8	4	40	10	right	right	1	28	15.184	1844
5	9	4	40	10	left	left	1	27	15.725	1717
5	10	4	40	10	right	right	1	33	15.25	2164
5	11	4	40	10	right	left	0	20	15.468	1293
5	12	4	40	10	left	right	0	35	15.48	2261
5	13	4	40	10	right	left	0	10	15.898	629
5	14	4	40	10	right	left	0	28	15.317	1828
5	15	4	40	10	left	left	1	25	15.225	1642
5	16	4	40	10	left	left	1	21	15.825	1327
5	17	4	40	10	right	right	1	16	15.474	1034
5	18	4	40	10	right	right	1	24	15.161	1583
5	19	4	40	10	left	left	1	36	15.139	2378
5	20	4	40	10	left	left	1	24	15.296	1569
5	21	4	40	10	right	right	1	31	15.233	2035
5	22	4	40	10	right	left	0	22	15.515	1418
5	23	4	40	10	right	right	1	17	16.023	1061
5	24	4	40	10	right	right	1	26	15.522	1675
5	25	4	40	10	right	left	0	42	15.173	2768
5	26	4	40	10	right	right	1	17	15.315	1110
5	27	4	40	10	right	right	1	36	15.326	2349
5	28	4	40	10	right	right	1	15	15.322	979
5	29	4	40	10	left	right	0	29	15.376	1886
6	1	4	40	10	left	left	1	34	15.329	2218
6	2	4	40	10	right	right	1	32	15.348	2085
6	3	4	40	10	left	left	1	53	15.208	3485
6	4	4	40	10	right	left	0	31	14.954	2073
6	5	4	40	10	right	right	1	19	15.523	1224
6	6	4	40	10	right	right	1	33	15.471	2133
6	7	4	40	10	right	right	1	21	15.567	1349
6	8	4	40	10	left	right	0	40	15.516	2578
6	9	4	40	10	left	left	1	25	15.674	1595
6	10	4	40	10	left	left	1	29	15.247	1902
6	11	4	40	10	right	left	0	38	15.466	2457
6	12	4	40	10	left	left	1	23	15.222	1511
6	13	4	40	10	left	left	1	29	15.491	1872
6	14	4	40	10	left	left	1	68	15.257	4457
6	15	4	40	10	right	right	1	23	15.829	1453
6	16	4	40	10	left	left	1	23	15.829	1453
6	17	4	40	10	left	right	0	20	15.291	1308
6	18	4	40	10	left	right	0	7	15.184	461
6	19	4	40	10	right	right	1	5	16.026	312
6	20	4	40	10	right	right	1	8	16.327	490
6	21	4	40	10	right	left	0	14	15.748	889
6	22	4	40	10	right	left	0	6	16.349	367
6	23	4	40	10	right	right	1	6	17.493	343
6	24	4	40	10	left	right	0	14	15.855	883
6	25	4	40	10	right	right	1	7	17.157	408
6	26	4	40	10	right	right	1	13	16.291	798
6	27	4	40	10	right	left	0	18	15.358	1172
6	28	4	40	10	right	right	1	7	15.317	457
6	29	4	40	10	right	right	1	30	15.19	1975
6	30	4	40	10	left	right	0	54	15.429	3500
7	1	4	40	10	right	right	1	31	15.446	2007
7	2	4	40	10	left	left	1	27	15.437	1749
7	3	4	40	10	left	right	0	19	15.9	1195
7	4	4	40	10	left	left	1	16	15.625	1024
7	5	4	40	10	right	right	1	42	15.234	2757
7	6	4	40	10	left	left	1	33	15.522	2126
7	7	4	40	10	left	left	1	28	15.226	1839
7	8	4	40	10	right	left	0	32	15.444	2072
7	9	4	40	10	right	left	0	16	15.936	1004
7	10	4	40	10	left	left	1	14	15.819	885
7	11	4	40	10	right	left	0	25	15.263	1638
7	12	4	40	10	left	left	1	26	15.71	1655
7	13	4	40	10	left	right	0	27	15.385	1755
7	14	4	40	10	left	right	0	19	15.536	1223
7	15	4	40	10	left	right	0	41	15.448	2654
7	16	4	40	10	left	right	0	24	15.779	1521
7	17	4	40	10	left	left	1	33	15.117	2183
7	18	4	40	10	right	right	1	25	15.615	1601
7	19	4	40	10	right	left	0	24	15.345	1564
7	20	4	40	10	right	right	1	13	15.854	820
7	21	4	40	10	right	right	1	12	15.894	755
7	22	4	40	10	right	right	1	11	15.471	711
7	23	4	40	10	right	right	1	7	16.055	436
7	24	4	40	10	right	right	1	15	15.213	986
7	25	4	40	10	right	right	1	15	16.234	924
7	26	4	40	10	left	left	1	12	15.666	766
7	27	4	40	10	left	left	1	24	15.666	1532
7	28	4	40	10	left	left	1	16	15.795	1013
7	29	4	40	10	right	right	1	26	15.532	1674
7	30	4	40	10	left	right	0	19	15.638	1215
8	1	4	40	10	left	left	1	12	15.852	757
8	2	4	40	10	left	left	1	9	15.986	563
8	3	4	40	10	left	left	1	13	16.03	811
8	4	4	40	10	left	right	0	15	15.213	986
8	5	4	40	10	left	right	0	5	15.924	314
8	6	4	40	10	right	right	1	6	18.182	330
8	7	4	40	10	left	right	0	9	15.957	564
8	8	4	40	10	left	left	1	6	18.237	329
8	9	4	40	10	left	left	1	7	15.184	461
8	10	4	40	10	left	left	1	13	16.189	803
8	11	4	40	10	right	left	0	9	16.514	545
8	12	4	40	10	left	right	0	6	16.043	374
8	13	4	40	10	left	right	0	4	15.209	263
8	14	4	40	10	right	tooFast	2	4	17.467	229
8	15	4	40	10	left	right	0	11	15.257	721
8	16	4	40	10	left	right	0	15	15.991	938
8	17	4	40	10	right	right	1	12	15.287	785
8	18	4	40	10	right	right	1	11	15.278	720
8	19	4	40	10	left	right	0	12	15.686	765
8	20	4	40	10	right	left	0	5	17.921	279
8	21	4	40	10	right	left	0	7	16.949	413
8	22	4	40	10	right	left	0	20	15.256	1311
8	23	4	40	10	right	left	0	20	15.432	1296
8	24	4	40	10	left	left	1	18	15.957	1128
8	25	4	40	10	left	left	1	19	15.127	1256
8	26	4	40	10	left	left	1	26	15.458	1682
8	27	4	40	10	left	left	1	26	15.7	1656
8	28	4	40	10	left	left	1	18	15.464	1164
8	29	4	40	10	left	left	1	21	15.672	1340
8	30	4	40	10	right	left	0	11	15.278	720
8	31	4	40	10	left	right	0	28	15.608	1794
8	32	4	40	10	right	right	1	20	15.361	1302
8	33	4	40	10	right	left	0	31	15.248	2033
8	34	4	40	10	left	right	0	23	15.743	1461
8	35	4	40	10	left	right	0	23	15.53	1481
8	36	4	40	10	right	right	1	24	15.326	1566
8	37	4	40	10	left	right	0	28	15.284	1832
9	1	4	40	10	left	right	0	14	16.222	863
9	2	4	40	10	left	tooFast	2	4	16.393	244
9	3	4	40	10	left	right	0	10	16.42	609
9	4	4	40	10	right	left	0	13	15.625	832
9	5	4	40	10	left	right	0	18	15.666	1149
9	6	4	40	10	left	left	1	15	16.287	921
9	7	4	40	10	right	left	0	15	15.198	987
9	8	4	40	10	right	right	1	16	15.109	1059
9	9	4	40	10	left	left	1	22	15.267	1441
9	10	4	40	10	left	right	0	26	15.412	1687
9	11	4	40	10	left	left	1	23	15.7	1465
9	12	4	40	10	right	left	0	58	15.191	3818
9	13	4	40	10	left	right	0	20	15.326	1305
9	14	4	40	10	left	right	0	5	16.779	298
9	15	4	40	10	right	right	1	14	16.185	865
9	16	4	40	10	left	right	0	12	15.132	793
9	17	4	40	10	left	left	1	11	15.896	692
9	18	4	40	10	right	right	1	8	16.393	488
9	19	4	40	10	right	left	0	11	15.827	695
9	20	4	40	10	left	left	1	8	16.667	480
9	21	4	40	10	right	right	1	8	15.444	518
9	22	4	40	10	left	right	0	21	15.195	1382
9	23	4	40	10	right	left	0	6	16.667	360
9	24	4	40	10	right	left	0	13	16.25	800
9	25	4	40	10	left	right	0	16	15.564	1028
9	26	4	40	10	right	right	1	28	15.651	1789
9	27	4	40	10	right	right	1	28	15.512	1805
9	28	4	40	10	left	right	0	30	15.259	1966
9	29	4	40	10	left	tooFast	2	4	17.316	231
9	30	4	40	10	right	tooFast	2	4	19.608	204
9	31	4	40	10	left	left	1	18	15.957	1128
9	32	4	40	10	left	left	1	16	15.282	1047
9	33	4	40	10	right	right	1	19	15.677	1212
9	34	4	40	10	left	right	0	17	15.903	1069
10	1	4	40	10	right	left	0	7	16.949	413
10	2	4	40	10	right	left	0	8	16.427	487
10	3	4	40	10	right	left	0	10	16.155	619
10	4	4	40	10	right	left	0	11	15.581	706
10	5	4	40	10	right	left	0	8	15.504	516
10	6	4	40	10	left	right	0	6	16	375
10	7	4	40	10	left	tooFast	2	3	17.857	168
10	8	4	40	10	left	right	0	32	15.304	2091
10	9	4	40	10	right	right	1	23	15.797	1456
10	10	4	40	10	right	right	1	13	16.27	799
10	11	4	40	10	right	right	1	10	16.287	614
10	12	4	40	10	left	right	0	11	16.566	664
10	13	4	40	10	right	right	1	7	15.909	440
10	14	4	40	10	left	right	0	12	15.365	781
10	15	4	40	10	right	right	1	6	16.26	369
10	16	4	40	10	left	right	0	13	15.854	820
10	17	4	40	10	left	right	0	6	15	400
10	18	4	40	10	left	right	0	12	15.936	753
10	19	4	40	10	right	left	0	9	15.306	588
10	20	4	40	10	left	left	1	17	15.483	1098
10	21	4	40	10	left	left	1	15	15.496	968
10	22	4	40	10	right	left	0	24	15.123	1587
10	23	4	40	10	right	left	0	15	15.707	955
10	24	4	40	10	left	left	1	16	15.595	1026
10	25	4	40	10	left	left	1	16	15.64	1023
10	26	4	40	10	left	left	1	25	15.528	1610
10	27	4	40	10	left	left	1	25	15.263	1638
10	28	4	40	10	right	left	0	29	15.344	1890
10	29	4	40	10	left	tooFast	2	4	16.529	242
10	30	4	40	10	left	left	1	26	15.412	1687
10	31	4	40	10	right	left	0	22	15.581	1412
10	32	4	40	10	left	right	0	10	16.447	608
10	33	4	40	10	right	right	1	18	15.437	1166
10	34	4	40	10	right	right	1	25	15.489	1614
10	35	4	40	10	right	right	1	32	15.429	2074
10	36	4	40	10	right	right	1	27	15.473	1745
11	1	4	40	10	left	left	1	31	15.331	2022
11	2	4	40	10	right	right	1	14	15.695	892
11	3	4	40	10	right	left	0	21	15.206	1381
11	4	4	40	10	right	right	1	12	15.326	783
11	5	4	40	10	left	right	0	32	15.459	2070
11	6	4	40	10	right	left	0	11	15.089	729
11	7	4	40	10	left	left	1	6	15.831	379
11	8	4	40	10	left	left	1	15	16.06	934
11	9	4	40	10	right	right	1	17	15.625	1088
11	10	4	40	10	right	left	0	16	15.534	1030
11	11	4	40	10	right	left	0	7	17.157	408
11	12	4	40	10	right	left	0	9	15.385	585
11	13	4	40	10	right	right	1	7	16.867	415
11	14	4	40	10	left	left	1	8	15.748	508
11	15	4	40	10	right	left	0	12	16.064	747
11	16	4	40	10	left	tooFast	2	1	16.393	61
11	17	4	40	10	right	right	1	15	15.291	981
11	18	4	40	10	right	left	0	22	15.352	1433
11	19	4	40	10	right	right	1	12	15.228	788
11	20	4	40	10	right	right	1	25	15.366	1627
11	21	4	40	10	left	right	0	25	15.328	1631
11	22	4	40	10	left	left	1	15	15.907	943
11	23	4	40	10	left	left	1	16	15.123	1058
11	24	4	40	10	left	right	0	14	15.784	887
11	25	4	40	10	left	right	0	6	17.595	341
11	26	4	40	10	right	left	0	6	15.464	388
11	27	4	40	10	right	left	0	9	15.929	565
11	28	4	40	10	left	left	1	12	16.064	747
11	29	4	40	10	left	right	0	14	15.909	880
11	30	4	40	10	left	left	1	11	15.493	710
11	31	4	40	10	left	left	1	18	15.929	1130
11	32	4	40	10	left	left	1	44	15.235	2888
11	33	4	40	10	right	right	1	19	15.46	1229
11	34	4	40	10	right	left	0	22	15.299	1438
11	35	4	40	10	left	right	0	8	16.878	474
11	36	4	40	10	left	right	0	12	15.831	758
11	37	4	40	10	right	right	1	16	16	1000
12	1	4	40	10	right	right	1	13	15.758	825
12	2	4	40	10	left	left	1	17	15.858	1072
12	3	4	40	10	right	left	0	18	15.557	1157
12	4	4	40	10	right	right	1	8	16.064	498
12	5	4	40	10	left	right	0	20	15.81	1265
12	6	4	40	10	left	right	0	8	15.873	504
12	7	4	40	10	left	right	0	16	15.094	1060
12	8	4	40	10	right	left	0	18	15.228	1182
12	9	4	40	10	left	right	0	16	15.109	1059
12	10	4	40	10	left	left	1	11	16.058	685
12	11	4	40	10	right	left	0	18	15.721	1145
12	12	4	40	10	left	right	0	11	15.873	693
12	13	4	40	10	right	left	0	22	15.647	1406
12	14	4	40	10	right	right	1	46	15.369	2993
12	15	4	40	10	right	right	1	33	15.11	2184
12	16	4	40	10	right	right	1	27	15.464	1746
12	17	4	40	10	left	right	0	30	15.488	1937
12	18	4	40	10	right	left	0	11	15.603	705
12	19	4	40	10	left	left	1	10	16.367	611
12	20	4	40	10	left	left	1	19	15.873	1197
12	21	4	40	10	left	left	1	23	15.646	1470
12	22	4	40	10	left	left	1	24	15.656	1533
12	23	4	40	10	left	right	0	15	15.259	983
12	24	4	40	10	left	right	0	8	15.625	512
12	25	4	40	10	right	right	1	9	15.517	580
12	26	4	40	10	left	right	0	12	15.524	773
12	27	4	40	10	right	left	0	11	15.625	704
12	28	4	40	10	right	left	0	11	16.153	681
12	29	4	40	10	left	left	1	8	16.064	498
12	30	4	40	10	right	right	1	13	15.931	816
12	31	4	40	10	right	left	0	34	15.455	2200
12	32	4	40	10	left	right	0	10	16.26	615
12	33	4	40	10	right	right	1	39	15.152	2574
12	34	4	40	10	right	left	0	15	15.856	946
13	1	4	40	10	right	left	0	7	15.766	444
13	2	4	40	10	right	left	0	11	16.012	687
13	3	4	40	10	right	right	1	7	16.867	415
13	4	4	40	10	left	left	1	9	16.917	532
13	5	4	40	10	left	left	1	13	15.55	836
13	6	4	40	10	left	right	0	21	15.217	1380
13	7	4	40	10	right	left	0	12	16	750
13	8	4	40	10	left	left	1	10	16.42	609
13	9	4	40	10	left	left	1	17	15.582	1091
13	10	4	40	10	right	right	1	19	15.51	1225
13	11	4	40	10	left	left	1	38	15.164	2506
13	12	4	40	10	left	right	0	18	15.254	1180
13	13	4	40	10	left	right	0	7	16.746	418
13	14	4	40	10	left	right	0	8	15.296	523
13	15	4	40	10	left	right	0	8	15.873	504
13	16	4	40	10	right	right	1	9	16.667	540
13	17	4	40	10	right	left	0	11	15.193	724
13	18	4	40	10	left	left	1	11	16.641	661
13	19	4	40	10	right	left	0	15	16.146	929
13	20	4	40	10	left	left	1	10	16.474	607
13	21	4	40	10	left	left	1	18	15.19	1185
13	22	4	40	10	right	left	0	19	15.612	1217
13	23	4	40	10	left	left	1	11	16.369	672
13	24	4	40	10	left	right	0	14	15.855	883
13	25	4	40	10	left	right	0	6	16.26	369
13	26	4	40	10	left	right	0	6	15.957	376
13	27	4	40	10	right	right	1	7	16.787	417
13	28	4	40	10	left	right	0	12	16.327	735
13	29	4	40	10	right	left	0	5	17.361	288
13	30	4	40	10	left	left	1	11	15.67	702
13	31	4	40	10	right	left	0	12	15.564	771
13	32	4	40	10	left	left	1	18	15.345	1173
13	33	4	40	10	left	left	1	20	15.748	1270
13	34	4	40	10	left	left	1	16	15.625	1024
13	35	4	40	10	left	left	1	19	15.36	1237
13	36	4	40	10	left	left	1	17	15.192	1119
13	37	4	40	10	left	left	1	15	15.658	958
13	38	4	40	10	left	left	1	13	16.25	800
13	39	4	40	10	left	left	1	15	16.043	935
13	40	4	40	10	right	left	0	10	15.601	641
13	41	4	40	10	left	left	1	8	15.123	529
13	42	4	40	10	right	left	0	19	15.323	1240
14	1	4	40	10	right	right	1	6	16.62	361
14	2	4	40	10	right	left	0	15	15.182	988
14	3	4	40	10	right	left	0	8	16.771	477
14	4	4	40	10	left	tooFast	2	4	17.241	232
14	5	4	40	10	left	right	0	10	15.924	628
14	6	4	40	10	left	left	1	5	18.657	268
14	7	4	40	10	left	left	1	21	15.306	1372
14	8	4	40	10	left	right	0	26	15.606	1666
14	9	4	40	10	right	left	0	23	15.436	1490
14	10	4	40	10	left	right	0	7	16.241	431
14	11	4	40	10	left	right	0	5	18.315	273
14	12	4	40	10	left	tooFast	2	3	15.707	191
14	13	4	40	10	right	right	1	8	16.878	474
14	14	4	40	10	left	left	1	18	15.943	1129
14	15	4	40	10	right	right	1	19	15.625	1216
14	16	4	40	10	right	left	0	19	15.115	1257
14	17	4	40	10	left	left	1	7	16.827	416
14	18	4	40	10	right	left	0	11	15.515	709
14	19	4	40	10	right	right	1	5	18.519	270
14	20	4	40	10	right	right	1	7	16.548	423
14	21	4	40	10	right	right	1	11	15.537	708
14	22	4	40	10	right	right	1	10	15.798	633
14	23	4	40	10	right	right	1	9	15.762	571
14	24	4	40	10	left	left	1	12	15.873	756
14	25	4	40	10	left	left	1	17	15.497	1097
14	26	4	40	10	right	right	1	13	15.931	816
14	27	4	40	10	left	left	1	19	15.638	1215
14	28	4	40	10	left	right	0	20	15.625	1280
14	29	4	40	10	left	right	0	9	16.791	536
14	30	4	40	10	right	right	1	6	16.807	357
14	31	4	40	10	left	left	1	13	15.777	824
14	32	4	40	10	right	right	1	11	15.449	712
14	33	4	40	10	left	left	1	21	15.579	1348
14	34	4	40	10	right	right	1	9	16.071	560
14	35	4	40	10	left	left	1	11	16.153	681
14	36	4	40	10	right	right	1	9	15.517	580
14	37	4	40	10	right	left	0	12	15.686	765
14	38	4	40	10	left	left	1	7	16.867	415
14	39	4	40	10	right	right	1	11	15.896	692
14	40	4	40	10	right	left	0	14	15.766	888
14	41	4	40	10	left	tooFast	2	1	33.333	30
14	42	4	40	10	right	left	0	5	17.986	278
14	43	4	40	10	left	tooFast	2	3	19.231	156
14	44	4	40	10	left	right	0	10	16.234	616
15	1	4	40	10	left	left	1	9	15.762	571
15	2	4	40	10	left	left	1	16	15.564	1028
15	3	4	40	10	left	right	0	19	15.926	1193
15	4	4	40	10	right	left	0	9	15.652	575
15	5	4	40	10	left	left	1	10	16.34	612
15	6	4	40	10	left	left	1	16	15.414	1038
15	7	4	40	10	right	right	1	14	16.148	867
15	8	4	40	10	left	right	0	18	15.584	1155
15	9	4	40	10	left	left	1	10	15.432	648
15	10	4	40	10	left	left	1	14	15.317	914
15	11	4	40	10	left	right	0	10	16.556	604
15	12	4	40	10	left	right	0	4	15.936	251
15	13	4	40	10	right	right	1	5	16.892	296
15	14	4	40	10	right	right	1	12	15.748	762
15	15	4	40	10	left	left	1	11	15.449	712
15	16	4	40	10	right	right	1	22	15.235	1444
15	17	4	40	10	right	right	1	17	15.799	1076
15	18	4	40	10	right	left	0	9	16.043	561
15	19	4	40	10	right	tooFast	2	3	15.228	197
15	20	4	40	10	left	left	1	9	16.071	560
15	21	4	40	10	left	left	1	15	15.873	945
15	22	4	40	10	left	left	1	15	15.322	979
15	23	4	40	10	left	left	1	17	15.654	1086
15	24	4	40	10	left	left	1	16	15.209	1052
15	25	4	40	10	left	right	0	8	15.564	514
15	26	4	40	10	left	right	0	6	18.018	333
15	27	4	40	10	right	tooFast	2	2	19.802	101
15	28	4	40	10	right	right	1	7	15.419	454
15	29	4	40	10	right	left	0	5	16.667	300
15	30	4	40	10	right	right	1	5	18.727	267
15	31	4	40	10	right	right	1	12	15.075	796
15	32	4	40	10	left	right	0	15	16.112	931
15	33	4	40	10	left	tooFast	2	4	16.598	241
15	34	4	40	10	left	left	1	21	15.464	1358
15	35	4	40	10	right	right	1	15	15.576	963
15	36	4	40	10	left	right	0	8	16.736	478
15	37	4	40	10	left	left	1	5	16.393	305
15	38	4	40	10	right	right	1	7	16.99	412
15	39	4	40	10	right	left	0	10	16.667	600
15	40	4	40	10	left	left	1	8	16.162	495
15	41	4	40	10	right	right	1	7	16.279	430
15	42	4	40	10	right	right	1	10	16.807	595
15	43	4	40	10	left	right	0	9	16.917	532
15	44	4	40	10	left	left	1	4	16	250
15	45	4	40	10	left	left	1	11	16.129	682
15	46	4	40	10	left	right	0	10	16.529	605
15	47	4	40	10	left	tooFast	2	2	14.286	140
16	1	4	40	10	right	left	0	9	16.822	535
16	2	4	40	10	left	left	1	19	15.993	1188
16	3	4	40	10	left	left	1	13	15.682	829
16	4	4	40	10	left	left	1	14	15.556	900
16	5	4	40	10	left	left	1	14	16.241	862
16	6	4	40	10	right	left	0	15	15.658	958
16	7	4	40	10	right	tooFast	2	1	16.129	62
16	8	4	40	10	right	left	0	10	16.502	606
16	9	4	40	10	right	tooFast	2	4	17.467	229
16	10	4	40	10	left	right	0	9	16.043	561
16	11	4	40	10	left	right	0	6	17.094	351
16	12	4	40	10	right	right	1	11	15.131	727
16	13	4	40	10	right	right	1	14	16	875
16	14	4	40	10	left	left	1	17	15.568	1092
16	15	4	40	10	left	left	1	18	15.915	1131
16	16	4	40	10	left	right	0	10	16.181	618
16	17	4	40	10	left	tooFast	2	2	16.529	121
16	18	4	40	10	right	right	1	7	16.432	426
16	19	4	40	10	left	left	1	7	15.086	464
16	20	4	40	10	right	right	1	10	16.722	598
16	21	4	40	10	left	right	0	10	15.456	647
16	22	4	40	10	left	left	1	5	18.45	271
16	23	4	40	10	left	left	1	6	16	375
16	24	4	40	10	left	right	0	8	16.842	475
16	25	4	40	10	left	tooFast	2	4	18.519	216
16	26	4	40	10	right	left	0	5	15.873	315
16	27	4	40	10	left	left	1	11	16.129	682
16	28	4	40	10	right	right	1	12	16.349	734
16	29	4	40	10	left	right	0	21	15.683	1339
16	30	4	40	10	left	left	1	5	15.432	324
16	31	4	40	10	right	right	1	9	15.679	574
16	32	4	40	10	right	left	0	14	15.368	911
16	33	4	40	10	right	tooFast	2	4	19.417	206
16	34	4	40	10	left	left	1	5	16.34	306
16	35	4	40	10	left	right	0	14	15.556	900
16	36	4	40	10	right	right	1	16	15.842	1010
16	37	4	40	10	left	left	1	10	15.291	654
16	38	4	40	10	left	right	0	15	16.009	937
16	39	4	40	10	left	right	0	5	17.361	288
16	40	4	40	10	right	tooFast	2	3	17.241	174
16	41	4	40	10	right	left	0	11	15.965	689
16	42	4	40	10	right	left	0	8	15.81	506
16	43	4	40	10	right	right	1	10	15.48	646
16	44	4	40	10	right	right	1	11	15.257	721
16	45	4	40	10	right	left	0	10	16.287	614
17	1	4	40	10	right	right	1	23	15.405	1493
17	2	4	40	10	left	right	0	21	15.464	1358
17	3	4	40	10	right	left	0	7	17.199	407
17	4	4	40	10	right	tooFast	2	2	14.706	136
17	5	4	40	10	left	right	0	16	15.595	1026
17	6	4	40	10	left	right	0	14	15.301	915
17	7	4	40	10	left	left	1	13	15.588	834
17	8	4	40	10	left	left	1	21	15.707	1337
17	9	4	40	10	right	right	1	14	16.241	862
17	10	4	40	10	left	left	1	13	15.513	838
17	11	4	40	10	right	right	1	12	16.021	749
17	12	4	40	10	right	right	1	19	16.007	1187
17	13	4	40	10	right	left	0	16	15.326	1044
17	14	4	40	10	right	left	0	7	15.73	445
17	15	4	40	10	left	left	1	9	16.544	544
17	16	4	40	10	left	right	0	7	16.867	415
17	17	4	40	10	left	tooFast	2	4	16.598	241
17	18	4	40	10	left	right	0	12	15.504	774
17	19	4	40	10	right	right	1	14	15.608	897
17	20	4	40	10	left	left	1	21	15.695	1338
17	21	4	40	10	left	right	0	11	16.616	662
17	22	4	40	10	left	left	1	5	17.986	278
17	23	4	40	10	right	left	0	13	15.931	816
17	24	4	40	10	right	left	0	8	16.807	476
17	25	4	40	10	left	left	1	10	15.649	639
17	26	4	40	10	right	right	1	6	17.804	337
17	27	4	40	10	right	right	1	19	15.079	1260
17	28	4	40	10	right	left	0	12	15.666	766
17	29	4	40	10	right	left	0	7	16.471	425
17	30	4	40	10	left	tooFast	2	3	19.355	155
17	31	4	40	10	right	right	1	13	15.7	828
17	32	4	40	10	left	right	0	18	16.014	1124
17	33	4	40	10	left	right	0	11	16.369	672
17	34	4	40	10	left	right	0	14	16.204	864
17	35	4	40	10	right	right	1	21	15.284	1374
17	36	4	40	10	right	left	0	18	15.803	1139
17	37	4	40	10	left	left	1	11	16.2	679
17	38	4	40	10	left	left	1	26	15.522	1675
17	39	4	40	10	left	right	0	12	16.304	736
17	40	4	40	10	right	right	1	6	18.182	330
18	1	4	40	10	left	left	1	21	15.453	1359
18	2	4	40	10	right	right	1	30	15.267	1965
18	3	4	40	10	right	left	0	23	15.7	1465
18	4	4	40	10	right	left	0	13	15.815	822
18	5	4	40	10	left	left	1	19	15.2	1250
18	6	4	40	10	left	right	0	14	15.837	884
18	7	4	40	10	right	right	1	6	18.237	329
18	8	4	40	10	left	left	1	7	16.667	420
18	9	4	40	10	left	left	1	7	15.351	456
18	10	4	40	10	left	right	0	6	16	375
18	11	4	40	10	right	tooFast	2	3	15.075	199
18	12	4	40	10	right	right	1	17	15.814	1075
18	13	4	40	10	left	left	1	13	15.758	825
18	14	4	40	10	left	right	0	19	15.536	1223
18	15	4	40	10	right	right	1	5	16.181	309
18	16	4	40	10	left	left	1	5	15.674	319
18	17	4	40	10	right	right	1	11	15.942	690
18	18	4	40	10	right	right	1	12	15.666	766
18	19	4	40	10	left	left	1	6	16.129	372
18	20	4	40	10	left	left	1	8	16.162	495
18	21	4	40	10	right	right	1	5	16.556	302
18	22	4	40	10	left	left	1	7	16.204	432
18	23	4	40	10	right	right	1	8	15.474	517
18	24	4	40	10	right	left	0	10	16.313	613
18	25	4	40	10	right	left	0	4	15.385	260
18	26	4	40	10	left	tooFast	2	3	14.925	201
18	27	4	40	10	left	left	1	9	16.886	533
18	28	4	40	10	right	right	1	13	15.834	821
18	29	4	40	10	left	right	0	6	15.789	380
18	30	4	40	10	right	left	0	6	16.807	357
18	31	4	40	10	right	left	0	6	17.192	349
18	32	4	40	10	left	right	0	5	18.051	277
18	33	4	40	10	left	tooFast	2	3	19.355	155
18	34	4	40	10	right	right	1	16	15.534	1030
18	35	4	40	10	right	left	0	11	15.068	730
18	36	4	40	10	left	right	0	5	17.123	292
18	37	4	40	10	right	right	1	6	18.182	330
18	38	4	40	10	left	left	1	6	18.018	333
18	39	4	40	10	left	left	1	8	16.393	488
18	40	4	40	10	right	right	1	4	15.686	255
18	41	4	40	10	right	right	1	6	15.306	392
18	42	4	40	10	right	tooFast	2	4	16.949	236
18	43	4	40	10	right	left	0	22	15.526	1417
18	44	4	40	10	left	left	1	19	15.886	1196
18	45	4	40	10	right	right	1	16	15.08	1061
18	46	4	40	10	left	left	1	22	15.592	1411
18	47	4	40	10	left	right	0	23	15.374	1496
19	1	4	40	10	left	left	1	7	15.351	456
19	2	4	40	10	left	left	1	11	15.85	694
19	3	4	40	10	right	right	1	8	15.094	530
19	4	4	40	10	left	right	0	12	15.584	770
19	5	4	40	10	left	left	1	5	18.051	277
19	6	4	40	10	right	right	1	5	17.544	285
19	7	4	40	10	left	right	0	6	15.345	391
19	8	4	40	10	right	tooFast	2	3	17.045	176
19	9	4	40	10	left	left	1	7	16.667	420
19	10	4	40	10	right	left	0	7	16.827	416
19	11	4	40	10	left	left	1	9	15.358	586
19	12	4	40	10	right	right	1	15	15.198	987
19	13	4	40	10	right	left	0	12	15.831	758
19	14	4	40	10	left	tooFast	2	4	16.598	241
19	15	4	40	10	left	right	0	22	15.385	1430
19	16	4	40	10	right	right	1	18	15.943	1129
19	17	4	40	10	right	left	0	16	15.625	1024
19	18	4	40	10	left	right	0	7	16.787	417
19	19	4	40	10	left	right	0	11	15.919	691
19	20	4	40	10	left	left	1	19	15.372	1236
19	21	4	40	10	left	right	0	10	16.75	597
19	22	4	40	10	left	right	0	5	16.667	300
19	23	4	40	10	left	right	0	14	16.018	874
19	24	4	40	10	left	right	0	9	15.652	575
19	25	4	40	10	left	right	0	10	15.314	653
19	26	4	40	10	left	right	0	13	16.149	805
19	27	4	40	10	right	right	1	11	15.625	704
19	28	4	40	10	right	right	1	7	16.949	413
19	29	4	40	10	right	right	1	5	16.835	297
19	30	4	40	10	right	right	1	6	18.127	331
19	31	4	40	10	left	tooFast	2	4	17.391	230
19	32	4	40	10	left	left	1	13	15.439	842
19	33	4	40	10	right	right	1	30	14.808	2026
19	34	4	40	10	right	left	0	17	13.037	1304
19	35	4	40	10	right	right	1	9	16.071	560
19	36	4	40	10	left	right	0	10	16.207	617
19	37	4	40	10	right	tooFast	2	2	14.706	136
19	38	4	40	10	right	left	0	13	15.588	834
19	39	4	40	10	left	left	1	18	15.332	1174
19	40	4	40	10	left	right	0	15	15.512	967
19	41	4	40	10	left	left	1	10	16.051	623
19	42	4	40	10	left	left	1	14	15.334	913
19	43	4	40	10	right	right	1	5	16.287	307
19	44	4	40	10	right	left	0	12	15.852	757
20	1	4	40	10	left	left	1	21	15.579	1348
20	2	4	40	10	right	right	1	16	15.504	1032
20	3	4	40	10	left	left	1	35	15.204	2302
20	4	4	40	10	left	left	1	29	15.409	1882
20	5	4	40	10	left	right	0	13	16.311	797
20	6	4	40	10	right	left	0	20	15.337	1304
20	7	4	40	10	left	left	1	11	16.743	657
20	8	4	40	10	left	right	0	14	15.982	876
20	9	4	40	10	right	right	1	16	15.474	1034
20	10	4	40	10	left	right	0	34	15.525	2190
20	11	4	40	10	right	right	1	14	15.521	902
20	12	4	40	10	right	left	0	13	15.796	823
20	13	4	40	10	left	left	1	15	15.198	987
20	14	4	40	10	right	left	0	61	15.346	3975
20	15	4	40	10	right	left	0	13	15.873	819
20	16	4	40	10	right	tooFast	2	3	17.143	175
20	17	4	40	10	left	right	0	9	16.245	554
20	18	4	40	10	right	right	1	7	16.241	431
20	19	4	40	10	right	right	1	9	16.886	533
20	20	4	40	10	right	left	0	6	16.807	357
20	21	4	40	10	right	left	0	5	18.587	269
20	22	4	40	10	left	tooFast	2	3	14.851	202
20	23	4	40	10	right	left	0	18	15.776	1141
20	24	4	40	10	left	left	1	6	16.949	354
20	25	4	40	10	left	left	1	8	15.209	526
20	26	4	40	10	left	tooFast	2	4	16.949	236
20	27	4	40	10	left	left	1	13	16.069	809
20	28	4	40	10	left	right	0	6	18.237	329
20	29	4	40	10	left	tooFast	2	4	17.241	232
20	30	4	40	10	right	right	1	18	15.254	1180
20	31	4	40	10	left	right	0	5	15.432	324
20	32	4	40	10	left	left	1	9	16.216	555
20	33	4	40	10	left	left	1	6	15.464	388
20	34	4	40	10	right	right	1	5	16.026	312
20	35	4	40	10	left	right	0	6	16.949	354
20	36	4	40	10	right	tooFast	2	4	17.094	234
20	37	4	40	10	left	left	1	11	16.012	687
20	38	4	40	10	right	left	0	16	15.459	1035
21	1	4	40	10	right	right	1	17	15.441	1101
21	2	4	40	10	right	left	0	25	15.518	1611
21	3	4	40	10	right	left	0	8	16.563	483
21	4	4	40	10	right	right	1	13	16.291	798
21	5	4	40	10	left	left	1	12	16.194	741
21	6	4	40	10	left	left	1	11	15.942	690
21	7	4	40	10	right	right	1	17	15.206	1118
21	8	4	40	10	left	left	1	16	15.429	1037
21	9	4	40	10	right	right	1	28	15.267	1834
21	10	4	40	10	left	right	0	37	15.353	2410
21	11	4	40	10	right	left	0	6	15.625	384
21	12	4	40	10	right	right	1	17	15.858	1072
21	13	4	40	10	left	left	1	18	15.241	1181
21	14	4	40	10	left	right	0	17	15.654	1086
21	15	4	40	10	left	left	1	4	15.625	256
21	16	4	40	10	right	left	0	5	16.835	297
21	17	4	40	10	right	tooFast	2	2	16.667	120
21	18	4	40	10	right	right	1	6	16.216	370
21	19	4	40	10	left	right	0	11	16.442	669
21	20	4	40	10	left	right	0	5	17.065	293
21	21	4	40	10	right	right	1	9	15.517	580
21	22	4	40	10	left	right	0	14	16.26	861
21	23	4	40	10	left	left	1	10	15.974	626
21	24	4	40	10	right	left	0	13	15.854	820
21	25	4	40	10	left	right	0	6	18.293	328
21	26	4	40	10	right	right	1	7	15.086	464
21	27	4	40	10	left	left	1	13	15.663	830
21	28	4	40	10	right	right	1	16	15.671	1021
21	29	4	40	10	left	left	1	13	15.738	826
21	30	4	40	10	right	right	1	15	16.009	937
21	31	4	40	10	left	left	1	17	15.582	1091
21	32	4	40	10	left	left	1	19	15.2	1250
21	33	4	40	10	left	left	1	19	15.993	1188
21	34	4	40	10	left	left	1	14	16.11	869
21	35	4	40	10	left	right	0	15	15.674	957
21	36	4	40	10	right	right	1	16	15.549	1029
21	37	4	40	10	left	left	1	15	15.48	969
21	38	4	40	10	right	right	1	11	15.027	732
21	39	4	40	10	left	right	0	22	15.614	1409
21	40	4	40	10	left	left	1	11	16.492	667
21	41	4	40	10	left	left	1	23	15.222	1511
22	1	4	40	10	left	left	1	14	15.504	903
22	2	4	40	10	right	left	0	12	15.464	776
22	3	4	40	10	left	right	0	18	16.014	1124
22	4	4	40	10	right	left	0	11	16.2	679
22	5	4	40	10	left	right	0	8	16.949	472
22	6	4	40	10	left	right	0	7	16.092	435
22	7	4	40	10	right	right	1	8	16.227	493
22	8	4	40	10	left	left	1	13	16.169	804
22	9	4	40	10	right	right	1	17	15.483	1098
22	10	4	40	10	left	left	1	9	15.177	593
22	11	4	40	10	right	right	1	10	16.181	618
22	12	4	40	10	left	left	1	13	15.854	820
22	13	4	40	10	left	right	0	14	15.837	884
22	14	4	40	10	left	right	0	9	16.043	561
22	15	4	40	10	right	right	1	10	16.077	622
22	16	4	40	10	left	left	1	9	15.625	576
22	17	4	40	10	right	left	0	9	15.385	585
22	18	4	40	10	left	right	0	5	16.502	303
22	19	4	40	10	right	tooFast	2	3	18.987	158
22	20	4	40	10	left	right	0	8	16.632	481
22	21	4	40	10	right	right	1	15	15.56	964
22	22	4	40	10	right	right	1	16	15.549	1029
22	23	4	40	10	right	left	0	15	16.129	930
22	24	4	40	10	right	left	0	10	16.42	609
22	25	4	40	10	left	right	0	7	15.59	449
22	26	4	40	10	right	right	1	11	15.942	690
22	27	4	40	10	left	right	0	15	15.03	998
22	28	4	40	10	left	left	1	16	15.764	1015
22	29	4	40	10	left	left	1	13	15.873	819
22	30	4	40	10	left	left	1	13	16.189	803
22	31	4	40	10	left	right	0	12	15.444	777
22	32	4	40	10	right	right	1	6	16.484	364
22	33	4	40	10	right	left	0	5	18.382	272
22	34	4	40	10	left	left	1	12	16.151	743
22	35	4	40	10	left	left	1	14	15.713	891
22	36	4	40	10	left	left	1	15	15.56	964
22	37	4	40	10	right	right	1	15	15.641	959
22	38	4	40	10	left	left	1	12	15.605	769
22	39	4	40	10	left	left	1	14	16.222	863
22	40	4	40	10	right	left	0	12	15.645	767
22	41	4	40	10	right	left	0	10	15.773	634
22	42	4	40	10	left	right	0	8	15.81	506
22	43	4	40	10	right	right	1	9	15.464	582
22	44	4	40	10	left	left	1	18	15.748	1143
22	45	4	40	10	left	right	0	12	15.19	790
23	1	4	40	10	right	left	0	8	15.414	519
23	2	4	40	10	right	left	0	6	15.152	396
23	3	4	40	10	right	right	1	11	15.172	725
23	4	4	40	10	right	left	0	8	15.81	506
23	5	4	40	10	left	tooFast	2	4	17.391	230
23	6	4	40	10	right	right	1	7	15.284	458
23	7	4	40	10	right	left	0	11	15.11	728
23	8	4	40	10	right	right	1	8	15.81	506
23	9	4	40	10	left	left	1	10	16.639	601
23	10	4	40	10	right	right	1	17	15.357	1107
23	11	4	40	10	left	left	1	10	16.42	609
23	12	4	40	10	left	left	1	15	15.198	987
23	13	4	40	10	right	right	1	12	15.484	775
23	14	4	40	10	right	right	1	21	15.119	1389
23	15	4	40	10	right	right	1	29	15.144	1915
23	16	4	40	10	right	left	0	26	15.495	1678
23	17	4	40	10	right	left	0	20	15.152	1320
23	18	4	40	10	left	left	1	13	15.931	816
23	19	4	40	10	right	right	1	12	15.152	792
23	20	4	40	10	left	left	1	13	16.291	798
23	21	4	40	10	right	right	1	11	15.027	732
23	22	4	40	10	right	left	0	12	15.584	770
23	23	4	40	10	left	right	0	15	16.234	924
23	24	4	40	10	right	right	1	11	15.048	731
23	25	4	40	10	left	left	1	14	16.204	864
23	26	4	40	10	right	left	0	14	16.055	872
23	27	4	40	10	right	right	1	8	16.736	478
23	28	4	40	10	left	left	1	11	16.082	684
23	29	4	40	10	right	right	1	13	15.187	856
23	30	4	40	10	left	left	1	9	15.203	592
23	31	4	40	10	right	left	0	10	15.773	634
23	32	4	40	10	right	left	0	11	15.782	697
23	33	4	40	10	left	right	0	7	17.413	402
23	34	4	40	10	left	right	0	7	16.092	435
23	35	4	40	10	right	right	1	11	15.515	709
23	36	4	40	10	right	left	0	14	15.334	913
23	37	4	40	10	left	left	1	11	15.625	704
23	38	4	40	10	right	right	1	11	16.667	660
23	39	4	40	10	left	right	0	12	15.645	767
23	40	4	40	10	right	right	1	7	16.129	434
23	41	4	40	10	left	right	0	10	15.244	656
23	42	4	40	10	left	right	0	8	16.129	496
23	43	4	40	10	left	right	0	15	15.322	979
24	1	4	40	10	left	left	1	10	15.924	628
24	2	4	40	10	left	left	1	11	15.131	727
24	3	4	40	10	right	right	1	12	16.043	748
24	4	4	40	10	left	right	0	14	15.748	889
24	5	4	40	10	right	right	1	9	15.464	582
24	6	4	40	10	right	left	0	10	16.694	599
24	7	4	40	10	right	left	0	10	16.502	606
24	8	4	40	10	left	left	1	12	15.707	764
24	9	4	40	10	right	right	1	15	15.464	970
24	10	4	40	10	left	right	0	10	14.948	669
24	11	4	40	10	left	right	0	6	18.018	333
24	12	4	40	10	right	right	1	9	15.28	589
24	13	4	40	10	right	left	0	8	16.736	478
24	14	4	40	10	right	tooFast	2	4	17.167	233
24	15	4	40	10	right	left	0	6	16.393	366
24	16	4	40	10	left	right	0	9	16.575	543
24	17	4	40	10	right	right	1	10	16.367	611
24	18	4	40	10	left	right	0	13	15.834	821
24	19	4	40	10	right	right	1	6	15.873	378
24	20	4	40	10	right	left	0	7	15.184	461
24	21	4	40	10	left	left	1	9	15.625	576
24	22	4	40	10	left	left	1	17	15.726	1081
24	23	4	40	10	right	left	0	19	15.139	1255
24	24	4	40	10	left	right	0	5	15.723	318
24	25	4	40	10	left	right	0	14	15.801	886
24	26	4	40	10	right	right	1	10	15.361	651
24	27	4	40	10	left	left	1	15	15.4	974
24	28	4	40	10	right	left	0	14	16.037	873
24	29	4	40	10	right	right	1	13	15.205	855
24	30	4	40	10	right	right	1	13	15.513	838
24	31	4	40	10	right	right	1	16	15.534	1030
24	32	4	40	10	left	right	0	18	15.371	1171
24	33	4	40	10	right	left	0	11	15.988	688
24	34	4	40	10	right	left	0	9	16.791	536
24	35	4	40	10	right	left	0	9	16.667	540
24	36	4	40	10	right	left	0	10	15.576	642
24	37	4	40	10	right	left	0	7	15.59	449
24	38	4	40	10	right	left	0	7	16.706	419
24	39	4	40	10	right	left	0	8	15.717	509
24	40	4	40	10	left	left	1	9	15.817	569
24	41	4	40	10	left	left	1	11	16.692	659
24	42	4	40	10	left	left	1	15	15.045	997
24	43	4	40	10	right	left	0	11	15.089	729
24	44	4	40	10	right	right	1	8	16.598	482
24	45	4	40	10	left	left	1	21	15.262	1376
