
blkNum	trlNum	coherentDots	numberofDots	percentCoherence	winningDirection	response	correct	eventCount	averageFrameRate	RT
1	1	4	40	10	left	left	1	21	15.498	1355
1	2	4	40	10	left	left	1	12	15.605	769
1	3	4	40	10	right	right	1	12	15.326	783
1	4	4	40	10	left	left	1	10	15.873	630
1	5	4	40	10	right	right	1	10	15.601	641
1	6	4	40	10	left	left	1	10	15.337	652
1	7	4	40	10	left	right	0	11	15.805	696
1	8	4	40	10	left	left	1	29	15.417	1881
1	9	4	40	10	left	left	1	22	15.079	1459
1	10	4	40	10	left	left	1	22	15.235	1444
1	11	4	40	10	right	right	1	13	15.276	851
1	12	4	40	10	right	right	1	11	15.048	731
1	13	4	40	10	right	right	1	13	15.606	833
1	14	4	40	10	left	left	1	14	15.608	897
1	15	4	40	10	left	left	1	14	15.873	882
1	16	4	40	10	right	right	1	12	15.873	756
1	17	4	40	10	left	left	1	17	15.712	1082
1	18	4	40	10	right	right	1	14	15.086	928
1	19	4	40	10	left	left	1	10	15.949	627
1	20	4	40	10	right	left	0	12	16.194	741
1	21	4	40	10	right	left	0	9	14.803	608
1	22	4	40	10	left	left	1	14	15.234	919
1	23	4	40	10	left	right	0	11	15.257	721
1	24	4	40	10	right	right	1	15	15.56	964
1	25	4	40	10	right	right	1	22	15.816	1391
1	26	4	40	10	right	right	1	13	15.99	813
1	27	4	40	10	right	right	1	13	14.96	869
1	28	4	40	10	left	right	0	13	15.815	822
1	29	4	40	10	left	left	1	22	15.352	1433
1	30	4	40	10	right	right	1	12	16.107	745
1	31	4	40	10	right	right	1	12	15.484	775
1	32	4	40	10	left	left	1	11	15.873	693
1	33	4	40	10	left	left	1	11	16.153	681
1	34	4	40	10	right	right	1	10	15.291	654
1	35	4	40	10	left	left	1	31	15.129	2049
1	36	4	40	10	right	right	1	13	15.912	817
1	37	4	40	10	right	right	1	13	16.089	808
1	38	4	40	10	right	right	1	14	15.766	888
1	39	4	40	10	left	left	1	10	15.038	665
1	40	4	40	10	right	left	0	14	15.135	925
2	1	4	40	10	right	right	1	9	15.544	579
2	2	4	40	10	right	right	1	13	16.311	797
2	3	4	40	10	right	right	1	10	15.528	644
2	4	4	40	10	left	left	1	12	15.789	760
2	5	4	40	10	right	right	1	11	15.299	719
2	6	4	40	10	right	right	1	13	15.569	835
2	7	4	40	10	left	left	1	12	15.727	763
2	8	4	40	10	left	left	1	15	15.593	962
2	9	4	40	10	left	left	1	24	15.355	1563
2	10	4	40	10	left	right	0	13	15.663	830
2	11	4	40	10	left	left	1	18	15.915	1131
2	12	4	40	10	right	right	1	12	15.404	779
2	13	4	40	10	right	right	1	13	16.23	801
2	14	4	40	10	right	right	1	12	15.287	785
2	15	4	40	10	left	left	1	18	15.748	1143
2	16	4	40	10	left	right	0	13	15.348	847
2	17	4	40	10	left	left	1	13	15.116	860
2	18	4	40	10	left	left	1	16	15.195	1053
2	19	4	40	10	left	left	1	37	15.201	2434
2	20	4	40	10	left	left	1	14	15.152	924
2	21	4	40	10	right	right	1	13	15.815	822
2	22	4	40	10	right	right	1	13	15.222	854
2	23	4	40	10	right	right	1	25	15.188	1646
2	24	4	40	10	left	left	1	13	16.03	811
2	25	4	40	10	right	right	1	16	15.34	1043
2	26	4	40	10	left	left	1	13	14.908	872
2	27	4	40	10	left	left	1	13	15.312	849
2	28	4	40	10	right	left	0	16	15.717	1018
2	29	4	40	10	right	right	1	14	15.556	900
2	30	4	40	10	left	left	1	13	15.99	813
2	31	4	40	10	right	right	1	15	15.416	973
2	32	4	40	10	right	left	0	17	15.873	1071
2	33	4	40	10	right	right	1	16	15.209	1052
2	34	4	40	10	right	right	1	15	16.009	937
2	35	4	40	10	right	right	1	23	15.509	1483
2	36	4	40	10	right	right	1	19	15.472	1228
2	37	4	40	10	left	left	1	16	15.414	1038
2	38	4	40	10	left	left	1	20	15.785	1267
2	39	4	40	10	left	left	1	17	15.639	1087
2	40	4	40	10	left	left	1	31	15.339	2021
3	1	4	40	10	right	right	1	13	15.312	849
3	2	4	40	10	left	left	1	12	15.584	770
3	3	4	40	10	left	left	1	13	15.777	824
3	4	4	40	10	left	left	1	11	15.449	712
3	5	4	40	10	right	right	1	17	15.668	1085
3	6	4	40	10	right	right	1	10	16.129	620
3	7	4	40	10	right	right	1	27	15.084	1790
3	8	4	40	10	left	left	1	11	16.224	678
3	9	4	40	10	left	left	1	15	15.856	946
3	10	4	40	10	left	left	1	16	15.429	1037
3	11	4	40	10	right	right	1	18	15.477	1163
3	12	4	40	10	right	right	1	14	16	875
3	13	4	40	10	right	right	1	11	15.363	716
3	14	4	40	10	right	right	1	10	15.408	649
3	15	4	40	10	left	left	1	12	15.852	757
3	16	4	40	10	left	left	1	11	15.737	699
3	17	4	40	10	right	right	1	10	15.848	631
3	18	4	40	10	right	left	0	11	16.32	674
3	19	4	40	10	left	left	1	10	15.175	659
3	20	4	40	10	right	right	1	16	15.399	1039
3	21	4	40	10	right	right	1	18	15.063	1195
3	22	4	40	10	left	left	1	13	15.854	820
3	23	4	40	10	right	right	1	19	15.176	1252
3	24	4	40	10	left	left	1	12	15.645	767
3	25	4	40	10	left	left	1	13	16.311	797
3	26	4	40	10	left	left	1	19	15.574	1220
3	27	4	40	10	right	right	1	18	15.986	1126
3	28	4	40	10	left	left	1	16	15.779	1014
3	29	4	40	10	left	left	1	11	15.385	715
3	30	4	40	10	left	left	1	14	15.217	920
3	31	4	40	10	right	right	1	12	15.544	772
3	32	4	40	10	left	left	1	14	15.608	897
3	33	4	40	10	right	right	1	11	15.385	715
3	34	4	40	10	right	right	1	15	15.89	944
3	35	4	40	10	right	right	1	13	15.276	851
3	36	4	40	10	left	left	1	12	15.404	779
3	37	4	40	10	right	right	1	14	15.73	890
3	38	4	40	10	left	left	1	11	15.193	724
3	39	4	40	10	right	right	1	14	15.07	929
3	40	4	40	10	left	right	0	13	14.994	867
4	1	4	40	10	right	left	0	9	14.876	605
4	2	4	40	10	left	left	1	12	15.873	756
4	3	4	40	10	right	right	1	11	15.406	714
4	4	4	40	10	right	right	1	23	15.222	1511
4	5	4	40	10	right	right	1	13	15.169	857
4	6	4	40	10	left	left	1	14	15.891	881
4	7	4	40	10	left	left	1	18	15.584	1155
4	8	4	40	10	right	right	1	21	15.228	1379
4	9	4	40	10	left	left	1	10	16.393	610
4	10	4	40	10	left	left	1	10	15.361	651
4	11	4	40	10	right	right	1	11	15.299	719
4	12	4	40	10	right	left	0	9	16.667	540
4	13	4	40	10	left	left	1	10	15.038	665
4	14	4	40	10	right	left	0	15	15.806	949
4	15	4	40	10	left	left	1	11	15.692	701
4	16	4	40	10	right	right	1	11	16.32	674
4	17	4	40	10	left	left	1	10	15.48	646
4	18	4	40	10	right	right	1	13	15.758	825
4	19	4	40	10	left	left	1	9	15.177	593
4	20	4	40	10	left	left	1	22	15.417	1427
4	21	4	40	10	left	left	1	16	15.968	1002
4	22	4	40	10	right	right	1	15	15.641	959
4	23	4	40	10	right	right	1	21	15.328	1370
4	24	4	40	10	left	left	1	12	15.464	776
4	25	4	40	10	left	left	1	13	15.205	855
4	26	4	40	10	left	left	1	15	15.121	992
4	27	4	40	10	left	left	1	14	15.573	899
4	28	4	40	10	right	right	1	11	16.082	684
4	29	4	40	10	right	left	0	12	15.132	793
4	30	4	40	10	right	left	0	13	15.99	813
4	31	4	40	10	right	right	1	11	15.257	721
4	32	4	40	10	left	left	1	13	15.366	846
4	33	4	40	10	right	right	1	12	16.151	743
4	34	4	40	10	right	right	1	20	15.564	1285
4	35	4	40	10	right	right	1	24	15.385	1560
4	36	4	40	10	left	left	1	11	15.737	699
4	37	4	40	10	left	left	1	11	15.278	720
4	38	4	40	10	left	left	1	11	16.058	685
4	39	4	40	10	left	left	1	12	16.107	745
4	40	4	40	10	right	left	0	12	15.81	759
5	1	4	40	10	left	left	1	13	15.294	850
5	2	4	40	10	right	right	1	11	16.296	675
5	3	4	40	10	right	right	1	10	15.083	663
5	4	4	40	10	right	right	1	10	15.385	650
5	5	4	40	10	right	right	1	10	15.314	653
5	6	4	40	10	left	left	1	9	14.975	601
5	7	4	40	10	left	left	1	21	15.59	1347
5	8	4	40	10	left	left	1	12	15.789	760
5	9	4	40	10	right	right	1	12	15.326	783
5	10	4	40	10	right	right	1	11	15.32	718
5	11	4	40	10	right	right	1	19	15.188	1251
5	12	4	40	10	left	left	1	12	16	750
5	13	4	40	10	left	left	1	12	15.228	788
5	14	4	40	10	right	right	1	14	15.855	883
5	15	4	40	10	right	right	1	15	15.306	980
5	16	4	40	10	right	right	1	25	15.394	1624
5	17	4	40	10	left	right	0	12	15.564	771
5	18	4	40	10	left	left	1	43	15.451	2783
5	19	4	40	10	left	left	1	24	15.454	1553
5	20	4	40	10	right	right	1	16	15.952	1003
5	21	4	40	10	right	right	1	12	15.326	783
5	22	4	40	10	left	left	1	13	15.971	814
5	23	4	40	10	left	left	1	15	15.658	958
5	24	4	40	10	left	right	0	17	15.962	1065
5	25	4	40	10	right	right	1	15	15.432	972
5	26	4	40	10	left	left	1	12	15.957	752
5	27	4	40	10	right	right	1	27	15.429	1750
5	28	4	40	10	left	left	1	12	15.524	773
5	29	4	40	10	left	left	1	12	15.385	780
5	30	4	40	10	left	left	1	12	15.894	755
5	31	4	40	10	right	right	1	15	15.48	969
5	32	4	40	10	right	right	1	12	16.043	748
5	33	4	40	10	right	left	0	12	15.424	778
5	34	4	40	10	right	right	1	11	16.035	686
5	35	4	40	10	right	right	1	11	15.581	706
5	36	4	40	10	left	left	1	16	15.166	1055
5	37	4	40	10	left	left	1	12	15.686	765
5	38	4	40	10	left	left	1	11	16.32	674
5	39	4	40	10	right	right	1	10	15.291	654
5	40	4	40	10	left	left	1	10	15.974	626
6	1	4	40	10	left	right	0	13	15.012	866
6	2	4	40	10	right	right	1	11	15.625	704
6	3	4	40	10	left	left	1	16	15.671	1021
6	4	4	40	10	left	left	1	16	15.842	1010
6	5	4	40	10	left	left	1	10	16.313	613
6	6	4	40	10	left	right	0	11	15.257	721
6	7	4	40	10	left	left	1	11	15.759	698
6	8	4	40	10	right	right	1	12	15.979	751
6	9	4	40	10	right	right	1	18	15.241	1181
6	10	4	40	10	right	right	1	17	16.023	1061
6	11	4	40	10	left	left	1	11	15.559	707
6	12	4	40	10	right	right	1	11	15.805	696
6	13	4	40	10	right	right	1	10	16.313	613
6	14	4	40	10	left	left	1	12	16.151	743
6	15	4	40	10	right	right	1	10	15.699	637
6	16	4	40	10	left	left	1	10	16.234	616
6	17	4	40	10	right	right	1	14	15.873	882
6	18	4	40	10	left	left	1	10	15.924	628
6	19	4	40	10	right	right	1	15	15.275	982
6	20	4	40	10	right	right	1	17	15.152	1122
6	21	4	40	10	left	left	1	12	15.748	762
6	22	4	40	10	right	right	1	12	15.132	793
6	23	4	40	10	right	right	1	17	15.179	1120
6	24	4	40	10	right	right	1	13	15.495	839
6	25	4	40	10	left	left	1	10	15.625	640
6	26	4	40	10	left	right	0	11	15.048	731
6	27	4	40	10	right	right	1	12	15.19	790
6	28	4	40	10	left	left	1	9	16.216	555
6	29	4	40	10	right	right	1	11	15.172	725
6	30	4	40	10	right	right	1	17	15.274	1113
6	31	4	40	10	left	left	1	11	16.153	681
6	32	4	40	10	right	left	0	12	16.194	741
6	33	4	40	10	left	left	1	11	16.012	687
6	34	4	40	10	right	right	1	9	14.901	604
6	35	4	40	10	left	left	1	15	15.03	998
6	36	4	40	10	left	left	1	17	15.947	1066
6	37	4	40	10	right	right	1	16	16	1000
6	38	4	40	10	left	right	0	14	15.538	901
6	39	4	40	10	left	left	1	10	15.361	651
6	40	4	40	10	right	right	1	10	16.26	615
7	1	4	40	10	right	right	1	13	15.931	816
7	2	4	40	10	right	right	1	9	15.845	568
7	3	4	40	10	right	right	1	9	15.177	593
7	4	4	40	10	left	left	1	8	16.842	475
7	5	4	40	10	right	right	1	10	15.576	642
7	6	4	40	10	left	left	1	11	15.342	717
7	7	4	40	10	left	left	1	9	15.571	578
7	8	4	40	10	left	left	1	9	15.306	588
7	9	4	40	10	right	right	1	11	16.035	686
7	10	4	40	10	left	right	0	12	15.584	770
7	11	4	40	10	left	left	1	9	15.929	565
7	12	4	40	10	left	left	1	9	15.679	574
7	13	4	40	10	left	right	0	10	15.432	648
7	14	4	40	10	right	right	1	11	15.805	696
7	15	4	40	10	left	left	1	11	15.193	724
7	16	4	40	10	left	left	1	17	15.497	1097
7	17	4	40	10	right	right	1	20	15.625	1280
7	18	4	40	10	right	right	1	11	15.363	716
7	19	4	40	10	left	left	1	12	15.605	769
7	20	4	40	10	right	right	1	11	15.32	718
7	21	4	40	10	left	left	1	10	15.924	628
7	22	4	40	10	right	right	1	11	16.2	679
7	23	4	40	10	right	right	1	16	15.109	1059
7	24	4	40	10	left	left	1	10	15.601	641
7	25	4	40	10	right	right	1	33	15.478	2132
7	26	4	40	10	left	left	1	11	15.172	725
7	27	4	40	10	right	right	1	12	15.267	786
7	28	4	40	10	right	right	1	21	15.707	1337
7	29	4	40	10	left	left	1	12	16.349	734
7	30	4	40	10	left	left	1	25	15.509	1612
7	31	4	40	10	right	right	1	13	16.089	808
7	32	4	40	10	left	left	1	14	15.784	887
7	33	4	40	10	left	left	1	13	16.23	801
7	34	4	40	10	right	right	1	14	15.086	928
7	35	4	40	10	left	left	1	15	15.322	979
7	36	4	40	10	left	left	1	12	16.349	734
7	37	4	40	10	right	right	1	13	16.169	804
7	38	4	40	10	right	right	1	27	15.177	1779
7	39	4	40	10	right	right	1	14	15.855	883
7	40	4	40	10	right	left	0	10	16.129	620
8	1	4	40	10	right	right	1	11	15.068	730
8	2	4	40	10	right	left	0	10	15.823	632
8	3	4	40	10	left	left	1	9	14.827	607
8	4	4	40	10	right	right	1	10	16.181	618
8	5	4	40	10	left	left	1	9	16.423	548
8	6	4	40	10	right	right	1	10	16.313	613
8	7	4	40	10	right	right	1	20	15.432	1296
8	8	4	40	10	left	left	1	12	16.064	747
8	9	4	40	10	right	right	1	13	16.23	801
8	10	4	40	10	left	left	1	11	15.782	697
8	11	4	40	10	right	right	1	13	16.311	797
8	12	4	40	10	right	right	1	19	15.574	1220
8	13	4	40	10	left	left	1	11	16.035	686
8	14	4	40	10	right	right	1	20	15.117	1323
8	15	4	40	10	left	left	1	13	16.25	800
8	16	4	40	10	left	left	1	17	15.639	1087
8	17	4	40	10	left	right	0	21	15.475	1357
8	18	4	40	10	left	left	1	58	15.299	3791
8	19	4	40	10	left	left	1	25	15.291	1635
8	20	4	40	10	left	left	1	17	15.288	1112
8	21	4	40	10	right	right	1	11	15.131	727
8	22	4	40	10	right	right	1	16	15.444	1036
8	23	4	40	10	left	right	0	28	15.143	1849
8	24	4	40	10	left	left	1	12	16.129	744
8	25	4	40	10	right	left	0	15	15.924	942
8	26	4	40	10	right	right	1	12	16.327	735
8	27	4	40	10	right	right	1	18	15.063	1195
8	28	4	40	10	right	right	1	21	15.567	1349
8	29	4	40	10	left	left	1	14	15.73	890
8	30	4	40	10	right	right	1	11	15.385	715
8	31	4	40	10	right	right	1	12	15.769	761
8	32	4	40	10	left	right	0	15	15.136	991
8	33	4	40	10	left	right	0	12	15.625	768
8	34	4	40	10	left	left	1	20	15.221	1314
8	35	4	40	10	right	right	1	26	15.719	1654
8	36	4	40	10	right	right	1	19	15.69	1211
8	37	4	40	10	right	right	1	16	15.671	1021
8	38	4	40	10	left	right	0	18	15.929	1130
8	39	4	40	10	left	left	1	13	15.222	854
8	40	4	40	10	left	left	1	24	15.635	1535
9	1	4	40	10	left	left	1	14	15.402	909
9	2	4	40	10	left	left	1	15	15.385	975
9	3	4	40	10	right	right	1	12	15.094	795
9	4	4	40	10	right	right	1	15	15.464	970
9	5	4	40	10	left	left	1	12	16.021	749
9	6	4	40	10	right	right	1	11	15.214	723
9	7	4	40	10	left	left	1	11	16.153	681
9	8	4	40	10	left	left	1	11	15.692	701
9	9	4	40	10	right	right	1	11	15.257	721
9	10	4	40	10	left	right	0	12	15.209	789
9	11	4	40	10	right	right	1	10	15.823	632
9	12	4	40	10	left	left	1	10	15.949	627
9	13	4	40	10	left	left	1	10	14.925	670
9	14	4	40	10	right	right	1	11	15.759	698
9	15	4	40	10	left	right	0	17	15.992	1063
9	16	4	40	10	right	right	1	16	15.842	1010
9	17	4	40	10	right	right	1	13	15.663	830
9	18	4	40	10	left	left	1	14	15.801	886
9	19	4	40	10	left	left	1	14	14.957	936
9	20	4	40	10	right	right	1	11	15.559	707
9	21	4	40	10	left	left	1	12	15.789	760
9	22	4	40	10	left	right	0	14	15.945	878
9	23	4	40	10	right	right	1	11	15.896	692
9	24	4	40	10	right	right	1	16	15.152	1056
9	25	4	40	10	right	right	1	12	15.19	790
9	26	4	40	10	left	left	1	13	15.385	845
9	27	4	40	10	left	left	1	12	16.021	749
9	28	4	40	10	right	right	1	11	15.919	691
9	29	4	40	10	right	right	1	17	15.192	1119
9	30	4	40	10	left	left	1	21	15.825	1327
9	31	4	40	10	left	left	1	17	15.247	1115
9	32	4	40	10	right	right	1	11	15.068	730
9	33	4	40	10	left	left	1	11	15.471	711
9	34	4	40	10	right	right	1	16	15.094	1060
9	35	4	40	10	right	right	1	17	15.371	1106
9	36	4	40	10	right	right	1	13	15.169	857
9	37	4	40	10	left	left	1	9	14.95	602
9	38	4	40	10	right	right	1	11	15.714	700
9	39	4	40	10	left	left	1	18	15.721	1145
9	40	4	40	10	right	right	1	22	15.267	1441
10	1	4	40	10	left	left	1	9	14.925	603
10	2	4	40	10	right	right	1	10	14.948	669
10	3	4	40	10	right	right	1	11	15.965	689
10	4	4	40	10	right	right	1	10	16.077	622
10	5	4	40	10	right	right	1	21	15.707	1337
10	6	4	40	10	right	right	1	17	15.77	1078
10	7	4	40	10	left	left	1	15	15.182	988
10	8	4	40	10	right	right	1	15	15.121	992
10	9	4	40	10	left	left	1	13	16.169	804
10	10	4	40	10	left	left	1	15	15.198	987
10	11	4	40	10	right	right	1	14	15.234	919
10	12	4	40	10	right	right	1	22	15.183	1449
10	13	4	40	10	left	left	1	14	15.201	921
10	14	4	40	10	right	right	1	18	15.371	1171
10	15	4	40	10	right	right	1	17	15.918	1068
10	16	4	40	10	left	left	1	16	15.238	1050
10	17	4	40	10	right	right	1	20	15.152	1320
10	18	4	40	10	right	right	1	18	15.05	1196
10	19	4	40	10	left	left	1	13	15.99	813
10	20	4	40	10	left	left	1	15	15.416	973
10	21	4	40	10	left	right	0	27	15.473	1745
10	22	4	40	10	left	right	0	12	15.852	757
10	23	4	40	10	right	right	1	12	15.625	768
10	24	4	40	10	right	right	1	15	15.641	959
10	25	4	40	10	left	left	1	11	16.129	682
10	26	4	40	10	right	right	1	16	15.656	1022
10	27	4	40	10	right	right	1	17	15.933	1067
10	28	4	40	10	left	left	1	11	15.428	713
10	29	4	40	10	left	left	1	22	15.31	1437
10	30	4	40	10	left	left	1	16	15.08	1061
10	31	4	40	10	left	right	0	15	15.448	971
10	32	4	40	10	left	left	1	31	15.539	1995
10	33	4	40	10	right	right	1	13	15.458	841
10	34	4	40	10	right	right	1	17	15.611	1089
10	35	4	40	10	left	left	1	13	15.33	848
10	36	4	40	10	right	right	1	11	15.625	704
10	37	4	40	10	left	left	1	20	15.468	1293
10	38	4	40	10	left	left	1	41	15.339	2673
10	39	4	40	10	right	right	1	13	15.606	833
10	40	4	40	10	left	left	1	15	15.74	953
11	1	4	40	10	left	left	1	18	15.164	1187
11	2	4	40	10	right	right	1	9	15.101	596
11	3	4	40	10	right	right	1	10	15.873	630
11	4	4	40	10	right	right	1	14	15.201	921
11	5	4	40	10	left	left	1	9	14.925	603
11	6	4	40	10	left	left	1	12	16.349	734
11	7	4	40	10	right	right	1	10	14.993	667
11	8	4	40	10	left	left	1	18	15.748	1143
11	9	4	40	10	left	left	1	39	15.24	2559
11	10	4	40	10	right	right	1	16	15.952	1003
11	11	4	40	10	left	left	1	13	15.777	824
11	12	4	40	10	left	left	1	14	15.766	888
11	13	4	40	10	right	right	1	11	15.406	714
11	14	4	40	10	left	left	1	13	15.971	814
11	15	4	40	10	right	right	1	17	15.77	1078
11	16	4	40	10	right	right	1	15	15.56	964
11	17	4	40	10	left	left	1	12	15.306	784
11	18	4	40	10	right	right	1	15	15.385	975
11	19	4	40	10	right	right	1	50	15.119	3307
11	20	4	40	10	right	right	1	49	15.194	3225
11	21	4	40	10	right	right	1	40	15.438	2591
11	22	4	40	10	left	left	1	14	15.021	932
11	23	4	40	10	left	right	0	25	15.557	1607
11	24	4	40	10	left	left	1	25	15.244	1640
11	25	4	40	10	left	right	0	36	15.431	2333
11	26	4	40	10	left	left	1	11	16.176	680
11	27	4	40	10	left	left	1	23	15.499	1484
11	28	4	40	10	right	right	1	29	15.32	1893
11	29	4	40	10	left	left	1	23	15.052	1528
11	30	4	40	10	right	right	1	23	15.354	1498
11	31	4	40	10	right	right	1	27	15.237	1772
11	32	4	40	10	left	left	1	23	15.252	1508
11	33	4	40	10	right	right	1	25	15.586	1604
11	34	4	40	10	left	left	1	20	15.432	1296
11	35	4	40	10	right	right	1	14	15.021	932
11	36	4	40	10	right	right	1	14	14.973	935
11	37	4	40	10	left	left	1	11	15.942	690
11	38	4	40	10	right	right	1	13	15.971	814
11	39	4	40	10	left	left	1	13	16.291	798
11	40	4	40	10	right	right	1	12	16.021	749
12	1	4	40	10	right	right	1	14	15.873	882
12	2	4	40	10	left	left	1	11	15.559	707
12	3	4	40	10	left	right	0	9	15.411	584
12	4	4	40	10	left	right	0	9	16.636	541
12	5	4	40	10	left	left	1	12	15.404	779
12	6	4	40	10	left	left	1	15	15.593	962
12	7	4	40	10	right	right	1	9	14.876	605
12	8	4	40	10	left	left	1	22	15.714	1400
12	9	4	40	10	right	right	1	20	15.649	1278
12	10	4	40	10	left	left	1	9	14.95	602
12	11	4	40	10	right	right	1	9	15.734	572
12	12	4	40	10	right	left	0	11	15.692	701
12	13	4	40	10	right	right	1	11	16.012	687
12	14	4	40	10	left	right	0	16	15.579	1027
12	15	4	40	10	left	left	1	14	15.945	878
12	16	4	40	10	left	right	0	27	15.707	1719
12	17	4	40	10	right	right	1	20	15.408	1298
12	18	4	40	10	right	right	1	24	15.094	1590
12	19	4	40	10	right	right	1	31	15.181	2042
12	20	4	40	10	left	left	1	12	15.936	753
12	21	4	40	10	right	right	1	14	15.927	879
12	22	4	40	10	left	left	1	10	15.576	642
12	23	4	40	10	left	left	1	26	15.294	1700
12	24	4	40	10	left	left	1	15	16.009	937
12	25	4	40	10	right	right	1	9	15.517	580
12	26	4	40	10	right	right	1	14	15.66	894
12	27	4	40	10	left	left	1	23	15.222	1511
12	28	4	40	10	left	right	0	39	15.519	2513
12	29	4	40	10	right	right	1	11	16.153	681
12	30	4	40	10	right	right	1	14	15.267	917
12	31	4	40	10	left	right	0	17	15.858	1072
12	32	4	40	10	left	left	1	14	15.453	906
12	33	4	40	10	left	left	1	12	15.524	773
12	34	4	40	10	right	right	1	14	15.168	923
12	35	4	40	10	right	right	1	40	15.355	2605
12	36	4	40	10	left	left	1	10	15.748	635
12	37	4	40	10	right	right	1	10	14.925	670
12	38	4	40	10	right	right	1	20	15.129	1322
12	39	4	40	10	right	right	1	23	15.232	1510
12	40	4	40	10	right	right	1	13	15.33	848
13	1	4	40	10	left	left	1	18	15.776	1141
13	2	4	40	10	right	left	0	9	15.491	581
13	3	4	40	10	left	left	1	10	15.552	643
13	4	4	40	10	right	right	1	9	15.254	590
13	5	4	40	10	right	right	1	15	15.496	968
13	6	4	40	10	right	right	1	34	15.426	2204
13	7	4	40	10	left	left	1	11	15.299	719
13	8	4	40	10	right	right	1	10	15.723	636
13	9	4	40	10	right	left	0	10	16.026	624
13	10	4	40	10	left	left	1	11	15.827	695
13	11	4	40	10	right	right	1	12	15.544	772
13	12	4	40	10	right	left	0	14	15.054	930
13	13	4	40	10	left	left	1	14	15.201	921
13	14	4	40	10	right	right	1	13	16.01	812
13	15	4	40	10	left	left	1	11	15.559	707
13	16	4	40	10	right	right	1	11	15.805	696
13	17	4	40	10	left	left	1	13	15.24	853
13	18	4	40	10	left	left	1	16	15.671	1021
13	19	4	40	10	left	left	1	13	15.458	841
13	20	4	40	10	left	left	1	12	15.287	785
13	21	4	40	10	right	right	1	10	15.244	656
13	22	4	40	10	left	left	1	16	15.686	1020
13	23	4	40	10	left	left	1	12	15.287	785
13	24	4	40	10	left	left	1	11	15.278	720
13	25	4	40	10	right	right	1	16	15.429	1037
13	26	4	40	10	left	left	1	15	15.213	986
13	27	4	40	10	right	right	1	13	15.663	830
13	28	4	40	10	right	right	1	15	15.924	942
13	29	4	40	10	right	right	1	16	15.489	1033
13	30	4	40	10	left	right	0	12	15.504	774
13	31	4	40	10	right	right	1	11	15.257	721
13	32	4	40	10	left	right	0	33	15.399	2143
13	33	4	40	10	left	left	1	13	15.385	845
13	34	4	40	10	left	left	1	14	15.267	917
13	35	4	40	10	left	left	1	13	16.089	808
13	36	4	40	10	right	right	1	14	15.766	888
13	37	4	40	10	right	right	1	16	15.61	1025
13	38	4	40	10	left	left	1	14	15.66	894
13	39	4	40	10	right	right	1	15	15.259	983
13	40	4	40	10	right	right	1	17	15.469	1099
14	1	4	40	10	right	right	1	12	15.584	770
14	2	4	40	10	right	right	1	14	15.47	905
14	3	4	40	10	left	left	1	10	16.155	619
14	4	4	40	10	right	right	1	10	15.898	629
14	5	4	40	10	right	right	1	17	15.511	1096
14	6	4	40	10	right	right	1	11	15.131	727
14	7	4	40	10	left	left	1	11	15.537	708
14	8	4	40	10	right	right	1	11	15.089	729
14	9	4	40	10	right	right	1	14	15.521	902
14	10	4	40	10	left	left	1	12	15.789	760
14	11	4	40	10	left	left	1	11	15.85	694
14	12	4	40	10	right	right	1	11	16.32	674
14	13	4	40	10	left	left	1	13	15.366	846
14	14	4	40	10	left	left	1	11	15.493	710
14	15	4	40	10	right	right	1	12	15.094	795
14	16	4	40	10	left	left	1	18	15.075	1194
14	17	4	40	10	left	left	1	29	15.533	1867
14	18	4	40	10	right	right	1	13	15.513	838
14	19	4	40	10	right	right	1	15	15.528	966
14	20	4	40	10	right	right	1	27	15.473	1745
14	21	4	40	10	left	right	0	25	15.694	1593
14	22	4	40	10	left	left	1	10	15.198	658
14	23	4	40	10	right	right	1	13	15.385	845
14	24	4	40	10	left	left	1	12	16.327	735
14	25	4	40	10	left	left	1	17	15.814	1075
14	26	4	40	10	right	right	1	12	15.424	778
14	27	4	40	10	left	left	1	11	15.089	729
14	28	4	40	10	left	left	1	24	15.645	1534
14	29	4	40	10	right	right	1	9	15.203	592
14	30	4	40	10	left	left	1	9	15.152	594
14	31	4	40	10	right	left	0	10	14.97	668
14	32	4	40	10	left	left	1	10	14.948	669
14	33	4	40	10	left	left	1	11	15.428	713
14	34	4	40	10	right	right	1	11	15.172	725
14	35	4	40	10	right	right	1	20	15.314	1306
14	36	4	40	10	left	left	1	15	15.658	958
14	37	4	40	10	right	right	1	12	15.605	769
14	38	4	40	10	right	right	1	13	15.187	856
14	39	4	40	10	left	right	0	13	14.908	872
14	40	4	40	10	left	right	0	24	15.326	1566
15	1	4	40	10	left	left	1	11	15.67	702
15	2	4	40	10	right	right	1	13	15.719	827
15	3	4	40	10	left	left	1	11	15.919	691
15	4	4	40	10	right	right	1	14	14.973	935
15	5	4	40	10	left	left	1	11	16.32	674
15	6	4	40	10	left	left	1	12	15.345	782
15	7	4	40	10	left	left	1	17	15.441	1101
15	8	4	40	10	left	left	1	12	16.216	740
15	9	4	40	10	right	right	1	15	15.609	961
15	10	4	40	10	right	right	1	18	15.451	1165
15	11	4	40	10	right	right	1	13	15.834	821
15	12	4	40	10	left	left	1	13	16.311	797
15	13	4	40	10	right	right	1	13	15.116	860
15	14	4	40	10	left	left	1	13	16.149	805
15	15	4	40	10	right	right	1	10	16.129	620
15	16	4	40	10	left	left	1	13	16.27	799
15	17	4	40	10	left	left	1	11	15.85	694
15	18	4	40	10	left	left	1	13	15.294	850
15	19	4	40	10	left	left	1	13	15.569	835
15	20	4	40	10	right	right	1	11	15.214	723
15	21	4	40	10	right	right	1	29	15.231	1904
15	22	4	40	10	right	right	1	20	15.576	1284
15	23	4	40	10	right	right	1	22	15.299	1438
15	24	4	40	10	left	left	1	20	15.748	1270
15	25	4	40	10	left	left	1	13	15.029	865
15	26	4	40	10	right	right	1	13	15.294	850
15	27	4	40	10	right	right	1	32	15.422	2075
15	28	4	40	10	right	right	1	28	15.193	1843
15	29	4	40	10	left	left	1	15	15.674	957
15	30	4	40	10	left	left	1	31	15.137	2048
15	31	4	40	10	right	right	1	30	15.568	1927
15	32	4	40	10	left	left	1	47	15.405	3051
15	33	4	40	10	left	right	0	71	15.184	4676
15	34	4	40	10	right	left	0	25	15.385	1625
15	35	4	40	10	left	left	1	12	15.404	779
15	36	4	40	10	right	right	1	21	15.239	1378
15	37	4	40	10	right	right	1	13	15.476	840
15	38	4	40	10	right	right	1	16	15.385	1040
15	39	4	40	10	left	left	1	27	15.58	1733
15	40	4	40	10	right	right	1	11	15.007	733
16	1	4	40	10	right	right	1	17	15.413	1103
16	2	4	40	10	left	left	1	13	15.24	853
16	3	4	40	10	right	right	1	13	16.311	797
16	4	4	40	10	left	left	1	11	15.873	693
16	5	4	40	10	right	right	1	11	15.257	721
16	6	4	40	10	left	left	1	10	15.674	638
16	7	4	40	10	right	right	1	11	15.406	714
16	8	4	40	10	right	right	1	11	15.647	703
16	9	4	40	10	left	left	1	18	15.571	1156
16	10	4	40	10	right	right	1	17	15.568	1092
16	11	4	40	10	right	right	1	19	15.286	1243
16	12	4	40	10	right	right	1	16	15.671	1021
16	13	4	40	10	left	left	1	13	15.294	850
16	14	4	40	10	left	left	1	43	15.168	2835
16	15	4	40	10	left	left	1	58	15.239	3806
16	16	4	40	10	left	left	1	26	15.606	1666
16	17	4	40	10	right	right	1	13	15.625	832
16	18	4	40	10	right	right	1	22	15.449	1424
16	19	4	40	10	right	right	1	23	15.395	1494
16	20	4	40	10	right	right	1	25	15.244	1640
16	21	4	40	10	left	left	1	39	15.064	2589
16	22	4	40	10	left	left	1	33	15.207	2170
16	23	4	40	10	left	left	1	50	15.188	3292
16	24	4	40	10	left	left	1	28	15.317	1828
16	25	4	40	10	right	right	1	30	15.456	1941
16	26	4	40	10	right	right	1	44	15.352	2866
16	27	4	40	10	right	right	1	32	15.399	2078
16	28	4	40	10	left	left	1	25	15.576	1605
16	29	4	40	10	right	right	1	15	15.213	986
16	30	4	40	10	left	left	1	16	15.195	1053
16	31	4	40	10	left	left	1	21	15.778	1331
16	32	4	40	10	left	left	1	53	15.165	3495
16	33	4	40	10	right	right	1	58	15.12	3836
16	34	4	40	10	left	left	1	22	15.352	1433
16	35	4	40	10	right	right	1	29	15.483	1873
16	36	4	40	10	left	left	1	17	15.799	1076
16	37	4	40	10	right	right	1	27	15.254	1770
16	38	4	40	10	right	right	1	45	15.192	2962
16	39	4	40	10	left	left	1	16	15.253	1049
16	40	4	40	10	left	left	1	17	15.639	1087
17	1	4	40	10	left	left	1	11	16.153	681
17	2	4	40	10	left	left	1	12	15.524	773
17	3	4	40	10	left	left	1	13	16.169	804
17	4	4	40	10	right	right	1	10	15.949	627
17	5	4	40	10	left	left	1	9	15.254	590
17	6	4	40	10	left	left	1	13	16.089	808
17	7	4	40	10	left	left	1	19	15.237	1247
17	8	4	40	10	left	left	1	22	15.428	1426
17	9	4	40	10	right	right	1	22	15.278	1440
17	10	4	40	10	left	left	1	13	15.777	824
17	11	4	40	10	left	left	1	13	16.089	808
17	12	4	40	10	right	right	1	11	15.471	711
17	13	4	40	10	right	right	1	21	15.672	1340
17	14	4	40	10	left	left	1	17	15.726	1081
17	15	4	40	10	right	right	1	21	15.719	1336
17	16	4	40	10	right	right	1	22	15.658	1405
17	17	4	40	10	left	left	1	15	15.56	964
17	18	4	40	10	left	left	1	16	15.399	1039
17	19	4	40	10	left	left	1	25	15.356	1628
17	20	4	40	10	left	left	1	18	15.831	1137
17	21	4	40	10	right	right	1	24	15.219	1577
17	22	4	40	10	left	left	1	22	15.152	1452
17	23	4	40	10	right	right	1	16	15.444	1036
17	24	4	40	10	right	right	1	19	15.31	1241
17	25	4	40	10	right	right	1	18	15.464	1164
17	26	4	40	10	left	left	1	13	16.169	804
17	27	4	40	10	left	left	1	16	15.81	1012
17	28	4	40	10	right	right	1	15	15.385	975
17	29	4	40	10	right	right	1	18	15.063	1195
17	30	4	40	10	left	left	1	13	15.403	844
17	31	4	40	10	right	right	1	17	15.539	1094
17	32	4	40	10	right	right	1	18	15.152	1188
17	33	4	40	10	right	right	1	13	15.24	853
17	34	4	40	10	right	right	1	27	15.228	1773
17	35	4	40	10	right	right	1	18	15.557	1157
17	36	4	40	10	right	right	1	46	15.303	3006
17	37	4	40	10	left	left	1	20	15.279	1309
17	38	4	40	10	right	right	1	26	15.24	1706
17	39	4	40	10	left	left	1	26	15.625	1664
17	40	4	40	10	right	right	1	16	15.656	1022
18	1	4	40	10	right	right	1	10	15.083	663
18	2	4	40	10	left	left	1	11	16.129	682
18	3	4	40	10	left	left	1	9	15.254	590
18	4	4	40	10	right	right	1	12	15.152	792
18	5	4	40	10	left	left	1	10	15.267	655
18	6	4	40	10	left	left	1	12	16.064	747
18	7	4	40	10	right	right	1	13	15.758	825
18	8	4	40	10	right	left	0	11	15.089	729
18	9	4	40	10	right	right	1	18	15.254	1180
18	10	4	40	10	left	left	1	12	16.043	748
18	11	4	40	10	left	left	1	16	15.842	1010
18	12	4	40	10	right	left	0	13	15.796	823
18	13	4	40	10	right	left	0	9	16.423	548
18	14	4	40	10	left	left	1	8	15.094	530
18	15	4	40	10	right	right	1	14	15.054	930
18	16	4	40	10	right	right	1	12	15.365	781
18	17	4	40	10	left	left	1	12	16.086	746
18	18	4	40	10	right	right	1	14	15.909	880
18	19	4	40	10	left	left	1	13	16.209	802
18	20	4	40	10	left	left	1	13	15.458	841
18	21	4	40	10	left	left	1	15	15.48	969
18	22	4	40	10	right	right	1	14	15.677	893
18	23	4	40	10	left	left	1	15	15.512	967
18	24	4	40	10	right	right	1	15	15.723	954
18	25	4	40	10	right	right	1	15	15.528	966
18	26	4	40	10	left	left	1	11	15.965	689
18	27	4	40	10	left	left	1	10	14.925	670
18	28	4	40	10	right	left	0	10	16.181	618
18	29	4	40	10	right	right	1	11	15.782	697
18	30	4	40	10	right	right	1	21	15.385	1365
18	31	4	40	10	left	left	1	10	15.361	651
18	32	4	40	10	right	right	1	19	15.152	1254
18	33	4	40	10	left	left	1	12	16.282	737
18	34	4	40	10	left	left	1	11	15.827	695
18	35	4	40	10	right	right	1	11	15.214	723
18	36	4	40	10	left	left	1	12	15.789	760
18	37	4	40	10	right	right	1	14	14.989	934
18	38	4	40	10	right	right	1	17	15.962	1065
18	39	4	40	10	left	left	1	12	15.645	767
18	40	4	40	10	left	left	1	10	16.313	613
19	1	4	40	10	left	left	1	10	16.026	624
19	2	4	40	10	left	left	1	9	15.762	571
19	3	4	40	10	right	right	1	9	15.101	596
19	4	4	40	10	left	left	1	15	15.789	950
19	5	4	40	10	right	right	1	10	15.773	634
19	6	4	40	10	right	right	1	14	15.695	892
19	7	4	40	10	left	left	1	13	15.222	854
19	8	4	40	10	left	left	1	13	16.27	799
19	9	4	40	10	right	right	1	26	15.644	1662
19	10	4	40	10	right	right	1	20	15.601	1282
19	11	4	40	10	right	right	1	16	15.296	1046
19	12	4	40	10	right	right	1	12	16.064	747
19	13	4	40	10	right	right	1	22	15.526	1417
19	14	4	40	10	left	left	1	10	16	625
19	15	4	40	10	left	left	1	35	15.171	2307
19	16	4	40	10	left	left	1	26	15.038	1729
19	17	4	40	10	left	left	1	20	15.81	1265
19	18	4	40	10	right	right	1	12	15.873	756
19	19	4	40	10	left	left	1	12	15.748	762
19	20	4	40	10	left	left	1	15	15.756	952
19	21	4	40	10	right	right	1	11	15.537	708
19	22	4	40	10	right	right	1	15	15.89	944
19	23	4	40	10	right	right	1	12	15.564	771
19	24	4	40	10	right	right	1	19	15.298	1242
19	25	4	40	10	right	right	1	21	15.487	1356
19	26	4	40	10	left	left	1	22	15.515	1418
19	27	4	40	10	left	left	1	25	15.235	1641
19	28	4	40	10	right	right	1	12	16.021	749
19	29	4	40	10	left	left	1	11	15.919	691
19	30	4	40	10	left	left	1	14	15.234	919
19	31	4	40	10	right	right	1	11	15.068	730
19	32	4	40	10	right	right	1	11	15.299	719
19	33	4	40	10	left	left	1	12	16.021	749
19	34	4	40	10	left	left	1	43	15.385	2795
19	35	4	40	10	left	left	1	13	15.24	853
19	36	4	40	10	right	right	1	9	15.05	598
19	37	4	40	10	left	right	0	27	15.341	1760
19	38	4	40	10	right	right	1	12	16.021	749
19	39	4	40	10	right	right	1	11	15.214	723
19	40	4	40	10	left	right	0	20	15.337	1304
20	1	4	40	10	right	right	1	12	16.216	740
20	2	4	40	10	right	right	1	11	15.965	689
20	3	4	40	10	right	right	1	12	15.19	790
20	4	4	40	10	right	right	1	14	15.964	877
20	5	4	40	10	right	right	1	14	15.801	886
20	6	4	40	10	left	left	1	11	15.449	712
20	7	4	40	10	left	left	1	13	16.169	804
20	8	4	40	10	left	left	1	14	15.695	892
20	9	4	40	10	right	right	1	14	15.538	901
20	10	4	40	10	right	right	1	12	16.327	735
20	11	4	40	10	left	left	1	11	15.515	709
20	12	4	40	10	right	right	1	11	15.278	720
20	13	4	40	10	left	left	1	16	15.166	1055
20	14	4	40	10	left	right	0	17	15.357	1107
20	15	4	40	10	right	right	1	13	16.27	799
20	16	4	40	10	right	right	1	13	15.348	847
20	17	4	40	10	left	left	1	11	16.012	687
20	18	4	40	10	left	left	1	15	15.322	979
20	19	4	40	10	right	right	1	30	15.252	1967
20	20	4	40	10	right	right	1	12	16.021	749
20	21	4	40	10	left	left	1	10	15.949	627
20	22	4	40	10	left	left	1	11	16.224	678
20	23	4	40	10	right	right	1	10	15.015	666
20	24	4	40	10	right	right	1	15	15.544	965
20	25	4	40	10	left	left	1	16	15.984	1001
20	26	4	40	10	left	left	1	11	15.007	733
20	27	4	40	10	right	right	1	14	15.436	907
20	28	4	40	10	right	right	1	10	15.699	637
20	29	4	40	10	left	left	1	10	15.06	664
20	30	4	40	10	left	right	0	13	16.01	812
20	31	4	40	10	left	left	1	15	15.244	984
20	32	4	40	10	left	left	1	10	14.97	668
20	33	4	40	10	right	right	1	11	15.11	728
20	34	4	40	10	right	right	1	15	15.416	973
20	35	4	40	10	right	left	0	9	15.411	584
20	36	4	40	10	left	left	1	19	15.638	1215
20	37	4	40	10	left	left	1	16	15.37	1041
20	38	4	40	10	left	left	1	15	15.528	966
20	39	4	40	10	right	right	1	12	15.267	786
20	40	4	40	10	left	left	1	42	15.173	2768
21	1	4	40	10	left	left	1	14	15.301	915
21	2	4	40	10	left	left	1	10	15.129	661
21	3	4	40	10	right	right	1	9	16.514	545
21	4	4	40	10	right	right	1	9	16.043	561
21	5	4	40	10	left	left	1	12	15.894	755
21	6	4	40	10	right	right	1	13	15.312	849
21	7	4	40	10	left	left	1	13	14.891	873
21	8	4	40	10	right	right	1	12	15.113	794
21	9	4	40	10	left	left	1	14	15.873	882
21	10	4	40	10	right	right	1	14	16	875
21	11	4	40	10	right	right	1	14	15.695	892
21	12	4	40	10	left	left	1	13	15.971	814
21	13	4	40	10	left	left	1	14	15.964	877
21	14	4	40	10	left	left	1	17	15.413	1103
21	15	4	40	10	right	right	1	13	15.682	829
21	16	4	40	10	left	left	1	13	15.532	837
21	17	4	40	10	left	left	1	15	15.167	989
21	18	4	40	10	right	right	1	11	16.369	672
21	19	4	40	10	right	right	1	12	15.228	788
21	20	4	40	10	left	left	1	9	14.925	603
21	21	4	40	10	right	right	1	10	15.129	661
21	22	4	40	10	right	right	1	13	15.758	825
21	23	4	40	10	right	right	1	22	15.267	1441
21	24	4	40	10	left	left	1	22	15.267	1441
21	25	4	40	10	right	right	1	12	15.625	768
21	26	4	40	10	right	right	1	16	15.399	1039
21	27	4	40	10	left	left	1	16	15.094	1060
21	28	4	40	10	right	right	1	14	15.453	906
21	29	4	40	10	right	right	1	11	15.896	692
21	30	4	40	10	left	right	0	25	15.17	1648
21	31	4	40	10	left	left	1	13	15.276	851
21	32	4	40	10	left	left	1	17	15.582	1091
21	33	4	40	10	right	right	1	11	16.32	674
21	34	4	40	10	right	right	1	18	15.652	1150
21	35	4	40	10	right	left	0	12	15.504	774
21	36	4	40	10	right	right	1	11	15.603	705
21	37	4	40	10	left	left	1	13	16.291	798
21	38	4	40	10	left	left	1	38	15.249	2492
21	39	4	40	10	left	left	1	21	15.453	1359
21	40	4	40	10	left	right	0	24	15.494	1549
22	1	4	40	10	right	right	1	15	15.06	996
22	2	4	40	10	left	left	1	9	15.411	584
22	3	4	40	10	right	right	1	11	15.759	698
22	4	4	40	10	right	right	1	12	16.173	742
22	5	4	40	10	right	right	1	10	15.337	652
22	6	4	40	10	right	right	1	10	15.848	631
22	7	4	40	10	right	right	1	11	15.235	722
22	8	4	40	10	left	left	1	9	16.071	560
22	9	4	40	10	right	left	0	16	15.489	1033
22	10	4	40	10	left	left	1	11	15.559	707
22	11	4	40	10	right	right	1	13	16.25	800
22	12	4	40	10	right	right	1	11	15.299	719
22	13	4	40	10	left	left	1	11	16.082	684
22	14	4	40	10	left	left	1	13	15.476	840
22	15	4	40	10	left	left	1	11	15.428	713
22	16	4	40	10	right	right	1	11	15.027	732
22	17	4	40	10	left	left	1	9	14.975	601
22	18	4	40	10	right	right	1	12	15.404	779
22	19	4	40	10	right	left	0	11	15.406	714
22	20	4	40	10	left	left	1	10	15.723	636
22	21	4	40	10	right	right	1	12	16.151	743
22	22	4	40	10	left	left	1	10	15.314	653
22	23	4	40	10	right	right	1	11	15.257	721
22	24	4	40	10	right	right	1	13	15.971	814
22	25	4	40	10	left	left	1	11	15.32	718
22	26	4	40	10	left	right	0	11	15.559	707
22	27	4	40	10	left	left	1	20	15.773	1268
22	28	4	40	10	left	left	1	21	15.441	1360
22	29	4	40	10	left	left	1	13	15.532	837
22	30	4	40	10	left	left	1	12	15.209	789
22	31	4	40	10	right	right	1	10	16.367	611
22	32	4	40	10	right	left	0	12	15.666	766
22	33	4	40	10	right	right	1	13	15.458	841
22	34	4	40	10	right	right	1	21	15.162	1385
22	35	4	40	10	left	left	1	11	15.805	696
22	36	4	40	10	right	right	1	13	16.01	812
22	37	4	40	10	left	left	1	12	16.043	748
22	38	4	40	10	left	left	1	13	15.439	842
22	39	4	40	10	left	left	1	15	15.337	978
22	40	4	40	10	left	left	1	12	16.349	734
23	1	4	40	10	left	left	1	12	15.484	775
23	2	4	40	10	left	left	1	9	14.876	605
23	3	4	40	10	right	right	1	9	16.854	534
23	4	4	40	10	left	left	1	12	15.645	767
23	5	4	40	10	right	right	1	10	15.873	630
23	6	4	40	10	left	left	1	11	15.988	688
23	7	4	40	10	right	right	1	12	15.365	781
23	8	4	40	10	left	left	1	10	15.748	635
23	9	4	40	10	right	right	1	16	15.905	1006
23	10	4	40	10	right	right	1	23	15.102	1523
23	11	4	40	10	left	left	1	14	15.419	908
23	12	4	40	10	left	left	1	11	15.493	710
23	13	4	40	10	right	right	1	10	15.175	659
23	14	4	40	10	right	right	1	17	15.873	1071
23	15	4	40	10	left	left	1	10	15.699	637
23	16	4	40	10	left	right	0	25	15.244	1640
23	17	4	40	10	left	right	0	9	15.789	570
23	18	4	40	10	left	left	1	9	15.845	568
23	19	4	40	10	right	right	1	13	14.891	873
23	20	4	40	10	left	left	1	12	16.086	746
23	21	4	40	10	right	right	1	17	15.858	1072
23	22	4	40	10	left	left	1	10	15.48	646
23	23	4	40	10	right	right	1	11	15.759	698
23	24	4	40	10	left	left	1	16	15.779	1014
23	25	4	40	10	right	right	1	15	15.593	962
23	26	4	40	10	right	right	1	25	15.654	1597
23	27	4	40	10	left	left	1	14	15.748	889
23	28	4	40	10	right	right	1	11	15.068	730
23	29	4	40	10	left	left	1	15	15.369	976
23	30	4	40	10	left	left	1	12	15.544	772
23	31	4	40	10	left	left	1	19	15.298	1242
23	32	4	40	10	left	left	1	17	15.785	1077
23	33	4	40	10	right	right	1	15	15.839	947
23	34	4	40	10	right	right	1	12	15.19	790
23	35	4	40	10	right	left	0	10	16.313	613
23	36	4	40	10	right	left	0	12	16.216	740
23	37	4	40	10	right	right	1	18	15.437	1166
23	38	4	40	10	right	right	1	14	15.642	895
23	39	4	40	10	left	left	1	13	15.912	817
23	40	4	40	10	right	right	1	12	16.304	736
24	1	4	40	10	right	right	1	13	16.25	800
24	2	4	40	10	left	left	1	10	15.083	663
24	3	4	40	10	right	right	1	10	15.175	659
24	4	4	40	10	right	right	1	16	15.282	1047
24	5	4	40	10	right	right	1	14	15.021	932
24	6	4	40	10	left	left	1	18	15.859	1135
24	7	4	40	10	right	right	1	14	15.642	895
24	8	4	40	10	left	left	1	13	15.606	833
24	9	4	40	10	right	right	1	14	15.748	889
24	10	4	40	10	left	left	1	13	15.012	866
24	11	4	40	10	left	left	1	18	15.267	1179
24	12	4	40	10	right	right	1	13	15.7	828
24	13	4	40	10	left	left	1	15	15.432	972
24	14	4	40	10	right	right	1	16	15.152	1056
24	15	4	40	10	left	left	1	13	15.24	853
24	16	4	40	10	right	right	1	13	16.129	806
24	17	4	40	10	left	left	1	13	15.532	837
24	18	4	40	10	left	left	1	15	15.674	957
24	19	4	40	10	left	left	1	13	15.931	816
24	20	4	40	10	right	right	1	16	15.519	1031
24	21	4	40	10	left	left	1	12	15.544	772
24	22	4	40	10	left	left	1	12	16.238	739
24	23	4	40	10	left	left	1	13	15.625	832
24	24	4	40	10	right	right	1	10	15.244	656
24	25	4	40	10	right	right	1	13	14.977	868
24	26	4	40	10	right	right	1	14	16.11	869
24	27	4	40	10	left	left	1	12	16	750
24	28	4	40	10	left	left	1	12	16.216	740
24	29	4	40	10	left	left	1	13	15.169	857
24	30	4	40	10	right	right	1	15	15.723	954
24	31	4	40	10	right	right	1	14	15.135	925
24	32	4	40	10	right	right	1	15	15.625	960
24	33	4	40	10	right	right	1	13	15.276	851
24	34	4	40	10	left	left	1	23	15.426	1491
24	35	4	40	10	right	right	1	21	15.487	1356
24	36	4	40	10	left	right	0	41	15.333	2674
24	37	4	40	10	right	right	1	17	15.888	1070
24	38	4	40	10	left	left	1	12	15.544	772
24	39	4	40	10	right	right	1	12	15.605	769
24	40	4	40	10	left	left	1	12	15.769	761
