
blkNum	trlNum	coherentDots	numberofDots	percentCoherence	winningDirection	response	correct	eventCount	averageFrameRate	RT
1	1	4	40	10	left	left	1	28	15.66	1788
1	2	4	40	10	left	right	0	30	15.283	1963
1	3	4	40	10	left	left	1	26	15.294	1700
1	4	4	40	10	right	right	1	26	15.467	1681
1	5	4	40	10	right	right	1	59	15.183	3886
1	6	4	40	10	left	right	0	34	15.26	2228
1	7	4	40	10	left	right	0	28	15.119	1852
1	8	4	40	10	right	right	1	19	15.298	1242
1	9	4	40	10	right	left	0	18	16.014	1124
1	10	4	40	10	left	left	1	14	15.217	920
1	11	4	40	10	left	left	1	15	15.593	962
1	12	4	40	10	left	left	1	11	15.692	701
1	13	4	40	10	left	left	1	10	16.42	609
1	14	4	40	10	right	right	1	13	15.421	843
1	15	4	40	10	left	left	1	9	15.544	579
1	16	4	40	10	right	right	1	11	16.082	684
1	17	4	40	10	left	left	1	37	15.264	2424
1	18	4	40	10	left	left	1	59	15.269	3864
1	19	4	40	10	left	left	1	41	15.174	2702
1	20	4	40	10	left	right	0	15	16.216	925
1	21	4	40	10	right	right	1	24	15.267	1572
1	22	4	40	10	right	right	1	17	15.413	1103
1	23	4	40	10	left	right	0	10	16.313	613
1	24	4	40	10	right	right	1	19	15.397	1234
1	25	4	40	10	right	right	1	11	15.193	724
1	26	4	40	10	right	right	1	13	15.606	833
1	27	4	40	10	right	left	0	15	15.228	985
1	28	4	40	10	left	left	1	15	15.228	985
1	29	4	40	10	right	right	1	11	15.515	709
1	30	4	40	10	right	right	1	20	15.326	1305
1	31	4	40	10	right	right	1	10	16.313	613
1	32	4	40	10	left	left	1	11	16.012	687
2	1	4	40	10	left	left	1	15	15.496	968
2	2	4	40	10	right	right	1	11	16.692	659
2	3	4	40	10	right	right	1	11	15.85	694
2	4	4	40	10	right	right	1	21	15.419	1362
2	5	4	40	10	left	left	1	13	15.644	831
2	6	4	40	10	right	right	1	11	16.2	679
2	7	4	40	10	right	left	0	16	15.238	1050
2	8	4	40	10	left	left	1	13	16.01	812
2	9	4	40	10	left	left	1	10	15.924	628
2	10	4	40	10	right	right	1	14	16.241	862
2	11	4	40	10	left	left	1	12	16.327	735
2	12	4	40	10	left	left	1	18	15.679	1148
2	13	4	40	10	right	right	1	11	16.296	675
2	14	4	40	10	right	right	1	25	15.48	1615
2	15	4	40	10	left	left	1	12	15.584	770
2	16	4	40	10	right	right	1	13	15.187	856
2	17	4	40	10	right	right	1	13	16.089	808
2	18	4	40	10	right	right	1	10	15.267	655
2	19	4	40	10	right	right	1	9	16.729	538
2	20	4	40	10	right	right	1	8	15.326	522
2	21	4	40	10	left	right	0	7	17.073	410
2	22	4	40	10	right	right	1	16	15.474	1034
2	23	4	40	10	left	left	1	12	15.152	792
2	24	4	40	10	right	left	0	23	15.242	1509
2	25	4	40	10	right	right	1	12	16.238	739
2	26	4	40	10	left	left	1	20	15.528	1288
2	27	4	40	10	right	right	1	15	15.974	939
2	28	4	40	10	right	right	1	19	15.86	1198
2	29	4	40	10	right	right	1	32	15.274	2095
2	30	4	40	10	right	left	0	17	15.192	1119
2	31	4	40	10	right	right	1	9	16.245	554
2	32	4	40	10	left	left	1	19	15.9	1195
2	33	4	40	10	left	right	0	32	15.18	2108
2	34	4	40	10	right	right	1	26	15.394	1689
2	35	4	40	10	left	left	1	10	15.456	647
2	36	4	40	10	left	left	1	25	15.161	1649
2	37	4	40	10	left	left	1	22	15.395	1429
2	38	4	40	10	left	left	1	13	15.403	844
2	39	4	40	10	left	left	1	16	15.564	1028
2	40	4	40	10	left	left	1	16	15.137	1057
2	41	4	40	10	right	right	1	15	15.152	990
2	42	4	40	10	left	left	1	16	15.37	1041
3	1	4	40	10	left	left	1	13	15.892	818
3	2	4	40	10	left	left	1	13	15.588	834
3	3	4	40	10	left	left	1	12	15.605	769
3	4	4	40	10	right	right	1	10	15.873	630
3	5	4	40	10	left	left	1	14	15.47	905
3	6	4	40	10	left	left	1	12	16.26	738
3	7	4	40	10	left	right	0	31	15.633	1983
3	8	4	40	10	right	right	1	15	15.873	945
3	9	4	40	10	left	left	1	11	15.714	700
3	10	4	40	10	left	right	0	23	15.71	1464
3	11	4	40	10	left	left	1	19	15.993	1188
3	12	4	40	10	left	left	1	11	16.442	669
3	13	4	40	10	right	right	1	12	15.306	784
3	14	4	40	10	right	right	1	16	16.016	999
3	15	4	40	10	right	left	0	17	15.947	1066
3	16	4	40	10	right	right	1	10	16.75	597
3	17	4	40	10	left	left	1	11	15.493	710
3	18	4	40	10	left	right	0	12	15.094	795
3	19	4	40	10	right	right	1	15	15.924	942
3	20	4	40	10	right	right	1	11	16.743	657
3	21	4	40	10	left	left	1	11	16.667	660
3	22	4	40	10	right	right	1	8	15.905	503
3	23	4	40	10	right	left	0	15	15.658	958
3	24	4	40	10	right	right	1	10	16.502	606
3	25	4	40	10	right	right	1	11	15.299	719
3	26	4	40	10	left	left	1	11	15.896	692
3	27	4	40	10	left	right	0	9	15.625	576
3	28	4	40	10	left	left	1	28	15.722	1781
3	29	4	40	10	right	right	1	12	16.173	742
3	30	4	40	10	right	left	0	11	16.296	675
3	31	4	40	10	right	right	1	11	16.296	675
3	32	4	40	10	left	left	1	13	16.27	799
3	33	4	40	10	left	right	0	10	14.948	669
3	34	4	40	10	right	right	1	14	15.964	877
3	35	4	40	10	right	left	0	15	15.4	974
3	36	4	40	10	left	left	1	11	16.616	662
3	37	4	40	10	left	right	0	11	15.257	721
3	38	4	40	10	right	right	1	17	15.697	1083
3	39	4	40	10	left	left	1	18	15.957	1128
3	40	4	40	10	left	right	0	10	15.823	632
3	41	4	40	10	right	right	1	21	15.544	1351
3	42	4	40	10	left	left	1	16	15.936	1004
3	43	4	40	10	left	right	0	13	15.33	848
4	1	4	40	10	left	left	1	12	15.444	777
4	2	4	40	10	right	right	1	10	15.649	639
4	3	4	40	10	left	left	1	12	15.464	776
4	4	4	40	10	left	left	1	20	15.444	1295
4	5	4	40	10	right	right	1	13	16.209	802
4	6	4	40	10	right	right	1	15	15.873	945
4	7	4	40	10	left	left	1	11	15.919	691
4	8	4	40	10	left	left	1	15	15.136	991
4	9	4	40	10	left	left	1	11	16.492	667
4	10	4	40	10	right	right	1	16	15.779	1014
4	11	4	40	10	left	left	1	11	15.581	706
4	12	4	40	10	left	left	1	11	16.393	671
4	13	4	40	10	right	right	1	13	16.209	802
4	14	4	40	10	right	right	1	15	15.353	977
4	15	4	40	10	right	right	1	12	16.043	748
4	16	4	40	10	right	left	0	11	15.581	706
4	17	4	40	10	left	right	0	9	15.789	570
4	18	4	40	10	right	right	1	16	15.504	1032
4	19	4	40	10	left	left	1	11	16.667	660
4	20	4	40	10	left	right	0	19	15.953	1191
4	21	4	40	10	right	right	1	14	16.11	869
4	22	4	40	10	right	right	1	15	15.152	990
4	23	4	40	10	left	left	1	15	15.48	969
4	24	4	40	10	left	right	0	25	15.432	1620
4	25	4	40	10	right	right	1	13	15.682	829
4	26	4	40	10	right	left	0	12	15.385	780
4	27	4	40	10	right	right	1	13	15.33	848
4	28	4	40	10	left	left	1	11	15.805	696
4	29	4	40	10	right	right	1	10	15.949	627
4	30	4	40	10	right	right	1	16	15.795	1013
4	31	4	40	10	left	left	1	19	15.212	1249
4	32	4	40	10	right	right	1	10	16.129	620
4	33	4	40	10	left	left	1	10	16.75	597
4	34	4	40	10	right	right	1	12	15.81	759
4	35	4	40	10	right	left	0	9	15.306	588
4	36	4	40	10	left	left	1	19	15.599	1218
4	37	4	40	10	left	right	0	11	15.363	716
4	38	4	40	10	right	right	1	17	15.903	1069
4	39	4	40	10	left	left	1	12	15.267	786
4	40	4	40	10	right	right	1	12	15.769	761
4	41	4	40	10	left	left	1	14	16.241	862
4	42	4	40	10	right	right	1	9	15.873	567
4	43	4	40	10	right	left	0	10	15.625	640
4	44	4	40	10	left	left	1	14	15.927	879
4	45	4	40	10	right	right	1	8	15.152	528
4	46	4	40	10	right	left	0	9	15.625	576
5	1	4	40	10	left	right	0	34	15.302	2222
5	2	4	40	10	left	left	1	10	15.649	639
5	3	4	40	10	left	right	0	10	15.601	641
5	4	4	40	10	right	right	1	12	16.304	736
5	5	4	40	10	right	right	1	10	15.48	646
5	6	4	40	10	right	right	1	17	15.511	1096
5	7	4	40	10	left	left	1	11	15.471	711
5	8	4	40	10	left	right	0	9	16.453	547
5	9	4	40	10	left	left	1	9	15.177	593
5	10	4	40	10	right	right	1	12	16.086	746
5	11	4	40	10	right	right	1	18	15.859	1135
5	12	4	40	10	left	right	0	14	15.945	878
5	13	4	40	10	left	left	1	16	15.81	1012
5	14	4	40	10	left	left	1	11	15.988	688
5	15	4	40	10	left	right	0	15	15.182	988
5	16	4	40	10	left	left	1	31	15.594	1988
5	17	4	40	10	right	right	1	12	15.424	778
5	18	4	40	10	right	right	1	17	15.179	1120
5	19	4	40	10	right	left	0	11	15.67	702
5	20	4	40	10	left	right	0	9	15.203	592
5	21	4	40	10	left	left	1	11	16.035	686
5	22	4	40	10	left	right	0	12	16.282	737
5	23	4	40	10	right	right	1	21	15.59	1347
5	24	4	40	10	right	right	1	11	16.768	656
5	25	4	40	10	left	left	1	16	15.826	1011
5	26	4	40	10	left	right	0	8	15.414	519
5	27	4	40	10	left	left	1	15	15.182	988
5	28	4	40	10	left	left	1	20	15.175	1318
5	29	4	40	10	right	right	1	13	15.588	834
5	30	4	40	10	left	left	1	20	15.117	1323
5	31	4	40	10	right	right	1	12	15.345	782
5	32	4	40	10	left	left	1	13	15.7	828
5	33	4	40	10	left	right	0	9	15.734	572
5	34	4	40	10	left	left	1	7	15.054	465
5	35	4	40	10	right	right	1	13	15.796	823
5	36	4	40	10	right	right	1	20	15.444	1295
5	37	4	40	10	right	right	1	13	15.738	826
5	38	4	40	10	left	right	0	12	15.748	762
5	39	4	40	10	left	left	1	11	15.896	692
5	40	4	40	10	left	left	1	13	15.187	856
5	41	4	40	10	left	left	1	12	16.304	736
5	42	4	40	10	left	left	1	11	15.493	710
5	43	4	40	10	right	left	0	9	15.789	570
6	1	4	40	10	right	right	1	16	15.474	1034
6	2	4	40	10	right	left	0	18	15.319	1175
6	3	4	40	10	left	right	0	8	15.504	516
6	4	4	40	10	right	right	1	20	15.337	1304
6	5	4	40	10	right	right	1	25	15.281	1636
6	6	4	40	10	right	left	0	17	15.288	1112
6	7	4	40	10	left	right	0	20	15.492	1291
6	8	4	40	10	left	left	1	20	15.117	1323
6	9	4	40	10	right	right	1	15	16.043	935
6	10	4	40	10	left	left	1	11	15.428	713
6	11	4	40	10	left	right	0	18	15.873	1134
6	12	4	40	10	right	right	1	13	16.23	801
6	13	4	40	10	left	left	1	23	15.122	1521
6	14	4	40	10	right	right	1	24	15.375	1561
6	15	4	40	10	right	right	1	14	15.855	883
6	16	4	40	10	left	left	1	12	16.216	740
6	17	4	40	10	left	right	0	10	15.408	649
6	18	4	40	10	right	right	1	27	15.263	1769
6	19	4	40	10	left	left	1	12	15.132	793
6	20	4	40	10	right	right	1	16	15.519	1031
6	21	4	40	10	left	left	1	11	16.492	667
6	22	4	40	10	right	right	1	11	16.012	687
6	23	4	40	10	right	left	0	9	15.762	571
6	24	4	40	10	right	right	1	10	15.432	648
6	25	4	40	10	right	right	1	11	15.737	699
6	26	4	40	10	right	left	0	17	15.639	1087
6	27	4	40	10	right	right	1	13	15.738	826
6	28	4	40	10	left	left	1	12	15.287	785
6	29	4	40	10	left	right	0	15	16.043	935
6	30	4	40	10	left	left	1	10	16.077	622
6	31	4	40	10	right	right	1	16	15.385	1040
6	32	4	40	10	left	left	1	13	15.99	813
6	33	4	40	10	right	right	1	14	15.556	900
6	34	4	40	10	right	left	0	11	15.172	725
6	35	4	40	10	right	right	1	18	15.859	1135
6	36	4	40	10	left	right	0	28	15.642	1790
6	37	4	40	10	right	right	1	11	16.492	667
6	38	4	40	10	right	right	1	17	16.008	1062
6	39	4	40	10	right	right	1	12	15.113	794
6	40	4	40	10	right	right	1	24	15.686	1530
7	1	4	40	10	right	right	1	24	15.19	1580
7	2	4	40	10	left	left	1	11	16.393	671
7	3	4	40	10	left	right	0	10	15.576	642
7	4	4	40	10	right	right	1	11	16.717	658
7	5	4	40	10	right	right	1	18	15.451	1165
7	6	4	40	10	left	left	1	19	15.261	1245
7	7	4	40	10	left	left	1	14	15.234	919
7	8	4	40	10	right	right	1	12	15.605	769
7	9	4	40	10	right	left	0	11	16.393	671
7	10	4	40	10	right	right	1	12	16.327	735
7	11	4	40	10	left	left	1	12	15.385	780
7	12	4	40	10	left	left	1	11	15.919	691
7	13	4	40	10	right	right	1	15	16.181	927
7	14	4	40	10	right	right	1	14	16.185	865
7	15	4	40	10	right	right	1	11	15.428	713
7	16	4	40	10	right	left	0	17	16.008	1062
7	17	4	40	10	left	right	0	11	15.11	728
7	18	4	40	10	right	right	1	13	15.912	817
7	19	4	40	10	right	right	1	17	15.611	1089
7	20	4	40	10	right	left	0	13	15.205	855
7	21	4	40	10	right	right	1	11	15.214	723
7	22	4	40	10	right	right	1	14	15.217	920
7	23	4	40	10	right	right	1	16	15.842	1010
7	24	4	40	10	left	right	0	12	15.504	774
7	25	4	40	10	right	right	1	15	15.353	977
7	26	4	40	10	left	left	1	15	15.957	940
7	27	4	40	10	right	right	1	10	16.722	598
7	28	4	40	10	left	left	1	17	15.639	1087
7	29	4	40	10	left	left	1	16	15.779	1014
7	30	4	40	10	left	left	1	11	16.129	682
7	31	4	40	10	left	right	0	12	15.524	773
7	32	4	40	10	right	right	1	13	15.476	840
7	33	4	40	10	left	left	1	15	15.89	944
7	34	4	40	10	right	right	1	15	15.723	954
7	35	4	40	10	left	left	1	14	15.538	901
7	36	4	40	10	left	left	1	12	15.504	774
7	37	4	40	10	left	left	1	11	16.467	668
7	38	4	40	10	right	right	1	11	16.768	656
7	39	4	40	10	right	right	1	11	15.214	723
7	40	4	40	10	right	right	1	14	15.766	888
7	41	4	40	10	right	right	1	11	15.988	688
7	42	4	40	10	left	left	1	11	16.272	676
7	43	4	40	10	left	left	1	11	15.11	728
7	44	4	40	10	left	left	1	13	15.834	821
7	45	4	40	10	right	right	1	14	15.837	884
7	46	4	40	10	left	left	1	12	16.021	749
8	1	4	40	10	right	right	1	17	15.568	1092
8	2	4	40	10	left	left	1	10	15.974	626
8	3	4	40	10	right	right	1	12	15.852	757
8	4	4	40	10	right	right	1	25	15.605	1602
8	5	4	40	10	right	right	1	12	16.194	741
8	6	4	40	10	right	right	1	20	15.117	1323
8	7	4	40	10	right	right	1	12	15.484	775
8	8	4	40	10	left	left	1	13	16.01	812
8	9	4	40	10	right	left	0	10	16.556	604
8	10	4	40	10	right	right	1	9	16.245	554
8	11	4	40	10	right	right	1	13	15.892	818
8	12	4	40	10	right	right	1	11	15.782	697
8	13	4	40	10	left	left	1	13	16.149	805
8	14	4	40	10	right	right	1	9	15.762	571
8	15	4	40	10	left	left	1	11	15.714	700
8	16	4	40	10	left	right	0	10	16.234	616
8	17	4	40	10	right	left	0	9	15.873	567
8	18	4	40	10	right	right	1	10	16.313	613
8	19	4	40	10	left	left	1	17	15.755	1079
8	20	4	40	10	right	right	1	13	16.149	805
8	21	4	40	10	right	left	0	16	15.326	1044
8	22	4	40	10	right	right	1	11	15.493	710
8	23	4	40	10	left	left	1	11	16.129	682
8	24	4	40	10	left	left	1	14	16.241	862
8	25	4	40	10	left	left	1	11	15.493	710
8	26	4	40	10	left	right	0	15	15.593	962
8	27	4	40	10	left	left	1	20	15.798	1266
8	28	4	40	10	left	left	1	19	15.164	1253
8	29	4	40	10	left	left	1	11	15.299	719
8	30	4	40	10	left	left	1	11	15.537	708
8	31	4	40	10	right	right	1	12	16.107	745
8	32	4	40	10	left	left	1	10	15.291	654
8	33	4	40	10	right	right	1	9	15.177	593
8	34	4	40	10	left	left	1	9	16.484	546
8	35	4	40	10	left	right	0	9	15.332	587
8	36	4	40	10	left	left	1	23	15.786	1457
8	37	4	40	10	right	right	1	10	15.625	640
8	38	4	40	10	right	right	1	16	15.952	1003
8	39	4	40	10	left	left	1	13	15.796	823
8	40	4	40	10	right	right	1	10	16.077	622
8	41	4	40	10	right	right	1	11	15.625	704
8	42	4	40	10	right	left	0	16	15.81	1012
8	43	4	40	10	right	right	1	24	15.104	1589
8	44	4	40	10	right	right	1	31	15.324	2023
8	45	4	40	10	right	right	1	14	15.402	909
9	1	4	40	10	left	left	1	15	15.275	982
9	2	4	40	10	right	right	1	12	16.26	738
9	3	4	40	10	right	right	1	15	16.06	934
9	4	4	40	10	left	left	1	14	15.625	896
9	5	4	40	10	left	left	1	21	15.239	1378
9	6	4	40	10	left	left	1	27	15.707	1719
9	7	4	40	10	right	right	1	15	15.924	942
9	8	4	40	10	right	right	1	21	15.625	1344
9	9	4	40	10	right	right	1	24	15.656	1533
9	10	4	40	10	left	left	1	9	15.652	575
9	11	4	40	10	right	right	1	10	16.051	623
9	12	4	40	10	left	left	1	17	15.165	1121
9	13	4	40	10	right	right	1	17	15.625	1088
9	14	4	40	10	right	right	1	16	15.534	1030
9	15	4	40	10	left	left	1	12	16.238	739
9	16	4	40	10	right	right	1	14	16.204	864
9	17	4	40	10	left	left	1	13	16.069	809
9	18	4	40	10	left	left	1	38	15.127	2512
9	19	4	40	10	right	right	1	13	15.892	818
9	20	4	40	10	left	left	1	14	15.873	882
9	21	4	40	10	left	left	1	20	15.601	1282
9	22	4	40	10	left	left	1	15	15.94	941
9	23	4	40	10	left	left	1	19	15.335	1239
9	24	4	40	10	right	right	1	16	15.137	1057
9	25	4	40	10	right	right	1	47	15.152	3102
9	26	4	40	10	left	left	1	11	15.988	688
9	27	4	40	10	left	left	1	31	15.469	2004
9	28	4	40	10	right	right	1	12	16.26	738
9	29	4	40	10	right	right	1	17	15.873	1071
9	30	4	40	10	left	left	1	10	15.314	653
9	31	4	40	10	right	right	1	14	15.234	919
9	32	4	40	10	left	left	1	12	15.936	753
9	33	4	40	10	right	right	1	13	15.951	815
9	34	4	40	10	left	left	1	12	15.345	782
9	35	4	40	10	left	left	1	19	15.677	1212
9	36	4	40	10	left	left	1	25	15.198	1645
9	37	4	40	10	left	right	0	34	15.281	2225
9	38	4	40	10	left	left	1	25	15.684	1594
9	39	4	40	10	right	right	1	18	15.451	1165
10	1	4	40	10	left	left	1	22	15.647	1406
10	2	4	40	10	left	left	1	19	15.36	1237
10	3	4	40	10	left	left	1	16	15.534	1030
10	4	4	40	10	right	right	1	12	15.564	771
10	5	4	40	10	left	left	1	14	16.037	873
10	6	4	40	10	left	left	1	38	15.46	2458
10	7	4	40	10	right	right	1	13	15.588	834
10	8	4	40	10	left	left	1	55	15.376	3577
10	9	4	40	10	left	left	1	14	15.234	919
10	10	4	40	10	left	left	1	15	15.496	968
10	11	4	40	10	right	right	1	11	16.641	661
10	12	4	40	10	right	left	0	14	16.073	871
10	13	4	40	10	left	left	1	13	15.55	836
10	14	4	40	10	right	right	1	15	15.69	956
10	15	4	40	10	left	left	1	13	15.951	815
10	16	4	40	10	left	left	1	12	16.327	735
10	17	4	40	10	right	right	1	11	16.296	675
10	18	4	40	10	left	left	1	12	15.81	759
10	19	4	40	10	right	right	1	9	16.667	540
10	20	4	40	10	left	left	1	10	16.779	596
10	21	4	40	10	right	right	1	12	15.345	782
10	22	4	40	10	left	left	1	11	15.363	716
10	23	4	40	10	left	right	0	16	15.857	1009
10	24	4	40	10	left	left	1	12	16.26	738
10	25	4	40	10	right	right	1	9	15.228	591
10	26	4	40	10	left	left	1	14	16.055	872
10	27	4	40	10	right	right	1	11	16.768	656
10	28	4	40	10	left	left	1	21	15.766	1332
10	29	4	40	10	right	right	1	11	15.449	712
10	30	4	40	10	left	left	1	11	15.027	732
10	31	4	40	10	left	right	0	18	15.293	1177
10	32	4	40	10	right	right	1	12	15.645	767
10	33	4	40	10	right	right	1	14	15.284	916
10	34	4	40	10	left	left	1	20	15.083	1326
10	35	4	40	10	left	left	1	19	15.612	1217
10	36	4	40	10	left	right	0	16	15.123	1058
10	37	4	40	10	left	left	1	31	15.347	2020
10	38	4	40	10	left	left	1	25	15.684	1594
10	39	4	40	10	left	left	1	19	15.261	1245
10	40	4	40	10	left	left	1	16	15.64	1023
10	41	4	40	10	left	right	0	19	15.781	1204
11	1	4	40	10	left	left	1	35	15.5	2258
11	2	4	40	10	right	right	1	24	15.404	1558
11	3	4	40	10	right	right	1	20	15.54	1287
11	4	4	40	10	left	left	1	18	15.267	1179
11	5	4	40	10	right	right	1	15	15.198	987
11	6	4	40	10	left	left	1	22	15.214	1446
11	7	4	40	10	left	right	0	32	15.34	2086
11	8	4	40	10	left	left	1	39	15.464	2522
11	9	4	40	10	left	left	1	15	15.544	965
11	10	4	40	10	left	left	1	17	15.977	1064
11	11	4	40	10	left	left	1	14	15.402	909
11	12	4	40	10	right	right	1	15	16.043	935
11	13	4	40	10	right	left	0	17	15.497	1097
11	14	4	40	10	right	right	1	14	16.279	860
11	15	4	40	10	left	left	1	11	15.342	717
11	16	4	40	10	left	left	1	13	15.931	816
11	17	4	40	10	right	right	1	10	16.694	599
11	18	4	40	10	left	left	1	11	16.717	658
11	19	4	40	10	left	right	0	8	15.748	508
11	20	4	40	10	left	left	1	9	16.071	560
11	21	4	40	10	right	right	1	10	16.42	609
11	22	4	40	10	left	left	1	9	16.698	539
11	23	4	40	10	left	left	1	11	15.406	714
11	24	4	40	10	left	left	1	13	15.644	831
11	25	4	40	10	right	left	0	9	15.679	574
11	26	4	40	10	right	right	1	13	15.276	851
11	27	4	40	10	left	left	1	21	15.778	1331
11	28	4	40	10	right	left	0	11	15.805	696
11	29	4	40	10	right	right	1	11	15.603	705
11	30	4	40	10	left	right	0	13	15.834	821
11	31	4	40	10	right	left	0	11	16.32	674
11	32	4	40	10	left	left	1	17	15.829	1074
11	33	4	40	10	right	right	1	11	16.743	657
11	34	4	40	10	left	left	1	10	15.949	627
11	35	4	40	10	left	right	0	20	15.279	1309
11	36	4	40	10	left	left	1	8	15.686	510
11	37	4	40	10	left	left	1	11	15.873	693
11	38	4	40	10	right	right	1	12	16.282	737
11	39	4	40	10	right	left	0	10	16.722	598
11	40	4	40	10	right	right	1	8	15.968	501
11	41	4	40	10	right	right	1	11	16.667	660
11	42	4	40	10	right	right	1	10	16.474	607
12	1	4	40	10	left	right	0	21	15.162	1385
12	2	4	40	10	left	left	1	10	16.367	611
12	3	4	40	10	right	right	1	10	15.898	629
12	4	4	40	10	right	right	1	22	15.374	1431
12	5	4	40	10	left	left	1	9	15.28	589
12	6	4	40	10	right	right	1	8	16.985	471
12	7	4	40	10	right	right	1	10	14.948	669
12	8	4	40	10	left	left	1	15	15.244	984
12	9	4	40	10	left	right	0	8	16.529	484
12	10	4	40	10	right	left	0	14	16.222	863
12	11	4	40	10	left	right	0	6	15.748	381
12	12	4	40	10	left	left	1	18	15.666	1149
12	13	4	40	10	right	right	1	9	15.491	581
12	14	4	40	10	left	left	1	10	15.48	646
12	15	4	40	10	left	right	0	16	15.857	1009
12	16	4	40	10	left	left	1	7	15.021	466
12	17	4	40	10	left	right	0	15	15.756	952
12	18	4	40	10	right	right	1	13	16.089	808
12	19	4	40	10	right	right	1	20	15.175	1318
12	20	4	40	10	left	left	1	22	15.692	1402
12	21	4	40	10	left	right	0	16	15.748	1016
12	22	4	40	10	left	left	1	28	15.342	1825
12	23	4	40	10	left	left	1	23	15.593	1475
12	24	4	40	10	left	left	1	11	15.048	731
12	25	4	40	10	left	right	0	14	15.368	911
12	26	4	40	10	left	left	1	15	16.199	926
12	27	4	40	10	right	right	1	15	16.026	936
12	28	4	40	10	left	left	1	11	15.581	706
12	29	4	40	10	right	right	1	10	15.291	654
12	30	4	40	10	left	left	1	11	16.541	665
12	31	4	40	10	left	right	0	16	15.936	1004
12	32	4	40	10	left	left	1	18	15.666	1149
12	33	4	40	10	right	right	1	12	16.216	740
12	34	4	40	10	right	right	1	12	16.107	745
12	35	4	40	10	left	left	1	10	15.106	662
12	36	4	40	10	right	right	1	14	16.185	865
12	37	4	40	10	right	right	1	22	15.793	1393
12	38	4	40	10	right	right	1	15	15.512	967
12	39	4	40	10	left	left	1	16	15.123	1058
12	40	4	40	10	right	right	1	10	15.432	648
12	41	4	40	10	left	left	1	9	16.245	554
12	42	4	40	10	right	right	1	7	14.989	467
12	43	4	40	10	left	left	1	8	15.123	529
12	44	4	40	10	left	right	0	8	16.667	480
13	1	4	40	10	right	right	1	12	15.424	778
13	2	4	40	10	right	right	1	22	15.363	1432
13	3	4	40	10	left	left	1	15	16.043	935
13	4	4	40	10	right	right	1	10	16.835	594
13	5	4	40	10	right	left	0	11	15.559	707
13	6	4	40	10	right	right	1	9	15.734	572
13	7	4	40	10	right	right	1	14	15.819	885
13	8	4	40	10	left	left	1	12	15.686	765
13	9	4	40	10	left	right	0	10	15.748	635
13	10	4	40	10	left	left	1	14	16.279	860
13	11	4	40	10	left	right	0	13	15.719	827
13	12	4	40	10	left	left	1	9	16.822	535
13	13	4	40	10	right	right	1	14	16.018	874
13	14	4	40	10	left	left	1	10	15.552	643
13	15	4	40	10	left	left	1	15	15.03	998
13	16	4	40	10	right	right	1	11	15.428	713
13	17	4	40	10	right	right	1	19	15.966	1190
13	18	4	40	10	right	left	0	12	15.19	790
13	19	4	40	10	left	left	1	13	15.33	848
13	20	4	40	10	left	left	1	17	15.977	1064
13	21	4	40	10	right	right	1	11	15.152	726
13	22	4	40	10	left	left	1	13	15.569	835
13	23	4	40	10	right	right	1	11	16.517	666
13	24	4	40	10	left	left	1	9	15.464	582
13	25	4	40	10	right	right	1	6	17.143	350
13	26	4	40	10	right	left	0	5	17.73	282
13	27	4	40	10	right	right	1	6	15	400
13	28	4	40	10	right	right	1	14	15.419	908
13	29	4	40	10	left	right	0	9	15.464	582
13	30	4	40	10	right	right	1	22	15.32	1436
13	31	4	40	10	right	left	0	12	15.894	755
13	32	4	40	10	left	left	1	11	15.152	726
13	33	4	40	10	left	left	1	16	15.826	1011
13	34	4	40	10	right	right	1	9	16.334	551
13	35	4	40	10	right	right	1	14	15.642	895
13	36	4	40	10	right	right	1	14	16.055	872
13	37	4	40	10	right	right	1	18	15.411	1168
13	38	4	40	10	left	left	1	13	15.625	832
13	39	4	40	10	right	right	1	15	15.756	952
13	40	4	40	10	right	right	1	15	16.112	931
13	41	4	40	10	left	left	1	20	15.564	1285
13	42	4	40	10	right	right	1	10	15.823	632
13	43	4	40	10	right	right	1	14	16.166	866
13	44	4	40	10	right	right	1	15	15.839	947
13	45	4	40	10	right	right	1	13	15.834	821
13	46	4	40	10	right	right	1	16	15.444	1036
13	47	4	40	10	left	left	1	17	15.165	1121
14	1	4	40	10	right	right	1	16	15.385	1040
14	2	4	40	10	right	right	1	13	15.55	836
14	3	4	40	10	right	right	1	15	15.576	963
14	4	4	40	10	left	right	0	16	15.779	1014
14	5	4	40	10	left	left	1	13	16.109	807
14	6	4	40	10	right	right	1	21	15.373	1366
14	7	4	40	10	left	left	1	9	15.332	587
14	8	4	40	10	right	right	1	11	15.896	692
14	9	4	40	10	right	right	1	17	15.165	1121
14	10	4	40	10	right	right	1	15	15.512	967
14	11	4	40	10	right	right	1	15	15.213	986
14	12	4	40	10	left	left	1	13	16.129	806
14	13	4	40	10	right	right	1	12	15.686	765
14	14	4	40	10	left	left	1	10	15.748	635
14	15	4	40	10	right	right	1	10	16.103	621
14	16	4	40	10	right	left	0	12	15.326	783
14	17	4	40	10	right	right	1	11	15.559	707
14	18	4	40	10	left	left	1	10	16.051	623
14	19	4	40	10	left	left	1	19	15.926	1193
14	20	4	40	10	right	right	1	10	16	625
14	21	4	40	10	left	left	1	9	15.306	588
14	22	4	40	10	left	left	1	14	15.402	909
14	23	4	40	10	left	right	0	12	16.151	743
14	24	4	40	10	left	left	1	11	16.541	665
14	25	4	40	10	right	right	1	12	15.228	788
14	26	4	40	10	left	left	1	10	15.974	626
14	27	4	40	10	left	left	1	15	15.432	972
14	28	4	40	10	right	right	1	11	15.449	712
14	29	4	40	10	right	left	0	17	15.799	1076
14	30	4	40	10	left	left	1	12	15.645	767
14	31	4	40	10	left	left	1	14	15.267	917
14	32	4	40	10	left	left	1	11	16.058	685
14	33	4	40	10	right	right	1	11	15.257	721
14	34	4	40	10	left	left	1	10	16.287	614
14	35	4	40	10	right	right	1	9	15.845	568
14	36	4	40	10	left	left	1	10	16.667	600
14	37	4	40	10	right	right	1	10	16.611	602
14	38	4	40	10	left	left	1	9	16.453	547
14	39	4	40	10	right	right	1	9	15.957	564
14	40	4	40	10	right	left	0	7	15.766	444
14	41	4	40	10	left	left	1	12	15.81	759
14	42	4	40	10	right	left	0	11	15.172	725
14	43	4	40	10	right	left	0	11	15.493	710
14	44	4	40	10	right	right	1	28	15.556	1800
14	45	4	40	10	right	right	1	31	15.562	1992
14	46	4	40	10	right	right	1	26	15.43	1685
15	1	4	40	10	right	left	0	32	15.123	2116
15	2	4	40	10	left	left	1	11	15.428	713
15	3	4	40	10	left	left	1	19	15.873	1197
15	4	4	40	10	left	left	1	10	15.291	654
15	5	4	40	10	left	left	1	9	15.177	593
15	6	4	40	10	left	left	1	10	15.773	634
15	7	4	40	10	left	left	1	10	15.699	637
15	8	4	40	10	left	right	0	15	15.641	959
15	9	4	40	10	left	left	1	11	16.393	671
15	10	4	40	10	right	right	1	11	15.942	690
15	11	4	40	10	left	left	1	11	15.67	702
15	12	4	40	10	right	right	1	12	15.564	771
15	13	4	40	10	right	left	0	11	15.782	697
15	14	4	40	10	right	right	1	19	15.51	1225
15	15	4	40	10	left	left	1	10	16.181	618
15	16	4	40	10	left	left	1	28	15.184	1844
15	17	4	40	10	left	left	1	13	15.815	822
15	18	4	40	10	right	left	0	24	15.738	1525
15	19	4	40	10	right	right	1	11	15.559	707
15	20	4	40	10	right	right	1	15	15.773	951
15	21	4	40	10	left	left	1	12	16.26	738
15	22	4	40	10	left	left	1	15	15.385	975
15	23	4	40	10	right	right	1	27	15.526	1739
15	24	4	40	10	right	right	1	24	15.615	1537
15	25	4	40	10	right	right	1	22	15.246	1443
15	26	4	40	10	right	right	1	17	15.712	1082
15	27	4	40	10	right	left	0	13	15.476	840
15	28	4	40	10	left	left	1	16	15.195	1053
15	29	4	40	10	left	left	1	24	15.524	1546
15	30	4	40	10	left	left	1	31	15.531	1996
15	31	4	40	10	right	right	1	15	15.74	953
15	32	4	40	10	left	left	1	20	15.576	1284
15	33	4	40	10	left	left	1	30	15.504	1935
15	34	4	40	10	right	right	1	23	15.344	1499
15	35	4	40	10	left	left	1	21	15.217	1380
15	36	4	40	10	right	right	1	21	15.34	1369
15	37	4	40	10	right	right	1	36	15.477	2326
15	38	4	40	10	left	left	1	11	16.692	659
16	1	4	40	10	right	right	1	30	15.617	1921
16	2	4	40	10	left	left	1	15	15.291	981
16	3	4	40	10	right	right	1	14	15.909	880
16	4	4	40	10	right	left	0	14	15.766	888
16	5	4	40	10	left	left	1	18	15.544	1158
16	6	4	40	10	left	left	1	20	15.186	1317
16	7	4	40	10	left	left	1	37	15.308	2417
16	8	4	40	10	left	left	1	23	15.436	1490
16	9	4	40	10	right	right	1	23	15.604	1474
16	10	4	40	10	right	right	1	31	15.181	2042
16	11	4	40	10	right	right	1	21	15.533	1352
16	12	4	40	10	left	left	1	39	15.348	2541
16	13	4	40	10	right	right	1	11	15.988	688
16	14	4	40	10	right	left	0	20	15.186	1317
16	15	4	40	10	right	right	1	23	15.323	1501
16	16	4	40	10	right	right	1	24	15.248	1574
16	17	4	40	10	left	left	1	14	15.608	897
16	18	4	40	10	left	left	1	27	15.186	1778
16	19	4	40	10	right	right	1	18	15.943	1129
16	20	4	40	10	right	right	1	15	15.106	993
16	21	4	40	10	left	left	1	16	15.459	1035
16	22	4	40	10	left	left	1	19	15.833	1200
16	23	4	40	10	right	right	1	12	15.605	769
16	24	4	40	10	left	left	1	12	16.327	735
16	25	4	40	10	right	right	1	11	16.272	676
16	26	4	40	10	right	right	1	14	15.909	880
16	27	4	40	10	left	left	1	16	15.61	1025
16	28	4	40	10	left	right	0	24	15.656	1533
16	29	4	40	10	left	left	1	17	15.697	1083
16	30	4	40	10	left	left	1	17	15.962	1065
16	31	4	40	10	right	right	1	12	15.326	783
16	32	4	40	10	left	left	1	13	15.682	829
16	33	4	40	10	left	left	1	13	15.532	837
16	34	4	40	10	right	right	1	12	16.043	748
16	35	4	40	10	left	left	1	13	15.152	858
16	36	4	40	10	right	right	1	14	15.453	906
16	37	4	40	10	right	right	1	30	15.152	1980
17	1	4	40	10	right	right	1	14	15.521	902
17	2	4	40	10	right	right	1	12	15.645	767
17	3	4	40	10	left	left	1	10	15.699	637
17	4	4	40	10	left	left	1	11	15.625	704
17	5	4	40	10	left	left	1	19	15.886	1196
17	6	4	40	10	left	left	1	10	15.699	637
17	7	4	40	10	right	right	1	11	15.647	703
17	8	4	40	10	left	left	1	9	16.216	555
17	9	4	40	10	left	left	1	23	15.583	1476
17	10	4	40	10	right	right	1	11	15.714	700
17	11	4	40	10	right	left	0	13	16.27	799
17	12	4	40	10	left	left	1	12	15.094	795
17	13	4	40	10	right	right	1	17	15.858	1072
17	14	4	40	10	right	right	1	12	15.81	759
17	15	4	40	10	right	right	1	15	15.448	971
17	16	4	40	10	right	right	1	12	15.81	759
17	17	4	40	10	left	left	1	10	15.723	636
17	18	4	40	10	right	right	1	8	17.021	470
17	19	4	40	10	right	right	1	15	15.306	980
17	20	4	40	10	left	left	1	11	16.2	679
17	21	4	40	10	left	left	1	17	15.357	1107
17	22	4	40	10	right	right	1	16	15.842	1010
17	23	4	40	10	right	right	1	11	16.035	686
17	24	4	40	10	left	left	1	11	15.759	698
17	25	4	40	10	right	right	1	10	16.502	606
17	26	4	40	10	left	left	1	11	15.449	712
17	27	4	40	10	left	left	1	14	15.556	900
17	28	4	40	10	right	right	1	10	15.504	645
17	29	4	40	10	right	left	0	12	15.769	761
17	30	4	40	10	left	left	1	12	15.915	754
17	31	4	40	10	right	right	1	9	15.203	592
17	32	4	40	10	right	right	1	18	15.611	1153
17	33	4	40	10	right	right	1	13	15.777	824
17	34	4	40	10	right	right	1	10	15.848	631
17	35	4	40	10	right	right	1	9	15.789	570
17	36	4	40	10	left	left	1	10	16.584	603
17	37	4	40	10	right	right	1	9	16.886	533
17	38	4	40	10	right	left	0	14	15.301	915
17	39	4	40	10	right	right	1	10	15.773	634
17	40	4	40	10	right	right	1	9	15.517	580
17	41	4	40	10	right	right	1	10	16.313	613
17	42	4	40	10	left	right	0	8	15.414	519
17	43	4	40	10	right	right	1	23	15.509	1483
17	44	4	40	10	right	right	1	10	16.556	604
17	45	4	40	10	right	right	1	11	16.248	677
17	46	4	40	10	left	left	1	11	16.153	681
17	47	4	40	10	left	left	1	17	15.554	1093
17	48	4	40	10	right	right	1	11	16.492	667
17	49	4	40	10	left	left	1	17	15.992	1063
17	50	4	40	10	left	left	1	23	15.668	1468
18	1	4	40	10	left	left	1	15	15.213	986
18	2	4	40	10	right	right	1	9	16.364	550
18	3	4	40	10	left	left	1	9	16.364	550
18	4	4	40	10	right	right	1	9	15.228	591
18	5	4	40	10	right	right	1	13	15.476	840
18	6	4	40	10	left	left	1	11	16.369	672
18	7	4	40	10	right	right	1	13	15.873	819
18	8	4	40	10	left	left	1	11	16.692	659
18	9	4	40	10	right	right	1	9	16.158	557
18	10	4	40	10	left	left	1	11	15.493	710
18	11	4	40	10	right	right	1	10	15.552	643
18	12	4	40	10	right	right	1	18	15.345	1173
18	13	4	40	10	left	left	1	11	15.493	710
18	14	4	40	10	left	left	1	12	15.267	786
18	15	4	40	10	left	right	0	10	16.026	624
18	16	4	40	10	left	left	1	11	15.827	695
18	17	4	40	10	right	right	1	17	15.814	1075
18	18	4	40	10	left	left	1	12	16.282	737
18	19	4	40	10	right	right	1	18	15.228	1182
18	20	4	40	10	left	left	1	11	15.85	694
18	21	4	40	10	right	right	1	9	15.789	570
18	22	4	40	10	right	right	1	11	15.559	707
18	23	4	40	10	left	left	1	10	15.848	631
18	24	4	40	10	left	left	1	18	15.831	1137
18	25	4	40	10	right	right	1	11	16.717	658
18	26	4	40	10	left	left	1	10	15.748	635
18	27	4	40	10	right	right	1	15	15.924	942
18	28	4	40	10	left	left	1	13	15.33	848
18	29	4	40	10	right	right	1	13	15.476	840
18	30	4	40	10	left	left	1	12	16.304	736
18	31	4	40	10	left	left	1	13	15.834	821
18	32	4	40	10	right	right	1	10	16.34	612
18	33	4	40	10	left	left	1	10	15.48	646
18	34	4	40	10	left	left	1	18	15.943	1129
18	35	4	40	10	right	right	1	10	16.026	624
18	36	4	40	10	left	left	1	11	16.717	658
18	37	4	40	10	right	right	1	17	16.008	1062
18	38	4	40	10	right	right	1	14	15.453	906
18	39	4	40	10	right	right	1	13	15.55	836
18	40	4	40	10	right	left	0	14	15.713	891
18	41	4	40	10	right	right	1	8	16.097	497
18	42	4	40	10	right	right	1	13	16.089	808
18	43	4	40	10	left	left	1	14	15.234	919
18	44	4	40	10	right	right	1	14	15.334	913
18	45	4	40	10	right	right	1	13	15.152	858
18	46	4	40	10	right	right	1	19	15.69	1211
18	47	4	40	10	right	right	1	13	16.169	804
18	48	4	40	10	right	right	1	21	15.141	1387
18	49	4	40	10	right	right	1	12	16.304	736
18	50	4	40	10	left	left	1	17	15.441	1101
19	1	4	40	10	left	left	1	14	15.982	876
19	2	4	40	10	right	right	1	14	15.66	894
19	3	4	40	10	right	left	0	17	15.426	1102
19	4	4	40	10	right	right	1	23	15.614	1473
19	5	4	40	10	right	right	1	17	15.274	1113
19	6	4	40	10	left	left	1	17	15.399	1104
19	7	4	40	10	right	right	1	12	16.151	743
19	8	4	40	10	right	right	1	21	15.766	1332
19	9	4	40	10	left	left	1	11	15.11	728
19	10	4	40	10	left	left	1	13	15.682	829
19	11	4	40	10	right	right	1	12	15.209	789
19	12	4	40	10	right	left	0	9	15.544	579
19	13	4	40	10	right	right	1	13	15.312	849
19	14	4	40	10	right	right	1	18	15.943	1129
19	15	4	40	10	right	right	1	20	15.625	1280
19	16	4	40	10	left	left	1	25	15.442	1619
19	17	4	40	10	right	right	1	13	15.951	815
19	18	4	40	10	left	left	1	14	16.092	870
19	19	4	40	10	left	right	0	34	15.406	2207
19	20	4	40	10	right	right	1	17	15.206	1118
19	21	4	40	10	right	right	1	20	15.186	1317
19	22	4	40	10	right	right	1	52	15.362	3385
19	23	4	40	10	left	left	1	12	15.113	794
19	24	4	40	10	left	left	1	19	15.94	1192
19	25	4	40	10	right	right	1	19	15.298	1242
19	26	4	40	10	right	right	1	15	15.075	995
19	27	4	40	10	left	left	1	16	15.64	1023
19	28	4	40	10	left	left	1	30	15.536	1931
19	29	4	40	10	right	right	1	14	15.504	903
19	30	4	40	10	left	left	1	13	16.109	807
19	31	4	40	10	right	right	1	11	15.32	718
19	32	4	40	10	right	left	0	12	16.064	747
19	33	4	40	10	right	right	1	10	15.314	653
19	34	4	40	10	left	left	1	12	15.306	784
19	35	4	40	10	right	right	1	10	15.48	646
19	36	4	40	10	left	left	1	11	15.428	713
19	37	4	40	10	left	right	0	10	15.699	637
19	38	4	40	10	right	right	1	12	16.216	740
19	39	4	40	10	left	left	1	11	16.541	665
19	40	4	40	10	right	right	1	10	15.699	637
20	1	4	40	10	left	left	1	12	16.107	745
20	2	4	40	10	right	right	1	10	15.873	630
20	3	4	40	10	right	left	0	11	15.625	704
20	4	4	40	10	left	left	1	11	15.782	697
20	5	4	40	10	left	left	1	19	15.36	1237
20	6	4	40	10	left	left	1	16	15.889	1007
20	7	4	40	10	left	left	1	15	15.839	947
20	8	4	40	10	right	right	1	15	15.658	958
20	9	4	40	10	right	right	1	13	15.777	824
20	10	4	40	10	right	right	1	15	15.496	968
20	11	4	40	10	left	left	1	10	15.748	635
20	12	4	40	10	left	left	1	15	15.045	997
20	13	4	40	10	left	left	1	15	15.609	961
20	14	4	40	10	left	left	1	13	15.569	835
20	15	4	40	10	right	right	1	11	15.759	698
20	16	4	40	10	right	right	1	12	15.19	790
20	17	4	40	10	left	left	1	10	15.924	628
20	18	4	40	10	right	right	1	9	15.228	591
20	19	4	40	10	left	left	1	10	15.625	640
20	20	4	40	10	right	right	1	8	15.296	523
20	21	4	40	10	right	right	1	12	15.584	770
20	22	4	40	10	right	left	0	9	16.304	552
20	23	4	40	10	right	right	1	8	15.209	526
20	24	4	40	10	left	left	1	11	15.342	717
20	25	4	40	10	right	right	1	11	16.717	658
20	26	4	40	10	left	left	1	10	15.699	637
20	27	4	40	10	right	right	1	11	15.805	696
20	28	4	40	10	right	right	1	11	16.082	684
20	29	4	40	10	right	right	1	10	15.649	639
20	30	4	40	10	right	right	1	11	15.406	714
20	31	4	40	10	left	left	1	11	15.647	703
20	32	4	40	10	right	right	1	9	15.762	571
20	33	4	40	10	left	left	1	10	15.748	635
20	34	4	40	10	left	left	1	10	15.504	645
20	35	4	40	10	right	right	1	8	15.385	520
20	36	4	40	10	right	right	1	10	16.667	600
20	37	4	40	10	left	left	1	11	16.541	665
20	38	4	40	10	right	right	1	18	15.241	1181
20	39	4	40	10	right	right	1	16	15.311	1045
20	40	4	40	10	left	left	1	11	16.32	674
20	41	4	40	10	right	right	1	13	15.663	830
20	42	4	40	10	right	right	1	14	16.11	869
20	43	4	40	10	left	left	1	9	15.254	590
20	44	4	40	10	left	left	1	11	15.827	695
20	45	4	40	10	right	right	1	10	16.367	611
20	46	4	40	10	left	left	1	10	16.103	621
20	47	4	40	10	left	left	1	27	15.562	1735
20	48	4	40	10	left	left	1	15	16.06	934
20	49	4	40	10	right	right	1	17	15.288	1112
20	50	4	40	10	right	right	1	14	15.945	878
20	51	4	40	10	right	right	1	20	15.54	1287
21	1	4	40	10	right	right	1	14	15.368	911
21	2	4	40	10	right	right	1	12	15.936	753
21	3	4	40	10	right	right	1	9	15.901	566
21	4	4	40	10	right	right	1	8	16.427	487
21	5	4	40	10	right	right	1	11	15.32	718
21	6	4	40	10	left	left	1	10	16.807	595
21	7	4	40	10	right	right	1	9	16.917	532
21	8	4	40	10	left	left	1	10	15.924	628
21	9	4	40	10	right	right	1	8	15.905	503
21	10	4	40	10	right	right	1	12	15.365	781
21	11	4	40	10	left	left	1	9	15.544	579
21	12	4	40	10	right	right	1	8	16.227	493
21	13	4	40	10	left	left	1	12	15.094	795
21	14	4	40	10	right	right	1	9	15.789	570
21	15	4	40	10	left	left	1	10	16.155	619
21	16	4	40	10	right	right	1	10	16.556	604
21	17	4	40	10	left	left	1	8	15.444	518
21	18	4	40	10	left	right	0	7	16.627	421
21	19	4	40	10	left	left	1	11	16.591	663
21	20	4	40	10	right	right	1	10	16.155	619
21	21	4	40	10	right	right	1	12	16.194	741
21	22	4	40	10	left	left	1	11	16.32	674
21	23	4	40	10	left	right	0	9	15.464	582
21	24	4	40	10	left	left	1	21	15.306	1372
21	25	4	40	10	left	left	1	18	15.19	1185
21	26	4	40	10	right	right	1	17	15.385	1105
21	27	4	40	10	right	right	1	13	16.25	800
21	28	4	40	10	right	right	1	15	16.181	927
21	29	4	40	10	right	right	1	12	15.287	785
21	30	4	40	10	right	right	1	12	15.645	767
21	31	4	40	10	right	right	1	12	15.209	789
21	32	4	40	10	right	right	1	11	15.581	706
21	33	4	40	10	right	right	1	11	15.32	718
21	34	4	40	10	left	left	1	12	15.727	763
21	35	4	40	10	left	left	1	18	15.611	1153
21	36	4	40	10	right	right	1	11	15.278	720
21	37	4	40	10	right	left	0	40	15.402	2597
21	38	4	40	10	left	left	1	11	15.131	727
21	39	4	40	10	left	left	1	11	15.048	731
21	40	4	40	10	left	left	1	11	15.449	712
21	41	4	40	10	left	left	1	11	16.248	677
21	42	4	40	10	left	left	1	11	16.566	664
21	43	4	40	10	right	right	1	11	15.919	691
21	44	4	40	10	left	left	1	20	15.54	1287
21	45	4	40	10	right	right	1	10	16.155	619
21	46	4	40	10	right	right	1	12	15.686	765
21	47	4	40	10	left	left	1	12	15.727	763
21	48	4	40	10	left	left	1	21	15.173	1384
21	49	4	40	10	left	left	1	14	15.251	918
21	50	4	40	10	left	left	1	11	15.471	711
22	1	4	40	10	right	right	1	17	15.654	1086
22	2	4	40	10	right	right	1	12	15.544	772
22	3	4	40	10	left	left	1	10	15.385	650
22	4	4	40	10	left	left	1	15	15.674	957
22	5	4	40	10	right	right	1	9	15.411	584
22	6	4	40	10	right	right	1	11	16.345	673
22	7	4	40	10	left	left	1	11	15.714	700
22	8	4	40	10	right	right	1	18	15.306	1176
22	9	4	40	10	left	left	1	13	15.777	824
22	10	4	40	10	left	left	1	14	15.784	887
22	11	4	40	10	left	left	1	15	15.496	968
22	12	4	40	10	left	left	1	14	15.436	907
22	13	4	40	10	left	left	1	9	15.306	588
22	14	4	40	10	left	left	1	11	15.85	694
22	15	4	40	10	left	left	1	10	15.408	649
22	16	4	40	10	right	right	1	10	15.337	652
22	17	4	40	10	left	left	1	9	16.129	558
22	18	4	40	10	right	right	1	11	15.67	702
22	19	4	40	10	left	left	1	9	16.917	532
22	20	4	40	10	left	left	1	12	16.238	739
22	21	4	40	10	left	left	1	11	15.625	704
22	22	4	40	10	right	right	1	10	15.699	637
22	23	4	40	10	right	right	1	11	16.591	663
22	24	4	40	10	left	left	1	10	16.181	618
22	25	4	40	10	right	right	1	12	16.216	740
22	26	4	40	10	right	right	1	11	15.782	697
22	27	4	40	10	right	right	1	10	15.699	637
22	28	4	40	10	left	left	1	9	15.411	584
22	29	4	40	10	left	left	1	10	16.207	617
22	30	4	40	10	right	right	1	11	15.385	715
22	31	4	40	10	right	right	1	11	16.393	671
22	32	4	40	10	right	right	1	11	15.737	699
22	33	4	40	10	left	left	1	14	15.521	902
22	34	4	40	10	right	right	1	8	15.873	504
22	35	4	40	10	left	left	1	12	16.304	736
22	36	4	40	10	left	left	1	19	15.079	1260
22	37	4	40	10	right	right	1	12	16.173	742
22	38	4	40	10	left	left	1	18	15.464	1164
22	39	4	40	10	left	left	1	13	16.169	804
22	40	4	40	10	right	right	1	11	15.942	690
22	41	4	40	10	right	right	1	12	15.171	791
22	42	4	40	10	left	left	1	11	16.058	685
22	43	4	40	10	right	right	1	11	16.541	665
22	44	4	40	10	left	left	1	10	16.129	620
22	45	4	40	10	right	right	1	9	15.464	582
22	46	4	40	10	left	left	1	8	16.162	495
22	47	4	40	10	right	right	1	8	16.461	486
22	48	4	40	10	left	left	1	6	17.595	341
22	49	4	40	10	right	right	1	9	16.334	551
22	50	4	40	10	right	right	1	15	15.773	951
22	51	4	40	10	right	right	1	13	16.23	801
22	52	4	40	10	left	left	1	11	15.11	728
22	53	4	40	10	right	right	1	9	15.491	581
22	54	4	40	10	left	left	1	12	15.19	790
23	1	4	40	10	left	left	1	14	16.166	866
23	2	4	40	10	right	right	1	9	16.729	538
23	3	4	40	10	left	left	1	9	16.484	546
23	4	4	40	10	right	right	1	8	16.563	483
23	5	4	40	10	left	left	1	6	15.584	385
23	6	4	40	10	left	right	0	8	16.495	485
23	7	4	40	10	left	left	1	11	16.345	673
23	8	4	40	10	left	left	1	10	16.129	620
23	9	4	40	10	right	right	1	13	15.815	822
23	10	4	40	10	right	right	1	16	15.534	1030
23	11	4	40	10	right	right	1	11	16.717	658
23	12	4	40	10	right	left	0	13	15.663	830
23	13	4	40	10	left	right	0	7	17.073	410
23	14	4	40	10	right	right	1	10	15.552	643
23	15	4	40	10	left	left	1	14	15.385	910
23	16	4	40	10	left	right	0	12	15.625	768
23	17	4	40	10	right	right	1	11	16.296	675
23	18	4	40	10	left	left	1	14	15.801	886
23	19	4	40	10	right	right	1	11	15.647	703
23	20	4	40	10	left	left	1	11	16.492	667
23	21	4	40	10	left	left	1	11	16.012	687
23	22	4	40	10	right	right	1	12	15.564	771
23	23	4	40	10	right	right	1	22	15.537	1416
23	24	4	40	10	right	right	1	18	15.972	1127
23	25	4	40	10	left	left	1	17	15.315	1110
23	26	4	40	10	left	left	1	21	15.475	1357
23	27	4	40	10	left	left	1	17	15.858	1072
23	28	4	40	10	right	right	1	10	16.722	598
23	29	4	40	10	right	left	0	18	15.845	1136
23	30	4	40	10	left	right	0	12	16.238	739
23	31	4	40	10	left	left	1	10	16.75	597
23	32	4	40	10	left	left	1	16	15.166	1055
23	33	4	40	10	right	right	1	13	15.55	836
23	34	4	40	10	left	left	1	15	15.957	940
23	35	4	40	10	right	right	1	14	15.251	918
23	36	4	40	10	left	left	1	14	15.909	880
23	37	4	40	10	right	right	1	14	15.748	889
23	38	4	40	10	right	right	1	24	15.769	1522
23	39	4	40	10	right	right	1	12	15.404	779
23	40	4	40	10	left	left	1	18	15.504	1161
23	41	4	40	10	right	right	1	14	15.748	889
23	42	4	40	10	right	right	1	11	15.235	722
23	43	4	40	10	right	right	1	12	15.979	751
23	44	4	40	10	left	left	1	11	15.007	733
23	45	4	40	10	left	left	1	30	15.609	1922
23	46	4	40	10	left	left	1	20	15.649	1278
24	1	4	40	10	right	right	1	16	15.489	1033
24	2	4	40	10	left	left	1	10	15.674	638
24	3	4	40	10	left	left	1	12	15.957	752
24	4	4	40	10	right	right	1	12	15.666	766
24	5	4	40	10	left	left	1	14	15.695	892
24	6	4	40	10	right	right	1	11	15.342	717
24	7	4	40	10	left	left	1	10	16.393	610
24	8	4	40	10	left	right	0	14	15.982	876
24	9	4	40	10	right	right	1	10	16.639	601
24	10	4	40	10	left	left	1	19	15.807	1202
24	11	4	40	10	left	left	1	13	16.03	811
24	12	4	40	10	right	right	1	11	16.32	674
24	13	4	40	10	right	right	1	16	15.549	1029
24	14	4	40	10	right	right	1	17	15.483	1098
24	15	4	40	10	left	left	1	11	15.965	689
24	16	4	40	10	right	right	1	11	15.515	709
24	17	4	40	10	right	right	1	12	15.769	761
24	18	4	40	10	right	right	1	19	15.044	1263
24	19	4	40	10	right	right	1	15	15.353	977
24	20	4	40	10	right	right	1	11	15.027	732
24	21	4	40	10	right	right	1	9	16.514	545
24	22	4	40	10	left	left	1	14	15.334	913
24	23	4	40	10	left	right	0	14	16	875
24	24	4	40	10	left	left	1	11	16.153	681
24	25	4	40	10	right	right	1	10	15.337	652
24	26	4	40	10	right	right	1	14	16.222	863
24	27	4	40	10	left	left	1	10	16.051	623
24	28	4	40	10	right	right	1	10	16.639	601
24	29	4	40	10	left	right	0	19	15.69	1211
24	30	4	40	10	right	right	1	13	15.169	857
24	31	4	40	10	left	left	1	13	16.23	801
24	32	4	40	10	left	left	1	18	15.625	1152
24	33	4	40	10	left	left	1	15	15.625	960
24	34	4	40	10	right	left	0	14	15.301	915
24	35	4	40	10	right	right	1	9	15.598	577
24	36	4	40	10	left	left	1	15	15.213	986
24	37	4	40	10	right	right	1	9	15.901	566
24	38	4	40	10	right	right	1	21	15.453	1359
24	39	4	40	10	left	left	1	11	15.896	692
24	40	4	40	10	right	right	1	11	16.176	680
24	41	4	40	10	right	right	1	14	16.298	859
24	42	4	40	10	right	right	1	12	16.238	739
24	43	4	40	10	left	left	1	12	15.444	777
24	44	4	40	10	left	left	1	11	15.32	718
24	45	4	40	10	left	left	1	20	15.588	1283
24	46	4	40	10	right	right	1	15	15.4	974
24	47	4	40	10	left	left	1	23	15.272	1506
