
blkNum	trlNum	coherentDots	numberofDots	percentCoherence	winningDirection	response	correct	eventCount	averageFrameRate	RT
1	1	4	40	10	right	right	1	69	15.354	4494
1	2	4	40	10	left	left	1	24	15.355	1563
1	3	4	40	10	right	right	1	20	15.094	1325
1	4	4	40	10	right	right	1	22	15.526	1417
1	5	4	40	10	right	right	1	15	15.136	991
1	6	4	40	10	right	right	1	41	15.513	2643
1	7	4	40	10	right	right	1	54	15.271	3536
1	8	4	40	10	right	left	0	29	15.191	1909
1	9	4	40	10	left	left	1	23	15.252	1508
1	10	4	40	10	right	right	1	53	15.313	3461
1	11	4	40	10	right	right	1	40	15.198	2632
1	12	4	40	10	right	right	1	67	15.262	4390
1	13	4	40	10	right	right	1	57	15.224	3744
1	14	4	40	10	right	right	1	47	15.205	3091
1	15	4	40	10	left	left	1	61	15.354	3973
1	16	4	40	10	right	right	1	30	15.52	1933
1	17	4	40	10	right	left	0	24	15.707	1528
1	18	4	40	10	left	left	1	27	15.491	1743
1	19	4	40	10	left	left	1	54	15.143	3566
1	20	4	40	10	right	right	1	31	15.294	2027
2	1	4	40	10	right	right	1	41	15.281	2683
2	2	4	40	10	left	left	1	30	15.48	1938
2	3	4	40	10	left	right	0	67	15.318	4374
2	4	4	40	10	right	left	0	22	15.57	1413
2	5	4	40	10	left	left	1	36	15.248	2361
2	6	4	40	10	left	left	1	65	15.19	4279
2	7	4	40	10	left	right	0	54	15.139	3567
2	8	4	40	10	right	right	1	54	15.367	3514
2	9	4	40	10	left	right	0	86	15.232	5646
2	10	4	40	10	left	left	1	97	15.22	6373
2	11	4	40	10	right	right	1	104	15.18	6851
2	12	4	40	10	left	left	1	62	15.177	4085
2	13	4	40	10	right	left	0	54	15.411	3504
2	14	4	40	10	right	right	1	30	15.617	1921
3	1	4	40	10	right	right	1	50	15.263	3276
3	2	4	40	10	left	right	0	54	15.19	3555
3	3	4	40	10	left	right	0	17	15.554	1093
3	4	4	40	10	right	right	1	20	15.723	1272
3	5	4	40	10	right	right	1	44	15.183	2898
3	6	4	40	10	left	left	1	30	15.259	1966
3	7	4	40	10	left	left	1	50	15.156	3299
3	8	4	40	10	right	right	1	33	15.32	2154
3	9	4	40	10	left	left	1	45	15.228	2955
3	10	4	40	10	right	right	1	50	15.277	3273
3	11	4	40	10	left	right	0	48	15.311	3135
3	12	4	40	10	left	left	1	59	15.245	3870
3	13	4	40	10	left	left	1	42	15.328	2740
3	14	4	40	10	left	right	0	44	15.209	2893
3	15	4	40	10	right	right	1	61	15.201	4013
3	16	4	40	10	left	right	0	45	15.167	2967
3	17	4	40	10	right	right	1	28	15.276	1833
3	18	4	40	10	right	right	1	49	15.265	3210
4	1	4	40	10	left	right	0	52	15.227	3415
4	2	4	40	10	right	right	1	49	15.246	3214
4	3	4	40	10	left	left	1	28	15.461	1811
4	4	4	40	10	left	right	0	30	15.4	1948
4	5	4	40	10	left	left	1	34	15.539	2188
4	6	4	40	10	right	right	1	62	15.29	4055
4	7	4	40	10	left	left	1	24	15.454	1553
4	8	4	40	10	right	right	1	18	15.267	1179
4	9	4	40	10	left	right	0	40	15.32	2611
4	10	4	40	10	left	left	1	20	15.468	1293
4	11	4	40	10	right	right	1	19	15.224	1248
4	12	4	40	10	right	left	0	20	15.699	1274
4	13	4	40	10	left	left	1	41	15.519	2642
4	14	4	40	10	left	right	0	16	15.166	1055
4	15	4	40	10	right	right	1	13	16.069	809
4	16	4	40	10	left	left	1	19	15.127	1256
4	17	4	40	10	left	left	1	20	15.396	1299
4	18	4	40	10	right	right	1	34	15.302	2222
4	19	4	40	10	right	right	1	33	15.327	2153
4	20	4	40	10	left	right	0	44	15.39	2859
4	21	4	40	10	left	left	1	27	15.315	1763
4	22	4	40	10	left	right	0	35	15.494	2259
4	23	4	40	10	right	left	0	12	15.707	764
4	24	4	40	10	left	left	1	6	16.043	374
4	25	4	40	10	right	right	1	16	15.717	1018
5	1	4	40	10	left	right	0	45	15.427	2917
5	2	4	40	10	right	right	1	22	15.816	1391
5	3	4	40	10	left	left	1	27	15.367	1757
5	4	4	40	10	right	right	1	23	15.657	1469
5	5	4	40	10	right	left	0	26	15.439	1684
5	6	4	40	10	right	left	0	18	15.639	1151
5	7	4	40	10	left	left	1	19	15.091	1259
5	8	4	40	10	left	right	0	32	15.459	2070
5	9	4	40	10	left	left	1	35	15.284	2290
5	10	4	40	10	right	right	1	60	15.186	3951
5	11	4	40	10	left	left	1	52	15.303	3398
5	12	4	40	10	right	right	1	50	15.437	3239
5	13	4	40	10	left	left	1	23	15.572	1477
5	14	4	40	10	left	left	1	31	15.278	2029
5	15	4	40	10	left	left	1	51	15.165	3363
5	16	4	40	10	right	right	1	30	15.283	1963
5	17	4	40	10	left	left	1	85	15.181	5599
5	18	4	40	10	right	right	1	25	15.161	1649
5	19	4	40	10	left	left	1	47	15.156	3101
5	20	4	40	10	right	right	1	20	15.267	1310
5	21	4	40	10	right	right	1	50	15.124	3306
6	1	4	40	10	right	right	1	38	15.237	2494
6	2	4	40	10	left	left	1	20	15.528	1288
6	3	4	40	10	right	right	1	30	15.472	1939
6	4	4	40	10	left	left	1	67	15.203	4407
6	5	4	40	10	left	left	1	85	15.152	5610
6	6	4	40	10	right	right	1	37	15.599	2372
6	7	4	40	10	right	left	0	66	15.239	4331
6	8	4	40	10	left	left	1	58	15.324	3785
6	9	4	40	10	left	left	1	96	15.238	6300
6	10	4	40	10	left	right	0	72	15.228	4728
6	11	4	40	10	left	right	0	36	15.203	2368
6	12	4	40	10	right	right	1	62	15.362	4036
6	13	4	40	10	right	right	1	45	15.296	2942
6	14	4	40	10	right	left	0	78	15.3	5098
6	15	4	40	10	right	right	1	40	15.175	2636
7	1	4	40	10	right	right	1	35	15.569	2248
7	2	4	40	10	left	left	1	74	15.277	4844
7	3	4	40	10	left	left	1	92	15.224	6043
7	4	4	40	10	right	right	1	75	15.194	4936
7	5	4	40	10	left	left	1	156	15.187	10272
7	6	4	40	10	left	left	1	53	15.434	3434
7	7	4	40	10	left	left	1	97	15.147	6404
7	8	4	40	10	left	left	1	95	15.161	6266
7	9	4	40	10	left	left	1	96	15.294	6277
7	10	4	40	10	left	left	1	119	15.194	7832
8	1	4	40	10	right	left	0	98	15.201	6447
8	2	4	40	10	left	left	1	101	15.257	6620
8	3	4	40	10	left	left	1	127	15.162	8376
8	4	4	40	10	right	left	0	127	15.219	8345
8	5	4	40	10	right	right	1	102	15.167	6725
8	6	4	40	10	right	right	1	42	15.373	2732
8	7	4	40	10	right	left	0	120	15.19	7900
8	8	4	40	10	right	right	1	49	15.399	3182
8	9	4	40	10	right	left	0	47	15.29	3074
8	10	4	40	10	left	right	0	34	15.343	2216
9	1	4	40	10	right	right	1	33	15.559	2121
9	2	4	40	10	left	left	1	26	15.169	1714
9	3	4	40	10	right	left	0	113	15.239	7415
9	4	4	40	10	left	left	1	70	15.254	4589
9	5	4	40	10	left	right	0	116	15.189	7637
9	6	4	40	10	left	left	1	43	15.445	2784
9	7	4	40	10	left	left	1	71	15.194	4673
9	8	4	40	10	left	left	1	86	15.305	5619
9	9	4	40	10	left	right	0	74	15.273	4845
9	10	4	40	10	right	right	1	95	15.166	6264
9	11	4	40	10	left	left	1	41	15.236	2691
9	12	4	40	10	left	right	0	32	15.61	2050
9	13	4	40	10	right	left	0	33	15.64	2110
10	1	4	40	10	right	right	1	34	15.357	2214
10	2	4	40	10	right	right	1	56	15.38	3641
10	3	4	40	10	right	right	1	37	15.208	2433
10	4	4	40	10	left	left	1	94	15.218	6177
10	5	4	40	10	left	right	0	40	15.198	2632
10	6	4	40	10	right	left	0	46	15.232	3020
10	7	4	40	10	right	left	0	49	15.317	3199
10	8	4	40	10	right	right	1	37	15.214	2432
10	9	4	40	10	left	left	1	45	15.239	2953
10	10	4	40	10	right	right	1	29	15.112	1919
10	11	4	40	10	left	left	1	28	15.334	1826
10	12	4	40	10	left	right	0	58	15.283	3795
10	13	4	40	10	right	right	1	25	15.509	1612
10	14	4	40	10	left	left	1	26	15.7	1656
10	15	4	40	10	right	right	1	20	15.576	1284
10	16	4	40	10	left	right	0	26	15.71	1655
10	17	4	40	10	right	left	0	22	15.363	1432
10	18	4	40	10	left	left	1	19	15.794	1203
10	19	4	40	10	left	right	0	19	15.079	1260
10	20	4	40	10	left	left	1	23	15.84	1452
10	21	4	40	10	left	left	1	35	15.549	2251
11	1	4	40	10	right	right	1	32	15.542	2059
11	2	4	40	10	right	right	1	19	15.702	1210
11	3	4	40	10	right	left	0	37	15.346	2411
11	4	4	40	10	right	right	1	15	15.625	960
11	5	4	40	10	right	right	1	24	15.123	1587
11	6	4	40	10	left	left	1	57	15.2	3750
11	7	4	40	10	left	right	0	14	16.055	872
11	8	4	40	10	right	right	1	13	16.129	806
11	9	4	40	10	right	left	0	32	15.238	2100
11	10	4	40	10	left	right	0	15	16.009	937
11	11	4	40	10	left	right	0	7	15.086	464
11	12	4	40	10	left	right	0	11	15.406	714
11	13	4	40	10	right	left	0	6	17.291	347
11	14	4	40	10	right	right	1	8	16.26	492
11	15	4	40	10	left	right	0	26	15.682	1658
11	16	4	40	10	left	right	0	32	15.296	2092
11	17	4	40	10	right	left	0	9	15.385	585
11	18	4	40	10	left	right	0	14	15.927	879
11	19	4	40	10	right	right	1	23	15.743	1461
11	20	4	40	10	right	right	1	19	15.677	1212
11	21	4	40	10	left	left	1	26	15.43	1685
11	22	4	40	10	right	right	1	27	15.246	1771
11	23	4	40	10	right	left	0	29	15.271	1899
11	24	4	40	10	left	right	0	38	15.51	2450
11	25	4	40	10	left	left	1	23	15.541	1480
11	26	4	40	10	left	left	1	27	15.203	1776
11	27	4	40	10	right	right	1	29	15.491	1872
11	28	4	40	10	right	left	0	34	15.219	2234
11	29	4	40	10	left	left	1	27	15.385	1755
12	1	4	40	10	left	right	0	27	15.464	1746
12	2	4	40	10	left	left	1	68	15.326	4437
12	3	4	40	10	right	right	1	19	15.82	1201
12	4	4	40	10	right	right	1	47	15.245	3083
12	5	4	40	10	left	left	1	34	15.371	2212
12	6	4	40	10	left	right	0	24	15.238	1575
12	7	4	40	10	left	left	1	18	15.332	1174
12	8	4	40	10	right	left	0	37	15.378	2406
12	9	4	40	10	left	right	0	47	15.364	3059
12	10	4	40	10	right	right	1	32	15.496	2065
12	11	4	40	10	right	left	0	41	15.344	2672
12	12	4	40	10	right	right	1	71	15.239	4659
12	13	4	40	10	right	right	1	41	15.414	2660
12	14	4	40	10	left	left	1	30	15.408	1947
12	15	4	40	10	left	left	1	40	15.534	2575
12	16	4	40	10	left	left	1	29	15.401	1883
12	17	4	40	10	right	right	1	20	15.456	1294
12	18	4	40	10	left	left	1	19	15.523	1224
12	19	4	40	10	right	right	1	16	15.952	1003
12	20	4	40	10	left	left	1	19	15.044	1263
12	21	4	40	10	left	left	1	24	15.769	1522
12	22	4	40	10	left	left	1	19	15.372	1236
12	23	4	40	10	left	right	0	17	16.008	1062
13	1	4	40	10	right	right	1	38	15.286	2486
13	2	4	40	10	right	right	1	29	15.231	1904
13	3	4	40	10	left	right	0	35	15.494	2259
13	4	4	40	10	right	right	1	61	15.33	3979
13	5	4	40	10	right	right	1	35	15.542	2252
13	6	4	40	10	right	right	1	76	15.176	5008
13	7	4	40	10	right	right	1	72	15.326	4698
13	8	4	40	10	left	left	1	32	15.407	2077
13	9	4	40	10	left	left	1	49	15.251	3213
13	10	4	40	10	right	left	0	35	15.184	2305
13	11	4	40	10	left	left	1	33	15.544	2123
13	12	4	40	10	left	left	1	56	15.168	3692
13	13	4	40	10	right	right	1	17	15.219	1117
13	14	4	40	10	right	right	1	17	15.799	1076
13	15	4	40	10	left	left	1	13	15.758	825
13	16	4	40	10	right	right	1	18	15.611	1153
13	17	4	40	10	left	left	1	17	15.755	1079
13	18	4	40	10	right	right	1	11	15.172	725
13	19	4	40	10	right	right	1	21	15.407	1363
13	20	4	40	10	left	left	1	13	15.495	839
13	21	4	40	10	left	left	1	66	15.169	4351
13	22	4	40	10	left	left	1	42	15.217	2760
14	1	4	40	10	right	right	1	31	15.339	2021
14	2	4	40	10	left	left	1	50	15.342	3259
14	3	4	40	10	right	right	1	14	15.608	897
14	4	4	40	10	right	right	1	15	15.213	986
14	5	4	40	10	left	left	1	15	15.924	942
14	6	4	40	10	left	left	1	19	15.625	1216
14	7	4	40	10	right	right	1	15	15.873	945
14	8	4	40	10	right	right	1	36	15.437	2332
14	9	4	40	10	left	left	1	86	15.264	5634
14	10	4	40	10	right	left	0	80	15.302	5228
14	11	4	40	10	right	right	1	72	15.355	4689
14	12	4	40	10	right	right	1	48	15.171	3164
14	13	4	40	10	left	left	1	20	15.637	1279
14	14	4	40	10	right	right	1	38	15.164	2506
14	15	4	40	10	right	left	0	59	15.253	3868
14	16	4	40	10	left	left	1	42	15.402	2727
14	17	4	40	10	right	right	1	20	15.256	1311
14	18	4	40	10	right	right	1	21	15.498	1355
14	19	4	40	10	left	right	0	39	15.427	2528
14	20	4	40	10	left	left	1	41	15.53	2640
14	21	4	40	10	right	left	0	40	15.492	2582
15	1	4	40	10	right	right	1	38	15.453	2459
15	2	4	40	10	left	left	1	21	15.766	1332
15	3	4	40	10	right	right	1	14	16.055	872
15	4	4	40	10	left	left	1	24	15.779	1521
15	5	4	40	10	right	right	1	24	15.444	1554
15	6	4	40	10	right	left	0	18	15.789	1140
15	7	4	40	10	right	right	1	15	15.121	992
15	8	4	40	10	right	right	1	16	15.444	1036
15	9	4	40	10	left	left	1	15	15.48	969
15	10	4	40	10	right	left	0	30	15.152	1980
15	11	4	40	10	right	right	1	14	15.677	893
15	12	4	40	10	left	left	1	34	15.35	2215
15	13	4	40	10	right	right	1	26	15.249	1705
15	14	4	40	10	right	right	1	12	15.326	783
15	15	4	40	10	left	right	0	39	15.199	2566
15	16	4	40	10	left	left	1	27	15.707	1719
15	17	4	40	10	right	right	1	23	15.488	1485
15	18	4	40	10	left	left	1	17	15.329	1109
15	19	4	40	10	right	right	1	16	15.826	1011
15	20	4	40	10	right	right	1	32	15.564	2056
15	21	4	40	10	left	left	1	30	15.198	1974
15	22	4	40	10	right	right	1	37	15.245	2427
15	23	4	40	10	right	right	1	17	15.582	1091
15	24	4	40	10	right	right	1	37	15.359	2409
15	25	4	40	10	right	right	1	38	15.17	2505
15	26	4	40	10	left	right	0	31	15.469	2004
15	27	4	40	10	left	left	1	15	15.275	982
15	28	4	40	10	right	right	1	16	15.137	1057
15	29	4	40	10	left	left	1	21	15.813	1328
15	30	4	40	10	left	left	1	21	15.59	1347
16	1	4	40	10	left	left	1	29	15.239	1903
16	2	4	40	10	right	right	1	16	15.595	1026
16	3	4	40	10	right	right	1	14	16.092	870
16	4	4	40	10	right	right	1	14	15.784	887
16	5	4	40	10	left	left	1	16	15.166	1055
16	6	4	40	10	right	right	1	14	15.964	877
16	7	4	40	10	left	left	1	14	15.819	885
16	8	4	40	10	right	right	1	20	15.662	1277
16	9	4	40	10	right	right	1	35	15.191	2304
16	10	4	40	10	left	left	1	61	15.288	3990
16	11	4	40	10	left	left	1	58	15.401	3766
16	12	4	40	10	right	right	1	25	15.235	1641
16	13	4	40	10	right	right	1	47	15.435	3045
16	14	4	40	10	right	left	0	68	15.298	4445
16	15	4	40	10	left	left	1	49	15.356	3191
16	16	4	40	10	left	left	1	75	15.241	4921
16	17	4	40	10	left	left	1	47	15.415	3049
16	18	4	40	10	left	left	1	38	15.504	2451
16	19	4	40	10	right	right	1	22	15.162	1451
16	20	4	40	10	right	right	1	20	15.798	1266
16	21	4	40	10	right	right	1	66	15.288	4317
16	22	4	40	10	left	left	1	46	15.344	2998
17	1	4	40	10	left	right	0	46	15.385	2990
17	2	4	40	10	right	right	1	29	15.409	1882
17	3	4	40	10	left	left	1	21	15.13	1388
17	4	4	40	10	right	right	1	19	15.807	1202
17	5	4	40	10	left	left	1	86	15.262	5635
17	6	4	40	10	right	right	1	65	15.169	4285
17	7	4	40	10	right	right	1	27	15.367	1757
17	8	4	40	10	left	left	1	29	15.393	1884
17	9	4	40	10	left	left	1	23	15.646	1470
17	10	4	40	10	right	right	1	20	15.361	1302
17	11	4	40	10	right	right	1	49	15.419	3178
17	12	4	40	10	right	right	1	77	15.143	5085
17	13	4	40	10	right	right	1	51	15.17	3362
17	14	4	40	10	left	left	1	37	15.145	2443
17	15	4	40	10	right	right	1	84	15.162	5540
17	16	4	40	10	right	left	0	42	15.419	2724
17	17	4	40	10	right	right	1	57	15.196	3751
17	18	4	40	10	left	left	1	74	15.334	4826
18	1	4	40	10	left	left	1	56	15.172	3691
18	2	4	40	10	left	left	1	84	15.298	5491
18	3	4	40	10	right	right	1	27	15.455	1747
18	4	4	40	10	left	left	1	39	15.366	2538
18	5	4	40	10	left	left	1	132	15.227	8669
18	6	4	40	10	right	right	1	14	15.402	909
18	7	4	40	10	right	right	1	18	15.544	1158
18	8	4	40	10	right	right	1	23	15.313	1502
18	9	4	40	10	right	right	1	16	15.889	1007
18	10	4	40	10	left	left	1	27	15.254	1770
18	11	4	40	10	left	left	1	18	15.707	1146
18	12	4	40	10	right	right	1	11	15.068	730
18	13	4	40	10	left	left	1	46	15.177	3031
18	14	4	40	10	right	right	1	13	16.109	807
18	15	4	40	10	left	left	1	20	15.468	1293
18	16	4	40	10	left	right	0	19	15.212	1249
18	17	4	40	10	left	left	1	51	15.251	3344
18	18	4	40	10	right	right	1	48	15.424	3112
18	19	4	40	10	left	left	1	57	15.216	3746
18	20	4	40	10	left	left	1	59	15.187	3885
18	21	4	40	10	right	right	1	36	15.557	2314
19	1	4	40	10	left	right	0	30	15.424	1945
19	2	4	40	10	right	right	1	25	15.225	1642
19	3	4	40	10	right	right	1	65	15.366	4230
19	4	4	40	10	left	left	1	27	15.508	1741
19	5	4	40	10	left	right	0	37	15.553	2379
19	6	4	40	10	right	right	1	28	15.634	1791
19	7	4	40	10	right	right	1	111	15.181	7312
19	8	4	40	10	left	left	1	39	15.397	2533
19	9	4	40	10	right	right	1	28	15.41	1817
19	10	4	40	10	left	left	1	38	15.17	2505
19	11	4	40	10	right	right	1	68	15.247	4460
19	12	4	40	10	left	left	1	59	15.21	3879
19	13	4	40	10	right	right	1	164	15.178	10805
19	14	4	40	10	right	right	1	46	15.436	2980
19	15	4	40	10	left	left	1	30	15.221	1971
19	16	4	40	10	right	right	1	38	15.273	2488
20	1	4	40	10	left	left	1	37	15.17	2439
20	2	4	40	10	left	left	1	55	15.385	3575
20	3	4	40	10	right	right	1	40	15.456	2588
20	4	4	40	10	right	right	1	112	15.232	7353
20	5	4	40	10	left	left	1	19	15.728	1208
20	6	4	40	10	right	right	1	95	15.183	6257
20	7	4	40	10	left	left	1	35	15.432	2268
20	8	4	40	10	left	left	1	50	15.281	3272
20	9	4	40	10	left	left	1	56	15.226	3678
20	10	4	40	10	left	left	1	61	15.288	3990
20	11	4	40	10	right	right	1	32	15.224	2102
20	12	4	40	10	left	left	1	93	15.142	6142
20	13	4	40	10	left	right	0	26	15.205	1710
20	14	4	40	10	left	left	1	122	15.22	8016
21	1	4	40	10	right	right	1	35	15.337	2282
21	2	4	40	10	right	right	1	58	15.299	3791
21	3	4	40	10	right	right	1	88	15.186	5795
21	4	4	40	10	left	right	0	132	15.248	8657
21	5	4	40	10	right	right	1	109	15.179	7181
21	6	4	40	10	left	left	1	151	15.234	9912
21	7	4	40	10	right	right	1	30	15.617	1921
21	8	4	40	10	right	right	1	17	15.233	1116
21	9	4	40	10	left	left	1	39	15.458	2523
21	10	4	40	10	right	right	1	175	15.216	11501
21	11	4	40	10	left	left	1	46	15.217	3023
22	1	4	40	10	right	right	1	29	15.215	1906
22	2	4	40	10	right	right	1	37	15.233	2429
22	3	4	40	10	left	left	1	24	15.656	1533
22	4	4	40	10	left	left	1	45	15.459	2911
22	5	4	40	10	right	right	1	19	15.273	1244
22	6	4	40	10	right	right	1	28	15.234	1838
22	7	4	40	10	left	left	1	27	15.562	1735
22	8	4	40	10	right	right	1	16	15.534	1030
22	9	4	40	10	right	right	1	17	15.483	1098
22	10	4	40	10	left	left	1	21	15.262	1376
22	11	4	40	10	left	left	1	34	15.357	2214
22	12	4	40	10	right	right	1	12	15.936	753
22	13	4	40	10	left	left	1	14	16.092	870
22	14	4	40	10	right	right	1	14	16.092	870
22	15	4	40	10	right	left	0	25	15.328	1631
22	16	4	40	10	left	right	0	25	15.557	1607
22	17	4	40	10	left	right	0	28	15.094	1855
22	18	4	40	10	right	left	0	39	15.488	2518
22	19	4	40	10	left	left	1	84	15.16	5541
22	20	4	40	10	right	right	1	36	15.326	2349
22	21	4	40	10	left	left	1	54	15.152	3564
22	22	4	40	10	left	left	1	34	15.448	2201
22	23	4	40	10	right	right	1	15	15.432	972
22	24	4	40	10	left	right	0	49	15.199	3224
22	25	4	40	10	right	right	1	44	15.488	2841
23	1	4	40	10	left	left	1	27	15.571	1734
23	2	4	40	10	left	left	1	21	15.206	1381
23	3	4	40	10	right	right	1	16	15.952	1003
23	4	4	40	10	left	left	1	28	15.642	1790
23	5	4	40	10	left	left	1	21	15.284	1374
23	6	4	40	10	left	left	1	34	15.315	2220
23	7	4	40	10	left	left	1	37	15.423	2399
23	8	4	40	10	right	right	1	28	15.495	1807
23	9	4	40	10	right	right	1	59	15.305	3855
23	10	4	40	10	left	left	1	36	15.28	2356
23	11	4	40	10	left	left	1	53	15.322	3459
23	12	4	40	10	right	right	1	19	15.249	1246
23	13	4	40	10	left	left	1	103	15.183	6784
23	14	4	40	10	left	left	1	42	15.173	2768
23	15	4	40	10	left	left	1	37	15.208	2433
23	16	4	40	10	left	left	1	26	15.541	1673
23	17	4	40	10	right	right	1	20	15.456	1294
23	18	4	40	10	right	right	1	32	15.37	2082
23	19	4	40	10	left	left	1	16	15.748	1016
23	20	4	40	10	right	right	1	15	15.291	981
23	21	4	40	10	left	left	1	13	15.476	840
23	22	4	40	10	right	right	1	13	15.33	848
23	23	4	40	10	right	right	1	36	15.571	2312
23	24	4	40	10	right	right	1	15	15.416	973
23	25	4	40	10	left	right	0	21	15.162	1385
24	1	4	40	10	left	left	1	35	15.204	2302
24	2	4	40	10	right	right	1	13	16.169	804
24	3	4	40	10	right	right	1	46	15.202	3026
24	4	4	40	10	right	right	1	82	15.225	5386
24	5	4	40	10	left	left	1	50	15.361	3255
24	6	4	40	10	left	left	1	16	15.936	1004
24	7	4	40	10	left	left	1	23	15.467	1487
24	8	4	40	10	left	left	1	25	15.319	1632
24	9	4	40	10	right	right	1	42	15.152	2772
24	10	4	40	10	left	right	0	50	15.221	3285
24	11	4	40	10	right	right	1	42	15.396	2728
24	12	4	40	10	right	left	0	32	15.094	2120
24	13	4	40	10	right	right	1	14	15.385	910
24	14	4	40	10	right	right	1	17	15.192	1119
24	15	4	40	10	right	right	1	79	15.175	5206
24	16	4	40	10	right	right	1	58	15.271	3798
24	17	4	40	10	right	right	1	23	15.786	1457
24	18	4	40	10	left	left	1	17	15.726	1081
24	19	4	40	10	left	left	1	48	15.272	3143
24	20	4	40	10	right	right	1	38	15.164	2506
24	21	4	40	10	right	right	1	20	15.48	1292
24	22	4	40	10	left	left	1	26	15.348	1694
