
blkNum	trlNum	coherentDots	numberofDots	percentCoherence	winningDirection	response	correct	eventCount	averageFrameRate	RT
1	1	4	40	10	right	left	0	21	15.567	1349
1	2	4	40	10	left	left	1	20	15.432	1296
1	3	4	40	10	left	left	1	28	15.393	1819
1	4	4	40	10	left	left	1	24	15.104	1589
1	5	4	40	10	right	left	0	37	15.214	2432
1	6	4	40	10	right	right	1	18	15.332	1174
1	7	4	40	10	left	left	1	19	15.237	1247
1	8	4	40	10	right	right	1	19	15.397	1234
1	9	4	40	10	right	right	1	17	15.219	1117
1	10	4	40	10	left	left	1	21	15.579	1348
1	11	4	40	10	right	right	1	18	15.831	1137
1	12	4	40	10	right	left	0	26	15.625	1664
1	13	4	40	10	left	left	1	21	15.789	1330
1	14	4	40	10	right	right	1	20	15.444	1295
1	15	4	40	10	left	left	1	23	15.262	1507
1	16	4	40	10	left	left	1	43	15.205	2828
1	17	4	40	10	left	left	1	22	15.714	1400
1	18	4	40	10	left	left	1	22	15.048	1462
1	19	4	40	10	left	left	1	33	15.235	2166
1	20	4	40	10	right	right	1	44	15.401	2857
1	21	4	40	10	left	left	1	15	15.674	957
1	22	4	40	10	right	right	1	15	15.89	944
1	23	4	40	10	right	left	0	36	15.444	2331
1	24	4	40	10	left	left	1	18	15.228	1182
1	25	4	40	10	right	right	1	16	15.64	1023
1	26	4	40	10	right	left	0	63	15.31	4115
1	27	4	40	10	right	right	1	15	15.432	972
1	28	4	40	10	right	right	1	21	15.173	1384
1	29	4	40	10	left	left	1	14	15.945	878
1	30	4	40	10	left	right	0	34	15.406	2207
1	31	4	40	10	right	right	1	23	15.551	1479
1	32	4	40	10	right	left	0	23	15.374	1496
1	33	4	40	10	right	right	1	14	15.66	894
1	34	4	40	10	left	left	1	21	15.362	1367
1	35	4	40	10	left	left	1	19	15.664	1213
1	36	4	40	10	left	right	0	19	15.139	1255
1	37	4	40	10	right	left	0	13	15.796	823
1	38	4	40	10	right	right	1	20	15.773	1268
1	39	4	40	10	left	left	1	21	15.637	1343
1	40	4	40	10	left	left	1	21	15.306	1372
2	1	4	40	10	right	left	0	16	15.195	1053
2	2	4	40	10	right	right	1	13	16.109	807
2	3	4	40	10	left	left	1	12	16.151	743
2	4	4	40	10	right	right	1	13	15.532	837
2	5	4	40	10	right	right	1	22	15.058	1461
2	6	4	40	10	left	left	1	11	15.007	733
2	7	4	40	10	left	right	0	10	15.385	650
2	8	4	40	10	left	left	1	17	15.712	1082
2	9	4	40	10	left	left	1	16	15.61	1025
2	10	4	40	10	left	left	1	13	15.815	822
2	11	4	40	10	right	right	1	28	15.376	1821
2	12	4	40	10	right	right	1	25	15.413	1622
2	13	4	40	10	left	left	1	14	15.855	883
2	14	4	40	10	left	left	1	14	15.837	884
2	15	4	40	10	left	left	1	16	15.549	1029
2	16	4	40	10	left	left	1	13	15.873	819
2	17	4	40	10	right	left	0	11	15.759	698
2	18	4	40	10	right	right	1	10	14.993	667
2	19	4	40	10	left	left	1	25	15.557	1607
2	20	4	40	10	right	right	1	14	16	875
2	21	4	40	10	right	left	0	11	15.537	708
2	22	4	40	10	left	left	1	14	15.385	910
2	23	4	40	10	left	right	0	16	16	1000
2	24	4	40	10	left	left	1	11	15.428	713
2	25	4	40	10	right	right	1	23	15.395	1494
2	26	4	40	10	right	right	1	25	15.394	1624
2	27	4	40	10	right	right	1	28	15.184	1844
2	28	4	40	10	right	right	1	31	15.093	2054
2	29	4	40	10	right	right	1	19	15.36	1237
2	30	4	40	10	left	left	1	14	15.784	887
2	31	4	40	10	right	right	1	30	15.298	1961
2	32	4	40	10	left	left	1	17	15.539	1094
2	33	4	40	10	left	right	0	21	15.206	1381
2	34	4	40	10	right	left	0	45	15.374	2927
2	35	4	40	10	right	right	1	18	15.19	1185
2	36	4	40	10	left	right	0	42	15.43	2722
2	37	4	40	10	right	left	0	12	15.464	776
2	38	4	40	10	right	right	1	14	15.038	931
2	39	4	40	10	left	left	1	18	15.986	1126
2	40	4	40	10	left	right	0	31	15.641	1982
3	1	4	40	10	right	left	0	24	15.474	1551
3	2	4	40	10	right	right	1	13	16.129	806
3	3	4	40	10	right	right	1	23	15.478	1486
3	4	4	40	10	right	right	1	36	15.371	2342
3	5	4	40	10	left	left	1	14	15.402	909
3	6	4	40	10	right	left	0	39	15.199	2566
3	7	4	40	10	right	right	1	12	15.306	784
3	8	4	40	10	left	left	1	18	15.873	1134
3	9	4	40	10	right	right	1	14	14.989	934
3	10	4	40	10	left	left	1	21	15.43	1361
3	11	4	40	10	left	left	1	38	15.479	2455
3	12	4	40	10	left	left	1	33	15.508	2128
3	13	4	40	10	right	right	1	15	15.991	938
3	14	4	40	10	right	right	1	22	15.581	1412
3	15	4	40	10	left	left	1	12	16.238	739
3	16	4	40	10	right	left	0	28	15.276	1833
3	17	4	40	10	right	right	1	18	15.859	1135
3	18	4	40	10	left	left	1	18	15.972	1127
3	19	4	40	10	left	left	1	32	15.459	2070
3	20	4	40	10	right	left	0	30	15.314	1959
3	21	4	40	10	left	left	1	21	15.362	1367
3	22	4	40	10	right	right	1	15	15.416	973
3	23	4	40	10	left	left	1	16	15.61	1025
3	24	4	40	10	left	left	1	34	15.525	2190
3	25	4	40	10	left	right	0	34	15.561	2185
3	26	4	40	10	right	right	1	41	15.118	2712
3	27	4	40	10	left	left	1	13	16.069	809
3	28	4	40	10	left	right	0	18	15.734	1144
3	29	4	40	10	right	right	1	22	15.225	1445
3	30	4	40	10	right	left	0	31	15.586	1989
3	31	4	40	10	left	left	1	76	15.255	4982
3	32	4	40	10	left	left	1	67	15.335	4369
3	33	4	40	10	left	left	1	16	15.326	1044
3	34	4	40	10	left	left	1	30	15.424	1945
3	35	4	40	10	right	right	1	18	15.332	1174
3	36	4	40	10	right	right	1	52	15.191	3423
3	37	4	40	10	right	right	1	30	15.298	1961
3	38	4	40	10	right	right	1	32	15.166	2110
3	39	4	40	10	left	left	1	19	15.139	1255
3	40	4	40	10	left	right	0	17	15.483	1098
4	1	4	40	10	right	left	0	13	15.205	855
4	2	4	40	10	left	left	1	17	15.668	1085
4	3	4	40	10	right	right	1	18	15.598	1154
4	4	4	40	10	right	left	0	16	15.579	1027
4	5	4	40	10	left	left	1	15	15.544	965
4	6	4	40	10	right	right	1	18	15.845	1136
4	7	4	40	10	left	left	1	11	15.805	696
4	8	4	40	10	right	right	1	21	15.385	1365
4	9	4	40	10	left	left	1	15	15.723	954
4	10	4	40	10	left	left	1	24	15.171	1582
4	11	4	40	10	right	right	1	20	15.14	1321
4	12	4	40	10	right	right	1	48	15.36	3125
4	13	4	40	10	right	right	1	21	15.625	1344
4	14	4	40	10	right	left	0	18	15.666	1149
4	15	4	40	10	right	right	1	22	15.089	1458
4	16	4	40	10	right	right	1	16	15.355	1042
4	17	4	40	10	right	right	1	27	15.271	1768
4	18	4	40	10	right	right	1	22	15.816	1391
4	19	4	40	10	left	right	0	37	15.233	2429
4	20	4	40	10	left	left	1	15	15.823	948
4	21	4	40	10	left	left	1	29	15.566	1863
4	22	4	40	10	left	right	0	28	15.41	1817
4	23	4	40	10	right	right	1	18	15.319	1175
4	24	4	40	10	right	right	1	28	15.086	1856
4	25	4	40	10	left	left	1	21	15.407	1363
4	26	4	40	10	left	left	1	19	15.323	1240
4	27	4	40	10	left	left	1	36	15.287	2355
4	28	4	40	10	left	left	1	56	15.309	3658
4	29	4	40	10	left	right	0	21	15.239	1378
4	30	4	40	10	right	right	1	27	15.092	1789
4	31	4	40	10	left	left	1	17	15.668	1085
4	32	4	40	10	left	right	0	47	15.245	3083
4	33	4	40	10	left	left	1	32	15.37	2082
4	34	4	40	10	left	left	1	55	15.372	3578
4	35	4	40	10	right	right	1	26	15.476	1680
4	36	4	40	10	right	right	1	43	15.152	2838
4	37	4	40	10	right	right	1	44	15.267	2882
4	38	4	40	10	left	right	0	37	15.277	2422
4	39	4	40	10	right	right	1	60	15.228	3940
4	40	4	40	10	left	left	1	28	15.259	1835
5	1	4	40	10	right	right	1	31	15.078	2056
5	2	4	40	10	right	right	1	29	15.434	1879
5	3	4	40	10	right	right	1	21	15.695	1338
5	4	4	40	10	right	right	1	24	15.152	1584
5	5	4	40	10	left	left	1	41	15.373	2667
5	6	4	40	10	left	left	1	16	15.717	1018
5	7	4	40	10	left	right	0	22	15.12	1455
5	8	4	40	10	left	left	1	14	15.982	876
5	9	4	40	10	left	right	0	22	15.395	1429
5	10	4	40	10	right	right	1	21	15.34	1369
5	11	4	40	10	left	left	1	17	15.192	1119
5	12	4	40	10	right	right	1	43	15.281	2814
5	13	4	40	10	left	left	1	35	15.086	2320
5	14	4	40	10	left	right	0	40	15.396	2598
5	15	4	40	10	right	right	1	14	15.625	896
5	16	4	40	10	left	left	1	36	15.139	2378
5	17	4	40	10	left	left	1	74	15.208	4866
5	18	4	40	10	left	left	1	33	15.5	2129
5	19	4	40	10	left	left	1	31	15.477	2003
5	20	4	40	10	right	right	1	63	15.288	4121
5	21	4	40	10	left	left	1	27	15.228	1773
5	22	4	40	10	left	left	1	51	15.233	3348
5	23	4	40	10	right	right	1	36	15.378	2341
5	24	4	40	10	left	left	1	54	15.118	3572
5	25	4	40	10	right	right	1	33	15.152	2178
5	26	4	40	10	right	right	1	64	15.278	4189
5	27	4	40	10	right	left	0	79	15.137	5219
5	28	4	40	10	left	left	1	42	15.351	2736
5	29	4	40	10	right	right	1	32	15.144	2113
5	30	4	40	10	left	left	1	27	15.126	1785
5	31	4	40	10	right	right	1	31	15.369	2017
5	32	4	40	10	left	right	0	66	15.165	4352
5	33	4	40	10	right	left	0	49	15.317	3199
5	34	4	40	10	right	right	1	47	15.295	3073
5	35	4	40	10	left	left	1	24	15.514	1547
5	36	4	40	10	right	right	1	21	15.475	1357
5	37	4	40	10	right	left	0	19	15.188	1251
5	38	4	40	10	right	right	1	59	15.357	3842
5	39	4	40	10	right	right	1	46	15.379	2991
5	40	4	40	10	left	right	0	47	15.265	3079
6	1	4	40	10	right	right	1	22	15.827	1390
6	2	4	40	10	left	left	1	23	15.102	1523
6	3	4	40	10	right	right	1	30	15.205	1973
6	4	4	40	10	right	right	1	20	15.504	1290
6	5	4	40	10	left	left	1	18	15.332	1174
6	6	4	40	10	right	right	1	18	15.748	1143
6	7	4	40	10	right	right	1	32	15.459	2070
6	8	4	40	10	right	right	1	38	15.441	2461
6	9	4	40	10	right	right	1	44	15.283	2879
6	10	4	40	10	left	left	1	19	15.472	1228
6	11	4	40	10	right	right	1	30	15.198	1974
6	12	4	40	10	right	right	1	30	15.159	1979
6	13	4	40	10	left	left	1	30	15.236	1969
6	14	4	40	10	left	left	1	32	15.519	2062
6	15	4	40	10	left	left	1	35	15.099	2318
6	16	4	40	10	right	right	1	17	15.233	1116
6	17	4	40	10	left	left	1	46	15.162	3034
6	18	4	40	10	right	right	1	26	15.312	1698
6	19	4	40	10	left	left	1	30	15.552	1929
6	20	4	40	10	right	right	1	20	15.564	1285
6	21	4	40	10	right	right	1	30	15.236	1969
6	22	4	40	10	left	left	1	18	15.762	1142
6	23	4	40	10	left	right	0	20	15.361	1302
6	24	4	40	10	left	left	1	25	15.635	1599
6	25	4	40	10	right	right	1	22	15.603	1410
6	26	4	40	10	right	left	0	33	15.442	2137
6	27	4	40	10	left	right	0	12	15.152	792
6	28	4	40	10	left	left	1	18	15.679	1148
6	29	4	40	10	right	right	1	18	15.789	1140
6	30	4	40	10	left	left	1	14	15.837	884
6	31	4	40	10	left	right	0	31	15.4	2013
6	32	4	40	10	right	right	1	15	15.89	944
6	33	4	40	10	left	left	1	15	15.593	962
6	34	4	40	10	left	left	1	31	15.586	1989
6	35	4	40	10	left	left	1	54	15.363	3515
6	36	4	40	10	left	right	0	24	15.228	1576
6	37	4	40	10	right	right	1	14	15.217	920
6	38	4	40	10	right	right	1	31	15.181	2042
6	39	4	40	10	right	right	1	35	15.125	2314
6	40	4	40	10	left	left	1	31	15.137	2048
7	1	4	40	10	right	right	1	17	15.596	1090
7	2	4	40	10	right	right	1	37	15.462	2393
7	3	4	40	10	right	right	1	17	15.726	1081
7	4	4	40	10	right	left	0	17	15.288	1112
7	5	4	40	10	left	right	0	13	15.421	843
7	6	4	40	10	left	left	1	32	15.504	2064
7	7	4	40	10	left	left	1	28	15.086	1856
7	8	4	40	10	left	left	1	49	15.341	3194
7	9	4	40	10	right	right	1	36	15.209	2367
7	10	4	40	10	left	left	1	24	15.635	1535
7	11	4	40	10	left	left	1	45	15.28	2945
7	12	4	40	10	right	right	1	33	15.285	2159
7	13	4	40	10	right	left	0	34	15.448	2201
7	14	4	40	10	left	right	0	39	15.222	2562
7	15	4	40	10	left	left	1	14	15.713	891
7	16	4	40	10	right	right	1	50	15.156	3299
7	17	4	40	10	left	left	1	45	15.311	2939
7	18	4	40	10	right	right	1	15	15.74	953
7	19	4	40	10	left	right	0	47	15.319	3068
7	20	4	40	10	left	left	1	12	16.086	746
7	21	4	40	10	left	right	0	16	15.385	1040
7	22	4	40	10	right	right	1	14	15.855	883
7	23	4	40	10	right	right	1	23	15.583	1476
7	24	4	40	10	left	left	1	17	15.329	1109
7	25	4	40	10	right	right	1	18	15.789	1140
7	26	4	40	10	left	left	1	26	15.081	1724
7	27	4	40	10	left	right	0	27	15.315	1763
7	28	4	40	10	right	right	1	19	15.523	1224
7	29	4	40	10	right	right	1	27	15.263	1769
7	30	4	40	10	left	left	1	15	15.228	985
7	31	4	40	10	right	right	1	18	15.887	1133
7	32	4	40	10	left	left	1	13	16.332	796
7	33	4	40	10	right	right	1	18	15.464	1164
7	34	4	40	10	right	right	1	26	15.513	1676
7	35	4	40	10	left	left	1	23	15.604	1474
7	36	4	40	10	left	right	0	19	15.2	1250
7	37	4	40	10	right	right	1	17	15.483	1098
7	38	4	40	10	left	left	1	20	15.613	1281
7	39	4	40	10	right	right	1	14	15.021	932
7	40	4	40	10	right	right	1	25	15.179	1647
8	1	4	40	10	right	right	1	15	15.337	978
8	2	4	40	10	left	left	1	17	16.008	1062
8	3	4	40	10	right	right	1	18	15.139	1189
8	4	4	40	10	left	left	1	13	15.366	846
8	5	4	40	10	right	right	1	26	15.072	1725
8	6	4	40	10	left	left	1	13	15.403	844
8	7	4	40	10	right	right	1	17	15.343	1108
8	8	4	40	10	left	left	1	11	16.272	676
8	9	4	40	10	right	right	1	12	15.789	760
8	10	4	40	10	right	left	0	15	15.789	950
8	11	4	40	10	right	right	1	28	15.504	1806
8	12	4	40	10	right	right	1	35	15.251	2295
8	13	4	40	10	left	left	1	14	15.267	917
8	14	4	40	10	left	right	0	18	15.424	1167
8	15	4	40	10	left	left	1	17	15.668	1085
8	16	4	40	10	left	right	0	28	15.393	1819
8	17	4	40	10	right	right	1	19	15.212	1249
8	18	4	40	10	left	left	1	13	15.116	860
8	19	4	40	10	right	right	1	14	15.538	901
8	20	4	40	10	left	left	1	11	15.299	719
8	21	4	40	10	right	right	1	11	15.714	700
8	22	4	40	10	right	right	1	30	15.552	1929
8	23	4	40	10	right	left	0	48	15.171	3164
8	24	4	40	10	left	right	0	13	15.24	853
8	25	4	40	10	left	left	1	12	16.086	746
8	26	4	40	10	left	left	1	31	15.377	2016
8	27	4	40	10	left	right	0	16	15.18	1054
8	28	4	40	10	left	left	1	37	15.108	2449
8	29	4	40	10	left	right	0	34	15.213	2235
8	30	4	40	10	right	right	1	36	15.235	2363
8	31	4	40	10	left	left	1	18	15.063	1195
8	32	4	40	10	right	right	1	19	15.273	1244
8	33	4	40	10	left	right	0	24	15.248	1574
8	34	4	40	10	right	right	1	23	15.232	1510
8	35	4	40	10	right	right	1	31	15.085	2055
8	36	4	40	10	right	right	1	62	15.115	4102
8	37	4	40	10	left	left	1	43	15.259	2818
8	38	4	40	10	right	right	1	18	15.451	1165
8	39	4	40	10	left	left	1	25	15.567	1606
8	40	4	40	10	right	right	1	27	15.254	1770
9	1	4	40	10	left	left	1	19	15.523	1224
9	2	4	40	10	right	right	1	18	15.385	1170
9	3	4	40	10	right	left	0	25	15.291	1635
9	4	4	40	10	left	left	1	15	15.806	949
9	5	4	40	10	left	right	0	17	15.288	1112
9	6	4	40	10	right	right	1	22	15.67	1404
9	7	4	40	10	left	left	1	13	15.569	835
9	8	4	40	10	right	right	1	26	15.099	1722
9	9	4	40	10	right	left	0	18	15.721	1145
9	10	4	40	10	left	left	1	14	15.801	886
9	11	4	40	10	right	right	1	35	15.521	2255
9	12	4	40	10	left	right	0	40	15.267	2620
9	13	4	40	10	left	left	1	11	15.131	727
9	14	4	40	10	right	left	0	22	15.068	1460
9	15	4	40	10	left	right	0	14	15.201	921
9	16	4	40	10	left	left	1	8	15.625	512
9	17	4	40	10	right	right	1	15	15.756	952
9	18	4	40	10	right	right	1	25	15.518	1611
9	19	4	40	10	left	left	1	14	15.234	919
9	20	4	40	10	right	right	1	16	15.842	1010
9	21	4	40	10	left	left	1	13	14.943	870
9	22	4	40	10	left	right	0	17	15.511	1096
9	23	4	40	10	right	right	1	15	15.974	939
9	24	4	40	10	right	right	1	31	15.523	1997
9	25	4	40	10	left	left	1	21	15.683	1339
9	26	4	40	10	right	right	1	14	15.201	921
9	27	4	40	10	left	left	1	14	15.038	931
9	28	4	40	10	left	left	1	19	15.561	1221
9	29	4	40	10	right	right	1	17	15.992	1063
9	30	4	40	10	left	left	1	14	15.005	933
9	31	4	40	10	left	right	0	15	15.625	960
9	32	4	40	10	right	left	0	21	15.625	1344
9	33	4	40	10	right	right	1	13	15.439	842
9	34	4	40	10	right	right	1	33	15.37	2147
9	35	4	40	10	left	left	1	14	15.021	932
9	36	4	40	10	right	right	1	15	15.907	943
9	37	4	40	10	right	right	1	15	15.593	962
9	38	4	40	10	left	left	1	18	15.666	1149
9	39	4	40	10	left	left	1	28	15.444	1813
9	40	4	40	10	right	right	1	13	15.348	847
10	1	4	40	10	right	right	1	14	15.487	904
10	2	4	40	10	right	right	1	12	15.584	770
10	3	4	40	10	left	left	1	21	15.801	1329
10	4	4	40	10	left	right	0	11	16.035	686
10	5	4	40	10	right	left	0	17	15.192	1119
10	6	4	40	10	left	left	1	35	15.171	2307
10	7	4	40	10	left	right	0	36	15.145	2377
10	8	4	40	10	left	left	1	10	15.106	662
10	9	4	40	10	left	left	1	56	15.209	3682
10	10	4	40	10	right	right	1	22	15.681	1403
10	11	4	40	10	right	right	1	41	15.333	2674
10	12	4	40	10	right	right	1	24	15.306	1568
10	13	4	40	10	left	right	0	31	15.415	2011
10	14	4	40	10	left	left	1	25	15.188	1646
10	15	4	40	10	left	left	1	29	15.336	1891
10	16	4	40	10	left	left	1	40	15.256	2622
10	17	4	40	10	right	left	0	60	15.167	3956
10	18	4	40	10	left	left	1	29	15.287	1897
10	19	4	40	10	right	right	1	21	15.295	1373
10	20	4	40	10	left	left	1	36	15.183	2371
10	21	4	40	10	right	right	1	28	15.267	1834
10	22	4	40	10	right	right	1	26	15.439	1684
10	23	4	40	10	right	right	1	36	15.345	2346
10	24	4	40	10	left	right	0	46	15.132	3040
10	25	4	40	10	left	left	1	52	15.339	3390
10	26	4	40	10	left	left	1	55	15.248	3607
10	27	4	40	10	left	left	1	35	15.569	2248
10	28	4	40	10	right	left	0	15	15.448	971
10	29	4	40	10	right	right	1	13	15.873	819
10	30	4	40	10	left	right	0	20	15.396	1299
10	31	4	40	10	right	right	1	15	15.432	972
10	32	4	40	10	right	right	1	19	15.224	1248
10	33	4	40	10	right	right	1	19	15.498	1226
10	34	4	40	10	right	right	1	17	15.918	1068
10	35	4	40	10	left	left	1	15	15.075	995
10	36	4	40	10	right	right	1	19	15.742	1207
10	37	4	40	10	right	left	0	13	15.348	847
10	38	4	40	10	right	right	1	20	15.385	1300
10	39	4	40	10	left	left	1	15	15.625	960
10	40	4	40	10	left	right	0	20	15.291	1308
11	1	4	40	10	left	left	1	17	15.843	1073
11	2	4	40	10	right	right	1	11	16.369	672
11	3	4	40	10	right	left	0	10	15.337	652
11	4	4	40	10	left	left	1	20	15.576	1284
11	5	4	40	10	left	left	1	22	15.714	1400
11	6	4	40	10	right	right	1	19	15.435	1231
11	7	4	40	10	left	left	1	14	15.334	913
11	8	4	40	10	right	right	1	16	15.826	1011
11	9	4	40	10	left	left	1	11	16.369	672
11	10	4	40	10	right	right	1	13	16.169	804
11	11	4	40	10	right	right	1	13	16.03	811
11	12	4	40	10	right	right	1	33	15.2	2171
11	13	4	40	10	left	left	1	22	15.658	1405
11	14	4	40	10	right	right	1	22	15.592	1411
11	15	4	40	10	left	left	1	15	15.991	938
11	16	4	40	10	left	left	1	17	16.008	1062
11	17	4	40	10	right	right	1	12	16.238	739
11	18	4	40	10	right	right	1	27	15.126	1785
11	19	4	40	10	left	left	1	12	15.132	793
11	20	4	40	10	left	left	1	19	15.422	1232
11	21	4	40	10	left	right	0	15	15.576	963
11	22	4	40	10	left	left	1	14	15.573	899
11	23	4	40	10	right	right	1	63	15.155	4157
11	24	4	40	10	left	left	1	51	15.17	3362
11	25	4	40	10	right	left	0	29	15.144	1915
11	26	4	40	10	right	right	1	12	15.873	756
11	27	4	40	10	left	left	1	20	15.81	1265
11	28	4	40	10	right	right	1	39	15.306	2548
11	29	4	40	10	left	left	1	14	15.487	904
11	30	4	40	10	right	right	1	16	15.968	1002
11	31	4	40	10	right	right	1	26	15.125	1719
11	32	4	40	10	left	left	1	29	15.442	1878
11	33	4	40	10	right	right	1	15	15.228	985
11	34	4	40	10	left	left	1	44	15.251	2885
11	35	4	40	10	left	left	1	27	15.263	1769
11	36	4	40	10	left	left	1	31	15.063	2058
11	37	4	40	10	right	right	1	55	15.172	3625
11	38	4	40	10	left	right	0	48	15.147	3169
11	39	4	40	10	right	left	0	14	15.47	905
11	40	4	40	10	right	right	1	13	16.089	808
12	1	4	40	10	left	left	1	14	15.234	919
12	2	4	40	10	right	right	1	11	15.965	689
12	3	4	40	10	right	right	1	14	15.521	902
12	4	4	40	10	left	left	1	20	15.232	1313
12	5	4	40	10	left	left	1	14	15.038	931
12	6	4	40	10	right	right	1	13	14.943	870
12	7	4	40	10	left	left	1	12	15.666	766
12	8	4	40	10	left	right	0	26	15.143	1717
12	9	4	40	10	left	left	1	9	14.778	609
12	10	4	40	10	right	right	1	13	15.873	819
12	11	4	40	10	right	left	0	9	15.126	595
12	12	4	40	10	right	right	1	14	15.086	928
12	13	4	40	10	right	right	1	11	15.214	723
12	14	4	40	10	right	right	1	13	14.908	872
12	15	4	40	10	right	right	1	21	15.707	1337
12	16	4	40	10	right	right	1	33	15.349	2150
12	17	4	40	10	right	right	1	15	15.756	952
12	18	4	40	10	left	left	1	35	15.487	2260
12	19	4	40	10	right	right	1	17	15.288	1112
12	20	4	40	10	left	left	1	28	15.284	1832
12	21	4	40	10	right	right	1	24	15.375	1561
12	22	4	40	10	left	left	1	17	15.683	1084
12	23	4	40	10	left	right	0	26	15.522	1675
12	24	4	40	10	left	left	1	13	15.532	837
12	25	4	40	10	left	left	1	11	15.692	701
12	26	4	40	10	right	left	0	17	15.712	1082
12	27	4	40	10	left	left	1	17	15.785	1077
12	28	4	40	10	left	left	1	19	15.372	1236
12	29	4	40	10	left	left	1	20	15.564	1285
12	30	4	40	10	left	left	1	17	15.497	1097
12	31	4	40	10	right	right	1	26	15.403	1688
12	32	4	40	10	left	left	1	41	15.129	2710
12	33	4	40	10	left	right	0	28	15.102	1854
12	34	4	40	10	right	right	1	23	15.405	1493
12	35	4	40	10	right	right	1	19	15.447	1230
12	36	4	40	10	right	right	1	24	15.306	1568
12	37	4	40	10	right	right	1	18	15.693	1147
12	38	4	40	10	left	left	1	25	15.442	1619
12	39	4	40	10	left	right	0	22	15.625	1408
12	40	4	40	10	right	left	0	13	15.276	851
13	1	4	40	10	right	right	1	9	15.228	591
13	2	4	40	10	right	right	1	16	15.748	1016
13	3	4	40	10	right	left	0	11	15.692	701
13	4	4	40	10	right	right	1	11	15.131	727
13	5	4	40	10	left	right	0	11	15.537	708
13	6	4	40	10	left	left	1	11	16.035	686
13	7	4	40	10	right	right	1	19	15.498	1226
13	8	4	40	10	right	right	1	13	15.854	820
13	9	4	40	10	right	right	1	15	15.182	988
13	10	4	40	10	left	left	1	17	15.179	1120
13	11	4	40	10	right	right	1	12	15.81	759
13	12	4	40	10	left	left	1	14	15.521	902
13	13	4	40	10	left	right	0	14	15.217	920
13	14	4	40	10	right	right	1	14	15.927	879
13	15	4	40	10	right	right	1	18	15.845	1136
13	16	4	40	10	left	right	0	23	15.625	1472
13	17	4	40	10	left	left	1	10	15.898	629
13	18	4	40	10	left	left	1	17	15.179	1120
13	19	4	40	10	left	right	0	23	15.212	1512
13	20	4	40	10	left	left	1	11	15.152	726
13	21	4	40	10	right	right	1	17	15.568	1092
13	22	4	40	10	left	right	0	33	15.385	2145
13	23	4	40	10	right	right	1	15	15.244	984
13	24	4	40	10	right	right	1	15	15.56	964
13	25	4	40	10	left	right	0	14	15.784	887
13	26	4	40	10	right	left	0	10	14.925	670
13	27	4	40	10	left	left	1	10	16.234	616
13	28	4	40	10	right	left	0	12	15.605	769
13	29	4	40	10	left	left	1	12	16.216	740
13	30	4	40	10	left	right	0	15	15.091	994
13	31	4	40	10	left	left	1	17	15.814	1075
13	32	4	40	10	right	right	1	13	14.874	874
13	33	4	40	10	left	left	1	18	15.693	1147
13	34	4	40	10	right	right	1	26	15.303	1699
13	35	4	40	10	left	left	1	13	15.169	857
13	36	4	40	10	right	right	1	12	15.748	762
13	37	4	40	10	right	left	0	17	15.611	1089
13	38	4	40	10	right	right	1	14	16	875
13	39	4	40	10	left	left	1	20	15.279	1309
13	40	4	40	10	left	left	1	15	15.48	969
14	1	4	40	10	right	right	1	16	15.267	1048
14	2	4	40	10	left	left	1	16	15.282	1047
14	3	4	40	10	left	left	1	16	15.826	1011
14	4	4	40	10	left	left	1	15	15.121	992
14	5	4	40	10	right	right	1	10	16.34	612
14	6	4	40	10	right	right	1	16	15.282	1047
14	7	4	40	10	right	right	1	21	15.766	1332
14	8	4	40	10	right	right	1	24	15.142	1585
14	9	4	40	10	left	right	0	16	15.209	1052
14	10	4	40	10	left	left	1	26	15.055	1727
14	11	4	40	10	left	left	1	15	15.152	990
14	12	4	40	10	right	right	1	15	15.213	986
14	13	4	40	10	left	left	1	14	15.801	886
14	14	4	40	10	left	left	1	34	15.24	2231
14	15	4	40	10	left	right	0	12	15.404	779
14	16	4	40	10	left	left	1	11	16.035	686
14	17	4	40	10	right	right	1	14	15.873	882
14	18	4	40	10	right	left	0	12	15.707	764
14	19	4	40	10	right	right	1	17	15.755	1079
14	20	4	40	10	left	left	1	10	15.699	637
14	21	4	40	10	left	right	0	13	15.912	817
14	22	4	40	10	right	left	0	13	16.311	797
14	23	4	40	10	right	right	1	23	15.282	1505
14	24	4	40	10	left	left	1	18	15.385	1170
14	25	4	40	10	left	left	1	23	15.509	1483
14	26	4	40	10	right	right	1	31	15.226	2036
14	27	4	40	10	left	left	1	24	15.277	1571
14	28	4	40	10	right	right	1	12	15.504	774
14	29	4	40	10	left	left	1	40	15.408	2596
14	30	4	40	10	right	right	1	14	15.891	881
14	31	4	40	10	right	right	1	15	15.448	971
14	32	4	40	10	right	right	1	14	15.385	910
14	33	4	40	10	right	left	0	13	15.33	848
14	34	4	40	10	left	left	1	17	15.903	1069
14	35	4	40	10	left	left	1	26	15.09	1723
14	36	4	40	10	left	right	0	18	15.929	1130
14	37	4	40	10	right	left	0	30	15.259	1966
14	38	4	40	10	right	left	0	15	15.121	992
14	39	4	40	10	left	left	1	14	15.608	897
14	40	4	40	10	right	right	1	13	16.049	810
15	1	4	40	10	left	left	1	17	15.399	1104
15	2	4	40	10	left	left	1	36	15.418	2335
15	3	4	40	10	left	right	0	13	15.532	837
15	4	4	40	10	right	left	0	8	15.326	522
15	5	4	40	10	right	right	1	17	15.525	1095
15	6	4	40	10	left	left	1	13	16.129	806
15	7	4	40	10	right	right	1	18	15.139	1189
15	8	4	40	10	right	right	1	16	15.414	1038
15	9	4	40	10	right	right	1	31	15.063	2058
15	10	4	40	10	right	right	1	18	15.707	1146
15	11	4	40	10	left	left	1	13	15.294	850
15	12	4	40	10	right	left	0	14	15.184	922
15	13	4	40	10	right	right	1	9	14.95	602
15	14	4	40	10	left	left	1	12	15.873	756
15	15	4	40	10	right	right	1	17	15.26	1114
15	16	4	40	10	right	right	1	19	15.115	1257
15	17	4	40	10	right	left	0	40	15.408	2596
15	18	4	40	10	left	right	0	18	15.986	1126
15	19	4	40	10	right	right	1	31	15.181	2042
15	20	4	40	10	left	left	1	12	15.267	786
15	21	4	40	10	right	right	1	22	15.625	1408
15	22	4	40	10	left	right	0	22	15.816	1391
15	23	4	40	10	left	left	1	12	15.267	786
15	24	4	40	10	left	left	1	16	15.61	1025
15	25	4	40	10	left	left	1	17	15.441	1101
15	26	4	40	10	left	left	1	19	15.574	1220
15	27	4	40	10	left	left	1	12	15.345	782
15	28	4	40	10	left	left	1	14	15.964	877
15	29	4	40	10	right	left	0	17	15.888	1070
15	30	4	40	10	right	right	1	25	15.461	1617
15	31	4	40	10	left	left	1	12	16.194	741
15	32	4	40	10	left	right	0	22	15.079	1459
15	33	4	40	10	right	right	1	41	15.208	2696
15	34	4	40	10	left	left	1	23	15.132	1520
15	35	4	40	10	right	right	1	15	16.009	937
15	36	4	40	10	right	right	1	13	15.403	844
15	37	4	40	10	right	right	1	14	15.964	877
15	38	4	40	10	right	right	1	15	15.275	982
15	39	4	40	10	left	right	0	12	15.915	754
15	40	4	40	10	left	left	1	14	15.135	925
16	1	4	40	10	right	right	1	14	15.945	878
16	2	4	40	10	left	right	0	9	16.822	535
16	3	4	40	10	right	right	1	11	15.537	708
16	4	4	40	10	left	left	1	17	15.962	1065
16	5	4	40	10	right	right	1	9	16.575	543
16	6	4	40	10	left	left	1	12	15.625	768
16	7	4	40	10	left	right	0	11	15.85	694
16	8	4	40	10	left	left	1	13	15.796	823
16	9	4	40	10	left	right	0	11	15.131	727
16	10	4	40	10	left	right	0	22	15.614	1409
16	11	4	40	10	right	left	0	11	15.007	733
16	12	4	40	10	left	left	1	28	15.495	1807
16	13	4	40	10	right	right	1	15	15.353	977
16	14	4	40	10	left	left	1	16	15.564	1028
16	15	4	40	10	left	left	1	44	15.395	2858
16	16	4	40	10	right	right	1	9	15.05	598
16	17	4	40	10	right	right	1	31	15.137	2048
16	18	4	40	10	right	right	1	28	15.427	1815
16	19	4	40	10	right	right	1	22	15.726	1399
16	20	4	40	10	left	left	1	17	16.008	1062
16	21	4	40	10	left	right	0	45	15.265	2948
16	22	4	40	10	right	left	0	39	15.099	2583
16	23	4	40	10	right	left	0	34	15.392	2209
16	24	4	40	10	right	right	1	18	15.19	1185
16	25	4	40	10	right	right	1	19	15.397	1234
16	26	4	40	10	left	right	0	20	15.291	1308
16	27	4	40	10	right	right	1	83	15.174	5470
16	28	4	40	10	right	right	1	30	15.393	1949
16	29	4	40	10	left	left	1	23	15.614	1473
16	30	4	40	10	right	left	0	19	15.115	1257
16	31	4	40	10	left	right	0	13	15.169	857
16	32	4	40	10	right	right	1	16	15.656	1022
16	33	4	40	10	right	right	1	47	15.285	3075
16	34	4	40	10	left	left	1	40	15.355	2605
16	35	4	40	10	right	left	0	49	15.38	3186
16	36	4	40	10	left	right	0	9	16.917	532
16	37	4	40	10	left	left	1	12	15.132	793
16	38	4	40	10	left	right	0	12	15.464	776
16	39	4	40	10	left	left	1	18	15.358	1172
16	40	4	40	10	right	left	0	24	15.494	1549
17	1	4	40	10	left	left	1	17	15.962	1065
17	2	4	40	10	right	left	0	12	15.81	759
17	3	4	40	10	left	left	1	14	15.201	921
17	4	4	40	10	right	right	1	18	15.571	1156
17	5	4	40	10	left	left	1	10	15.723	636
17	6	4	40	10	right	right	1	17	15.755	1079
17	7	4	40	10	right	left	0	13	15.24	853
17	8	4	40	10	left	right	0	10	15.552	643
17	9	4	40	10	left	right	0	27	15.109	1787
17	10	4	40	10	left	left	1	9	16.544	544
17	11	4	40	10	right	right	1	23	15.364	1497
17	12	4	40	10	right	right	1	14	15.317	914
17	13	4	40	10	right	right	1	23	15.252	1508
17	14	4	40	10	right	right	1	16	15.905	1006
17	15	4	40	10	right	right	1	19	15.298	1242
17	16	4	40	10	right	right	1	18	15.152	1188
17	17	4	40	10	left	right	0	12	16	750
17	18	4	40	10	left	left	1	14	15.086	928
17	19	4	40	10	right	right	1	17	15.469	1099
17	20	4	40	10	right	right	1	16	15.595	1026
17	21	4	40	10	left	right	0	18	15.873	1134
17	22	4	40	10	left	left	1	14	15.317	914
17	23	4	40	10	right	left	0	26	15.152	1716
17	24	4	40	10	right	left	0	28	15.284	1832
17	25	4	40	10	left	left	1	18	15.544	1158
17	26	4	40	10	left	right	0	11	15.131	727
17	27	4	40	10	right	left	0	14	15.748	889
17	28	4	40	10	right	right	1	11	16.369	672
17	29	4	40	10	right	right	1	19	15.587	1219
17	30	4	40	10	left	left	1	13	15.99	813
17	31	4	40	10	left	left	1	22	15.658	1405
17	32	4	40	10	left	left	1	16	15.094	1060
17	33	4	40	10	left	right	0	28	15.47	1810
17	34	4	40	10	left	left	1	20	15.625	1280
17	35	4	40	10	right	left	0	18	15.063	1195
17	36	4	40	10	left	right	0	11	15.068	730
17	37	4	40	10	right	left	0	10	15.175	659
17	38	4	40	10	right	left	0	13	16.189	803
17	39	4	40	10	left	left	1	8	16.701	479
17	40	4	40	10	left	left	1	11	15.827	695
18	1	4	40	10	left	left	1	23	15.252	1508
18	2	4	40	10	left	left	1	13	14.96	869
18	3	4	40	10	left	left	1	11	15.152	726
18	4	4	40	10	left	left	1	17	15.683	1084
18	5	4	40	10	right	right	1	13	15.738	826
18	6	4	40	10	right	right	1	11	15.235	722
18	7	4	40	10	left	left	1	10	15.649	639
18	8	4	40	10	right	right	1	9	15.358	586
18	9	4	40	10	left	left	1	11	15.363	716
18	10	4	40	10	right	right	1	11	15.625	704
18	11	4	40	10	left	right	0	20	15.76	1269
18	12	4	40	10	left	right	0	34	15.476	2197
18	13	4	40	10	right	right	1	29	15.516	1869
18	14	4	40	10	right	right	1	22	15.714	1400
18	15	4	40	10	left	right	0	46	15.338	2999
18	16	4	40	10	right	right	1	22	15.504	1419
18	17	4	40	10	right	right	1	16	15.579	1027
18	18	4	40	10	right	right	1	20	15.625	1280
18	19	4	40	10	left	right	0	19	15.176	1252
18	20	4	40	10	left	right	0	18	15.803	1139
18	21	4	40	10	right	right	1	6	15	400
18	22	4	40	10	left	right	0	17	15.329	1109
18	23	4	40	10	right	right	1	21	15.613	1345
18	24	4	40	10	left	right	0	25	15.576	1605
18	25	4	40	10	right	right	1	13	15.815	822
18	26	4	40	10	left	right	0	14	15.521	902
18	27	4	40	10	right	right	1	7	15.73	445
18	28	4	40	10	left	left	1	11	15.048	731
18	29	4	40	10	left	left	1	13	15.931	816
18	30	4	40	10	right	right	1	18	15.625	1152
18	31	4	40	10	right	left	0	12	15.789	760
18	32	4	40	10	right	left	0	8	15.267	524
18	33	4	40	10	right	left	0	20	15.337	1304
18	34	4	40	10	left	left	1	14	15.891	881
18	35	4	40	10	left	right	0	17	15.371	1106
18	36	4	40	10	right	right	1	15	15.4	974
18	37	4	40	10	right	right	1	12	15.113	794
18	38	4	40	10	left	right	0	16	15.733	1017
18	39	4	40	10	right	left	0	11	16.105	683
18	40	4	40	10	left	right	0	10	15.152	660
19	1	4	40	10	left	left	1	12	16.216	740
19	2	4	40	10	right	right	1	9	15.385	585
19	3	4	40	10	right	left	0	12	15.404	779
19	4	4	40	10	right	right	1	9	16.822	535
19	5	4	40	10	left	left	1	13	14.925	871
19	6	4	40	10	left	right	0	19	15.323	1240
19	7	4	40	10	left	left	1	9	15.845	568
19	8	4	40	10	left	right	0	13	15.606	833
19	9	4	40	10	left	left	1	9	16.364	550
19	10	4	40	10	left	right	0	12	15.484	775
19	11	4	40	10	right	left	0	9	15.358	586
19	12	4	40	10	left	right	0	31	15.431	2009
19	13	4	40	10	right	left	0	7	16.129	434
19	14	4	40	10	left	right	0	44	15.471	2844
19	15	4	40	10	right	right	1	17	15.554	1093
19	16	4	40	10	right	right	1	20	15.396	1299
19	17	4	40	10	left	left	1	16	15.889	1007
19	18	4	40	10	left	right	0	28	15.119	1852
19	19	4	40	10	right	left	0	38	15.403	2467
19	20	4	40	10	right	right	1	17	15.371	1106
19	21	4	40	10	right	left	0	47	15.295	3073
19	22	4	40	10	left	right	0	15	15.773	951
19	23	4	40	10	right	right	1	12	15.152	792
19	24	4	40	10	right	right	1	14	15.945	878
19	25	4	40	10	right	right	1	21	15.813	1328
19	26	4	40	10	left	right	0	29	15.328	1892
19	27	4	40	10	right	right	1	16	15.094	1060
19	28	4	40	10	left	right	0	20	15.408	1298
19	29	4	40	10	left	right	0	16	15.64	1023
19	30	4	40	10	left	right	0	13	16.311	797
19	31	4	40	10	right	right	1	16	15.984	1001
19	32	4	40	10	right	right	1	12	15.831	758
19	33	4	40	10	right	left	0	16	15.209	1052
19	34	4	40	10	right	left	0	19	15.055	1262
19	35	4	40	10	left	right	0	9	14.851	606
19	36	4	40	10	right	right	1	20	15.279	1309
19	37	4	40	10	left	left	1	30	15.609	1922
19	38	4	40	10	right	right	1	12	15.504	774
19	39	4	40	10	left	left	1	14	15.419	908
19	40	4	40	10	left	right	0	21	15.184	1383
20	1	4	40	10	right	right	1	13	16.109	807
20	2	4	40	10	right	right	1	11	15.493	710
20	3	4	40	10	left	left	1	8	16.032	499
20	4	4	40	10	left	right	0	15	15.991	938
20	5	4	40	10	left	right	0	33	15.271	2161
20	6	4	40	10	left	left	1	16	15.733	1017
20	7	4	40	10	left	left	1	13	15.24	853
20	8	4	40	10	right	left	0	15	15.806	949
20	9	4	40	10	left	left	1	14	15.964	877
20	10	4	40	10	right	left	0	14	15.251	918
20	11	4	40	10	right	right	1	14	15.119	926
20	12	4	40	10	left	left	1	14	15.766	888
20	13	4	40	10	right	left	0	14	15.436	907
20	14	4	40	10	left	left	1	11	16.345	673
20	15	4	40	10	left	right	0	13	15.682	829
20	16	4	40	10	right	left	0	11	15.965	689
20	17	4	40	10	right	left	0	7	15.521	451
20	18	4	40	10	right	left	0	10	15.106	662
20	19	4	40	10	left	right	0	8	16.194	494
20	20	4	40	10	right	left	0	10	15.773	634
20	21	4	40	10	right	left	0	10	16.181	618
20	22	4	40	10	left	left	1	11	15.603	705
20	23	4	40	10	right	left	0	13	15.834	821
20	24	4	40	10	right	left	0	7	15.054	465
20	25	4	40	10	right	left	0	7	15.453	453
20	26	4	40	10	left	right	0	7	16.509	424
20	27	4	40	10	left	left	1	9	16.453	547
20	28	4	40	10	left	left	1	26	15.366	1692
20	29	4	40	10	left	left	1	20	15.699	1274
20	30	4	40	10	right	right	1	53	15.139	3501
20	31	4	40	10	right	right	1	17	15.726	1081
20	32	4	40	10	left	right	0	18	15.957	1128
20	33	4	40	10	right	left	0	16	15.444	1036
20	34	4	40	10	right	right	1	16	15.779	1014
20	35	4	40	10	right	right	1	20	15.302	1307
20	36	4	40	10	right	right	1	18	15.411	1168
20	37	4	40	10	left	right	0	25	15.547	1608
20	38	4	40	10	left	left	1	17	15.858	1072
20	39	4	40	10	left	left	1	13	15.931	816
20	40	4	40	10	left	left	1	25	15.263	1638
21	1	4	40	10	right	left	0	15	15.369	976
21	2	4	40	10	left	left	1	13	15.33	848
21	3	4	40	10	left	right	0	9	14.975	601
21	4	4	40	10	right	right	1	23	15.467	1487
21	5	4	40	10	left	left	1	16	15.748	1016
21	6	4	40	10	right	right	1	13	16.149	805
21	7	4	40	10	right	left	0	11	16.082	684
21	8	4	40	10	left	right	0	9	15.05	598
21	9	4	40	10	right	right	1	11	16.058	685
21	10	4	40	10	right	right	1	10	15.221	657
21	11	4	40	10	right	right	1	10	15.504	645
21	12	4	40	10	left	left	1	12	15.464	776
21	13	4	40	10	right	right	1	50	15.179	3294
21	14	4	40	10	right	right	1	21	15.385	1365
21	15	4	40	10	left	left	1	20	15.504	1290
21	16	4	40	10	right	right	1	13	16.129	806
21	17	4	40	10	left	left	1	20	15.564	1285
21	18	4	40	10	right	right	1	10	15.221	657
21	19	4	40	10	right	left	0	13	15.532	837
21	20	4	40	10	left	right	0	10	16.181	618
21	21	4	40	10	right	right	1	13	16.069	809
21	22	4	40	10	left	left	1	12	15.306	784
21	23	4	40	10	left	right	0	13	15.796	823
21	24	4	40	10	right	right	1	13	14.977	868
21	25	4	40	10	left	left	1	13	15.24	853
21	26	4	40	10	left	right	0	11	15.692	701
21	27	4	40	10	right	right	1	13	15.495	839
21	28	4	40	10	left	right	0	16	15.399	1039
21	29	4	40	10	left	left	1	17	15.962	1065
21	30	4	40	10	left	left	1	23	15.142	1519
21	31	4	40	10	left	left	1	16	15.984	1001
21	32	4	40	10	right	right	1	22	15.385	1430
21	33	4	40	10	left	left	1	11	15.172	725
21	34	4	40	10	right	right	1	16	15.842	1010
21	35	4	40	10	right	right	1	41	15.448	2654
21	36	4	40	10	right	right	1	33	15.306	2156
21	37	4	40	10	left	right	0	31	15.516	1998
21	38	4	40	10	left	left	1	110	15.158	7257
21	39	4	40	10	right	right	1	27	15.499	1742
21	40	4	40	10	left	left	1	31	15.093	2054
22	1	4	40	10	right	right	1	22	15.089	1458
22	2	4	40	10	left	left	1	15	15.322	979
22	3	4	40	10	right	right	1	24	15.248	1574
22	4	4	40	10	right	right	1	25	15.47	1616
22	5	4	40	10	left	right	0	13	16.311	797
22	6	4	40	10	left	left	1	13	16.23	801
22	7	4	40	10	right	left	0	27	15.067	1792
22	8	4	40	10	right	right	1	12	15.852	757
22	9	4	40	10	right	left	0	15	15.707	955
22	10	4	40	10	right	right	1	70	15.257	4588
22	11	4	40	10	left	left	1	22	15.67	1404
22	12	4	40	10	right	right	1	11	15.214	723
22	13	4	40	10	left	left	1	15	15.625	960
22	14	4	40	10	right	right	1	9	15.762	571
22	15	4	40	10	left	left	1	8	16.771	477
22	16	4	40	10	right	right	1	11	16.105	683
22	17	4	40	10	left	left	1	8	15.152	528
22	18	4	40	10	left	left	1	15	15.625	960
22	19	4	40	10	right	right	1	23	15.426	1491
22	20	4	40	10	left	left	1	21	15.141	1387
22	21	4	40	10	right	right	1	22	15.603	1410
22	22	4	40	10	left	right	0	26	15.467	1681
22	23	4	40	10	right	left	0	10	15.528	644
22	24	4	40	10	right	right	1	12	15.727	763
22	25	4	40	10	right	right	1	11	15.406	714
22	26	4	40	10	right	right	1	10	16.051	623
22	27	4	40	10	left	left	1	17	15.947	1066
22	28	4	40	10	right	right	1	19	15.422	1232
22	29	4	40	10	left	right	0	15	15.075	995
22	30	4	40	10	right	right	1	13	15.258	852
22	31	4	40	10	left	right	0	13	15.116	860
22	32	4	40	10	left	right	0	23	15.52	1482
22	33	4	40	10	right	left	0	12	15.979	751
22	34	4	40	10	left	right	0	21	15.328	1370
22	35	4	40	10	left	right	0	30	15.33	1957
22	36	4	40	10	left	right	0	11	15.647	703
22	37	4	40	10	left	right	0	7	16.787	417
22	38	4	40	10	left	right	0	5	15.528	322
22	39	4	40	10	right	right	1	19	15.397	1234
22	40	4	40	10	left	right	0	9	15.517	580
23	1	4	40	10	right	left	0	16	15.686	1020
23	2	4	40	10	left	left	1	17	15.785	1077
23	3	4	40	10	right	right	1	13	15.55	836
23	4	4	40	10	left	left	1	20	15.106	1324
23	5	4	40	10	left	left	1	12	15.132	793
23	6	4	40	10	right	right	1	11	15.625	704
23	7	4	40	10	right	left	0	14	15.135	925
23	8	4	40	10	right	right	1	11	15.193	724
23	9	4	40	10	right	left	0	16	15.61	1025
23	10	4	40	10	right	right	1	6	14.888	403
23	11	4	40	10	right	left	0	7	15.909	440
23	12	4	40	10	left	right	0	10	16.367	611
23	13	4	40	10	right	left	0	18	15.477	1163
23	14	4	40	10	left	right	0	43	15.184	2832
23	15	4	40	10	right	left	0	13	16.109	807
23	16	4	40	10	left	right	0	27	15.306	1764
23	17	4	40	10	left	right	0	28	15.351	1824
23	18	4	40	10	left	left	1	21	15.453	1359
23	19	4	40	10	left	left	1	17	15.455	1100
23	20	4	40	10	left	right	0	16	15.34	1043
23	21	4	40	10	right	right	1	38	15.335	2478
23	22	4	40	10	left	right	0	26	15.55	1672
23	23	4	40	10	left	left	1	32	15.13	2115
23	24	4	40	10	right	right	1	13	15.421	843
23	25	4	40	10	left	left	1	33	15.193	2172
23	26	4	40	10	right	right	1	15	15.528	966
23	27	4	40	10	left	left	1	13	15.892	818
23	28	4	40	10	left	left	1	16	15.37	1041
23	29	4	40	10	right	left	0	19	15.055	1262
23	30	4	40	10	right	right	1	12	15.345	782
23	31	4	40	10	right	right	1	15	15.045	997
23	32	4	40	10	left	left	1	13	15.439	842
23	33	4	40	10	right	right	1	16	15.595	1026
23	34	4	40	10	right	left	0	13	15.644	831
23	35	4	40	10	right	right	1	11	15.714	700
23	36	4	40	10	left	right	0	14	15.201	921
23	37	4	40	10	left	left	1	20	15.152	1320
23	38	4	40	10	right	left	0	26	15.578	1669
23	39	4	40	10	left	right	0	13	15.644	831
23	40	4	40	10	left	left	1	9	15.734	572
24	1	4	40	10	right	right	1	13	16.109	807
24	2	4	40	10	left	right	0	11	15.152	726
24	3	4	40	10	right	right	1	15	15.625	960
24	4	4	40	10	right	right	1	11	15.214	723
24	5	4	40	10	right	right	1	9	14.975	601
24	6	4	40	10	left	right	0	9	16.014	562
24	7	4	40	10	left	left	1	11	15.625	704
24	8	4	40	10	right	right	1	13	15.55	836
24	9	4	40	10	right	right	1	15	15.167	989
24	10	4	40	10	right	left	0	14	15.07	929
24	11	4	40	10	left	left	1	24	15.625	1536
24	12	4	40	10	right	right	1	21	15.602	1346
24	13	4	40	10	left	right	0	16	15.64	1023
24	14	4	40	10	right	right	1	14	15.748	889
24	15	4	40	10	left	right	0	22	15.257	1442
24	16	4	40	10	right	left	0	10	15.083	663
24	17	4	40	10	left	right	0	7	15.945	439
24	18	4	40	10	right	left	0	6	16.949	354
24	19	4	40	10	left	left	1	9	15.762	571
24	20	4	40	10	right	left	0	7	16.055	436
24	21	4	40	10	right	left	0	5	15.291	327
24	22	4	40	10	left	right	0	10	16.051	623
24	23	4	40	10	right	left	0	6	16.76	358
24	24	4	40	10	left	tooFast	2	3	15.075	199
24	25	4	40	10	right	right	1	33	15.544	2123
24	26	4	40	10	left	left	1	19	15.385	1235
24	27	4	40	10	left	left	1	20	15.175	1318
24	28	4	40	10	left	left	1	16	15.717	1018
24	29	4	40	10	right	right	1	11	15.805	696
24	30	4	40	10	right	right	1	15	15.56	964
24	31	4	40	10	left	left	1	10	15.848	631
24	32	4	40	10	left	right	0	10	15.198	658
24	33	4	40	10	right	left	0	7	15.837	442
24	34	4	40	10	left	right	0	13	15.834	821
24	35	4	40	10	right	right	1	13	15.152	858
24	36	4	40	10	left	left	1	9	14.925	603
24	37	4	40	10	left	right	0	12	16.021	749
24	38	4	40	10	left	left	1	8	16.427	487
24	39	4	40	10	left	right	0	8	16.701	479
24	40	4	40	10	right	left	0	5	15.48	323
