
blkNum	trlNum	coherentDots	numberofDots	percentCoherence	winningDirection	response	correct	eventCount	averageFrameRate	RT
1	1	4	40	10	left	right	0	140	15.241	9186
1	2	4	40	10	left	left	1	38	15.347	2476
1	3	4	40	10	left	right	0	44	15.331	2870
1	4	4	40	10	left	left	1	12	15.645	767
1	5	4	40	10	right	left	0	11	15.172	725
1	6	4	40	10	left	right	0	55	15.152	3630
1	7	4	40	10	right	right	1	27	15.607	1730
1	8	4	40	10	right	right	1	71	15.325	4633
1	9	4	40	10	left	right	0	26	15.385	1690
1	10	4	40	10	left	right	0	22	15.31	1437
1	11	4	40	10	left	left	1	69	15.344	4497
1	12	4	40	10	left	left	1	18	15.986	1126
1	13	4	40	10	left	left	1	27	15.228	1773
1	14	4	40	10	right	left	0	27	15.367	1757
1	15	4	40	10	right	right	1	47	15.375	3057
1	16	4	40	10	left	right	0	28	15.209	1841
1	17	4	40	10	right	left	0	21	15.637	1343
1	18	4	40	10	left	right	0	36	15.248	2361
1	19	4	40	10	left	right	0	24	15.345	1564
2	1	4	40	10	right	left	0	83	15.302	5424
2	2	4	40	10	left	right	0	83	15.319	5418
2	3	4	40	10	right	right	1	65	15.176	4283
2	4	4	40	10	left	left	1	50	15.193	3291
2	5	4	40	10	right	right	1	40	15.192	2633
2	6	4	40	10	left	right	0	24	15.717	1527
2	7	4	40	10	left	left	1	22	15.406	1428
2	8	4	40	10	right	left	0	16	15.826	1011
2	9	4	40	10	right	left	0	32	15.414	2076
2	10	4	40	10	right	right	1	23	15.71	1464
2	11	4	40	10	right	left	0	30	15.252	1967
2	12	4	40	10	left	left	1	38	15.267	2489
2	13	4	40	10	right	left	0	47	15.324	3067
2	14	4	40	10	right	left	0	27	15.482	1744
2	15	4	40	10	right	right	1	30	15.593	1924
2	16	4	40	10	right	left	0	74	15.164	4880
2	17	4	40	10	right	right	1	28	15.184	1844
2	18	4	40	10	left	right	0	20	15.662	1277
2	19	4	40	10	left	right	0	19	15.261	1245
3	1	4	40	10	left	left	1	27	15.661	1724
3	2	4	40	10	right	left	0	33	15.544	2123
3	3	4	40	10	left	left	1	23	15.541	1480
3	4	4	40	10	right	left	0	26	15.476	1680
3	5	4	40	10	left	right	0	20	15.221	1314
3	6	4	40	10	left	left	1	14	15.301	915
3	7	4	40	10	right	right	1	19	15.273	1244
3	8	4	40	10	left	right	0	22	15.471	1422
3	9	4	40	10	left	left	1	24	15.534	1545
3	10	4	40	10	left	left	1	22	15.692	1402
3	11	4	40	10	left	right	0	34	15.343	2216
3	12	4	40	10	right	left	0	15	16.026	936
3	13	4	40	10	right	right	1	21	15.173	1384
3	14	4	40	10	right	left	0	36	15.171	2373
3	15	4	40	10	right	left	0	14	15.891	881
3	16	4	40	10	left	right	0	44	15.241	2887
3	17	4	40	10	right	left	0	12	16.304	736
3	18	4	40	10	left	left	1	47	15.25	3082
3	19	4	40	10	left	right	0	26	15.303	1699
3	20	4	40	10	right	left	0	32	15.519	2062
3	21	4	40	10	left	right	0	15	15.091	994
3	22	4	40	10	left	right	0	13	15.294	850
3	23	4	40	10	right	left	0	18	15.748	1143
3	24	4	40	10	left	left	1	12	15.094	795
3	25	4	40	10	right	left	0	24	15.524	1546
3	26	4	40	10	left	right	0	37	15.404	2402
3	27	4	40	10	right	left	0	26	15.569	1670
4	1	4	40	10	right	left	0	49	15.27	3209
4	2	4	40	10	right	left	0	11	15.581	706
4	3	4	40	10	right	right	1	70	15.207	4603
4	4	4	40	10	left	right	0	38	15.298	2484
4	5	4	40	10	left	right	0	27	15.607	1730
4	6	4	40	10	right	left	0	35	15.204	2302
4	7	4	40	10	left	left	1	17	15.741	1080
4	8	4	40	10	right	left	0	24	15.727	1526
4	9	4	40	10	left	right	0	29	15.525	1868
4	10	4	40	10	right	left	0	11	16.692	659
4	11	4	40	10	left	left	1	33	15.544	2123
4	12	4	40	10	left	left	1	66	15.295	4315
4	13	4	40	10	right	left	0	18	15.358	1172
4	14	4	40	10	left	left	1	21	15.34	1369
4	15	4	40	10	right	left	0	22	15.548	1415
4	16	4	40	10	right	right	1	24	15.769	1522
4	17	4	40	10	left	right	0	23	15.678	1467
4	18	4	40	10	left	left	1	12	15.979	751
4	19	4	40	10	right	right	1	53	15.173	3493
4	20	4	40	10	right	right	1	96	15.248	6296
4	21	4	40	10	left	right	0	32	15.534	2060
5	1	4	40	10	left	right	0	99	15.271	6483
5	2	4	40	10	left	left	1	87	15.207	5721
5	3	4	40	10	left	left	1	45	15.136	2973
5	4	4	40	10	right	right	1	70	15.234	4595
5	5	4	40	10	left	left	1	40	15.279	2618
5	6	4	40	10	left	right	0	69	15.293	4512
5	7	4	40	10	left	right	0	32	15.362	2083
5	8	4	40	10	left	right	0	58	15.397	3767
5	9	4	40	10	right	left	0	67	15.318	4374
5	10	4	40	10	right	left	0	60	15.345	3910
5	11	4	40	10	right	right	1	50	15.432	3240
5	12	4	40	10	left	right	0	63	15.239	4134
5	13	4	40	10	right	right	1	50	15.437	3239
6	1	4	40	10	right	right	1	87	15.186	5729
6	2	4	40	10	right	right	1	20	15.361	1302
6	3	4	40	10	right	right	1	54	15.446	3496
6	4	4	40	10	right	right	1	29	15.516	1869
6	5	4	40	10	right	right	1	37	15.127	2446
6	6	4	40	10	left	left	1	36	15.313	2351
6	7	4	40	10	right	right	1	24	15.821	1517
6	8	4	40	10	right	right	1	15	15.641	959
6	9	4	40	10	right	right	1	26	15.541	1673
6	10	4	40	10	right	right	1	19	15.447	1230
6	11	4	40	10	left	left	1	16	15.748	1016
6	12	4	40	10	left	left	1	19	15.781	1204
6	13	4	40	10	right	right	1	12	15.365	781
6	14	4	40	10	left	left	1	14	15.556	900
6	15	4	40	10	right	right	1	13	15.834	821
6	16	4	40	10	right	right	1	32	15.296	2092
6	17	4	40	10	right	right	1	17	15.343	1108
6	18	4	40	10	right	right	1	15	15.707	955
6	19	4	40	10	left	left	1	18	15.652	1150
6	20	4	40	10	left	left	1	15	15.924	942
6	21	4	40	10	right	right	1	26	15.33	1696
6	22	4	40	10	left	left	1	29	15.508	1870
6	23	4	40	10	left	left	1	13	15.931	816
6	24	4	40	10	left	left	1	12	15.326	783
6	25	4	40	10	right	right	1	24	15.104	1589
6	26	4	40	10	left	left	1	30	15.369	1952
6	27	4	40	10	right	right	1	27	15.385	1755
6	28	4	40	10	right	right	1	55	15.135	3634
6	29	4	40	10	left	left	1	121	15.259	7930
7	1	4	40	10	left	left	1	50	15.418	3243
7	2	4	40	10	right	right	1	22	15.537	1416
7	3	4	40	10	left	left	1	41	15.489	2647
7	4	4	40	10	right	right	1	22	15.395	1429
7	5	4	40	10	right	right	1	35	15.271	2292
7	6	4	40	10	right	left	0	41	15.208	2696
7	7	4	40	10	right	right	1	28	15.73	1780
7	8	4	40	10	left	left	1	23	15.743	1461
7	9	4	40	10	right	right	1	16	15.209	1052
7	10	4	40	10	right	right	1	33	15.618	2113
7	11	4	40	10	left	left	1	23	15.272	1506
7	12	4	40	10	left	left	1	30	15.601	1923
7	13	4	40	10	right	right	1	33	15.235	2166
7	14	4	40	10	right	right	1	16	15.64	1023
7	15	4	40	10	left	left	1	14	16.279	860
7	16	4	40	10	right	right	1	63	15.336	4108
7	17	4	40	10	right	right	1	14	16.073	871
7	18	4	40	10	right	right	1	44	15.449	2848
7	19	4	40	10	left	left	1	12	16.064	747
7	20	4	40	10	left	left	1	67	15.172	4416
7	21	4	40	10	left	left	1	21	15.13	1388
7	22	4	40	10	left	left	1	23	15.272	1506
7	23	4	40	10	left	left	1	21	15.602	1346
7	24	4	40	10	left	left	1	21	15.73	1335
7	25	4	40	10	left	left	1	15	15.56	964
7	26	4	40	10	left	left	1	26	15.205	1710
7	27	4	40	10	left	left	1	18	15.679	1148
8	1	4	40	10	right	right	1	34	15.233	2232
8	2	4	40	10	right	right	1	133	15.19	8756
8	3	4	40	10	right	right	1	72	15.235	4726
8	4	4	40	10	left	right	0	116	15.259	7602
8	5	4	40	10	right	right	1	18	16	1125
8	6	4	40	10	right	left	0	23	15.262	1507
8	7	4	40	10	right	right	1	132	15.234	8665
8	8	4	40	10	left	right	0	40	15.332	2609
8	9	4	40	10	left	left	1	22	15.504	1419
8	10	4	40	10	right	left	0	41	15.196	2698
8	11	4	40	10	right	right	1	27	15.22	1774
8	12	4	40	10	left	right	0	36	15.12	2381
8	13	4	40	10	left	left	1	21	15.801	1329
8	14	4	40	10	right	right	1	34	15.413	2206
8	15	4	40	10	right	right	1	64	15.177	4217
9	1	4	40	10	left	left	1	37	15.475	2391
9	2	4	40	10	left	left	1	26	15.412	1687
9	3	4	40	10	left	left	1	40	15.261	2621
9	4	4	40	10	right	right	1	40	15.279	2618
9	5	4	40	10	left	left	1	15	15.136	991
9	6	4	40	10	right	right	1	20	15.492	1291
9	7	4	40	10	left	left	1	16	15.779	1014
9	8	4	40	10	right	right	1	14	16.298	859
9	9	4	40	10	right	right	1	49	15.336	3195
9	10	4	40	10	left	left	1	16	16	1000
9	11	4	40	10	right	right	1	24	15.123	1587
9	12	4	40	10	left	left	1	18	15.544	1158
9	13	4	40	10	right	right	1	16	15.414	1038
9	14	4	40	10	left	left	1	15	15.337	978
9	15	4	40	10	right	left	0	42	15.273	2750
9	16	4	40	10	left	left	1	35	15.494	2259
9	17	4	40	10	right	right	1	29	15.303	1895
9	18	4	40	10	right	right	1	17	15.947	1066
9	19	4	40	10	right	right	1	40	15.432	2592
9	20	4	40	10	right	right	1	16	15.444	1036
9	21	4	40	10	right	right	1	21	15.625	1344
9	22	4	40	10	right	right	1	16	15.311	1045
9	23	4	40	10	right	right	1	15	15.337	978
9	24	4	40	10	right	right	1	15	16.077	933
9	25	4	40	10	left	left	1	28	15.094	1855
9	26	4	40	10	right	right	1	26	15.616	1665
9	27	4	40	10	right	right	1	21	15.567	1349
9	28	4	40	10	left	right	0	35	15.178	2306
9	29	4	40	10	right	right	1	17	15.683	1084
9	30	4	40	10	left	left	1	17	15.26	1114
10	1	4	40	10	right	right	1	72	15.132	4758
10	2	4	40	10	left	left	1	16	15.123	1058
10	3	4	40	10	left	left	1	16	15.748	1016
10	4	4	40	10	right	left	0	14	15.284	916
10	5	4	40	10	left	left	1	21	15.789	1330
10	6	4	40	10	left	left	1	20	15.256	1311
10	7	4	40	10	right	right	1	39	15.318	2546
10	8	4	40	10	right	left	0	40	15.396	2598
10	9	4	40	10	left	left	1	25	15.244	1640
10	10	4	40	10	left	left	1	41	15.507	2644
10	11	4	40	10	left	left	1	31	15.241	2034
10	12	4	40	10	left	left	1	26	15.187	1712
10	13	4	40	10	right	left	0	30	15.322	1958
10	14	4	40	10	left	left	1	25	15.404	1623
10	15	4	40	10	left	left	1	28	15.127	1851
10	16	4	40	10	right	left	0	29	15.128	1917
10	17	4	40	10	right	right	1	24	15.18	1581
10	18	4	40	10	left	left	1	27	15.42	1751
10	19	4	40	10	right	right	1	42	15.228	2758
10	20	4	40	10	right	right	1	50	15.211	3287
10	21	4	40	10	left	right	0	31	15.271	2030
10	22	4	40	10	right	right	1	28	15.686	1785
10	23	4	40	10	right	left	0	51	15.21	3353
10	24	4	40	10	right	right	1	18	15.437	1166
11	1	4	40	10	right	right	1	41	15.548	2637
11	2	4	40	10	right	left	0	29	15.336	1891
11	3	4	40	10	right	right	1	23	15.344	1499
11	4	4	40	10	right	left	0	35	15.165	2308
11	5	4	40	10	right	right	1	32	15.231	2101
11	6	4	40	10	right	right	1	19	15.067	1261
11	7	4	40	10	left	left	1	26	15.196	1711
11	8	4	40	10	right	right	1	41	15.27	2685
11	9	4	40	10	right	left	0	53	15.208	3485
11	10	4	40	10	left	right	0	50	15.295	3269
11	11	4	40	10	right	right	1	21	15.719	1336
11	12	4	40	10	right	left	0	56	15.168	3692
11	13	4	40	10	left	left	1	45	15.317	2938
11	14	4	40	10	right	right	1	62	15.381	4031
11	15	4	40	10	right	right	1	37	15.41	2401
11	16	4	40	10	right	right	1	31	15.554	1993
11	17	4	40	10	right	right	1	28	15.234	1838
11	18	4	40	10	right	right	1	24	15.635	1535
11	19	4	40	10	left	left	1	67	15.196	4409
11	20	4	40	10	right	left	0	66	15.295	4315
12	1	4	40	10	left	left	1	50	15.295	3269
12	2	4	40	10	right	right	1	19	15.188	1251
12	3	4	40	10	left	left	1	22	15.471	1422
12	4	4	40	10	right	right	1	18	15.451	1165
12	5	4	40	10	left	left	1	22	15.31	1437
12	6	4	40	10	left	left	1	29	15.393	1884
12	7	4	40	10	right	right	1	20	15.267	1310
12	8	4	40	10	left	left	1	16	15.842	1010
12	9	4	40	10	left	left	1	27	15.22	1774
12	10	4	40	10	right	right	1	14	15.66	894
12	11	4	40	10	left	left	1	23	15.062	1527
12	12	4	40	10	right	right	1	15	15.121	992
12	13	4	40	10	left	left	1	13	15.403	844
12	14	4	40	10	right	right	1	14	15.982	876
12	15	4	40	10	right	left	0	43	15.418	2789
12	16	4	40	10	left	right	0	21	15.498	1355
12	17	4	40	10	right	right	1	29	15.525	1868
12	18	4	40	10	left	left	1	13	15.971	814
12	19	4	40	10	right	right	1	16	15.429	1037
12	20	4	40	10	left	left	1	11	15.759	698
12	21	4	40	10	left	left	1	17	15.888	1070
12	22	4	40	10	left	left	1	11	16.129	682
12	23	4	40	10	right	right	1	15	15.789	950
12	24	4	40	10	right	left	0	17	15.625	1088
12	25	4	40	10	left	left	1	19	15.587	1219
12	26	4	40	10	right	right	1	15	15.806	949
12	27	4	40	10	right	left	0	29	15.434	1879
12	28	4	40	10	right	right	1	12	16	750
12	29	4	40	10	left	left	1	12	16.043	748
12	30	4	40	10	left	right	0	12	15.444	777
12	31	4	40	10	left	left	1	15	16.234	924
12	32	4	40	10	right	right	1	15	15.4	974
12	33	4	40	10	left	left	1	17	15.497	1097
12	34	4	40	10	left	left	1	39	15.433	2527
12	35	4	40	10	right	right	1	15	15.448	971
13	1	4	40	10	right	right	1	23	15.222	1511
13	2	4	40	10	right	right	1	29	15.368	1887
13	3	4	40	10	left	left	1	28	15.334	1826
13	4	4	40	10	left	left	1	78	15.273	5107
13	5	4	40	10	right	right	1	19	15.926	1193
13	6	4	40	10	right	right	1	29	15.223	1905
13	7	4	40	10	right	right	1	23	15.743	1461
13	8	4	40	10	right	right	1	17	15.455	1100
13	9	4	40	10	right	right	1	21	15.778	1331
13	10	4	40	10	right	right	1	16	15.296	1046
13	11	4	40	10	left	left	1	12	15.075	796
13	12	4	40	10	left	left	1	14	15.73	890
13	13	4	40	10	left	left	1	27	15.464	1746
13	14	4	40	10	right	left	0	32	15.195	2106
13	15	4	40	10	right	right	1	15	15.244	984
13	16	4	40	10	left	left	1	15	15.707	955
13	17	4	40	10	right	right	1	24	15.564	1542
13	18	4	40	10	right	left	0	23	15.374	1496
13	19	4	40	10	left	left	1	18	15.887	1133
13	20	4	40	10	right	right	1	14	16.279	860
13	21	4	40	10	left	left	1	20	15.48	1292
13	22	4	40	10	left	left	1	24	15.464	1552
13	23	4	40	10	left	left	1	20	15.14	1321
13	24	4	40	10	right	right	1	19	15.561	1221
13	25	4	40	10	right	right	1	13	15.205	855
13	26	4	40	10	left	left	1	27	15.562	1735
13	27	4	40	10	left	left	1	17	15.654	1086
13	28	4	40	10	right	right	1	13	15.7	828
13	29	4	40	10	right	right	1	14	15.436	907
13	30	4	40	10	left	left	1	12	16.194	741
13	31	4	40	10	right	right	1	18	15.177	1186
13	32	4	40	10	right	right	1	29	15.533	1867
13	33	4	40	10	left	left	1	24	15.414	1557
14	1	4	40	10	left	left	1	44	15.246	2886
14	2	4	40	10	right	right	1	21	15.498	1355
14	3	4	40	10	left	left	1	12	15.287	785
14	4	4	40	10	right	right	1	23	15.818	1454
14	5	4	40	10	left	left	1	21	15.284	1374
14	6	4	40	10	left	left	1	37	15.501	2387
14	7	4	40	10	right	right	1	49	15.222	3219
14	8	4	40	10	left	left	1	20	15.81	1265
14	9	4	40	10	right	left	0	60	15.171	3955
14	10	4	40	10	right	right	1	75	15.272	4911
14	11	4	40	10	right	right	1	36	15.471	2327
14	12	4	40	10	right	right	1	25	15.198	1645
14	13	4	40	10	left	right	0	26	15.467	1681
14	14	4	40	10	left	left	1	28	15.739	1779
14	15	4	40	10	left	left	1	80	15.212	5259
14	16	4	40	10	left	left	1	38	15.194	2501
14	17	4	40	10	right	right	1	77	15.305	5031
14	18	4	40	10	right	right	1	41	15.524	2641
14	19	4	40	10	right	right	1	73	15.212	4799
14	20	4	40	10	left	right	0	37	15.139	2444
15	1	4	40	10	left	left	1	31	15.641	1982
15	2	4	40	10	right	left	0	28	15.326	1827
15	3	4	40	10	right	right	1	24	15.454	1553
15	4	4	40	10	right	right	1	47	15.205	3091
15	5	4	40	10	right	right	1	70	15.204	4604
15	6	4	40	10	left	right	0	30	15.144	1981
15	7	4	40	10	right	right	1	42	15.179	2767
15	8	4	40	10	right	right	1	24	15.152	1584
15	9	4	40	10	left	left	1	25	15.225	1642
15	10	4	40	10	right	left	0	21	15.648	1342
15	11	4	40	10	right	right	1	73	15.259	4784
15	12	4	40	10	left	right	0	41	15.276	2684
15	13	4	40	10	left	left	1	70	15.244	4592
15	14	4	40	10	left	left	1	37	15.214	2432
15	15	4	40	10	right	left	0	21	15.625	1344
15	16	4	40	10	right	right	1	78	15.252	5114
15	17	4	40	10	left	right	0	15	15.385	975
15	18	4	40	10	right	right	1	15	16.181	927
15	19	4	40	10	right	left	0	15	15.873	945
15	20	4	40	10	right	right	1	24	15.464	1552
15	21	4	40	10	right	right	1	29	15.409	1882
16	1	4	40	10	right	right	1	24	15.444	1554
16	2	4	40	10	right	right	1	28	15.385	1820
16	3	4	40	10	left	right	0	36	15.332	2348
16	4	4	40	10	left	right	0	23	15.721	1463
16	5	4	40	10	left	left	1	47	15.245	3083
16	6	4	40	10	left	left	1	29	15.271	1899
16	7	4	40	10	right	right	1	27	15.42	1751
16	8	4	40	10	left	left	1	16	15.534	1030
16	9	4	40	10	right	right	1	20	15.798	1266
16	10	4	40	10	right	right	1	33	15.131	2181
16	11	4	40	10	right	right	1	23	15.222	1511
16	12	4	40	10	left	left	1	19	15.94	1192
16	13	4	40	10	right	right	1	19	15.926	1193
16	14	4	40	10	right	right	1	16	15.968	1002
16	15	4	40	10	left	right	0	17	16.008	1062
16	16	4	40	10	right	right	1	17	15.511	1096
16	17	4	40	10	left	left	1	15	15.259	983
16	18	4	40	10	left	left	1	18	15.707	1146
16	19	4	40	10	right	left	0	15	15.856	946
16	20	4	40	10	right	right	1	18	15.943	1129
16	21	4	40	10	right	right	1	16	15.385	1040
16	22	4	40	10	left	left	1	17	15.329	1109
16	23	4	40	10	left	right	0	24	15.584	1540
16	24	4	40	10	left	left	1	34	15.274	2226
16	25	4	40	10	left	left	1	24	15.738	1525
16	26	4	40	10	right	right	1	18	15.437	1166
16	27	4	40	10	right	right	1	23	15.721	1463
16	28	4	40	10	right	right	1	27	15.499	1742
16	29	4	40	10	right	right	1	17	15.554	1093
16	30	4	40	10	left	right	0	18	15.477	1163
16	31	4	40	10	right	right	1	21	15.453	1359
17	1	4	40	10	right	left	0	57	15.192	3752
17	2	4	40	10	left	left	1	17	15.399	1104
17	3	4	40	10	left	left	1	19	15.152	1254
17	4	4	40	10	right	right	1	13	15.758	825
17	5	4	40	10	left	left	1	14	16.204	864
17	6	4	40	10	right	right	1	15	15.89	944
17	7	4	40	10	right	right	1	26	15.303	1699
17	8	4	40	10	right	right	1	17	15.288	1112
17	9	4	40	10	left	right	0	26	15.719	1654
17	10	4	40	10	right	right	1	20	15.823	1264
17	11	4	40	10	right	right	1	14	15.436	907
17	12	4	40	10	right	right	1	23	15.743	1461
17	13	4	40	10	right	right	1	20	15.674	1276
17	14	4	40	10	left	left	1	13	16.27	799
17	15	4	40	10	right	right	1	17	15.315	1110
17	16	4	40	10	left	left	1	18	16.014	1124
17	17	4	40	10	left	left	1	15	15.06	996
17	18	4	40	10	right	right	1	15	15.385	975
17	19	4	40	10	right	right	1	20	16	1250
17	20	4	40	10	right	right	1	13	15.385	845
17	21	4	40	10	left	left	1	13	15.385	845
17	22	4	40	10	left	left	1	13	15.385	845
17	23	4	40	10	right	right	1	19	15.98	1189
17	24	4	40	10	right	right	1	22	15.658	1405
17	25	4	40	10	left	left	1	33	15.486	2131
17	26	4	40	10	left	left	1	11	15.027	732
17	27	4	40	10	left	left	1	15	16.009	937
17	28	4	40	10	left	left	1	13	15.421	843
17	29	4	40	10	left	left	1	15	16.112	931
17	30	4	40	10	right	right	1	19	15.664	1213
17	31	4	40	10	right	right	1	14	15.801	886
17	32	4	40	10	right	right	1	13	16.27	799
17	33	4	40	10	right	right	1	15	15.658	958
17	34	4	40	10	left	left	1	13	15.912	817
17	35	4	40	10	right	right	1	12	15.464	776
17	36	4	40	10	right	right	1	12	15.831	758
17	37	4	40	10	right	right	1	12	15.094	795
17	38	4	40	10	right	right	1	10	15.385	650
17	39	4	40	10	right	right	1	12	15.873	756
17	40	4	40	10	right	right	1	19	15.702	1210
18	1	4	40	10	right	right	1	20	16	1250
18	2	4	40	10	left	left	1	11	15.896	692
18	3	4	40	10	left	left	1	14	15.217	920
18	4	4	40	10	right	right	1	12	15.113	794
18	5	4	40	10	left	left	1	10	16.026	624
18	6	4	40	10	left	left	1	11	15.385	715
18	7	4	40	10	left	left	1	11	16.2	679
18	8	4	40	10	left	left	1	11	15.559	707
18	9	4	40	10	left	left	1	15	15.385	975
18	10	4	40	10	right	right	1	15	16.269	922
18	11	4	40	10	left	left	1	11	15.027	732
18	12	4	40	10	left	left	1	14	15.891	881
18	13	4	40	10	left	left	1	12	15.748	762
18	14	4	40	10	left	left	1	17	15.977	1064
18	15	4	40	10	left	left	1	41	15.408	2661
18	16	4	40	10	left	left	1	12	15.727	763
18	17	4	40	10	right	right	1	11	15.603	705
18	18	4	40	10	right	left	0	20	15.468	1293
18	19	4	40	10	right	right	1	13	16.169	804
18	20	4	40	10	left	left	1	12	15.564	771
18	21	4	40	10	right	right	1	12	15.605	769
18	22	4	40	10	left	left	1	15	15.136	991
18	23	4	40	10	left	left	1	19	15.794	1203
18	24	4	40	10	left	left	1	15	16.234	924
18	25	4	40	10	right	right	1	12	15.345	782
18	26	4	40	10	left	left	1	41	15.362	2669
18	27	4	40	10	left	left	1	21	15.407	1363
18	28	4	40	10	left	left	1	26	15.467	1681
18	29	4	40	10	left	left	1	14	16.11	869
18	30	4	40	10	right	right	1	11	16.224	678
18	31	4	40	10	right	right	1	13	15.758	825
18	32	4	40	10	left	left	1	22	15.183	1449
18	33	4	40	10	left	left	1	19	15.523	1224
18	34	4	40	10	right	right	1	13	15.758	825
18	35	4	40	10	right	right	1	15	15.625	960
18	36	4	40	10	left	left	1	13	16.189	803
18	37	4	40	10	left	left	1	26	15.169	1714
18	38	4	40	10	right	right	1	12	15.957	752
18	39	4	40	10	right	right	1	13	15.971	814
18	40	4	40	10	right	right	1	19	15.98	1189
18	41	4	40	10	right	left	0	14	15.521	902
18	42	4	40	10	right	right	1	12	15.873	756
19	1	4	40	10	right	right	1	15	15.03	998
19	2	4	40	10	right	right	1	11	15.235	722
19	3	4	40	10	left	left	1	13	15.951	815
19	4	4	40	10	right	right	1	13	15.222	854
19	5	4	40	10	right	right	1	14	15.801	886
19	6	4	40	10	right	right	1	14	15.504	903
19	7	4	40	10	right	right	1	18	15.216	1183
19	8	4	40	10	left	left	1	15	15.512	967
19	9	4	40	10	left	left	1	43	15.479	2778
19	10	4	40	10	left	left	1	24	15.748	1524
19	11	4	40	10	left	left	1	19	15.261	1245
19	12	4	40	10	right	right	1	17	15.755	1079
19	13	4	40	10	right	right	1	19	15.768	1205
19	14	4	40	10	left	left	1	40	15.438	2591
19	15	4	40	10	right	left	0	54	15.293	3531
19	16	4	40	10	right	right	1	12	15.852	757
19	17	4	40	10	left	left	1	11	15.048	731
19	18	4	40	10	left	left	1	12	15.171	791
19	19	4	40	10	left	left	1	17	15.206	1118
19	20	4	40	10	right	right	1	24	15.504	1548
19	21	4	40	10	left	left	1	13	15.222	854
19	22	4	40	10	left	left	1	24	15.404	1558
19	23	4	40	10	right	right	1	25	15.319	1632
19	24	4	40	10	right	right	1	19	15.079	1260
19	25	4	40	10	left	left	1	12	15.326	783
19	26	4	40	10	left	left	1	42	15.458	2717
19	27	4	40	10	right	left	0	48	15.243	3149
19	28	4	40	10	right	right	1	19	15.46	1229
19	29	4	40	10	right	right	1	26	15.495	1678
19	30	4	40	10	right	right	1	12	15.113	794
19	31	4	40	10	right	right	1	21	15.719	1336
19	32	4	40	10	right	right	1	14	16.26	861
19	33	4	40	10	right	right	1	13	15.532	837
19	34	4	40	10	right	right	1	18	16	1125
20	1	4	40	10	right	right	1	16	15.109	1059
20	2	4	40	10	right	right	1	16	15.984	1001
20	3	4	40	10	left	left	1	17	15.329	1109
20	4	4	40	10	right	right	1	14	15.855	883
20	5	4	40	10	right	right	1	23	15.252	1508
20	6	4	40	10	right	right	1	15	15.806	949
20	7	4	40	10	left	left	1	14	16.073	871
20	8	4	40	10	left	left	1	15	15.625	960
20	9	4	40	10	right	right	1	15	15.448	971
20	10	4	40	10	right	right	1	15	15.789	950
20	11	4	40	10	right	right	1	13	16.089	808
20	12	4	40	10	left	left	1	11	15.131	727
20	13	4	40	10	right	right	1	10	15.337	652
20	14	4	40	10	left	left	1	9	15.873	567
20	15	4	40	10	left	left	1	15	15.496	968
20	16	4	40	10	left	left	1	14	15.713	891
20	17	4	40	10	left	left	1	13	16.332	796
20	18	4	40	10	left	left	1	19	15.69	1211
20	19	4	40	10	right	right	1	15	16.234	924
20	20	4	40	10	right	left	0	17	15.539	1094
20	21	4	40	10	left	left	1	23	15.364	1497
20	22	4	40	10	right	right	1	18	15.611	1153
20	23	4	40	10	left	left	1	11	15.428	713
20	24	4	40	10	left	left	1	13	15.99	813
20	25	4	40	10	left	left	1	11	15.515	709
20	26	4	40	10	right	left	0	14	15.334	913
20	27	4	40	10	right	right	1	25	15.635	1599
20	28	4	40	10	right	right	1	18	15.929	1130
20	29	4	40	10	left	left	1	16	15.253	1049
20	30	4	40	10	left	left	1	14	15.801	886
20	31	4	40	10	left	left	1	15	16.181	927
20	32	4	40	10	right	right	1	12	15.287	785
20	33	4	40	10	right	right	1	13	15.33	848
20	34	4	40	10	left	left	1	14	15.487	904
20	35	4	40	10	right	right	1	26	15.249	1705
20	36	4	40	10	right	right	1	19	15.536	1223
20	37	4	40	10	right	left	0	16	16	1000
20	38	4	40	10	right	right	1	24	15.615	1537
20	39	4	40	10	right	right	1	16	15.224	1051
20	40	4	40	10	right	right	1	17	15.288	1112
20	41	4	40	10	left	left	1	18	15.319	1175
20	42	4	40	10	right	right	1	19	15.953	1191
21	1	4	40	10	right	right	1	29	15.6	1859
21	2	4	40	10	right	right	1	12	15.544	772
21	3	4	40	10	right	right	1	13	15.892	818
21	4	4	40	10	left	left	1	12	15.769	761
21	5	4	40	10	right	right	1	11	15.67	702
21	6	4	40	10	right	right	1	13	15.569	835
21	7	4	40	10	right	right	1	20	15.601	1282
21	8	4	40	10	right	right	1	15	15.275	982
21	9	4	40	10	right	right	1	14	16.037	873
21	10	4	40	10	right	right	1	11	15.257	721
21	11	4	40	10	left	left	1	12	16.173	742
21	12	4	40	10	left	left	1	11	15.385	715
21	13	4	40	10	right	right	1	11	16.012	687
21	14	4	40	10	right	left	0	13	15.873	819
21	15	4	40	10	right	right	1	19	15.237	1247
21	16	4	40	10	right	left	0	11	15.603	705
21	17	4	40	10	left	left	1	20	15.711	1273
21	18	4	40	10	right	right	1	18	15.571	1156
21	19	4	40	10	left	left	1	11	15.363	716
21	20	4	40	10	left	left	1	16	15.489	1033
21	21	4	40	10	right	right	1	26	15.653	1661
21	22	4	40	10	left	left	1	12	15.915	754
21	23	4	40	10	left	left	1	14	16.204	864
21	24	4	40	10	right	right	1	12	15.625	768
21	25	4	40	10	left	left	1	21	15.373	1366
21	26	4	40	10	right	right	1	25	15.216	1643
21	27	4	40	10	left	left	1	11	15.131	727
21	28	4	40	10	left	left	1	15	15.69	956
21	29	4	40	10	left	left	1	16	15.889	1007
21	30	4	40	10	left	left	1	14	15.855	883
21	31	4	40	10	right	right	1	25	15.664	1596
21	32	4	40	10	right	left	0	13	16.109	807
21	33	4	40	10	left	left	1	28	15.608	1794
21	34	4	40	10	left	left	1	32	15.187	2107
21	35	4	40	10	left	left	1	12	15.404	779
21	36	4	40	10	left	right	0	35	15.507	2257
21	37	4	40	10	right	left	0	39	15.318	2546
21	38	4	40	10	left	left	1	15	15.593	962
21	39	4	40	10	right	left	0	13	15.99	813
22	1	4	40	10	right	right	1	36	15.517	2320
22	2	4	40	10	right	right	1	20	15.76	1269
22	3	4	40	10	left	left	1	14	15.784	887
22	4	4	40	10	right	right	1	17	15.179	1120
22	5	4	40	10	left	left	1	12	15.81	759
22	6	4	40	10	left	left	1	10	15.528	644
22	7	4	40	10	right	right	1	11	16.393	671
22	8	4	40	10	left	left	1	13	15.421	843
22	9	4	40	10	right	right	1	22	15.162	1451
22	10	4	40	10	right	right	1	16	15.842	1010
22	11	4	40	10	right	right	1	15	15.4	974
22	12	4	40	10	left	left	1	13	16.23	801
22	13	4	40	10	left	left	1	14	16.204	864
22	14	4	40	10	right	right	1	16	15.873	1008
22	15	4	40	10	right	right	1	15	16.094	932
22	16	4	40	10	left	left	1	13	16.129	806
22	17	4	40	10	left	left	1	14	15.677	893
22	18	4	40	10	right	right	1	27	15.22	1774
22	19	4	40	10	left	left	1	11	15.515	709
22	20	4	40	10	left	left	1	18	15.491	1162
22	21	4	40	10	right	right	1	11	15.581	706
22	22	4	40	10	right	left	0	12	15.19	790
22	23	4	40	10	right	right	1	15	15.213	986
22	24	4	40	10	right	right	1	37	15.183	2437
22	25	4	40	10	right	right	1	14	15.66	894
22	26	4	40	10	left	left	1	15	16.181	927
22	27	4	40	10	right	right	1	15	15.873	945
22	28	4	40	10	right	right	1	15	15.322	979
22	29	4	40	10	left	left	1	13	15.971	814
22	30	4	40	10	left	left	1	14	15.521	902
22	31	4	40	10	left	left	1	14	15.504	903
22	32	4	40	10	right	right	1	13	15.33	848
22	33	4	40	10	left	left	1	12	15.152	792
22	34	4	40	10	right	right	1	16	15.779	1014
22	35	4	40	10	left	left	1	33	15.603	2115
22	36	4	40	10	right	right	1	24	15.758	1523
22	37	4	40	10	right	right	1	32	15.296	2092
22	38	4	40	10	right	right	1	24	15.666	1532
22	39	4	40	10	left	left	1	19	15.664	1213
22	40	4	40	10	right	right	1	20	15.637	1279
23	1	4	40	10	right	right	1	22	15.172	1450
23	2	4	40	10	left	left	1	10	15.408	649
23	3	4	40	10	left	left	1	14	15.419	908
23	4	4	40	10	left	left	1	11	16.058	685
23	5	4	40	10	right	right	1	22	15.183	1449
23	6	4	40	10	right	left	0	31	15.438	2008
23	7	4	40	10	right	right	1	23	15.354	1498
23	8	4	40	10	left	left	1	13	16.189	803
23	9	4	40	10	right	right	1	11	16.517	666
23	10	4	40	10	right	right	1	19	15.164	1253
23	11	4	40	10	left	left	1	11	15.827	695
23	12	4	40	10	left	left	1	16	15.579	1027
23	13	4	40	10	left	left	1	25	15.625	1600
23	14	4	40	10	left	right	0	26	15.672	1659
23	15	4	40	10	right	right	1	13	16.169	804
23	16	4	40	10	left	left	1	12	16.064	747
23	17	4	40	10	left	left	1	14	16.204	864
23	18	4	40	10	right	left	0	13	15.777	824
23	19	4	40	10	left	left	1	12	15.365	781
23	20	4	40	10	right	right	1	15	15.576	963
23	21	4	40	10	right	right	1	18	15.228	1182
23	22	4	40	10	left	left	1	15	15.789	950
23	23	4	40	10	right	right	1	17	15.165	1121
23	24	4	40	10	right	right	1	23	15.646	1470
23	25	4	40	10	left	left	1	14	15.385	910
23	26	4	40	10	left	left	1	15	16.164	928
23	27	4	40	10	left	left	1	17	15.596	1090
23	28	4	40	10	left	left	1	14	15.487	904
23	29	4	40	10	left	left	1	23	15.775	1458
23	30	4	40	10	right	right	1	12	15.444	777
23	31	4	40	10	left	left	1	13	15.644	831
23	32	4	40	10	left	left	1	28	15.292	1831
23	33	4	40	10	right	right	1	15	15.496	968
23	34	4	40	10	left	left	1	13	15.873	819
23	35	4	40	10	right	right	1	14	15.855	883
23	36	4	40	10	right	right	1	14	15.436	907
23	37	4	40	10	right	right	1	14	16.11	869
23	38	4	40	10	left	left	1	14	15.819	885
23	39	4	40	10	right	right	1	13	15.971	814
23	40	4	40	10	left	left	1	15	15.806	949
23	41	4	40	10	right	right	1	11	15.11	728
24	1	4	40	10	left	right	0	25	15.17	1648
24	2	4	40	10	left	left	1	11	15.581	706
24	3	4	40	10	right	right	1	10	15.291	654
24	4	4	40	10	left	left	1	14	15.748	889
24	5	4	40	10	right	right	1	16	15.474	1034
24	6	4	40	10	right	right	1	12	15.831	758
24	7	4	40	10	right	right	1	13	15.403	844
24	8	4	40	10	right	right	1	12	15.228	788
24	9	4	40	10	left	left	1	14	15.59	898
24	10	4	40	10	left	right	0	11	16.082	684
24	11	4	40	10	right	right	1	12	15.228	788
24	12	4	40	10	right	right	1	12	15.094	795
24	13	4	40	10	right	right	1	13	15.312	849
24	14	4	40	10	left	left	1	13	15.606	833
24	15	4	40	10	right	right	1	11	15.278	720
24	16	4	40	10	right	right	1	19	15.677	1212
24	17	4	40	10	right	right	1	13	15.513	838
24	18	4	40	10	left	left	1	12	15.852	757
24	19	4	40	10	left	left	1	23	15.102	1523
24	20	4	40	10	left	left	1	16	15.936	1004
24	21	4	40	10	right	right	1	19	15.625	1216
24	22	4	40	10	right	right	1	14	16.166	866
24	23	4	40	10	left	left	1	35	15.556	2250
24	24	4	40	10	right	right	1	17	15.426	1102
24	25	4	40	10	left	left	1	33	15.186	2173
24	26	4	40	10	right	right	1	11	15.85	694
24	27	4	40	10	left	left	1	11	15.581	706
24	28	4	40	10	left	left	1	12	16.304	736
24	29	4	40	10	left	left	1	14	16.279	860
24	30	4	40	10	right	left	0	13	15.7	828
24	31	4	40	10	left	left	1	16	15.873	1008
24	32	4	40	10	left	left	1	11	15.714	700
24	33	4	40	10	right	right	1	11	15.449	712
24	34	4	40	10	right	left	0	13	15.532	837
24	35	4	40	10	left	left	1	12	15.769	761
24	36	4	40	10	right	right	1	11	16.012	687
24	37	4	40	10	right	right	1	24	15.355	1563
24	38	4	40	10	right	right	1	17	15.219	1117
24	39	4	40	10	right	right	1	11	16.272	676
24	40	4	40	10	right	right	1	18	15.203	1184
24	41	4	40	10	left	left	1	19	15.523	1224
24	42	4	40	10	left	left	1	14	15.317	914
24	43	4	40	10	right	left	0	13	16.03	811
