
blkNum	trlNum	coherentDots	numberofDots	percentCoherence	winningDirection	response	correct	eventCount	averageFrameRate	RT
1	1	4	40	10	left	right	0	67	15.162	4419
1	2	4	40	10	left	right	0	19	15.587	1219
1	3	4	40	10	left	left	1	24	15.842	1515
1	4	4	40	10	left	right	0	40	15.367	2603
1	5	4	40	10	left	left	1	53	15.173	3493
1	6	4	40	10	left	right	0	74	15.192	4871
1	7	4	40	10	right	left	0	89	15.19	5859
1	8	4	40	10	left	right	0	54	15.302	3529
1	9	4	40	10	right	right	1	35	15.337	2282
1	10	4	40	10	right	left	0	15	15.385	975
1	11	4	40	10	right	right	1	54	15.241	3543
1	12	4	40	10	left	right	0	45	15.141	2972
1	13	4	40	10	right	left	0	86	15.162	5672
1	14	4	40	10	right	right	1	23	15.212	1512
1	15	4	40	10	right	right	1	22	15.439	1425
1	16	4	40	10	right	right	1	20	15.256	1311
1	17	4	40	10	left	right	0	23	15.689	1466
2	1	4	40	10	left	left	1	51	15.394	3313
2	2	4	40	10	left	left	1	39	15.324	2545
2	3	4	40	10	left	left	1	38	15.152	2508
2	4	4	40	10	right	left	0	32	15.633	2047
2	5	4	40	10	left	left	1	51	15.315	3330
2	6	4	40	10	left	right	0	31	15.547	1994
2	7	4	40	10	left	left	1	34	15.539	2188
2	8	4	40	10	right	right	1	52	15.191	3423
2	9	4	40	10	left	right	0	14	15.748	889
2	10	4	40	10	right	left	0	59	15.214	3878
2	11	4	40	10	right	right	1	21	15.813	1328
2	12	4	40	10	left	left	1	20	15.576	1284
2	13	4	40	10	left	left	1	42	15.179	2767
2	14	4	40	10	left	right	0	27	15.332	1761
2	15	4	40	10	right	left	0	30	15.584	1925
2	16	4	40	10	left	left	1	24	15.414	1557
2	17	4	40	10	right	right	1	32	15.159	2111
2	18	4	40	10	left	left	1	23	15.551	1479
2	19	4	40	10	left	right	0	35	15.304	2287
2	20	4	40	10	right	right	1	28	15.152	1848
2	21	4	40	10	right	right	1	17	15.26	1114
2	22	4	40	10	left	right	0	13	15.912	817
2	23	4	40	10	right	left	0	21	15.475	1357
3	1	4	40	10	right	right	1	49	15.322	3198
3	2	4	40	10	right	right	1	24	15.852	1514
3	3	4	40	10	right	right	1	25	15.674	1595
3	4	4	40	10	left	right	0	25	15.413	1622
3	5	4	40	10	right	right	1	27	15.553	1736
3	6	4	40	10	left	left	1	20	15.373	1301
3	7	4	40	10	right	left	0	15	16.146	929
3	8	4	40	10	right	right	1	32	15.159	2111
3	9	4	40	10	left	right	0	23	15.71	1464
3	10	4	40	10	left	left	1	30	15.213	1972
3	11	4	40	10	right	left	0	22	15.703	1401
3	12	4	40	10	left	right	0	38	14.032	2708
3	13	4	40	10	left	left	1	12	16.282	737
3	14	4	40	10	left	left	1	13	15.644	831
3	15	4	40	10	left	left	1	12	15.345	782
3	16	4	40	10	left	right	0	20	15.373	1301
3	17	4	40	10	left	left	1	26	15.214	1709
3	18	4	40	10	left	left	1	26	15.672	1659
3	19	4	40	10	right	right	1	17	15.511	1096
3	20	4	40	10	left	right	0	28	15.234	1838
3	21	4	40	10	right	right	1	24	15.267	1572
3	22	4	40	10	right	left	0	18	15.332	1174
3	23	4	40	10	right	right	1	19	15.298	1242
3	24	4	40	10	left	right	0	15	16.094	932
3	25	4	40	10	right	left	0	15	15.974	939
3	26	4	40	10	left	left	1	18	15.28	1178
3	27	4	40	10	right	left	0	22	15.603	1410
3	28	4	40	10	right	right	1	20	15.76	1269
3	29	4	40	10	right	right	1	20	15.723	1272
3	30	4	40	10	right	left	0	15	15.198	987
4	1	4	40	10	left	left	1	24	15.444	1554
4	2	4	40	10	left	left	1	21	15.217	1380
4	3	4	40	10	right	left	0	19	15.913	1194
4	4	4	40	10	left	right	0	15	15.385	975
4	5	4	40	10	right	left	0	18	15.216	1183
4	6	4	40	10	right	right	1	12	15.209	789
4	7	4	40	10	right	right	1	14	15.713	891
4	8	4	40	10	right	right	1	18	15.679	1148
4	9	4	40	10	right	left	0	20	15.576	1284
4	10	4	40	10	left	right	0	10	15.528	644
4	11	4	40	10	right	right	1	14	15.284	916
4	12	4	40	10	right	right	1	20	15.662	1277
4	13	4	40	10	left	left	1	21	15.813	1328
4	14	4	40	10	right	left	0	33	15.306	2156
4	15	4	40	10	right	right	1	48	15.449	3107
4	16	4	40	10	right	left	0	49	15.37	3188
4	17	4	40	10	left	right	0	19	15.164	1253
4	18	4	40	10	right	right	1	32	15.648	2045
4	19	4	40	10	right	left	0	12	15.094	795
4	20	4	40	10	left	right	0	17	15.413	1103
4	21	4	40	10	right	left	0	16	15.842	1010
4	22	4	40	10	left	left	1	21	15.778	1331
4	23	4	40	10	right	left	0	23	15.636	1471
4	24	4	40	10	left	right	0	11	16.082	684
4	25	4	40	10	right	left	0	20	15.576	1284
4	26	4	40	10	right	left	0	18	15.254	1180
4	27	4	40	10	right	left	0	17	15.497	1097
4	28	4	40	10	right	right	1	15	16.234	924
4	29	4	40	10	right	right	1	11	15.32	718
4	30	4	40	10	right	right	1	13	15.873	819
4	31	4	40	10	left	right	0	17	15.152	1122
5	1	4	40	10	left	right	0	27	15.562	1735
5	2	4	40	10	left	left	1	10	15.949	627
5	3	4	40	10	left	right	0	19	15.873	1197
5	4	4	40	10	left	left	1	10	15.974	626
5	5	4	40	10	right	left	0	12	15.686	765
5	6	4	40	10	right	right	1	14	15.784	887
5	7	4	40	10	left	right	0	18	15.411	1168
5	8	4	40	10	left	left	1	9	15.28	589
5	9	4	40	10	left	left	1	11	15.493	710
5	10	4	40	10	left	left	1	10	16.155	619
5	11	4	40	10	right	left	0	24	15.424	1556
5	12	4	40	10	left	left	1	34	15.546	2187
5	13	4	40	10	left	right	0	20	15.76	1269
5	14	4	40	10	right	right	1	13	16.149	805
5	15	4	40	10	left	left	1	36	15.551	2315
5	16	4	40	10	left	left	1	22	15.183	1449
5	17	4	40	10	left	right	0	33	15.508	2128
5	18	4	40	10	left	left	1	18	15.544	1158
5	19	4	40	10	left	right	0	26	15.276	1702
5	20	4	40	10	left	left	1	23	15.7	1465
5	21	4	40	10	right	left	0	22	15.526	1417
5	22	4	40	10	right	left	0	19	15.485	1227
5	23	4	40	10	left	right	0	20	15.221	1314
5	24	4	40	10	left	left	1	7	16.092	435
5	25	4	40	10	left	left	1	44	15.283	2879
5	26	4	40	10	left	left	1	27	15.246	1771
5	27	4	40	10	right	left	0	20	15.396	1299
5	28	4	40	10	right	left	0	27	15.67	1723
5	29	4	40	10	right	right	1	13	15.663	830
5	30	4	40	10	left	right	0	21	15.742	1334
5	31	4	40	10	left	left	1	12	16.151	743
5	32	4	40	10	left	left	1	18	15.901	1132
6	1	4	40	10	right	right	1	26	15.214	1709
6	2	4	40	10	right	left	0	14	15.301	915
6	3	4	40	10	right	left	0	9	16.484	546
6	4	4	40	10	left	left	1	7	15.119	463
6	5	4	40	10	left	right	0	11	16.667	660
6	6	4	40	10	right	left	0	14	15.284	916
6	7	4	40	10	right	left	0	10	15.773	634
6	8	4	40	10	left	right	0	16	15.733	1017
6	9	4	40	10	left	right	0	13	15.738	826
6	10	4	40	10	left	left	1	12	15.171	791
6	11	4	40	10	left	right	0	21	15.66	1341
6	12	4	40	10	right	left	0	13	16.291	798
6	13	4	40	10	right	left	0	11	16.153	681
6	14	4	40	10	left	right	0	13	16.209	802
6	15	4	40	10	right	left	0	16	15.296	1046
6	16	4	40	10	left	right	0	24	15.385	1560
6	17	4	40	10	left	left	1	21	15.184	1383
6	18	4	40	10	left	left	1	13	15.854	820
6	19	4	40	10	left	left	1	14	16.279	860
6	20	4	40	10	right	right	1	12	16.216	740
6	21	4	40	10	left	left	1	13	15.169	857
6	22	4	40	10	left	right	0	12	15.769	761
6	23	4	40	10	right	left	0	7	16.393	427
6	24	4	40	10	right	right	1	10	16.103	621
6	25	4	40	10	left	right	0	11	15.299	719
6	26	4	40	10	right	left	0	6	14.963	401
6	27	4	40	10	left	left	1	7	15.837	442
6	28	4	40	10	left	left	1	10	16.667	600
6	29	4	40	10	right	right	1	8	15.595	513
6	30	4	40	10	right	right	1	9	15.203	592
6	31	4	40	10	left	left	1	10	16	625
6	32	4	40	10	right	left	0	8	16.807	476
6	33	4	40	10	right	left	0	19	15.139	1255
6	34	4	40	10	right	left	0	7	16.908	414
6	35	4	40	10	left	right	0	13	15.348	847
6	36	4	40	10	left	left	1	20	15.773	1268
6	37	4	40	10	right	left	0	16	15.64	1023
6	38	4	40	10	right	right	1	26	15.476	1680
6	39	4	40	10	right	left	0	22	15.31	1437
7	1	4	40	10	right	left	0	16	15.952	1003
7	2	4	40	10	left	right	0	4	15.385	260
7	3	4	40	10	left	tooFast	2	4	17.857	224
7	4	4	40	10	right	left	0	32	15.296	2092
7	5	4	40	10	left	right	0	15	15.873	945
7	6	4	40	10	left	left	1	34	15.343	2216
7	7	4	40	10	right	right	1	27	15.315	1763
7	8	4	40	10	left	left	1	29	15.533	1867
7	9	4	40	10	right	left	0	34	15.532	2189
7	10	4	40	10	right	right	1	16	15.81	1012
7	11	4	40	10	left	right	0	26	15.403	1688
7	12	4	40	10	right	right	1	15	15.974	939
7	13	4	40	10	right	right	1	16	15.671	1021
7	14	4	40	10	right	left	0	18	15.491	1162
7	15	4	40	10	right	left	0	36	15.107	2383
7	16	4	40	10	left	right	0	14	16.148	867
7	17	4	40	10	left	left	1	33	15.335	2152
7	18	4	40	10	right	left	0	20	15.42	1297
7	19	4	40	10	right	left	0	18	15.598	1154
7	20	4	40	10	right	right	1	19	15.249	1246
7	21	4	40	10	left	right	0	22	15.625	1408
7	22	4	40	10	left	left	1	15	15.839	947
7	23	4	40	10	left	left	1	16	15.564	1028
7	24	4	40	10	left	left	1	18	15.943	1129
7	25	4	40	10	right	right	1	19	15.728	1208
7	26	4	40	10	right	right	1	20	15.798	1266
7	27	4	40	10	right	right	1	21	15.766	1332
7	28	4	40	10	left	left	1	21	15.813	1328
7	29	4	40	10	right	left	0	28	15.251	1836
7	30	4	40	10	left	left	1	23	15.689	1466
7	31	4	40	10	right	right	1	22	15.782	1394
8	1	4	40	10	left	right	0	31	15.461	2005
8	2	4	40	10	right	left	0	7	15.351	456
8	3	4	40	10	left	left	1	21	15.228	1379
8	4	4	40	10	right	right	1	23	15.212	1512
8	5	4	40	10	right	right	1	27	15.263	1769
8	6	4	40	10	right	right	1	20	15.516	1289
8	7	4	40	10	left	left	1	24	15.666	1532
8	8	4	40	10	right	right	1	21	15.648	1342
8	9	4	40	10	right	left	0	38	15.31	2482
8	10	4	40	10	right	left	0	17	15.511	1096
8	11	4	40	10	left	right	0	41	15.276	2684
8	12	4	40	10	right	left	0	30	15.625	1920
8	13	4	40	10	right	right	1	14	15.217	920
8	14	4	40	10	right	right	1	18	15.817	1138
8	15	4	40	10	left	right	0	21	15.239	1378
8	16	4	40	10	left	left	1	27	15.661	1724
8	17	4	40	10	right	left	0	26	15.16	1715
8	18	4	40	10	right	left	0	26	15.653	1661
8	19	4	40	10	left	left	1	31	15.263	2031
8	20	4	40	10	left	right	0	41	15.495	2646
8	21	4	40	10	right	left	0	24	15.152	1584
8	22	4	40	10	right	left	0	24	15.152	1584
8	23	4	40	10	left	right	0	16	15.64	1023
8	24	4	40	10	right	left	0	24	15.464	1552
8	25	4	40	10	left	right	0	15	15.907	943
8	26	4	40	10	right	right	1	39	15.348	2541
8	27	4	40	10	right	left	0	30	15.244	1968
9	1	4	40	10	left	right	0	33	15.257	2163
9	2	4	40	10	left	left	1	18	15.943	1129
9	3	4	40	10	right	left	0	26	15.403	1688
9	4	4	40	10	right	right	1	22	15.504	1419
9	5	4	40	10	right	right	1	28	15.616	1793
9	6	4	40	10	left	right	0	24	15.779	1521
9	7	4	40	10	left	right	0	23	15.222	1511
9	8	4	40	10	right	left	0	20	15.186	1317
9	9	4	40	10	right	left	0	46	15.385	2990
9	10	4	40	10	left	left	1	25	15.235	1641
9	11	4	40	10	right	left	0	28	15.453	1812
9	12	4	40	10	right	right	1	20	15.699	1274
9	13	4	40	10	right	right	1	22	15.748	1397
9	14	4	40	10	left	right	0	26	15.449	1683
9	15	4	40	10	left	left	1	15	15.167	989
9	16	4	40	10	left	left	1	19	15.715	1209
9	17	4	40	10	left	right	0	34	15.329	2218
9	18	4	40	10	right	left	0	20	15.408	1298
9	19	4	40	10	right	left	0	16	15.952	1003
9	20	4	40	10	left	right	0	24	15.504	1548
9	21	4	40	10	right	right	1	29	15.475	1874
9	22	4	40	10	left	left	1	24	15.504	1548
9	23	4	40	10	left	left	1	21	15.464	1358
9	24	4	40	10	left	right	0	26	15.439	1684
9	25	4	40	10	right	left	0	15	16.06	934
9	26	4	40	10	right	left	0	12	15.686	765
9	27	4	40	10	left	left	1	27	15.707	1719
9	28	4	40	10	left	left	1	25	15.489	1614
10	1	4	40	10	right	right	1	23	15.678	1467
10	2	4	40	10	right	right	1	28	15.193	1843
10	3	4	40	10	right	right	1	27	15.437	1749
10	4	4	40	10	left	left	1	20	15.291	1308
10	5	4	40	10	right	right	1	28	15.086	1856
10	6	4	40	10	right	right	1	31	15.485	2002
10	7	4	40	10	right	left	0	30	15.314	1959
10	8	4	40	10	right	right	1	10	16.234	616
10	9	4	40	10	left	left	1	27	15.186	1778
10	10	4	40	10	left	right	0	24	15.277	1571
10	11	4	40	10	right	left	0	20	15.129	1322
10	12	4	40	10	right	right	1	40	15.18	2635
10	13	4	40	10	right	right	1	43	15.357	2800
10	14	4	40	10	left	right	0	36	15.557	2314
10	15	4	40	10	right	right	1	27	15.508	1741
10	16	4	40	10	left	right	0	29	15.336	1891
10	17	4	40	10	right	right	1	23	15.52	1482
10	18	4	40	10	right	left	0	29	15.401	1883
10	19	4	40	10	left	right	0	18	15.598	1154
10	20	4	40	10	right	right	1	16	15.166	1055
10	21	4	40	10	left	right	0	19	15.372	1236
10	22	4	40	10	right	left	0	15	15.213	986
10	23	4	40	10	right	right	1	29	15.608	1858
10	24	4	40	10	left	right	0	27	15.437	1749
10	25	4	40	10	left	left	1	19	15.94	1192
10	26	4	40	10	right	left	0	21	15.801	1329
10	27	4	40	10	left	left	1	17	15.582	1091
11	1	4	40	10	right	right	1	36	15.248	2361
11	2	4	40	10	right	left	0	24	15.306	1568
11	3	4	40	10	right	left	0	18	15.859	1135
11	4	4	40	10	right	left	0	24	15.19	1580
11	5	4	40	10	right	right	1	6	17.699	339
11	6	4	40	10	left	right	0	9	15.679	574
11	7	4	40	10	right	right	1	19	15.886	1196
11	8	4	40	10	right	left	0	21	15.66	1341
11	9	4	40	10	right	right	1	28	15.642	1790
11	10	4	40	10	left	right	0	38	15.286	2486
11	11	4	40	10	right	left	0	18	15.557	1157
11	12	4	40	10	right	left	0	17	15.26	1114
11	13	4	40	10	left	left	1	15	15.806	949
11	14	4	40	10	right	left	0	21	15.173	1384
11	15	4	40	10	left	right	0	12	16.26	738
11	16	4	40	10	right	left	0	19	15.886	1196
11	17	4	40	10	left	left	1	19	15.807	1202
11	18	4	40	10	left	left	1	24	15.365	1562
11	19	4	40	10	right	left	0	24	15.18	1581
11	20	4	40	10	right	left	0	23	15.499	1484
11	21	4	40	10	right	right	1	8	16.36	489
11	22	4	40	10	left	right	0	33	15.508	2128
11	23	4	40	10	left	left	1	21	15.195	1382
11	24	4	40	10	left	left	1	21	15.579	1348
11	25	4	40	10	right	right	1	18	15.203	1184
11	26	4	40	10	right	left	0	44	15.188	2897
11	27	4	40	10	left	right	0	18	15.385	1170
11	28	4	40	10	right	left	0	31	15.633	1983
11	29	4	40	10	right	right	1	16	15.37	1041
12	1	4	40	10	right	right	1	56	15.359	3646
12	2	4	40	10	left	right	0	18	15.319	1175
12	3	4	40	10	left	right	0	30	15.601	1923
12	4	4	40	10	left	left	1	31	15.539	1995
12	5	4	40	10	left	left	1	29	15.287	1897
12	6	4	40	10	right	right	1	19	15.69	1211
12	7	4	40	10	right	right	1	27	15.725	1717
12	8	4	40	10	right	right	1	25	15.291	1635
12	9	4	40	10	right	right	1	26	15.56	1671
12	10	4	40	10	left	left	1	19	15.781	1204
12	11	4	40	10	left	left	1	27	15.571	1734
12	12	4	40	10	left	right	0	16	15.08	1061
12	13	4	40	10	left	left	1	21	15.453	1359
12	14	4	40	10	left	left	1	22	15.67	1404
12	15	4	40	10	right	left	0	27	15.598	1731
12	16	4	40	10	left	right	0	18	15.332	1174
12	17	4	40	10	right	left	0	32	15.245	2099
12	18	4	40	10	left	left	1	17	15.302	1111
12	19	4	40	10	left	left	1	31	15.516	1998
12	20	4	40	10	left	right	0	21	15.487	1356
12	21	4	40	10	right	right	1	65	15.258	4260
12	22	4	40	10	right	right	1	23	15.416	1492
12	23	4	40	10	right	right	1	29	15.458	1876
12	24	4	40	10	right	right	1	27	15.289	1766
12	25	4	40	10	left	left	1	15	15.03	998
12	26	4	40	10	right	right	1	18	15.929	1130
12	27	4	40	10	left	left	1	18	15.831	1137
12	28	4	40	10	right	right	1	17	15.497	1097
13	1	4	40	10	left	left	1	40	15.279	2618
13	2	4	40	10	left	right	0	25	15.179	1647
13	3	4	40	10	right	right	1	23	15.212	1512
13	4	4	40	10	right	left	0	17	15.511	1096
13	5	4	40	10	right	right	1	14	15.837	884
13	6	4	40	10	right	right	1	25	15.664	1596
13	7	4	40	10	right	right	1	15	16.026	936
13	8	4	40	10	right	left	0	12	15.267	786
13	9	4	40	10	left	right	0	11	15.873	693
13	10	4	40	10	right	left	0	18	15.762	1142
13	11	4	40	10	left	left	1	21	15.317	1371
13	12	4	40	10	left	left	1	24	15.707	1528
13	13	4	40	10	right	left	0	21	15.34	1369
13	14	4	40	10	right	right	1	18	15.267	1179
13	15	4	40	10	right	right	1	19	15.677	1212
13	16	4	40	10	right	right	1	17	15.903	1069
13	17	4	40	10	right	left	0	27	15.598	1731
13	18	4	40	10	right	right	1	14	15.385	910
13	19	4	40	10	right	right	1	23	15.303	1503
13	20	4	40	10	left	right	0	28	15.217	1840
13	21	4	40	10	left	right	0	22	15.647	1406
13	22	4	40	10	left	left	1	11	15.428	713
13	23	4	40	10	left	left	1	15	16.077	933
13	24	4	40	10	left	left	1	12	15.484	775
13	25	4	40	10	left	right	0	11	16.248	677
13	26	4	40	10	left	left	1	8	17.058	469
13	27	4	40	10	left	left	1	11	16.692	659
13	28	4	40	10	left	left	1	10	15.873	630
13	29	4	40	10	right	right	1	12	15.789	760
13	30	4	40	10	left	right	0	11	16.035	686
13	31	4	40	10	left	left	1	12	15.171	791
13	32	4	40	10	left	left	1	13	15.682	829
13	33	4	40	10	left	right	0	14	15.284	916
13	34	4	40	10	left	left	1	8	15.779	507
13	35	4	40	10	left	right	0	14	16.298	859
13	36	4	40	10	right	left	0	9	15.437	583
14	1	4	40	10	left	right	0	18	15.611	1153
14	2	4	40	10	left	right	0	9	15.707	573
14	3	4	40	10	right	left	0	10	15.949	627
14	4	4	40	10	right	left	0	10	15.773	634
14	5	4	40	10	right	right	1	16	15.968	1002
14	6	4	40	10	right	right	1	12	16	750
14	7	4	40	10	right	left	0	14	15.301	915
14	8	4	40	10	left	left	1	35	15.5	2258
14	9	4	40	10	right	left	0	15	15.152	990
14	10	4	40	10	left	right	0	15	15.924	942
14	11	4	40	10	left	left	1	31	15.408	2012
14	12	4	40	10	right	left	0	19	15.599	1218
14	13	4	40	10	left	left	1	12	15.287	785
14	14	4	40	10	right	right	1	16	15.282	1047
14	15	4	40	10	left	right	0	25	15.124	1653
14	16	4	40	10	left	left	1	17	15.888	1070
14	17	4	40	10	left	left	1	23	15.262	1507
14	18	4	40	10	right	left	0	19	15.079	1260
14	19	4	40	10	right	right	1	13	15.421	843
14	20	4	40	10	right	right	1	18	15.803	1139
14	21	4	40	10	right	right	1	22	15.504	1419
14	22	4	40	10	right	left	0	23	15.354	1498
14	23	4	40	10	right	right	1	12	16.304	736
14	24	4	40	10	left	right	0	12	16.043	748
14	25	4	40	10	right	left	0	12	16.304	736
14	26	4	40	10	left	right	0	15	15.228	985
14	27	4	40	10	right	left	0	14	15.334	913
14	28	4	40	10	right	left	0	12	15.306	784
14	29	4	40	10	right	right	1	29	15.533	1867
14	30	4	40	10	left	right	0	18	15.241	1181
14	31	4	40	10	right	left	0	25	15.528	1610
14	32	4	40	10	right	right	1	17	15.933	1067
14	33	4	40	10	left	right	0	16	15.625	1024
14	34	4	40	10	right	left	0	20	15.432	1296
15	1	4	40	10	left	right	0	12	15.873	756
15	2	4	40	10	left	left	1	8	16.736	478
15	3	4	40	10	left	left	1	21	15.567	1349
15	4	4	40	10	right	left	0	12	16.26	738
15	5	4	40	10	right	right	1	12	15.385	780
15	6	4	40	10	left	right	0	13	16.209	802
15	7	4	40	10	left	left	1	14	16.241	862
15	8	4	40	10	right	left	0	12	16.173	742
15	9	4	40	10	right	right	1	14	15.217	920
15	10	4	40	10	right	right	1	13	15.294	850
15	11	4	40	10	right	left	0	11	15.759	698
15	12	4	40	10	right	left	0	11	16.692	659
15	13	4	40	10	right	left	0	16	15.702	1019
15	14	4	40	10	right	right	1	10	15.723	636
15	15	4	40	10	right	left	0	12	15.81	759
15	16	4	40	10	right	left	0	21	15.173	1384
15	17	4	40	10	right	left	0	8	15.779	507
15	18	4	40	10	right	left	0	18	15.748	1143
15	19	4	40	10	left	left	1	12	15.727	763
15	20	4	40	10	right	left	0	20	15.42	1297
15	21	4	40	10	left	right	0	8	15.842	505
15	22	4	40	10	left	left	1	7	15.184	461
15	23	4	40	10	left	right	0	11	15.385	715
15	24	4	40	10	left	right	0	17	15.233	1116
15	25	4	40	10	left	left	1	19	15.94	1192
15	26	4	40	10	left	left	1	23	15.364	1497
15	27	4	40	10	left	left	1	22	15.793	1393
15	28	4	40	10	left	right	0	44	15.412	2855
15	29	4	40	10	left	left	1	24	15.789	1520
15	30	4	40	10	left	right	0	31	15.189	2041
15	31	4	40	10	right	right	1	35	15.324	2284
15	32	4	40	10	left	left	1	31	15.492	2001
15	33	4	40	10	left	left	1	28	15.495	1807
15	34	4	40	10	left	left	1	20	15.349	1303
15	35	4	40	10	right	right	1	12	15.424	778
16	1	4	40	10	left	right	0	18	16	1125
16	2	4	40	10	right	left	0	5	16.835	297
16	3	4	40	10	left	left	1	6	17.857	336
16	4	4	40	10	right	right	1	10	16.367	611
16	5	4	40	10	right	right	1	10	15.898	629
16	6	4	40	10	right	right	1	10	15.848	631
16	7	4	40	10	right	left	0	9	16.014	562
16	8	4	40	10	left	right	0	8	16.162	495
16	9	4	40	10	left	left	1	8	15.779	507
16	10	4	40	10	left	left	1	17	15.596	1090
16	11	4	40	10	left	right	0	12	16.129	744
16	12	4	40	10	left	left	1	14	16.166	866
16	13	4	40	10	left	left	1	14	16.185	865
16	14	4	40	10	left	left	1	14	16.166	866
16	15	4	40	10	right	right	1	11	15.068	730
16	16	4	40	10	left	left	1	10	15.083	663
16	17	4	40	10	left	right	0	9	16.245	554
16	18	4	40	10	left	left	1	9	15.437	583
16	19	4	40	10	left	right	0	14	15.766	888
16	20	4	40	10	left	left	1	13	16.291	798
16	21	4	40	10	right	left	0	11	16.058	685
16	22	4	40	10	left	left	1	12	15.686	765
16	23	4	40	10	right	left	0	13	16.03	811
16	24	4	40	10	left	right	0	12	16.327	735
16	25	4	40	10	left	left	1	12	15.132	793
16	26	4	40	10	right	left	0	13	16.089	808
16	27	4	40	10	left	right	0	6	16.173	371
16	28	4	40	10	right	left	0	15	16.251	923
16	29	4	40	10	right	right	1	11	16.717	658
16	30	4	40	10	left	right	0	16	15.671	1021
16	31	4	40	10	right	left	0	13	15.951	815
16	32	4	40	10	left	right	0	16	15.34	1043
16	33	4	40	10	left	left	1	18	15.464	1164
16	34	4	40	10	left	left	1	14	15.284	916
16	35	4	40	10	right	right	1	13	15.366	846
16	36	4	40	10	left	left	1	13	15.815	822
16	37	4	40	10	right	right	1	17	15.441	1101
16	38	4	40	10	right	left	0	14	16.298	859
16	39	4	40	10	left	left	1	10	16.026	624
16	40	4	40	10	left	right	0	17	15.697	1083
16	41	4	40	10	right	left	0	11	16.248	677
16	42	4	40	10	left	right	0	18	15.776	1141
16	43	4	40	10	right	right	1	13	15.892	818
17	1	4	40	10	left	right	0	58	15.413	3763
17	2	4	40	10	left	left	1	6	16.901	355
17	3	4	40	10	right	right	1	16	15.656	1022
17	4	4	40	10	right	right	1	13	15.421	843
17	5	4	40	10	left	left	1	12	15.727	763
17	6	4	40	10	right	right	1	12	15.306	784
17	7	4	40	10	right	left	0	9	15.437	583
17	8	4	40	10	left	right	0	9	16.636	541
17	9	4	40	10	right	left	0	10	16.181	618
17	10	4	40	10	left	left	1	6	15	400
17	11	4	40	10	left	right	0	13	15.24	853
17	12	4	40	10	right	right	1	32	15.61	2050
17	13	4	40	10	right	left	0	22	15.193	1448
17	14	4	40	10	right	right	1	12	15.524	773
17	15	4	40	10	right	left	0	12	15.267	786
17	16	4	40	10	right	left	0	8	16.495	485
17	17	4	40	10	left	right	0	8	16.667	480
17	18	4	40	10	left	left	1	15	15.69	956
17	19	4	40	10	right	left	0	13	15.815	822
17	20	4	40	10	left	left	1	16	15.595	1026
17	21	4	40	10	left	left	1	15	15.512	967
17	22	4	40	10	right	left	0	16	15.355	1042
17	23	4	40	10	right	right	1	11	16.082	684
17	24	4	40	10	left	left	1	14	16.222	863
17	25	4	40	10	left	right	0	20	15.81	1265
17	26	4	40	10	right	left	0	18	15.424	1167
17	27	4	40	10	left	right	0	24	15.504	1548
17	28	4	40	10	right	left	0	18	15.477	1163
17	29	4	40	10	left	right	0	17	15.741	1080
17	30	4	40	10	left	left	1	13	15.276	851
17	31	4	40	10	left	left	1	17	15.247	1115
17	32	4	40	10	right	left	0	16	15.123	1058
17	33	4	40	10	left	left	1	14	15.419	908
17	34	4	40	10	left	left	1	24	15.821	1517
17	35	4	40	10	right	left	0	26	15.569	1670
17	36	4	40	10	left	right	0	9	16.304	552
18	1	4	40	10	left	right	0	22	15.625	1408
18	2	4	40	10	left	left	1	14	15.855	883
18	3	4	40	10	right	left	0	14	15.837	884
18	4	4	40	10	right	left	0	12	15.267	786
18	5	4	40	10	right	left	0	15	15.806	949
18	6	4	40	10	right	left	0	14	15.982	876
18	7	4	40	10	right	left	0	9	16.245	554
18	8	4	40	10	left	left	1	8	15.656	511
18	9	4	40	10	right	left	0	12	15.666	766
18	10	4	40	10	right	left	0	6	17.804	337
18	11	4	40	10	left	right	0	6	17.391	345
18	12	4	40	10	right	left	0	12	16.107	745
18	13	4	40	10	right	right	1	14	15.436	907
18	14	4	40	10	left	right	0	18	15.887	1133
18	15	4	40	10	left	left	1	10	16.447	608
18	16	4	40	10	right	left	0	15	16.112	931
18	17	4	40	10	left	left	1	15	15.609	961
18	18	4	40	10	right	right	1	13	16.169	804
18	19	4	40	10	left	right	0	16	15.842	1010
18	20	4	40	10	left	left	1	15	15.839	947
18	21	4	40	10	right	left	0	19	15.347	1238
18	22	4	40	10	right	left	0	18	15.776	1141
18	23	4	40	10	left	left	1	18	15.293	1177
18	24	4	40	10	right	right	1	12	15.444	777
18	25	4	40	10	right	right	1	12	15.171	791
18	26	4	40	10	right	left	0	11	15.172	725
18	27	4	40	10	right	right	1	11	16.012	687
18	28	4	40	10	right	right	1	17	15.469	1099
18	29	4	40	10	left	right	0	16	15.968	1002
18	30	4	40	10	right	left	0	16	15.474	1034
18	31	4	40	10	right	right	1	7	16.393	427
18	32	4	40	10	right	right	1	17	15.179	1120
18	33	4	40	10	right	right	1	14	15.504	903
18	34	4	40	10	right	left	0	14	15.351	912
18	35	4	40	10	right	right	1	8	16.701	479
18	36	4	40	10	right	left	0	14	15.267	917
18	37	4	40	10	left	right	0	4	15.385	260
18	38	4	40	10	left	left	1	4	15.094	265
18	39	4	40	10	right	right	1	11	16.692	659
18	40	4	40	10	right	left	0	16	15.656	1022
18	41	4	40	10	left	right	0	20	15.444	1295
19	1	4	40	10	right	right	1	11	16.418	670
19	2	4	40	10	right	right	1	13	15.152	858
19	3	4	40	10	right	right	1	13	15.588	834
19	4	4	40	10	right	left	0	8	15.094	530
19	5	4	40	10	left	left	1	8	16.427	487
19	6	4	40	10	right	right	1	14	16.241	862
19	7	4	40	10	right	left	0	13	15.971	814
19	8	4	40	10	left	right	0	8	15.564	514
19	9	4	40	10	right	left	0	11	15.493	710
19	10	4	40	10	right	right	1	10	16.694	599
19	11	4	40	10	left	right	0	24	15.219	1577
19	12	4	40	10	left	left	1	8	16.36	489
19	13	4	40	10	right	left	0	12	15.326	783
19	14	4	40	10	right	left	0	14	15.59	898
19	15	4	40	10	left	left	1	7	15.909	440
19	16	4	40	10	right	right	1	13	15.815	822
19	17	4	40	10	left	left	1	15	15.674	957
19	18	4	40	10	right	left	0	13	15.625	832
19	19	4	40	10	right	right	1	13	15.403	844
19	20	4	40	10	left	right	0	16	15.209	1052
19	21	4	40	10	right	left	0	9	16.605	542
19	22	4	40	10	right	left	0	8	16.878	474
19	23	4	40	10	left	left	1	14	15.402	909
19	24	4	40	10	left	left	1	19	15.335	1239
19	25	4	40	10	left	right	0	12	15.605	769
19	26	4	40	10	right	right	1	12	15.544	772
19	27	4	40	10	right	left	0	12	15.915	754
19	28	4	40	10	left	right	0	8	15.267	524
19	29	4	40	10	left	left	1	9	16.043	561
19	30	4	40	10	left	right	0	10	16	625
19	31	4	40	10	right	left	0	15	15.756	952
19	32	4	40	10	right	right	1	18	15.845	1136
19	33	4	40	10	left	right	0	19	15.548	1222
19	34	4	40	10	left	left	1	13	15.834	821
19	35	4	40	10	left	left	1	12	15.873	756
19	36	4	40	10	left	right	0	14	15.73	890
19	37	4	40	10	left	left	1	8	15.625	512
19	38	4	40	10	right	left	0	17	15.302	1111
19	39	4	40	10	right	right	1	16	15.842	1010
19	40	4	40	10	right	right	1	13	15.495	839
19	41	4	40	10	right	right	1	12	15.504	774
19	42	4	40	10	left	left	1	11	16.667	660
19	43	4	40	10	right	left	0	12	16.151	743
20	1	4	40	10	left	right	0	19	15.625	1216
20	2	4	40	10	left	left	1	8	16.461	486
20	3	4	40	10	left	left	1	12	16.349	734
20	4	4	40	10	right	left	0	12	15.584	770
20	5	4	40	10	right	right	1	8	15.968	501
20	6	4	40	10	left	right	0	11	16.667	660
20	7	4	40	10	right	left	0	13	16.311	797
20	8	4	40	10	left	left	1	4	15.152	264
20	9	4	40	10	left	left	1	9	15.817	569
20	10	4	40	10	right	left	0	8	15.81	506
20	11	4	40	10	left	right	0	10	16.077	622
20	12	4	40	10	right	right	1	9	16.917	532
20	13	4	40	10	right	right	1	18	15.789	1140
20	14	4	40	10	left	left	1	22	15.406	1428
20	15	4	40	10	right	right	1	16	15.952	1003
20	16	4	40	10	left	left	1	18	15.544	1158
20	17	4	40	10	right	right	1	15	15.641	959
20	18	4	40	10	left	left	1	17	15.611	1089
20	19	4	40	10	left	right	0	17	15.755	1079
20	20	4	40	10	right	left	0	22	15.782	1394
20	21	4	40	10	left	left	1	7	17.284	405
20	22	4	40	10	right	right	1	10	16.207	617
20	23	4	40	10	right	right	1	19	15.587	1219
20	24	4	40	10	right	left	0	24	15.104	1589
20	25	4	40	10	right	left	0	14	15.538	901
20	26	4	40	10	left	right	0	10	16.807	595
20	27	4	40	10	right	right	1	23	15.202	1513
20	28	4	40	10	left	right	0	19	16.007	1187
20	29	4	40	10	right	left	0	12	15.171	791
20	30	4	40	10	left	left	1	12	15.424	778
20	31	4	40	10	right	right	1	12	16.304	736
20	32	4	40	10	right	left	0	23	15.313	1502
20	33	4	40	10	right	right	1	11	15.919	691
20	34	4	40	10	right	right	1	14	15.927	879
20	35	4	40	10	left	left	1	10	16.026	624
20	36	4	40	10	right	right	1	9	15.789	570
20	37	4	40	10	left	left	1	9	16.698	539
20	38	4	40	10	right	left	0	10	16.155	619
20	39	4	40	10	right	right	1	8	15.564	514
20	40	4	40	10	left	right	0	12	15.605	769
20	41	4	40	10	left	left	1	14	15.837	884
20	42	4	40	10	right	left	0	14	15.677	893
21	1	4	40	10	left	right	0	24	15.444	1554
21	2	4	40	10	right	left	0	12	16.107	745
21	3	4	40	10	right	right	1	8	16.032	499
21	4	4	40	10	right	right	1	8	15.326	522
21	5	4	40	10	left	right	0	8	15.564	514
21	6	4	40	10	right	left	0	8	16.736	478
21	7	4	40	10	right	right	1	8	16.097	497
21	8	4	40	10	left	right	0	8	16.667	480
21	9	4	40	10	left	left	1	9	16.729	538
21	10	4	40	10	right	left	0	11	15.759	698
21	11	4	40	10	right	left	0	18	16.014	1124
21	12	4	40	10	left	right	0	7	15.119	463
21	13	4	40	10	left	left	1	12	15.267	786
21	14	4	40	10	left	left	1	12	16.304	736
21	15	4	40	10	right	right	1	9	15.491	581
21	16	4	40	10	left	right	0	11	16.035	686
21	17	4	40	10	left	left	1	9	15.228	591
21	18	4	40	10	right	right	1	10	15.408	649
21	19	4	40	10	right	left	0	8	16.293	491
21	20	4	40	10	left	left	1	8	16.985	471
21	21	4	40	10	right	right	1	16	15.195	1053
21	22	4	40	10	left	right	0	15	15.322	979
21	23	4	40	10	left	left	1	17	15.933	1067
21	24	4	40	10	left	left	1	14	15.766	888
21	25	4	40	10	left	left	1	13	15.169	857
21	26	4	40	10	left	right	0	15	16.269	922
21	27	4	40	10	right	left	0	7	16.204	432
21	28	4	40	10	right	left	0	9	15.358	586
21	29	4	40	10	left	right	0	8	16.393	488
21	30	4	40	10	right	left	0	9	15.957	564
21	31	4	40	10	left	left	1	8	16.097	497
21	32	4	40	10	right	left	0	19	15.323	1240
21	33	4	40	10	left	right	0	6	17.91	335
21	34	4	40	10	right	left	0	11	15.32	718
21	35	4	40	10	left	right	0	15	16.026	936
21	36	4	40	10	right	left	0	12	16.151	743
21	37	4	40	10	left	left	1	16	15.253	1049
21	38	4	40	10	right	left	0	18	15.437	1166
21	39	4	40	10	left	left	1	11	16.517	666
21	40	4	40	10	right	right	1	13	16.129	806
21	41	4	40	10	left	left	1	15	15.957	940
21	42	4	40	10	right	right	1	14	16.073	871
21	43	4	40	10	right	left	0	13	16.109	807
22	1	4	40	10	left	right	0	14	15.368	911
22	2	4	40	10	left	left	1	17	15.329	1109
22	3	4	40	10	right	right	1	13	15.7	828
22	4	4	40	10	left	right	0	15	15.56	964
22	5	4	40	10	left	left	1	29	15.533	1867
22	6	4	40	10	right	left	0	17	15.785	1077
22	7	4	40	10	right	right	1	13	16.25	800
22	8	4	40	10	right	right	1	21	15.648	1342
22	9	4	40	10	left	right	0	16	15.826	1011
22	10	4	40	10	left	right	0	17	15.343	1108
22	11	4	40	10	right	left	0	19	15.625	1216
22	12	4	40	10	right	left	0	19	15.561	1221
22	13	4	40	10	left	right	0	18	15.901	1132
22	14	4	40	10	left	left	1	14	16.204	864
22	15	4	40	10	right	left	0	17	15.625	1088
22	16	4	40	10	right	right	1	23	15.593	1475
22	17	4	40	10	right	right	1	24	15.514	1547
22	18	4	40	10	left	right	0	23	15.242	1509
22	19	4	40	10	right	left	0	24	15.758	1523
22	20	4	40	10	right	right	1	21	15.34	1369
22	21	4	40	10	left	left	1	32	15.579	2054
22	22	4	40	10	left	left	1	27	15.437	1749
22	23	4	40	10	right	left	0	23	15.416	1492
22	24	4	40	10	left	left	1	20	15.326	1305
22	25	4	40	10	right	left	0	23	15.743	1461
22	26	4	40	10	right	right	1	22	15.614	1409
22	27	4	40	10	left	right	0	22	15.816	1391
22	28	4	40	10	right	left	0	31	15.485	2002
22	29	4	40	10	right	left	0	18	15.358	1172
22	30	4	40	10	right	left	0	24	15.544	1544
22	31	4	40	10	right	right	1	15	16.181	927
23	1	4	40	10	right	right	1	20	15.76	1269
23	2	4	40	10	left	right	0	13	15.205	855
23	3	4	40	10	right	left	0	16	15.936	1004
23	4	4	40	10	right	right	1	13	15.99	813
23	5	4	40	10	right	right	1	15	15.957	940
23	6	4	40	10	left	left	1	10	15.456	647
23	7	4	40	10	right	left	0	11	16.541	665
23	8	4	40	10	right	right	1	14	16.037	873
23	9	4	40	10	left	left	1	11	15.581	706
23	10	4	40	10	left	left	1	10	15.48	646
23	11	4	40	10	right	left	0	9	15.817	569
23	12	4	40	10	right	right	1	7	17.199	407
23	13	4	40	10	right	right	1	10	15.924	628
23	14	4	40	10	right	right	1	10	14.925	670
23	15	4	40	10	right	left	0	8	15.123	529
23	16	4	40	10	right	left	0	8	17.021	470
23	17	4	40	10	left	right	0	6	17.391	345
23	18	4	40	10	left	left	1	6	16.62	361
23	19	4	40	10	left	left	1	12	15.228	788
23	20	4	40	10	right	left	0	13	15.421	843
23	21	4	40	10	right	right	1	7	16.548	423
23	22	4	40	10	left	right	0	15	15.416	973
23	23	4	40	10	right	left	0	8	16.227	493
23	24	4	40	10	left	right	0	6	16.304	368
23	25	4	40	10	right	right	1	15	16.009	937
23	26	4	40	10	left	right	0	11	15.581	706
23	27	4	40	10	left	left	1	13	15.719	827
23	28	4	40	10	left	left	1	15	15.448	971
23	29	4	40	10	left	right	0	15	15.789	950
23	30	4	40	10	left	right	0	9	16.158	557
23	31	4	40	10	left	left	1	17	15.247	1115
23	32	4	40	10	right	right	1	19	15.31	1241
23	33	4	40	10	left	left	1	15	16.112	931
23	34	4	40	10	right	right	1	15	15.03	998
23	35	4	40	10	left	left	1	14	15.891	881
23	36	4	40	10	left	right	0	15	15.337	978
23	37	4	40	10	right	right	1	18	15.491	1162
23	38	4	40	10	left	right	0	15	15.213	986
23	39	4	40	10	right	left	0	15	15.464	970
23	40	4	40	10	right	right	1	19	15.298	1242
23	41	4	40	10	left	right	0	18	15.679	1148
23	42	4	40	10	right	left	0	15	15.74	953
24	1	4	40	10	left	right	0	22	15.46	1423
24	2	4	40	10	left	right	0	22	15.681	1403
24	3	4	40	10	right	left	0	9	16.636	541
24	4	4	40	10	right	left	0	6	16.62	361
24	5	4	40	10	right	right	1	11	15.235	722
24	6	4	40	10	left	right	0	15	15.512	967
24	7	4	40	10	left	left	1	13	16.109	807
24	8	4	40	10	left	left	1	16	15.195	1053
24	9	4	40	10	left	left	1	12	15.094	795
24	10	4	40	10	left	right	0	11	15.428	713
24	11	4	40	10	left	left	1	6	15.544	386
24	12	4	40	10	left	left	1	10	16.287	614
24	13	4	40	10	left	right	0	11	16.345	673
24	14	4	40	10	left	left	1	7	15.873	441
24	15	4	40	10	left	left	1	8	17.021	470
24	16	4	40	10	right	right	1	24	15.113	1588
24	17	4	40	10	left	right	0	11	15.299	719
24	18	4	40	10	left	left	1	8	16.097	497
24	19	4	40	10	left	left	1	7	17.157	408
24	20	4	40	10	right	right	1	6	18.072	332
24	21	4	40	10	right	left	0	6	17.094	351
24	22	4	40	10	left	right	0	6	15.038	399
24	23	4	40	10	left	left	1	6	16.26	369
24	24	4	40	10	left	right	0	12	15.228	788
24	25	4	40	10	left	left	1	11	15.471	711
24	26	4	40	10	right	right	1	16	15.564	1028
24	27	4	40	10	right	left	0	18	15.203	1184
24	28	4	40	10	left	right	0	11	16.058	685
24	29	4	40	10	left	left	1	17	15.426	1102
24	30	4	40	10	right	left	0	21	15.672	1340
24	31	4	40	10	left	right	0	10	15.674	638
24	32	4	40	10	left	left	1	28	15.512	1805
24	33	4	40	10	left	right	0	11	15.193	724
24	34	4	40	10	right	left	0	14	15.385	910
24	35	4	40	10	right	right	1	14	15.419	908
24	36	4	40	10	right	right	1	15	15.674	957
24	37	4	40	10	right	right	1	17	15.858	1072
24	38	4	40	10	right	right	1	17	15.539	1094
24	39	4	40	10	left	left	1	13	15.854	820
24	40	4	40	10	left	left	1	14	15.556	900
24	41	4	40	10	left	right	0	12	15.686	765
24	42	4	40	10	right	left	0	12	15.789	760
