
blkNum	trlNum	coherentDots	numberofDots	percentCoherence	winningDirection	response	correct	eventCount	averageFrameRate	RT
1	1	4	40	10	right	right	1	26	15.134	1718
1	2	4	40	10	right	right	1	20	15.468	1293
1	3	4	40	10	left	left	1	16	15.733	1017
1	4	4	40	10	right	right	1	20	15.552	1286
1	5	4	40	10	left	left	1	17	15.726	1081
1	6	4	40	10	right	right	1	22	15.11	1456
1	7	4	40	10	left	left	1	17	15.639	1087
1	8	4	40	10	right	right	1	18	15.986	1126
1	9	4	40	10	right	right	1	21	15.295	1373
1	10	4	40	10	left	left	1	16	15.702	1019
1	11	4	40	10	right	right	1	32	15.326	2088
1	12	4	40	10	right	right	1	17	15.497	1097
1	13	4	40	10	right	right	1	17	15.741	1080
1	14	4	40	10	right	right	1	27	15.22	1774
1	15	4	40	10	right	right	1	31	15.641	1982
1	16	4	40	10	right	left	0	31	14.925	2077
1	17	4	40	10	left	left	1	32	15.216	2103
1	18	4	40	10	left	left	1	21	15.73	1335
1	19	4	40	10	right	right	1	20	15.48	1292
1	20	4	40	10	left	left	1	14	15.217	920
1	21	4	40	10	right	right	1	13	14.994	867
1	22	4	40	10	right	right	1	14	15.436	907
1	23	4	40	10	left	left	1	13	15.099	861
1	24	4	40	10	right	right	1	13	15.366	846
1	25	4	40	10	left	left	1	13	16.109	807
1	26	4	40	10	right	right	1	13	15.513	838
1	27	4	40	10	right	right	1	14	15.66	894
1	28	4	40	10	left	left	1	12	15.306	784
1	29	4	40	10	right	right	1	12	16	750
1	30	4	40	10	left	left	1	12	15.524	773
1	31	4	40	10	left	left	1	30	15.345	1955
1	32	4	40	10	left	left	1	15	15.756	952
1	33	4	40	10	left	left	1	18	15.803	1139
1	34	4	40	10	left	left	1	26	15.303	1699
1	35	4	40	10	left	left	1	29	15.541	1866
1	36	4	40	10	left	left	1	38	15.304	2483
1	37	4	40	10	left	left	1	21	15.295	1373
1	38	4	40	10	left	left	1	26	15.152	1716
1	39	4	40	10	right	right	1	15	15.991	938
1	40	4	40	10	left	left	1	23	15.572	1477
2	1	4	40	10	right	right	1	13	15.294	850
2	2	4	40	10	left	left	1	12	15.094	795
2	3	4	40	10	left	left	1	40	15.094	2650
2	4	4	40	10	right	right	1	22	15.183	1449
2	5	4	40	10	left	left	1	18	15.398	1169
2	6	4	40	10	left	left	1	19	15.298	1242
2	7	4	40	10	left	left	1	14	15.695	892
2	8	4	40	10	right	right	1	13	15.222	854
2	9	4	40	10	left	left	1	14	15.66	894
2	10	4	40	10	left	left	1	33	15.457	2135
2	11	4	40	10	right	right	1	13	15.046	864
2	12	4	40	10	right	right	1	13	16.23	801
2	13	4	40	10	left	left	1	13	16.23	801
2	14	4	40	10	right	right	1	13	16.25	800
2	15	4	40	10	right	right	1	12	15.81	759
2	16	4	40	10	left	left	1	12	15.666	766
2	17	4	40	10	right	right	1	21	15.778	1331
2	18	4	40	10	right	right	1	15	15.121	992
2	19	4	40	10	right	right	1	24	15.267	1572
2	20	4	40	10	right	right	1	14	15.625	896
2	21	4	40	10	left	left	1	13	15.169	857
2	22	4	40	10	right	right	1	54	15.126	3570
2	23	4	40	10	left	left	1	14	15.334	913
2	24	4	40	10	right	right	1	13	15.276	851
2	25	4	40	10	right	right	1	19	15.485	1227
2	26	4	40	10	left	left	1	13	15.7	828
2	27	4	40	10	right	right	1	13	15.682	829
2	28	4	40	10	left	left	1	11	15.007	733
2	29	4	40	10	left	left	1	12	15.094	795
2	30	4	40	10	left	right	0	11	15.428	713
2	31	4	40	10	right	right	1	17	15.582	1091
2	32	4	40	10	right	right	1	12	15.584	770
2	33	4	40	10	left	left	1	12	15.625	768
2	34	4	40	10	left	left	1	12	15.81	759
2	35	4	40	10	right	right	1	35	15.317	2285
2	36	4	40	10	left	left	1	16	15.842	1010
2	37	4	40	10	left	left	1	16	15.296	1046
2	38	4	40	10	right	right	1	13	15.7	828
2	39	4	40	10	right	right	1	12	16.216	740
2	40	4	40	10	left	left	1	11	16.129	682
3	1	4	40	10	right	right	1	13	16.291	798
3	2	4	40	10	left	left	1	10	15.504	645
3	3	4	40	10	left	left	1	14	15.217	920
3	4	4	40	10	left	right	0	11	15.214	723
3	5	4	40	10	left	left	1	22	15.581	1412
3	6	4	40	10	right	right	1	13	15.682	829
3	7	4	40	10	right	right	1	12	15.248	787
3	8	4	40	10	right	right	1	18	15.28	1178
3	9	4	40	10	left	left	1	21	15.695	1338
3	10	4	40	10	left	left	1	35	15.405	2272
3	11	4	40	10	right	right	1	12	16.043	748
3	12	4	40	10	left	right	0	27	15.464	1746
3	13	4	40	10	left	left	1	11	15.299	719
3	14	4	40	10	left	left	1	13	15.403	844
3	15	4	40	10	right	right	1	11	15.873	693
3	16	4	40	10	right	right	1	13	16.069	809
3	17	4	40	10	right	right	1	20	15.326	1305
3	18	4	40	10	left	left	1	13	16.149	805
3	19	4	40	10	left	left	1	11	15.193	724
3	20	4	40	10	right	right	1	12	15.769	761
3	21	4	40	10	left	left	1	13	16.25	800
3	22	4	40	10	right	right	1	10	14.903	671
3	23	4	40	10	right	right	1	21	15.407	1363
3	24	4	40	10	right	right	1	18	15.734	1144
3	25	4	40	10	right	right	1	30	15.236	1969
3	26	4	40	10	left	left	1	15	15.94	941
3	27	4	40	10	left	left	1	22	15.278	1440
3	28	4	40	10	right	right	1	15	15.773	951
3	29	4	40	10	right	right	1	12	16.064	747
3	30	4	40	10	left	left	1	14	15.07	929
3	31	4	40	10	left	right	0	34	15.546	2187
3	32	4	40	10	right	right	1	18	15.477	1163
3	33	4	40	10	right	right	1	31	15.115	2051
3	34	4	40	10	right	right	1	18	15.075	1194
3	35	4	40	10	left	left	1	28	15.119	1852
3	36	4	40	10	right	right	1	15	15.275	982
3	37	4	40	10	left	left	1	12	15.113	794
3	38	4	40	10	left	left	1	15	16.009	937
3	39	4	40	10	left	left	1	16	15.326	1044
3	40	4	40	10	right	right	1	13	15.912	817
4	1	4	40	10	right	right	1	12	16.327	735
4	2	4	40	10	left	left	1	11	16.058	685
4	3	4	40	10	left	left	1	12	15.444	777
4	4	4	40	10	left	left	1	10	15.244	656
4	5	4	40	10	left	left	1	11	15.214	723
4	6	4	40	10	right	right	1	13	16.23	801
4	7	4	40	10	left	left	1	11	15.625	704
4	8	4	40	10	left	left	1	12	16.194	741
4	9	4	40	10	left	left	1	21	15.602	1346
4	10	4	40	10	right	right	1	12	16.129	744
4	11	4	40	10	right	right	1	13	16.149	805
4	12	4	40	10	right	right	1	13	15.55	836
4	13	4	40	10	left	left	1	11	15.515	709
4	14	4	40	10	right	right	1	15	15.609	961
4	15	4	40	10	left	left	1	19	15.36	1237
4	16	4	40	10	left	left	1	12	15.979	751
4	17	4	40	10	right	right	1	11	15.515	709
4	18	4	40	10	left	left	1	13	15.588	834
4	19	4	40	10	right	right	1	10	15.385	650
4	20	4	40	10	right	right	1	25	15.576	1605
4	21	4	40	10	left	left	1	12	15.132	793
4	22	4	40	10	right	right	1	12	15.789	760
4	23	4	40	10	left	left	1	11	15.342	717
4	24	4	40	10	left	left	1	29	15.207	1907
4	25	4	40	10	right	right	1	12	15.666	766
4	26	4	40	10	right	right	1	17	15.329	1109
4	27	4	40	10	left	left	1	10	15.528	644
4	28	4	40	10	right	right	1	10	15.267	655
4	29	4	40	10	right	right	1	13	15.569	835
4	30	4	40	10	right	right	1	11	15.737	699
4	31	4	40	10	right	left	0	12	15.625	768
4	32	4	40	10	left	left	1	17	15.138	1123
4	33	4	40	10	right	right	1	11	16.105	683
4	34	4	40	10	right	right	1	26	15.485	1679
4	35	4	40	10	left	left	1	22	15.058	1461
4	36	4	40	10	left	left	1	15	15.674	957
4	37	4	40	10	left	right	0	26	15.258	1704
4	38	4	40	10	right	right	1	15	15.198	987
4	39	4	40	10	left	left	1	21	15.362	1367
4	40	4	40	10	right	right	1	22	15.395	1429
5	1	4	40	10	left	left	1	20	15.564	1285
5	2	4	40	10	left	left	1	13	15.931	816
5	3	4	40	10	left	left	1	11	16.176	680
5	4	4	40	10	right	right	1	12	16.238	739
5	5	4	40	10	left	left	1	12	15.584	770
5	6	4	40	10	right	right	1	11	16.369	672
5	7	4	40	10	right	right	1	13	15.134	859
5	8	4	40	10	right	right	1	11	15.193	724
5	9	4	40	10	right	right	1	12	15.287	785
5	10	4	40	10	right	right	1	12	16.129	744
5	11	4	40	10	left	left	1	11	15.67	702
5	12	4	40	10	left	left	1	11	16.32	674
5	13	4	40	10	right	right	1	10	16.287	614
5	14	4	40	10	right	right	1	21	15.613	1345
5	15	4	40	10	right	right	1	13	15.513	838
5	16	4	40	10	right	right	1	14	15.251	918
5	17	4	40	10	left	left	1	11	15.089	729
5	18	4	40	10	right	right	1	12	16	750
5	19	4	40	10	right	right	1	13	14.977	868
5	20	4	40	10	right	right	1	12	16.021	749
5	21	4	40	10	left	left	1	11	15.214	723
5	22	4	40	10	left	left	1	29	15.167	1912
5	23	4	40	10	right	right	1	13	16.01	812
5	24	4	40	10	left	left	1	26	15.303	1699
5	25	4	40	10	left	left	1	19	15.599	1218
5	26	4	40	10	left	left	1	12	15.873	756
5	27	4	40	10	right	right	1	10	15.408	649
5	28	4	40	10	right	right	1	10	15.337	652
5	29	4	40	10	left	left	1	10	15.432	648
5	30	4	40	10	left	left	1	32	15.187	2107
5	31	4	40	10	right	right	1	35	15.432	2268
5	32	4	40	10	left	left	1	17	15.497	1097
5	33	4	40	10	left	right	0	13	15.495	839
5	34	4	40	10	right	right	1	15	15.957	940
5	35	4	40	10	right	right	1	11	15.827	695
5	36	4	40	10	right	right	1	11	16.272	676
5	37	4	40	10	left	left	1	12	15.464	776
5	38	4	40	10	left	left	1	10	15.649	639
5	39	4	40	10	left	right	0	9	16.729	538
5	40	4	40	10	left	left	1	39	15.433	2527
6	1	4	40	10	right	right	1	12	15.345	782
6	2	4	40	10	left	left	1	13	16.311	797
6	3	4	40	10	left	left	1	13	15.403	844
6	4	4	40	10	left	left	1	12	15.524	773
6	5	4	40	10	left	right	0	9	15.544	579
6	6	4	40	10	left	right	0	13	15.029	865
6	7	4	40	10	right	right	1	14	15.784	887
6	8	4	40	10	right	right	1	10	15.221	657
6	9	4	40	10	right	right	1	11	15.007	733
6	10	4	40	10	right	right	1	18	15.28	1178
6	11	4	40	10	left	left	1	10	15.949	627
6	12	4	40	10	right	right	1	11	15.67	702
6	13	4	40	10	right	right	1	10	15.175	659
6	14	4	40	10	right	right	1	10	16.077	622
6	15	4	40	10	right	right	1	12	15.605	769
6	16	4	40	10	left	left	1	11	15.131	727
6	17	4	40	10	right	right	1	11	15.873	693
6	18	4	40	10	right	right	1	9	14.975	601
6	19	4	40	10	right	left	0	15	15.576	963
6	20	4	40	10	left	right	0	9	16.667	540
6	21	4	40	10	left	left	1	13	15.777	824
6	22	4	40	10	left	left	1	9	15.625	576
6	23	4	40	10	right	right	1	13	15.738	826
6	24	4	40	10	left	left	1	11	16.32	674
6	25	4	40	10	right	right	1	11	15.493	710
6	26	4	40	10	left	left	1	10	15.385	650
6	27	4	40	10	left	left	1	11	15.493	710
6	28	4	40	10	left	left	1	11	16.105	683
6	29	4	40	10	left	left	1	10	15.649	639
6	30	4	40	10	right	right	1	8	16.327	490
6	31	4	40	10	right	right	1	13	15.029	865
6	32	4	40	10	right	right	1	12	15.584	770
6	33	4	40	10	right	right	1	12	15.936	753
6	34	4	40	10	right	right	1	39	15.288	2551
6	35	4	40	10	left	left	1	13	14.994	867
6	36	4	40	10	right	right	1	11	15.537	708
6	37	4	40	10	left	left	1	13	15.187	856
6	38	4	40	10	left	right	0	10	16	625
6	39	4	40	10	left	left	1	20	15.432	1296
6	40	4	40	10	left	left	1	11	15.692	701
7	1	4	40	10	left	left	1	13	15.738	826
7	2	4	40	10	left	left	1	11	15.257	721
7	3	4	40	10	left	left	1	9	15.901	566
7	4	4	40	10	right	right	1	11	15.988	688
7	5	4	40	10	right	right	1	9	15.101	596
7	6	4	40	10	right	right	1	10	16.287	614
7	7	4	40	10	left	left	1	9	15	600
7	8	4	40	10	left	left	1	10	15.773	634
7	9	4	40	10	left	left	1	11	15.692	701
7	10	4	40	10	left	left	1	9	15.789	570
7	11	4	40	10	right	right	1	10	14.993	667
7	12	4	40	10	left	left	1	9	15.652	575
7	13	4	40	10	right	right	1	11	15.257	721
7	14	4	40	10	left	left	1	9	15.254	590
7	15	4	40	10	left	left	1	13	15.931	816
7	16	4	40	10	right	right	1	12	16.129	744
7	17	4	40	10	left	left	1	10	16.313	613
7	18	4	40	10	left	left	1	10	16.234	616
7	19	4	40	10	left	left	1	14	15.73	890
7	20	4	40	10	right	right	1	11	16.082	684
7	21	4	40	10	right	right	1	11	16.369	672
7	22	4	40	10	right	right	1	10	15.528	644
7	23	4	40	10	right	left	0	8	15.18	527
7	24	4	40	10	right	right	1	9	15.929	565
7	25	4	40	10	right	right	1	14	15.251	918
7	26	4	40	10	left	left	1	12	15.152	792
7	27	4	40	10	right	right	1	12	15.957	752
7	28	4	40	10	right	right	1	37	15.488	2389
7	29	4	40	10	right	right	1	11	15.007	733
7	30	4	40	10	left	left	1	13	15.439	842
7	31	4	40	10	left	left	1	12	15.564	771
7	32	4	40	10	right	right	1	12	15.769	761
7	33	4	40	10	left	left	1	10	15.244	656
7	34	4	40	10	right	right	1	13	15.569	835
7	35	4	40	10	left	left	1	17	15.814	1075
7	36	4	40	10	right	right	1	13	15.892	818
7	37	4	40	10	right	right	1	12	15.132	793
7	38	4	40	10	right	right	1	20	15.326	1305
7	39	4	40	10	left	left	1	13	15.385	845
7	40	4	40	10	left	left	1	16	15.795	1013
8	1	4	40	10	left	left	1	11	15.068	730
8	2	4	40	10	left	left	1	10	15.848	631
8	3	4	40	10	left	right	0	10	16.181	618
8	4	4	40	10	left	left	1	10	15.221	657
8	5	4	40	10	right	right	1	11	15.007	733
8	6	4	40	10	left	left	1	11	15.214	723
8	7	4	40	10	left	left	1	18	15.625	1152
8	8	4	40	10	left	left	1	12	15.152	792
8	9	4	40	10	left	left	1	11	15.805	696
8	10	4	40	10	left	left	1	12	16.216	740
8	11	4	40	10	right	right	1	11	15.406	714
8	12	4	40	10	right	right	1	12	16.327	735
8	13	4	40	10	left	left	1	10	15.699	637
8	14	4	40	10	right	right	1	12	16.129	744
8	15	4	40	10	left	left	1	11	16.248	677
8	16	4	40	10	right	right	1	13	16.23	801
8	17	4	40	10	left	left	1	10	15.221	657
8	18	4	40	10	right	right	1	10	15.528	644
8	19	4	40	10	right	left	0	11	16.176	680
8	20	4	40	10	left	left	1	32	15.274	2095
8	21	4	40	10	left	left	1	20	15.625	1280
8	22	4	40	10	left	left	1	26	15.16	1715
8	23	4	40	10	right	right	1	13	15.294	850
8	24	4	40	10	right	right	1	16	15.826	1011
8	25	4	40	10	right	right	1	12	15.789	760
8	26	4	40	10	left	left	1	13	16.129	806
8	27	4	40	10	right	right	1	11	15.515	709
8	28	4	40	10	right	right	1	13	15.758	825
8	29	4	40	10	right	right	1	13	15.588	834
8	30	4	40	10	right	right	1	11	15.235	722
8	31	4	40	10	left	right	0	12	16.327	735
8	32	4	40	10	left	left	1	25	15.235	1641
8	33	4	40	10	right	right	1	12	15.19	790
8	34	4	40	10	right	right	1	11	15.692	701
8	35	4	40	10	right	right	1	11	15.581	706
8	36	4	40	10	right	right	1	10	15.083	663
8	37	4	40	10	right	right	1	11	16.345	673
8	38	4	40	10	left	left	1	11	15.515	709
8	39	4	40	10	right	right	1	11	15.581	706
8	40	4	40	10	left	left	1	13	14.943	870
9	1	4	40	10	left	left	1	14	15.351	912
9	2	4	40	10	left	right	0	9	16.245	554
9	3	4	40	10	left	left	1	11	15.299	719
9	4	4	40	10	right	right	1	13	16.332	796
9	5	4	40	10	left	left	1	14	15.168	923
9	6	4	40	10	right	right	1	15	15.416	973
9	7	4	40	10	left	left	1	13	15.758	825
9	8	4	40	10	right	right	1	12	15.936	753
9	9	4	40	10	left	left	1	11	15.131	727
9	10	4	40	10	right	right	1	13	15.55	836
9	11	4	40	10	right	right	1	25	15.509	1612
9	12	4	40	10	left	left	1	13	16.25	800
9	13	4	40	10	right	right	1	26	15.485	1679
9	14	4	40	10	left	left	1	17	15.554	1093
9	15	4	40	10	right	right	1	13	15.403	844
9	16	4	40	10	left	left	1	14	15.556	900
9	17	4	40	10	left	left	1	37	15.43	2398
9	18	4	40	10	right	right	1	22	15.827	1390
9	19	4	40	10	right	right	1	18	15.358	1172
9	20	4	40	10	right	right	1	14	15.538	901
9	21	4	40	10	right	right	1	14	15.504	903
9	22	4	40	10	left	left	1	13	15.312	849
9	23	4	40	10	right	right	1	15	15.213	986
9	24	4	40	10	right	right	1	14	15.66	894
9	25	4	40	10	left	left	1	12	15.171	791
9	26	4	40	10	left	left	1	13	15.24	853
9	27	4	40	10	left	left	1	15	15.4	974
9	28	4	40	10	right	right	1	21	15.162	1385
9	29	4	40	10	right	right	1	22	15.625	1408
9	30	4	40	10	right	right	1	13	15.55	836
9	31	4	40	10	left	left	1	11	15.827	695
9	32	4	40	10	left	left	1	17	15.247	1115
9	33	4	40	10	right	right	1	11	15.235	722
9	34	4	40	10	left	left	1	21	15.719	1336
9	35	4	40	10	left	left	1	23	15.323	1501
9	36	4	40	10	right	right	1	22	15.827	1390
9	37	4	40	10	left	left	1	23	15.092	1524
9	38	4	40	10	right	right	1	31	15.641	1982
9	39	4	40	10	right	right	1	15	15.075	995
9	40	4	40	10	left	left	1	12	16.304	736
10	1	4	40	10	left	left	1	10	16.207	617
10	2	4	40	10	right	right	1	10	15.924	628
10	3	4	40	10	right	right	1	15	15.641	959
10	4	4	40	10	right	right	1	10	15.773	634
10	5	4	40	10	left	left	1	11	15.172	725
10	6	4	40	10	left	left	1	13	15.892	818
10	7	4	40	10	left	left	1	16	15.968	1002
10	8	4	40	10	right	right	1	11	16.035	686
10	9	4	40	10	right	right	1	11	16.129	682
10	10	4	40	10	left	left	1	10	15.291	654
10	11	4	40	10	left	left	1	9	14.95	602
10	12	4	40	10	left	left	1	11	16.296	675
10	13	4	40	10	right	right	1	10	15.456	647
10	14	4	40	10	left	left	1	10	15.576	642
10	15	4	40	10	right	right	1	15	15.789	950
10	16	4	40	10	right	right	1	17	15.274	1113
10	17	4	40	10	right	right	1	11	15.625	704
10	18	4	40	10	right	right	1	9	14.876	605
10	19	4	40	10	left	left	1	10	15.649	639
10	20	4	40	10	left	left	1	10	14.993	667
10	21	4	40	10	right	right	1	10	15.649	639
10	22	4	40	10	left	left	1	13	15.588	834
10	23	4	40	10	right	right	1	11	15.406	714
10	24	4	40	10	right	right	1	11	16.2	679
10	25	4	40	10	right	right	1	10	15.949	627
10	26	4	40	10	right	right	1	11	15.67	702
10	27	4	40	10	right	right	1	10	15.175	659
10	28	4	40	10	left	left	1	12	16	750
10	29	4	40	10	right	right	1	11	15.363	716
10	30	4	40	10	left	left	1	11	15.581	706
10	31	4	40	10	right	right	1	11	15.152	726
10	32	4	40	10	left	left	1	11	15.363	716
10	33	4	40	10	right	right	1	11	16.345	673
10	34	4	40	10	left	left	1	10	14.948	669
10	35	4	40	10	left	left	1	13	15.312	849
10	36	4	40	10	right	left	0	10	16.42	609
10	37	4	40	10	left	left	1	11	15.603	705
10	38	4	40	10	left	left	1	13	16.169	804
10	39	4	40	10	left	left	1	22	15.493	1420
10	40	4	40	10	left	right	0	20	15.785	1267
11	1	4	40	10	right	right	1	11	15.449	712
11	2	4	40	10	left	left	1	13	15.99	813
11	3	4	40	10	left	left	1	11	16.272	676
11	4	4	40	10	right	right	1	9	14.803	608
11	5	4	40	10	right	right	1	11	15.559	707
11	6	4	40	10	right	right	1	19	15.044	1263
11	7	4	40	10	left	left	1	11	16.129	682
11	8	4	40	10	left	left	1	10	15.873	630
11	9	4	40	10	right	right	1	11	15.089	729
11	10	4	40	10	left	left	1	12	15.504	774
11	11	4	40	10	right	right	1	13	15.854	820
11	12	4	40	10	right	right	1	16	15.936	1004
11	13	4	40	10	left	left	1	13	15.758	825
11	14	4	40	10	left	right	0	12	16.107	745
11	15	4	40	10	right	right	1	12	15.894	755
11	16	4	40	10	left	left	1	16	15.733	1017
11	17	4	40	10	left	left	1	18	15.652	1150
11	18	4	40	10	left	left	1	13	15.663	830
11	19	4	40	10	left	right	0	37	15.43	2398
11	20	4	40	10	right	right	1	20	15.48	1292
11	21	4	40	10	left	left	1	14	15.766	888
11	22	4	40	10	left	left	1	13	16.069	809
11	23	4	40	10	left	left	1	20	15.711	1273
11	24	4	40	10	right	right	1	13	15.116	860
11	25	4	40	10	right	right	1	13	15.24	853
11	26	4	40	10	right	right	1	17	15.683	1084
11	27	4	40	10	left	left	1	14	15.982	876
11	28	4	40	10	right	right	1	13	15.116	860
11	29	4	40	10	right	left	0	36	15.222	2365
11	30	4	40	10	left	left	1	18	15.943	1129
11	31	4	40	10	right	right	1	13	15.606	833
11	32	4	40	10	right	right	1	12	15.444	777
11	33	4	40	10	left	left	1	13	15.644	831
11	34	4	40	10	left	left	1	12	15.326	783
11	35	4	40	10	right	right	1	12	16.173	742
11	36	4	40	10	left	right	0	41	15.185	2700
11	37	4	40	10	right	left	0	28	15.547	1801
11	38	4	40	10	left	right	0	11	15.827	695
11	39	4	40	10	right	right	1	14	14.957	936
11	40	4	40	10	right	left	0	12	15.404	779
12	1	4	40	10	right	right	1	12	16.086	746
12	2	4	40	10	left	left	1	9	15	600
12	3	4	40	10	left	left	1	15	15.213	986
12	4	4	40	10	right	right	1	10	15.48	646
12	5	4	40	10	left	left	1	14	15.201	921
12	6	4	40	10	left	left	1	12	15.544	772
12	7	4	40	10	left	left	1	22	15.007	1466
12	8	4	40	10	right	right	1	12	15.404	779
12	9	4	40	10	left	left	1	29	15.409	1882
12	10	4	40	10	right	right	1	13	14.977	868
12	11	4	40	10	right	right	1	15	15.674	957
12	12	4	40	10	right	right	1	13	16.109	807
12	13	4	40	10	right	right	1	13	15.187	856
12	14	4	40	10	left	left	1	12	15.957	752
12	15	4	40	10	right	right	1	13	15.222	854
12	16	4	40	10	right	right	1	16	15.64	1023
12	17	4	40	10	right	right	1	13	15.116	860
12	18	4	40	10	left	right	0	15	15.432	972
12	19	4	40	10	left	left	1	13	14.96	869
12	20	4	40	10	right	right	1	13	15.815	822
12	21	4	40	10	left	left	1	12	15.209	789
12	22	4	40	10	left	left	1	13	14.977	868
12	23	4	40	10	right	right	1	17	15.668	1085
12	24	4	40	10	right	right	1	13	15.7	828
12	25	4	40	10	right	right	1	13	15.682	829
12	26	4	40	10	left	left	1	22	15.581	1412
12	27	4	40	10	right	right	1	13	16.049	810
12	28	4	40	10	right	left	0	31	15.423	2010
12	29	4	40	10	left	left	1	17	15.785	1077
12	30	4	40	10	right	right	1	13	15.55	836
12	31	4	40	10	left	left	1	11	15.363	716
12	32	4	40	10	left	left	1	18	15.088	1193
12	33	4	40	10	left	left	1	33	15.214	2169
12	34	4	40	10	left	right	0	28	15.119	1852
12	35	4	40	10	left	right	0	42	15.334	2739
12	36	4	40	10	right	left	0	54	15.371	3513
12	37	4	40	10	right	left	0	36	15.088	2386
12	38	4	40	10	right	right	1	19	15.536	1223
12	39	4	40	10	left	left	1	15	15.609	961
12	40	4	40	10	left	left	1	13	15.7	828
13	1	4	40	10	right	right	1	16	15.109	1059
13	2	4	40	10	right	right	1	14	15.07	929
13	3	4	40	10	left	left	1	26	15.376	1691
13	4	4	40	10	right	right	1	15	15.337	978
13	5	4	40	10	right	right	1	16	15.549	1029
13	6	4	40	10	right	right	1	16	15.842	1010
13	7	4	40	10	right	right	1	25	15.253	1639
13	8	4	40	10	left	left	1	16	15.209	1052
13	9	4	40	10	left	left	1	14	15.748	889
13	10	4	40	10	right	right	1	13	14.994	867
13	11	4	40	10	right	right	1	14	15.556	900
13	12	4	40	10	left	left	1	14	15.402	909
13	13	4	40	10	left	left	1	15	15.496	968
13	14	4	40	10	right	right	1	19	15.587	1219
13	15	4	40	10	left	left	1	13	16.311	797
13	16	4	40	10	right	right	1	14	15.982	876
13	17	4	40	10	left	left	1	13	16.291	798
13	18	4	40	10	left	left	1	13	15.099	861
13	19	4	40	10	left	left	1	15	15.528	966
13	20	4	40	10	left	left	1	13	15.187	856
13	21	4	40	10	right	left	0	33	15.158	2177
13	22	4	40	10	left	left	1	16	15.625	1024
13	23	4	40	10	right	right	1	12	15.365	781
13	24	4	40	10	left	left	1	12	15.544	772
13	25	4	40	10	left	left	1	14	15.054	930
13	26	4	40	10	right	right	1	12	15.365	781
13	27	4	40	10	right	right	1	13	15.403	844
13	28	4	40	10	right	right	1	17	15.554	1093
13	29	4	40	10	left	left	1	11	15.385	715
13	30	4	40	10	right	left	0	27	15.271	1768
13	31	4	40	10	right	left	0	20	15.564	1285
13	32	4	40	10	left	left	1	13	15.663	830
13	33	4	40	10	left	left	1	13	16.129	806
13	34	4	40	10	left	left	1	13	15.99	813
13	35	4	40	10	right	right	1	11	15.007	733
13	36	4	40	10	left	left	1	12	15.915	754
13	37	4	40	10	left	left	1	18	15.972	1127
13	38	4	40	10	right	right	1	13	15.064	863
13	39	4	40	10	right	right	1	12	15.287	785
13	40	4	40	10	left	left	1	10	15.106	662
14	1	4	40	10	right	right	1	14	14.973	935
14	2	4	40	10	left	left	1	10	15.015	666
14	3	4	40	10	left	left	1	12	15.209	789
14	4	4	40	10	left	left	1	13	15.258	852
14	5	4	40	10	right	right	1	14	15.964	877
14	6	4	40	10	left	left	1	13	16.311	797
14	7	4	40	10	left	left	1	11	16.058	685
14	8	4	40	10	right	right	1	10	15.601	641
14	9	4	40	10	left	left	1	11	16.248	677
14	10	4	40	10	right	right	1	10	15.038	665
14	11	4	40	10	left	left	1	11	15.714	700
14	12	4	40	10	right	right	1	11	16.153	681
14	13	4	40	10	right	right	1	33	15.131	2181
14	14	4	40	10	right	right	1	17	15.755	1079
14	15	4	40	10	right	left	0	16	15.656	1022
14	16	4	40	10	left	left	1	19	15.435	1231
14	17	4	40	10	left	left	1	15	15.723	954
14	18	4	40	10	right	right	1	30	15.584	1925
14	19	4	40	10	right	right	1	15	15.106	993
14	20	4	40	10	right	right	1	13	15.099	861
14	21	4	40	10	right	right	1	17	15.426	1102
14	22	4	40	10	right	right	1	15	15.94	941
14	23	4	40	10	left	left	1	12	15.484	775
14	24	4	40	10	left	left	1	11	15.152	726
14	25	4	40	10	right	right	1	17	15.582	1091
14	26	4	40	10	right	right	1	17	15.596	1090
14	27	4	40	10	left	left	1	12	15.936	753
14	28	4	40	10	left	left	1	11	16.2	679
14	29	4	40	10	right	right	1	13	15.134	859
14	30	4	40	10	left	left	1	13	15.116	860
14	31	4	40	10	left	right	0	11	15.714	700
14	32	4	40	10	left	left	1	10	15.106	662
14	33	4	40	10	left	left	1	29	15.608	1858
14	34	4	40	10	right	right	1	14	15.168	923
14	35	4	40	10	right	right	1	21	15.648	1342
14	36	4	40	10	right	right	1	14	15.301	915
14	37	4	40	10	left	left	1	11	15.172	725
14	38	4	40	10	right	right	1	11	15.068	730
14	39	4	40	10	left	right	0	12	15.789	760
14	40	4	40	10	left	left	1	12	16.064	747
15	1	4	40	10	left	left	1	14	15.201	921
15	2	4	40	10	left	left	1	13	15.55	836
15	3	4	40	10	left	left	1	10	14.97	668
15	4	4	40	10	right	right	1	13	15.777	824
15	5	4	40	10	left	left	1	13	16.25	800
15	6	4	40	10	left	left	1	12	15.645	767
15	7	4	40	10	right	right	1	11	15.873	693
15	8	4	40	10	right	right	1	19	15.807	1202
15	9	4	40	10	right	right	1	15	15.432	972
15	10	4	40	10	left	left	1	12	15.19	790
15	11	4	40	10	right	right	1	16	15.311	1045
15	12	4	40	10	right	right	1	14	15.855	883
15	13	4	40	10	right	right	1	14	15.021	932
15	14	4	40	10	left	left	1	17	15.873	1071
15	15	4	40	10	left	left	1	19	15.36	1237
15	16	4	40	10	right	right	1	12	15.645	767
15	17	4	40	10	right	right	1	12	15.666	766
15	18	4	40	10	right	right	1	12	15.385	780
15	19	4	40	10	right	right	1	12	16.064	747
15	20	4	40	10	right	right	1	11	15.965	689
15	21	4	40	10	left	right	0	12	15.852	757
15	22	4	40	10	right	right	1	11	15.625	704
15	23	4	40	10	right	right	1	11	15.007	733
15	24	4	40	10	right	right	1	13	15.134	859
15	25	4	40	10	left	left	1	14	15.038	931
15	26	4	40	10	left	left	1	12	15.19	790
15	27	4	40	10	left	left	1	11	16.058	685
15	28	4	40	10	right	right	1	12	15.769	761
15	29	4	40	10	left	left	1	11	15.449	712
15	30	4	40	10	right	right	1	14	15.152	924
15	31	4	40	10	left	left	1	12	15.979	751
15	32	4	40	10	left	left	1	17	15.799	1076
15	33	4	40	10	right	right	1	16	15.717	1018
15	34	4	40	10	right	right	1	40	15.203	2631
15	35	4	40	10	left	left	1	12	15.209	789
15	36	4	40	10	left	left	1	11	15.193	724
15	37	4	40	10	left	left	1	20	15.326	1305
15	38	4	40	10	left	right	0	20	15.564	1285
15	39	4	40	10	left	left	1	13	16.291	798
15	40	4	40	10	right	right	1	17	15.219	1117
16	1	4	40	10	right	right	1	10	15.198	658
16	2	4	40	10	right	right	1	19	15.347	1238
16	3	4	40	10	right	right	1	12	15.287	785
16	4	4	40	10	left	left	1	12	16.151	743
16	5	4	40	10	left	left	1	13	15.099	861
16	6	4	40	10	right	right	1	12	16.194	741
16	7	4	40	10	left	left	1	21	15.054	1395
16	8	4	40	10	left	left	1	13	15.476	840
16	9	4	40	10	left	left	1	12	15.464	776
16	10	4	40	10	left	left	1	13	14.925	871
16	11	4	40	10	left	left	1	25	15.625	1600
16	12	4	40	10	right	right	1	12	15.385	780
16	13	4	40	10	left	left	1	12	15.564	771
16	14	4	40	10	right	right	1	12	15.605	769
16	15	4	40	10	right	right	1	18	15.957	1128
16	16	4	40	10	right	right	1	12	15.171	791
16	17	4	40	10	left	left	1	13	16.129	806
16	18	4	40	10	right	right	1	12	15.524	773
16	19	4	40	10	left	left	1	11	15.714	700
16	20	4	40	10	right	right	1	28	15.276	1833
16	21	4	40	10	left	left	1	13	15.458	841
16	22	4	40	10	left	left	1	13	15.276	851
16	23	4	40	10	right	right	1	12	15.267	786
16	24	4	40	10	left	left	1	13	16.069	809
16	25	4	40	10	right	right	1	13	15.458	841
16	26	4	40	10	right	right	1	36	15.352	2345
16	27	4	40	10	left	left	1	13	16.089	808
16	28	4	40	10	right	right	1	13	15.796	823
16	29	4	40	10	right	right	1	27	15.135	1784
16	30	4	40	10	right	right	1	56	15.184	3688
16	31	4	40	10	left	left	1	17	15.165	1121
16	32	4	40	10	right	right	1	14	15.453	906
16	33	4	40	10	left	left	1	20	15.686	1275
16	34	4	40	10	right	right	1	13	16.129	806
16	35	4	40	10	left	left	1	11	15.515	709
16	36	4	40	10	right	right	1	13	16.209	802
16	37	4	40	10	left	left	1	11	15.257	721
16	38	4	40	10	left	left	1	12	15.326	783
16	39	4	40	10	right	right	1	12	15.831	758
16	40	4	40	10	left	left	1	11	15.385	715
17	1	4	40	10	right	right	1	15	15.991	938
17	2	4	40	10	left	left	1	10	15.129	661
17	3	4	40	10	right	right	1	10	16.234	616
17	4	4	40	10	right	right	1	10	15.552	643
17	5	4	40	10	right	right	1	9	14.851	606
17	6	4	40	10	right	right	1	11	15.625	704
17	7	4	40	10	left	left	1	11	15.342	717
17	8	4	40	10	right	right	1	10	15.576	642
17	9	4	40	10	right	right	1	14	15.267	917
17	10	4	40	10	left	left	1	11	16.369	672
17	11	4	40	10	left	left	1	12	15.385	780
17	12	4	40	10	right	right	1	10	16.367	611
17	13	4	40	10	left	left	1	11	15.692	701
17	14	4	40	10	left	left	1	14	16.018	874
17	15	4	40	10	left	left	1	20	15.396	1299
17	16	4	40	10	left	left	1	14	14.973	935
17	17	4	40	10	right	right	1	11	16.345	673
17	18	4	40	10	right	right	1	12	15.365	781
17	19	4	40	10	left	left	1	12	16.216	740
17	20	4	40	10	left	left	1	26	15.312	1698
17	21	4	40	10	left	left	1	13	15.187	856
17	22	4	40	10	right	right	1	18	15.721	1145
17	23	4	40	10	left	left	1	13	16.23	801
17	24	4	40	10	right	right	1	12	16.129	744
17	25	4	40	10	right	right	1	11	16.035	686
17	26	4	40	10	right	right	1	16	15.717	1018
17	27	4	40	10	right	right	1	11	15.131	727
17	28	4	40	10	right	right	1	12	16.043	748
17	29	4	40	10	left	right	0	11	15.406	714
17	30	4	40	10	left	left	1	11	15.363	716
17	31	4	40	10	left	left	1	11	15.759	698
17	32	4	40	10	left	right	0	12	15.345	782
17	33	4	40	10	left	left	1	10	15.576	642
17	34	4	40	10	right	right	1	21	15.66	1341
17	35	4	40	10	left	left	1	13	15.588	834
17	36	4	40	10	left	left	1	28	15.143	1849
17	37	4	40	10	right	left	0	19	15.286	1243
17	38	4	40	10	right	right	1	26	15.449	1683
17	39	4	40	10	left	left	1	16	15.857	1009
17	40	4	40	10	right	right	1	16	15.534	1030
18	1	4	40	10	right	right	1	10	15.361	651
18	2	4	40	10	right	right	1	10	15.48	646
18	3	4	40	10	left	left	1	14	15.07	929
18	4	4	40	10	right	right	1	11	15.048	731
18	5	4	40	10	left	left	1	12	16.107	745
18	6	4	40	10	right	right	1	11	15.299	719
18	7	4	40	10	left	left	1	11	15.537	708
18	8	4	40	10	left	left	1	13	15.029	865
18	9	4	40	10	left	left	1	22	15.782	1394
18	10	4	40	10	right	right	1	14	15.642	895
18	11	4	40	10	left	left	1	14	15.436	907
18	12	4	40	10	right	right	1	29	15.6	1859
18	13	4	40	10	left	left	1	11	16.058	685
18	14	4	40	10	right	right	1	10	16.181	618
18	15	4	40	10	right	right	1	11	15.714	700
18	16	4	40	10	right	right	1	12	16.107	745
18	17	4	40	10	left	left	1	13	15.796	823
18	18	4	40	10	left	right	0	10	16.26	615
18	19	4	40	10	left	left	1	14	15.801	886
18	20	4	40	10	left	left	1	18	15.845	1136
18	21	4	40	10	left	left	1	11	15.805	696
18	22	4	40	10	right	right	1	14	15.284	916
18	23	4	40	10	left	left	1	18	15.216	1183
18	24	4	40	10	right	right	1	11	15.278	720
18	25	4	40	10	right	right	1	13	15.532	837
18	26	4	40	10	left	left	1	14	15.402	909
18	27	4	40	10	right	right	1	13	15.951	815
18	28	4	40	10	right	right	1	12	15.645	767
18	29	4	40	10	right	right	1	12	15.365	781
18	30	4	40	10	right	right	1	13	16.169	804
18	31	4	40	10	right	right	1	11	15.559	707
18	32	4	40	10	left	left	1	12	15.484	775
18	33	4	40	10	right	right	1	13	15.971	814
18	34	4	40	10	right	right	1	13	15.532	837
18	35	4	40	10	left	left	1	14	15.964	877
18	36	4	40	10	right	right	1	11	16.035	686
18	37	4	40	10	left	left	1	12	15.894	755
18	38	4	40	10	left	left	1	13	16.23	801
18	39	4	40	10	left	left	1	11	15.449	712
18	40	4	40	10	left	left	1	13	15.99	813
19	1	4	40	10	right	right	1	17	15.483	1098
19	2	4	40	10	left	left	1	10	15.038	665
19	3	4	40	10	left	left	1	12	15.075	796
19	4	4	40	10	left	left	1	9	15.332	587
19	5	4	40	10	left	left	1	10	15.152	660
19	6	4	40	10	left	left	1	9	16.304	552
19	7	4	40	10	left	left	1	11	16.153	681
19	8	4	40	10	right	left	0	10	15.898	629
19	9	4	40	10	left	left	1	12	15.228	788
19	10	4	40	10	right	right	1	13	15.873	819
19	11	4	40	10	right	right	1	12	15.248	787
19	12	4	40	10	right	right	1	14	15.59	898
19	13	4	40	10	right	right	1	18	15.063	1195
19	14	4	40	10	left	left	1	12	15.686	765
19	15	4	40	10	left	left	1	11	15.737	699
19	16	4	40	10	left	left	1	13	16.25	800
19	17	4	40	10	left	right	0	13	15.495	839
19	18	4	40	10	right	right	1	16	15.326	1044
19	19	4	40	10	right	right	1	14	15.59	898
19	20	4	40	10	right	right	1	12	15.248	787
19	21	4	40	10	right	right	1	12	15.424	778
19	22	4	40	10	right	right	1	10	15.038	665
19	23	4	40	10	right	right	1	11	15.515	709
19	24	4	40	10	left	left	1	15	15.856	946
19	25	4	40	10	left	left	1	16	15.686	1020
19	26	4	40	10	right	right	1	13	15.312	849
19	27	4	40	10	right	right	1	12	15.936	753
19	28	4	40	10	right	right	1	12	16.151	743
19	29	4	40	10	right	right	1	16	15.92	1005
19	30	4	40	10	left	right	0	14	15.608	897
19	31	4	40	10	right	right	1	13	14.925	871
19	32	4	40	10	left	left	1	11	15.278	720
19	33	4	40	10	left	left	1	12	16.173	742
19	34	4	40	10	left	left	1	13	16.189	803
19	35	4	40	10	right	right	1	12	15.727	763
19	36	4	40	10	right	right	1	13	16.23	801
19	37	4	40	10	left	left	1	15	16.009	937
19	38	4	40	10	left	left	1	11	15.214	723
19	39	4	40	10	left	left	1	12	15.152	792
19	40	4	40	10	right	right	1	16	15.764	1015
20	1	4	40	10	left	left	1	21	15.362	1367
20	2	4	40	10	right	right	1	16	15.209	1052
20	3	4	40	10	right	right	1	11	15.235	722
20	4	4	40	10	right	right	1	12	15.81	759
20	5	4	40	10	right	right	1	12	15.524	773
20	6	4	40	10	left	left	1	12	15.707	764
20	7	4	40	10	left	left	1	13	15.892	818
20	8	4	40	10	right	right	1	14	15.317	914
20	9	4	40	10	left	left	1	13	15.682	829
20	10	4	40	10	left	left	1	12	16.043	748
20	11	4	40	10	left	left	1	11	15.235	722
20	12	4	40	10	right	right	1	16	16.016	999
20	13	4	40	10	left	left	1	11	15.048	731
20	14	4	40	10	right	right	1	12	15.152	792
20	15	4	40	10	left	left	1	12	15.957	752
20	16	4	40	10	right	right	1	18	15.451	1165
20	17	4	40	10	left	left	1	13	14.943	870
20	18	4	40	10	right	right	1	13	15.495	839
20	19	4	40	10	right	right	1	22	15.027	1464
20	20	4	40	10	left	left	1	13	14.908	872
20	21	4	40	10	right	right	1	12	16.282	737
20	22	4	40	10	right	right	1	11	15.827	695
20	23	4	40	10	left	left	1	14	16	875
20	24	4	40	10	left	left	1	14	15.538	901
20	25	4	40	10	right	right	1	11	15.32	718
20	26	4	40	10	right	right	1	11	15.559	707
20	27	4	40	10	left	left	1	18	15.517	1160
20	28	4	40	10	left	left	1	14	15.608	897
20	29	4	40	10	left	left	1	13	15.294	850
20	30	4	40	10	right	right	1	13	15.569	835
20	31	4	40	10	left	left	1	12	16.238	739
20	32	4	40	10	right	left	0	13	15.777	824
20	33	4	40	10	right	right	1	20	15.662	1277
20	34	4	40	10	left	left	1	12	15.936	753
20	35	4	40	10	left	left	1	12	15.171	791
20	36	4	40	10	right	right	1	11	15.873	693
20	37	4	40	10	right	right	1	10	15.221	657
20	38	4	40	10	left	left	1	11	15.152	726
20	39	4	40	10	left	left	1	25	15.225	1642
20	40	4	40	10	right	right	1	15	15.385	975
21	1	4	40	10	left	left	1	10	15.129	661
21	2	4	40	10	left	left	1	10	15.798	633
21	3	4	40	10	right	right	1	11	15.027	732
21	4	4	40	10	left	left	1	13	15.758	825
21	5	4	40	10	right	right	1	12	15.769	761
21	6	4	40	10	left	left	1	11	15.988	688
21	7	4	40	10	right	right	1	10	14.97	668
21	8	4	40	10	left	right	0	10	15.244	656
21	9	4	40	10	right	right	1	10	16.207	617
21	10	4	40	10	left	left	1	10	15.198	658
21	11	4	40	10	right	right	1	14	15.945	878
21	12	4	40	10	left	left	1	13	15.796	823
21	13	4	40	10	left	left	1	13	15.205	855
21	14	4	40	10	right	right	1	21	15.813	1328
21	15	4	40	10	right	right	1	28	15.376	1821
21	16	4	40	10	right	right	1	12	15.504	774
21	17	4	40	10	left	left	1	13	15.7	828
21	18	4	40	10	right	right	1	22	15.759	1396
21	19	4	40	10	right	right	1	18	15.571	1156
21	20	4	40	10	left	left	1	16	15.109	1059
21	21	4	40	10	left	left	1	12	15.936	753
21	22	4	40	10	left	left	1	15	15.907	943
21	23	4	40	10	right	right	1	12	15.424	778
21	24	4	40	10	left	left	1	11	15.603	705
21	25	4	40	10	left	left	1	13	16.129	806
21	26	4	40	10	left	left	1	13	15.834	821
21	27	4	40	10	right	left	0	29	15.128	1917
21	28	4	40	10	left	left	1	11	15.152	726
21	29	4	40	10	right	right	1	13	15.294	850
21	30	4	40	10	right	right	1	22	15.428	1426
21	31	4	40	10	right	left	0	20	15.516	1289
21	32	4	40	10	left	left	1	35	15.446	2266
21	33	4	40	10	left	left	1	21	15.184	1383
21	34	4	40	10	left	left	1	21	15.475	1357
21	35	4	40	10	right	right	1	33	15.551	2122
21	36	4	40	10	right	right	1	17	15.343	1108
21	37	4	40	10	right	right	1	12	15.248	787
21	38	4	40	10	left	left	1	13	15.588	834
21	39	4	40	10	right	right	1	21	15.602	1346
21	40	4	40	10	right	right	1	16	15.764	1015
22	1	4	40	10	right	right	1	11	15.214	723
22	2	4	40	10	left	left	1	11	15.625	704
22	3	4	40	10	left	left	1	11	15.007	733
22	4	4	40	10	left	left	1	10	15.601	641
22	5	4	40	10	right	right	1	12	16.349	734
22	6	4	40	10	right	right	1	10	16.393	610
22	7	4	40	10	left	left	1	12	16	750
22	8	4	40	10	left	left	1	9	15.126	595
22	9	4	40	10	left	left	1	9	15.075	597
22	10	4	40	10	right	right	1	10	15.267	655
22	11	4	40	10	right	right	1	11	15.919	691
22	12	4	40	10	right	right	1	9	15.437	583
22	13	4	40	10	left	left	1	10	15.221	657
22	14	4	40	10	right	right	1	10	15.528	644
22	15	4	40	10	right	right	1	10	16.051	623
22	16	4	40	10	right	right	1	11	15.581	706
22	17	4	40	10	left	left	1	14	14.973	935
22	18	4	40	10	right	right	1	12	15.584	770
22	19	4	40	10	right	left	0	18	15.625	1152
22	20	4	40	10	right	right	1	13	15.971	814
22	21	4	40	10	left	right	0	31	15.339	2021
22	22	4	40	10	right	right	1	10	15.798	633
22	23	4	40	10	left	left	1	16	15.34	1043
22	24	4	40	10	left	left	1	12	15.132	793
22	25	4	40	10	left	left	1	12	15.645	767
22	26	4	40	10	right	right	1	14	15.234	919
22	27	4	40	10	left	left	1	13	15.758	825
22	28	4	40	10	left	left	1	11	15.11	728
22	29	4	40	10	right	left	0	11	15.342	717
22	30	4	40	10	left	left	1	10	15.083	663
22	31	4	40	10	left	left	1	13	15.7	828
22	32	4	40	10	left	left	1	24	15.514	1547
22	33	4	40	10	right	right	1	24	15.248	1574
22	34	4	40	10	right	right	1	11	15.089	729
22	35	4	40	10	left	left	1	13	14.943	870
22	36	4	40	10	left	left	1	13	15.796	823
22	37	4	40	10	right	right	1	26	15.56	1671
22	38	4	40	10	left	left	1	13	16.311	797
22	39	4	40	10	right	right	1	12	15.873	756
22	40	4	40	10	right	right	1	25	15.451	1618
23	1	4	40	10	right	right	1	16	15.64	1023
23	2	4	40	10	left	left	1	12	16.216	740
23	3	4	40	10	right	right	1	12	16.086	746
23	4	4	40	10	right	right	1	10	15.06	664
23	5	4	40	10	left	left	1	11	15.919	691
23	6	4	40	10	left	left	1	11	15.11	728
23	7	4	40	10	right	right	1	9	15.075	597
23	8	4	40	10	right	right	1	17	16.008	1062
23	9	4	40	10	left	left	1	10	15.337	652
23	10	4	40	10	right	right	1	10	16.234	616
23	11	4	40	10	right	right	1	9	14.95	602
23	12	4	40	10	right	left	0	10	15.723	636
23	13	4	40	10	left	left	1	10	15.152	660
23	14	4	40	10	left	left	1	14	15.766	888
23	15	4	40	10	left	left	1	11	16.345	673
23	16	4	40	10	left	left	1	10	15.129	661
23	17	4	40	10	left	left	1	13	15.458	841
23	18	4	40	10	left	left	1	14	15.748	889
23	19	4	40	10	right	right	1	18	15.477	1163
23	20	4	40	10	left	left	1	11	15.896	692
23	21	4	40	10	right	right	1	13	15.476	840
23	22	4	40	10	right	right	1	18	15	1200
23	23	4	40	10	right	right	1	13	15.439	842
23	24	4	40	10	right	right	1	15	15.213	986
23	25	4	40	10	right	right	1	22	15.204	1447
23	26	4	40	10	left	left	1	14	15.945	878
23	27	4	40	10	left	left	1	13	15.796	823
23	28	4	40	10	left	left	1	12	15.645	767
23	29	4	40	10	right	right	1	12	15.686	765
23	30	4	40	10	left	left	1	14	15.695	892
23	31	4	40	10	right	right	1	16	15.534	1030
23	32	4	40	10	left	left	1	14	15.317	914
23	33	4	40	10	right	right	1	12	15.544	772
23	34	4	40	10	right	right	1	20	15.314	1306
23	35	4	40	10	right	right	1	14	15.368	911
23	36	4	40	10	left	left	1	14	15.334	913
23	37	4	40	10	right	right	1	12	15.385	780
23	38	4	40	10	left	left	1	13	14.908	872
23	39	4	40	10	left	left	1	13	15.892	818
23	40	4	40	10	left	left	1	13	16.23	801
24	1	4	40	10	left	left	1	12	15.852	757
24	2	4	40	10	right	right	1	10	16.181	618
24	3	4	40	10	right	right	1	9	15.306	588
24	4	4	40	10	left	left	1	15	15.907	943
24	5	4	40	10	left	left	1	13	15.758	825
24	6	4	40	10	left	left	1	11	15.782	697
24	7	4	40	10	right	right	1	16	15.296	1046
24	8	4	40	10	right	right	1	17	15.469	1099
24	9	4	40	10	left	left	1	11	15.406	714
24	10	4	40	10	left	left	1	11	16.369	672
24	11	4	40	10	left	left	1	14	15.301	915
24	12	4	40	10	right	right	1	13	16.311	797
24	13	4	40	10	right	right	1	15	15.06	996
24	14	4	40	10	right	right	1	13	15.606	833
24	15	4	40	10	left	right	0	18	15.398	1169
24	16	4	40	10	right	right	1	11	15.647	703
24	17	4	40	10	right	right	1	10	15.175	659
24	18	4	40	10	right	right	1	11	15.625	704
24	19	4	40	10	left	left	1	22	15.771	1395
24	20	4	40	10	right	right	1	12	15.584	770
24	21	4	40	10	left	left	1	21	15.533	1352
24	22	4	40	10	right	right	1	22	15.31	1437
24	23	4	40	10	right	right	1	13	15.24	853
24	24	4	40	10	left	left	1	13	15.081	862
24	25	4	40	10	right	right	1	11	15.32	718
24	26	4	40	10	right	right	1	12	15.075	796
24	27	4	40	10	left	left	1	11	15.942	690
24	28	4	40	10	left	left	1	11	15.85	694
24	29	4	40	10	right	right	1	19	15.794	1203
24	30	4	40	10	left	left	1	32	15.296	2092
24	31	4	40	10	left	left	1	28	15.582	1797
24	32	4	40	10	left	left	1	12	15.666	766
24	33	4	40	10	left	left	1	11	16.272	676
24	34	4	40	10	left	right	0	11	15.11	728
24	35	4	40	10	right	right	1	12	15.748	762
24	36	4	40	10	left	left	1	10	16	625
24	37	4	40	10	right	right	1	11	15.537	708
24	38	4	40	10	right	right	1	11	16.369	672
24	39	4	40	10	left	left	1	10	15.924	628
24	40	4	40	10	right	right	1	12	15.81	759
