
blkNum	trlNum	coherentDots	numberofDots	percentCoherence	winningDirection	response	correct	eventCount	averageFrameRate	RT
1	1	4	40	10	left	left	1	66	15.165	4352
1	2	4	40	10	left	left	1	58	15.159	3826
1	3	4	40	10	left	right	0	125	15.218	8214
1	4	4	40	10	left	right	0	29	15.231	1904
1	5	4	40	10	left	right	0	38	15.323	2480
1	6	4	40	10	right	left	0	31	15.339	2021
1	7	4	40	10	right	left	0	43	15.27	2816
1	8	4	40	10	right	right	1	57	15.164	3759
1	9	4	40	10	left	right	0	53	15.362	3450
1	10	4	40	10	right	right	1	58	15.159	3826
1	11	4	40	10	right	left	0	22	15.299	1438
1	12	4	40	10	left	right	0	25	15.375	1626
1	13	4	40	10	left	left	1	49	15.184	3227
1	14	4	40	10	left	right	0	23	15.625	1472
1	15	4	40	10	left	left	1	58	15.211	3813
1	16	4	40	10	right	right	1	59	15.329	3849
1	17	4	40	10	right	right	1	71	13.987	5076
1	18	4	40	10	left	right	0	37	15.468	2392
1	19	4	40	10	right	left	0	58	15.401	3766
1	20	4	40	10	left	right	0	109	15.198	7172
1	21	4	40	10	left	right	0	32	15.602	2051
1	22	4	40	10	right	left	0	7	17.199	407
1	23	4	40	10	left	left	1	51	15.174	3361
1	24	4	40	10	right	right	1	34	15.336	2217
1	25	4	40	10	left	right	0	41	15.185	2700
1	26	4	40	10	left	left	1	70	15.348	4561
1	27	4	40	10	left	left	1	19	15.847	1199
1	28	4	40	10	left	left	1	16	15.504	1032
1	29	4	40	10	right	left	0	20	15.564	1285
1	30	4	40	10	right	right	1	21	15.295	1373
1	31	4	40	10	right	right	1	129	15.166	8506
1	32	4	40	10	right	right	1	90	15.246	5903
1	33	4	40	10	left	right	0	30	15.56	1928
1	34	4	40	10	right	left	0	53	15.226	3481
1	35	4	40	10	right	right	1	48	15.38	3121
1	36	4	40	10	left	right	0	53	15.212	3484
1	37	4	40	10	right	right	1	59	15.289	3859
1	38	4	40	10	right	right	1	20	15.337	1304
1	39	4	40	10	right	right	1	37	15.139	2444
1	40	4	40	10	right	right	1	45	15.218	2957
2	1	4	40	10	right	right	1	75	15.142	4953
2	2	4	40	10	right	left	0	61	15.273	3994
2	3	4	40	10	right	right	1	67	15.172	4416
2	4	4	40	10	right	right	1	21	15.141	1387
2	5	4	40	10	left	left	1	26	15.394	1689
2	6	4	40	10	left	right	0	21	15.742	1334
2	7	4	40	10	left	left	1	18	15.762	1142
2	8	4	40	10	right	right	1	30	15.198	1974
2	9	4	40	10	left	left	1	45	15.358	2930
2	10	4	40	10	left	right	0	31	15.316	2024
2	11	4	40	10	left	left	1	59	15.293	3858
2	12	4	40	10	left	left	1	33	15.165	2176
2	13	4	40	10	right	left	0	51	15.279	3338
2	14	4	40	10	left	left	1	41	15.536	2639
2	15	4	40	10	right	right	1	33	15.413	2141
2	16	4	40	10	right	right	1	26	15.348	1694
2	17	4	40	10	left	left	1	16	15.81	1012
2	18	4	40	10	right	left	0	16	15.267	1048
2	19	4	40	10	left	left	1	14	15.317	914
2	20	4	40	10	left	left	1	14	15.713	891
2	21	4	40	10	right	left	0	17	15.554	1093
2	22	4	40	10	left	left	1	17	15.525	1095
2	23	4	40	10	right	left	0	19	15.347	1238
2	24	4	40	10	left	right	0	23	15.499	1484
2	25	4	40	10	left	left	1	25	15.385	1625
2	26	4	40	10	left	right	0	26	15.504	1677
2	27	4	40	10	left	left	1	18	15.531	1159
2	28	4	40	10	left	left	1	72	15.261	4718
2	29	4	40	10	right	left	0	54	15.402	3506
2	30	4	40	10	left	left	1	19	15.794	1203
2	31	4	40	10	right	right	1	29	15.458	1876
2	32	4	40	10	right	right	1	17	15.654	1086
2	33	4	40	10	right	left	0	13	16.332	796
2	34	4	40	10	left	right	0	34	15.399	2208
2	35	4	40	10	right	right	1	27	15.698	1720
2	36	4	40	10	right	right	1	23	15.313	1502
2	37	4	40	10	right	left	0	16	15.889	1007
2	38	4	40	10	right	right	1	20	15.516	1289
2	39	4	40	10	right	right	1	45	15.306	2940
2	40	4	40	10	left	left	1	29	15.295	1896
3	1	4	40	10	right	left	0	25	15.142	1651
3	2	4	40	10	right	left	0	38	15.341	2477
3	3	4	40	10	right	left	0	51	15.385	3315
3	4	4	40	10	right	right	1	19	15.953	1191
3	5	4	40	10	left	right	0	38	15.372	2472
3	6	4	40	10	left	right	0	14	15.66	894
3	7	4	40	10	left	right	0	62	15.331	4044
3	8	4	40	10	right	right	1	25	15.442	1619
3	9	4	40	10	left	right	0	36	15.471	2327
3	10	4	40	10	right	left	0	27	15.263	1769
3	11	4	40	10	right	right	1	35	15.317	2285
3	12	4	40	10	left	left	1	21	15.602	1346
3	13	4	40	10	right	left	0	71	15.358	4623
3	14	4	40	10	right	right	1	21	15.487	1356
3	15	4	40	10	left	right	0	29	15.287	1897
3	16	4	40	10	left	right	0	15	15.106	993
3	17	4	40	10	left	left	1	39	15.513	2514
3	18	4	40	10	right	right	1	52	15.385	3380
3	19	4	40	10	right	right	1	43	15.374	2797
3	20	4	40	10	left	right	0	20	15.637	1279
3	21	4	40	10	right	left	0	48	15.233	3151
3	22	4	40	10	right	right	1	46	15.257	3015
3	23	4	40	10	left	left	1	36	15.209	2367
3	24	4	40	10	left	left	1	56	15.234	3676
3	25	4	40	10	left	left	1	62	15.358	4037
3	26	4	40	10	left	left	1	75	15.148	4951
3	27	4	40	10	right	left	0	32	15.504	2064
3	28	4	40	10	left	left	1	49	15.37	3188
3	29	4	40	10	right	right	1	29	15.295	1896
3	30	4	40	10	right	right	1	53	15.252	3475
3	31	4	40	10	left	left	1	40	15.256	2622
3	32	4	40	10	right	left	0	49	15.336	3195
3	33	4	40	10	right	right	1	61	15.358	3972
3	34	4	40	10	left	left	1	42	15.201	2763
3	35	4	40	10	left	left	1	57	15.372	3708
3	36	4	40	10	right	left	0	49	15.404	3181
3	37	4	40	10	left	left	1	45	15.427	2917
3	38	4	40	10	left	left	1	20	15.699	1274
3	39	4	40	10	left	right	0	50	15.408	3245
3	40	4	40	10	right	right	1	50	15.323	3263
4	1	4	40	10	left	left	1	48	15.37	3123
4	2	4	40	10	left	left	1	30	15.4	1948
4	3	4	40	10	left	right	0	50	15.202	3289
4	4	4	40	10	left	right	0	32	15.238	2100
4	5	4	40	10	right	right	1	33	15.327	2153
4	6	4	40	10	right	right	1	25	15.152	1650
4	7	4	40	10	right	right	1	26	15.412	1687
4	8	4	40	10	left	right	0	37	15.494	2388
4	9	4	40	10	right	left	0	57	15.253	3737
4	10	4	40	10	left	right	0	33	15.335	2152
4	11	4	40	10	left	right	0	54	15.143	3566
4	12	4	40	10	left	left	1	28	15.419	1816
4	13	4	40	10	right	right	1	44	15.188	2897
4	14	4	40	10	right	left	0	63	15.336	4108
4	15	4	40	10	left	left	1	38	15.243	2493
4	16	4	40	10	right	right	1	38	15.428	2463
4	17	4	40	10	right	right	1	33	15.399	2143
4	18	4	40	10	left	left	1	25	15.385	1625
4	19	4	40	10	right	right	1	34	15.145	2245
4	20	4	40	10	right	left	0	42	15.217	2760
4	21	4	40	10	right	right	1	43	15.281	2814
4	22	4	40	10	left	left	1	25	15.547	1608
4	23	4	40	10	left	left	1	34	15.371	2212
4	24	4	40	10	left	left	1	33	15.285	2159
4	25	4	40	10	right	left	0	31	15.562	1992
4	26	4	40	10	left	right	0	57	15.314	3722
4	27	4	40	10	right	left	0	40	15.426	2593
4	28	4	40	10	right	right	1	27	15.544	1737
4	29	4	40	10	right	left	0	46	15.333	3000
4	30	4	40	10	left	left	1	42	15.195	2764
4	31	4	40	10	left	left	1	37	15.226	2430
4	32	4	40	10	left	left	1	43	15.457	2782
4	33	4	40	10	right	right	1	50	15.17	3296
4	34	4	40	10	right	right	1	32	15.579	2054
4	35	4	40	10	left	left	1	34	15.532	2189
4	36	4	40	10	right	right	1	15	15.385	975
4	37	4	40	10	right	right	1	19	15.794	1203
4	38	4	40	10	left	right	0	30	15.213	1972
4	39	4	40	10	left	left	1	46	15.227	3021
4	40	4	40	10	right	left	0	24	15.821	1517
5	1	4	40	10	left	right	0	55	15.147	3631
5	2	4	40	10	left	left	1	26	15.16	1715
5	3	4	40	10	left	left	1	25	15.3	1634
5	4	4	40	10	left	left	1	38	15.188	2502
5	5	4	40	10	right	left	0	23	15.212	1512
5	6	4	40	10	left	left	1	17	16.008	1062
5	7	4	40	10	left	left	1	101	15.17	6658
5	8	4	40	10	left	left	1	45	15.291	2943
5	9	4	40	10	left	right	0	67	15.238	4397
5	10	4	40	10	right	right	1	13	15.834	821
5	11	4	40	10	left	left	1	22	15.759	1396
5	12	4	40	10	right	right	1	16	15.355	1042
5	13	4	40	10	left	left	1	13	15.796	823
5	14	4	40	10	left	left	1	14	16.241	862
5	15	4	40	10	right	right	1	11	16.616	662
5	16	4	40	10	right	left	0	10	16.42	609
5	17	4	40	10	right	right	1	12	15.152	792
5	18	4	40	10	left	left	1	11	15.131	727
5	19	4	40	10	right	right	1	10	15.748	635
5	20	4	40	10	right	left	0	7	15.152	462
5	21	4	40	10	right	left	0	20	15.14	1321
5	22	4	40	10	right	right	1	10	16.181	618
5	23	4	40	10	right	right	1	23	15.416	1492
5	24	4	40	10	left	right	0	13	15.854	820
5	25	4	40	10	left	right	0	17	15.858	1072
5	26	4	40	10	left	left	1	23	15.52	1482
5	27	4	40	10	right	right	1	31	15.601	1987
5	28	4	40	10	right	left	0	14	15.504	903
5	29	4	40	10	right	right	1	15	15.544	965
5	30	4	40	10	right	right	1	40	15.432	2592
5	31	4	40	10	left	right	0	16	15.92	1005
5	32	4	40	10	left	right	0	11	15.67	702
5	33	4	40	10	right	left	0	17	15.539	1094
5	34	4	40	10	right	right	1	28	15.201	1842
5	35	4	40	10	right	right	1	20	15.886	1259
5	36	4	40	10	left	left	1	22	15.748	1397
5	37	4	40	10	right	left	0	18	15.915	1131
5	38	4	40	10	left	left	1	16	15.282	1047
5	39	4	40	10	right	right	1	13	15.532	837
5	40	4	40	10	left	left	1	13	15.24	853
6	1	4	40	10	right	left	0	21	15.464	1358
6	2	4	40	10	left	left	1	11	15.11	728
6	3	4	40	10	right	right	1	11	16.058	685
6	4	4	40	10	right	left	0	8	15.595	513
6	5	4	40	10	left	right	0	10	16.75	597
6	6	4	40	10	right	left	0	7	14.989	467
6	7	4	40	10	left	right	0	12	15.666	766
6	8	4	40	10	right	left	0	16	15.519	1031
6	9	4	40	10	left	left	1	23	15.447	1489
6	10	4	40	10	right	right	1	35	15.344	2281
6	11	4	40	10	right	left	0	21	15.825	1327
6	12	4	40	10	left	left	1	34	15.185	2239
6	13	4	40	10	right	right	1	31	15.601	1987
6	14	4	40	10	right	left	0	18	15.411	1168
6	15	4	40	10	left	left	1	23	15.657	1469
6	16	4	40	10	left	left	1	27	15.508	1741
6	17	4	40	10	right	left	0	29	15.393	1884
6	18	4	40	10	right	right	1	27	15.315	1763
6	19	4	40	10	left	left	1	26	15.522	1675
6	20	4	40	10	right	left	0	23	15.293	1504
6	21	4	40	10	right	left	0	21	15.556	1350
6	22	4	40	10	left	right	0	22	15.204	1447
6	23	4	40	10	left	left	1	19	15.286	1243
6	24	4	40	10	left	right	0	16	15.195	1053
6	25	4	40	10	left	left	1	18	15.639	1151
6	26	4	40	10	right	left	0	28	15.111	1853
6	27	4	40	10	left	left	1	22	15.759	1396
6	28	4	40	10	left	left	1	32	15.253	2098
6	29	4	40	10	right	right	1	54	15.332	3522
6	30	4	40	10	left	right	0	30	15.322	1958
6	31	4	40	10	right	left	0	25	15.557	1607
6	32	4	40	10	right	right	1	22	15.636	1407
6	33	4	40	10	left	right	0	15	16.06	934
6	34	4	40	10	right	right	1	15	15.416	973
6	35	4	40	10	left	left	1	22	15.363	1432
6	36	4	40	10	left	left	1	23	15.721	1463
6	37	4	40	10	left	right	0	22	15.214	1446
6	38	4	40	10	left	left	1	13	15.588	834
6	39	4	40	10	right	left	0	15	16.251	923
6	40	4	40	10	right	left	0	11	16.345	673
7	1	4	40	10	right	right	1	28	15.487	1808
7	2	4	40	10	right	right	1	30	15.175	1977
7	3	4	40	10	left	right	0	30	15.33	1957
7	4	4	40	10	left	left	1	18	15.531	1159
7	5	4	40	10	right	right	1	14	15.504	903
7	6	4	40	10	right	right	1	32	15.267	2096
7	7	4	40	10	left	right	0	22	15.449	1424
7	8	4	40	10	right	left	0	36	15.391	2339
7	9	4	40	10	right	right	1	29	15.442	1878
7	10	4	40	10	left	left	1	13	15.187	856
7	11	4	40	10	right	right	1	11	15.257	721
7	12	4	40	10	right	left	0	13	16.149	805
7	13	4	40	10	left	left	1	24	15.454	1553
7	14	4	40	10	right	right	1	21	15.683	1339
7	15	4	40	10	left	left	1	23	15.721	1463
7	16	4	40	10	left	right	0	26	15.485	1679
7	17	4	40	10	left	right	0	15	15.353	977
7	18	4	40	10	left	left	1	10	15.408	649
7	19	4	40	10	right	left	0	19	15.176	1252
7	20	4	40	10	left	right	0	14	15.317	914
7	21	4	40	10	right	left	0	16	15.385	1040
7	22	4	40	10	right	right	1	23	15.436	1490
7	23	4	40	10	left	right	0	24	15.605	1538
7	24	4	40	10	left	left	1	24	15.296	1569
7	25	4	40	10	left	left	1	27	15.526	1739
7	26	4	40	10	right	right	1	28	15.608	1794
7	27	4	40	10	right	left	0	34	15.274	2226
7	28	4	40	10	right	right	1	20	15.798	1266
7	29	4	40	10	right	right	1	26	15.653	1661
7	30	4	40	10	left	left	1	18	15.929	1130
7	31	4	40	10	right	right	1	25	15.235	1641
7	32	4	40	10	left	left	1	16	15.92	1005
7	33	4	40	10	left	left	1	30	15.424	1945
7	34	4	40	10	left	right	0	16	15.671	1021
7	35	4	40	10	left	left	1	28	15.102	1854
7	36	4	40	10	right	right	1	21	15.453	1359
7	37	4	40	10	left	left	1	20	15.106	1324
7	38	4	40	10	right	right	1	17	15.741	1080
7	39	4	40	10	left	left	1	13	15.222	854
7	40	4	40	10	right	right	1	13	16.311	797
8	1	4	40	10	right	right	1	23	15.262	1507
8	2	4	40	10	right	right	1	20	15.576	1284
8	3	4	40	10	left	left	1	15	15.512	967
8	4	4	40	10	left	right	0	17	15.152	1122
8	5	4	40	10	left	left	1	26	15.276	1702
8	6	4	40	10	left	left	1	39	15.452	2524
8	7	4	40	10	left	right	0	25	15.557	1607
8	8	4	40	10	right	right	1	13	15.796	823
8	9	4	40	10	left	right	0	22	15.737	1398
8	10	4	40	10	left	left	1	14	16.037	873
8	11	4	40	10	right	right	1	25	15.309	1633
8	12	4	40	10	right	right	1	28	15.582	1797
8	13	4	40	10	right	right	1	14	15.385	910
8	14	4	40	10	right	left	0	17	15.873	1071
8	15	4	40	10	right	right	1	12	15.267	786
8	16	4	40	10	left	left	1	15	15.369	976
8	17	4	40	10	left	right	0	14	15.837	884
8	18	4	40	10	left	left	1	12	15.287	785
8	19	4	40	10	right	left	0	23	15.293	1504
8	20	4	40	10	right	left	0	28	15.453	1812
8	21	4	40	10	right	right	1	18	15.707	1146
8	22	4	40	10	left	left	1	12	15.424	778
8	23	4	40	10	right	right	1	15	15.625	960
8	24	4	40	10	right	right	1	33	15.32	2154
8	25	4	40	10	right	right	1	12	15.385	780
8	26	4	40	10	left	left	1	15	16.269	922
8	27	4	40	10	left	right	0	12	15.385	780
8	28	4	40	10	left	left	1	20	15.625	1280
8	29	4	40	10	right	right	1	13	16.03	811
8	30	4	40	10	right	right	1	20	15.504	1290
8	31	4	40	10	right	right	1	16	15.671	1021
8	32	4	40	10	left	right	0	11	15.782	697
8	33	4	40	10	left	right	0	11	16.32	674
8	34	4	40	10	right	right	1	37	15.296	2419
8	35	4	40	10	right	left	0	32	15.602	2051
8	36	4	40	10	left	left	1	23	15.385	1495
8	37	4	40	10	left	left	1	28	15.16	1847
8	38	4	40	10	right	right	1	16	15.253	1049
8	39	4	40	10	left	right	0	21	15.195	1382
8	40	4	40	10	left	left	1	11	15.988	688
9	1	4	40	10	right	right	1	29	15.442	1878
9	2	4	40	10	right	right	1	11	15.805	696
9	3	4	40	10	left	left	1	14	16.129	868
9	4	4	40	10	right	right	1	11	15.342	717
9	5	4	40	10	right	left	0	17	15.625	1088
9	6	4	40	10	left	right	0	12	15.248	787
9	7	4	40	10	right	right	1	19	15.742	1207
9	8	4	40	10	left	left	1	23	15.625	1472
9	9	4	40	10	left	left	1	25	15.244	1640
9	10	4	40	10	left	left	1	24	15.748	1524
9	11	4	40	10	left	left	1	31	15.641	1982
9	12	4	40	10	right	right	1	29	15.207	1907
9	13	4	40	10	right	left	0	17	15.315	1110
9	14	4	40	10	right	right	1	13	15.892	818
9	15	4	40	10	left	left	1	40	15.426	2593
9	16	4	40	10	right	right	1	24	15.484	1550
9	17	4	40	10	left	left	1	32	15.504	2064
9	18	4	40	10	right	right	1	13	15.495	839
9	19	4	40	10	left	left	1	12	15.81	759
9	20	4	40	10	right	right	1	14	15.713	891
9	21	4	40	10	right	right	1	16	15.564	1028
9	22	4	40	10	right	right	1	16	15.984	1001
9	23	4	40	10	right	right	1	11	15.172	725
9	24	4	40	10	left	left	1	15	15.856	946
9	25	4	40	10	right	right	1	11	15.027	732
9	26	4	40	10	left	left	1	8	15.595	513
9	27	4	40	10	left	right	0	13	15.187	856
9	28	4	40	10	right	right	1	15	15.806	949
9	29	4	40	10	left	left	1	27	15.35	1759
9	30	4	40	10	left	left	1	13	15.796	823
9	31	4	40	10	left	left	1	23	15.488	1485
9	32	4	40	10	right	right	1	18	15.652	1150
9	33	4	40	10	left	left	1	11	16.248	677
9	34	4	40	10	left	right	0	16	15.253	1049
9	35	4	40	10	right	right	1	23	15.344	1499
9	36	4	40	10	right	left	0	9	16.187	556
9	37	4	40	10	left	left	1	32	15.496	2065
9	38	4	40	10	left	left	1	24	15.152	1584
9	39	4	40	10	left	left	1	11	15.559	707
9	40	4	40	10	right	right	1	21	15.533	1352
10	1	4	40	10	right	right	1	19	15.536	1223
10	2	4	40	10	right	left	0	10	16.639	601
10	3	4	40	10	left	right	0	16	15.282	1047
10	4	4	40	10	left	left	1	13	16.23	801
10	5	4	40	10	left	left	1	15	16.026	936
10	6	4	40	10	left	left	1	16	15.842	1010
10	7	4	40	10	right	right	1	12	16	750
10	8	4	40	10	right	left	0	9	15.517	580
10	9	4	40	10	right	right	1	22	15.428	1426
10	10	4	40	10	left	left	1	11	16.541	665
10	11	4	40	10	left	left	1	17	15.233	1116
10	12	4	40	10	right	right	1	11	15.559	707
10	13	4	40	10	right	left	0	12	15.645	767
10	14	4	40	10	right	right	1	15	15.593	962
10	15	4	40	10	right	left	0	10	16.103	621
10	16	4	40	10	right	left	0	30	15.337	1956
10	17	4	40	10	left	left	1	18	15.345	1173
10	18	4	40	10	left	right	0	10	16.529	605
10	19	4	40	10	left	left	1	15	15.69	956
10	20	4	40	10	right	right	1	22	15.46	1423
10	21	4	40	10	left	left	1	14	15.819	885
10	22	4	40	10	right	right	1	24	15.484	1550
10	23	4	40	10	left	right	0	23	15.797	1456
10	24	4	40	10	left	left	1	12	15.365	781
10	25	4	40	10	left	left	1	9	16.484	546
10	26	4	40	10	left	left	1	9	15.571	578
10	27	4	40	10	right	right	1	14	15.556	900
10	28	4	40	10	right	right	1	15	15.291	981
10	29	4	40	10	right	right	1	18	15.625	1152
10	30	4	40	10	left	left	1	18	15.411	1168
10	31	4	40	10	left	right	0	12	15.306	784
10	32	4	40	10	left	right	0	15	15.075	995
10	33	4	40	10	right	left	0	30	15.472	1939
10	34	4	40	10	left	left	1	17	15.233	1116
10	35	4	40	10	right	left	0	18	15.477	1163
10	36	4	40	10	right	left	0	15	15.244	984
10	37	4	40	10	left	left	1	26	15.403	1688
10	38	4	40	10	right	right	1	10	15.674	638
10	39	4	40	10	left	left	1	11	16.768	656
10	40	4	40	10	right	right	1	11	15.737	699
11	1	4	40	10	left	right	0	20	15.385	1300
11	2	4	40	10	right	right	1	11	15.342	717
11	3	4	40	10	left	left	1	9	15.598	577
11	4	4	40	10	left	right	0	9	16.484	546
11	5	4	40	10	left	right	0	11	15.493	710
11	6	4	40	10	right	right	1	34	15.518	2191
11	7	4	40	10	left	left	1	9	15.598	577
11	8	4	40	10	right	left	0	13	15.276	851
11	9	4	40	10	left	right	0	8	16.985	471
11	10	4	40	10	right	right	1	8	16.842	475
11	11	4	40	10	left	left	1	10	15.408	649
11	12	4	40	10	left	right	0	10	16.556	604
11	13	4	40	10	left	left	1	9	15.571	578
11	14	4	40	10	left	left	1	11	15.537	708
11	15	4	40	10	right	right	1	11	15.625	704
11	16	4	40	10	right	left	0	11	16.467	668
11	17	4	40	10	left	left	1	15	15.823	948
11	18	4	40	10	left	right	0	11	16.2	679
11	19	4	40	10	right	left	0	15	15.641	959
11	20	4	40	10	left	left	1	25	15.179	1647
11	21	4	40	10	right	right	1	14	15.855	883
11	22	4	40	10	left	left	1	12	16.216	740
11	23	4	40	10	right	right	1	10	16	625
11	24	4	40	10	right	left	0	8	15.779	507
11	25	4	40	10	right	right	1	9	16.575	543
11	26	4	40	10	right	right	1	10	15.848	631
11	27	4	40	10	left	right	0	10	15.576	642
11	28	4	40	10	right	right	1	8	16.36	489
11	29	4	40	10	left	left	1	7	16.204	432
11	30	4	40	10	right	right	1	6	16.086	373
11	31	4	40	10	left	left	1	9	15.817	569
11	32	4	40	10	left	right	0	8	15.842	505
11	33	4	40	10	right	right	1	11	15.342	717
11	34	4	40	10	right	left	0	8	16.878	474
11	35	4	40	10	right	right	1	11	16.467	668
11	36	4	40	10	right	left	0	11	16.012	687
11	37	4	40	10	right	right	1	10	16.667	600
11	38	4	40	10	right	right	1	12	15.287	785
11	39	4	40	10	left	left	1	11	16.369	672
11	40	4	40	10	left	right	0	7	15.521	451
12	1	4	40	10	left	left	1	20	15.76	1269
12	2	4	40	10	right	right	1	9	16.304	552
12	3	4	40	10	right	left	0	8	16.427	487
12	4	4	40	10	left	left	1	13	15.276	851
12	5	4	40	10	left	right	0	9	16.698	539
12	6	4	40	10	left	right	0	19	15.625	1216
12	7	4	40	10	right	left	0	10	16.287	614
12	8	4	40	10	right	left	0	10	15.504	645
12	9	4	40	10	left	left	1	14	15.677	893
12	10	4	40	10	left	right	0	7	15.695	446
12	11	4	40	10	right	left	0	6	17.442	344
12	12	4	40	10	left	left	1	18	15.625	1152
12	13	4	40	10	right	right	1	8	15.385	520
12	14	4	40	10	left	left	1	8	15.414	519
12	15	4	40	10	right	right	1	8	15.414	519
12	16	4	40	10	left	left	1	6	16	375
12	17	4	40	10	left	tooFast	2	4	17.021	235
12	18	4	40	10	right	right	1	34	15.179	2240
12	19	4	40	10	right	right	1	18	15.28	1178
12	20	4	40	10	right	right	1	25	15.366	1627
12	21	4	40	10	right	right	1	15	15.907	943
12	22	4	40	10	left	left	1	22	15.793	1393
12	23	4	40	10	right	right	1	36	15.578	2311
12	24	4	40	10	left	left	1	29	15.191	1909
12	25	4	40	10	left	left	1	27	15.553	1736
12	26	4	40	10	left	left	1	33	15.515	2127
12	27	4	40	10	left	left	1	17	15.525	1095
12	28	4	40	10	right	right	1	20	15.748	1270
12	29	4	40	10	left	left	1	16	15.61	1025
12	30	4	40	10	left	left	1	17	15.785	1077
12	31	4	40	10	right	right	1	15	15.198	987
12	32	4	40	10	right	left	0	9	15.437	583
12	33	4	40	10	right	left	0	26	15.214	1709
12	34	4	40	10	right	right	1	17	15.992	1063
12	35	4	40	10	left	left	1	11	16.248	677
12	36	4	40	10	left	right	0	14	16.204	864
12	37	4	40	10	right	right	1	19	15.768	1205
12	38	4	40	10	right	left	0	11	16.224	678
12	39	4	40	10	left	left	1	17	15.192	1119
12	40	4	40	10	right	right	1	21	15.284	1374
13	1	4	40	10	right	right	1	18	15.748	1143
13	2	4	40	10	left	right	0	17	15.873	1071
13	3	4	40	10	left	left	1	43	15.352	2801
13	4	4	40	10	right	right	1	10	15.949	627
13	5	4	40	10	right	right	1	27	15.429	1750
13	6	4	40	10	right	left	0	20	15.468	1293
13	7	4	40	10	right	left	0	31	15.4	2013
13	8	4	40	10	right	right	1	32	15.267	2096
13	9	4	40	10	left	right	0	34	15.455	2200
13	10	4	40	10	left	left	1	15	15.259	983
13	11	4	40	10	right	right	1	11	15.385	715
13	12	4	40	10	left	left	1	18	15.845	1136
13	13	4	40	10	left	left	1	26	15.634	1663
13	14	4	40	10	right	right	1	14	16.279	860
13	15	4	40	10	left	right	0	20	15.198	1316
13	16	4	40	10	left	right	0	11	15.342	717
13	17	4	40	10	right	left	0	11	16.616	662
13	18	4	40	10	left	left	1	36	15.319	2350
13	19	4	40	10	right	right	1	18	15.901	1132
13	20	4	40	10	right	left	0	11	15.896	692
13	21	4	40	10	right	right	1	14	15.964	877
13	22	4	40	10	right	right	1	18	15.332	1174
13	23	4	40	10	left	right	0	18	15.986	1126
13	24	4	40	10	left	right	0	14	15.73	890
13	25	4	40	10	right	right	1	28	15.419	1816
13	26	4	40	10	right	right	1	24	15.534	1545
13	27	4	40	10	left	left	1	20	15.798	1266
13	28	4	40	10	right	right	1	14	15.677	893
13	29	4	40	10	left	left	1	18	15.437	1166
13	30	4	40	10	left	left	1	24	15.326	1566
13	31	4	40	10	left	left	1	32	15.318	2089
13	32	4	40	10	left	left	1	15	15.121	992
13	33	4	40	10	left	right	0	16	15.81	1012
13	34	4	40	10	left	left	1	12	15.365	781
13	35	4	40	10	right	left	0	16	15.34	1043
13	36	4	40	10	right	right	1	15	16.216	925
13	37	4	40	10	left	left	1	19	15.742	1207
13	38	4	40	10	right	left	0	36	15.306	2352
13	39	4	40	10	left	left	1	22	15.162	1451
13	40	4	40	10	right	left	0	23	15.678	1467
14	1	4	40	10	left	left	1	18	15.789	1140
14	2	4	40	10	left	left	1	11	15.737	699
14	3	4	40	10	left	left	1	12	15.326	783
14	4	4	40	10	left	left	1	41	15.408	2661
14	5	4	40	10	left	right	0	24	15.424	1556
14	6	4	40	10	right	left	0	15	16.112	931
14	7	4	40	10	right	left	0	23	15.272	1506
14	8	4	40	10	right	left	0	38	15.182	2503
14	9	4	40	10	right	right	1	51	15.152	3366
14	10	4	40	10	right	left	0	27	15.562	1735
14	11	4	40	10	left	left	1	38	15.403	2467
14	12	4	40	10	right	left	0	36	15.228	2364
14	13	4	40	10	left	right	0	27	15.553	1736
14	14	4	40	10	right	left	0	68	15.226	4466
14	15	4	40	10	right	right	1	38	15.2	2500
14	16	4	40	10	right	left	0	24	15.394	1559
14	17	4	40	10	right	right	1	18	15.451	1165
14	18	4	40	10	left	right	0	16	15.311	1045
14	19	4	40	10	left	left	1	35	15.304	2287
14	20	4	40	10	right	left	0	20	15.674	1276
14	21	4	40	10	right	left	0	37	15.139	2444
14	22	4	40	10	right	right	1	32	15.318	2089
14	23	4	40	10	left	left	1	21	15.43	1361
14	24	4	40	10	right	right	1	13	16.291	798
14	25	4	40	10	left	right	0	21	15.206	1381
14	26	4	40	10	left	left	1	22	15.636	1407
14	27	4	40	10	left	right	0	26	15.421	1686
14	28	4	40	10	left	left	1	20	15.625	1280
14	29	4	40	10	left	left	1	20	15.209	1315
14	30	4	40	10	right	right	1	66	15.285	4318
14	31	4	40	10	left	left	1	18	15.319	1175
14	32	4	40	10	right	right	1	40	15.486	2583
14	33	4	40	10	left	left	1	45	15.432	2916
14	34	4	40	10	left	left	1	54	15.13	3569
14	35	4	40	10	right	left	0	54	15.315	3526
14	36	4	40	10	left	left	1	46	15.416	2984
14	37	4	40	10	left	right	0	37	15.321	2415
14	38	4	40	10	right	left	0	34	15.152	2244
14	39	4	40	10	right	right	1	32	15.595	2052
14	40	4	40	10	right	left	0	27	15.455	1747
15	1	4	40	10	right	right	1	23	15.829	1453
15	2	4	40	10	right	right	1	25	15.423	1621
15	3	4	40	10	left	left	1	18	15.203	1184
15	4	4	40	10	right	right	1	16	15.37	1041
15	5	4	40	10	left	left	1	16	15.671	1021
15	6	4	40	10	right	right	1	21	15.152	1386
15	7	4	40	10	left	left	1	22	15.288	1439
15	8	4	40	10	left	right	0	23	15.818	1454
15	9	4	40	10	left	left	1	14	15.301	915
15	10	4	40	10	left	right	0	34	15.206	2236
15	11	4	40	10	right	right	1	18	15.776	1141
15	12	4	40	10	right	left	0	13	15.532	837
15	13	4	40	10	right	right	1	20	15.516	1289
15	14	4	40	10	left	left	1	16	15.936	1004
15	15	4	40	10	left	left	1	19	15.523	1224
15	16	4	40	10	right	left	0	20	15.129	1322
15	17	4	40	10	left	right	0	18	15.164	1187
15	18	4	40	10	left	left	1	11	15.493	710
15	19	4	40	10	right	right	1	56	15.209	3682
15	20	4	40	10	right	left	0	49	15.414	3179
15	21	4	40	10	left	left	1	28	15.59	1796
15	22	4	40	10	right	right	1	23	15.499	1484
15	23	4	40	10	right	right	1	19	15.164	1253
15	24	4	40	10	left	right	0	26	15.196	1711
15	25	4	40	10	left	right	0	25	15.684	1594
15	26	4	40	10	left	left	1	13	15.152	858
15	27	4	40	10	right	right	1	14	15.317	914
15	28	4	40	10	right	left	0	12	16.216	740
15	29	4	40	10	right	left	0	22	15.559	1414
15	30	4	40	10	left	left	1	29	15.617	1857
15	31	4	40	10	right	right	1	27	15.526	1739
15	32	4	40	10	right	right	1	28	15.47	1810
15	33	4	40	10	left	left	1	14	15.301	915
15	34	4	40	10	left	right	0	16	15.08	1061
15	35	4	40	10	right	right	1	19	15.435	1231
15	36	4	40	10	left	left	1	12	15.789	760
15	37	4	40	10	left	right	0	15	15.806	949
15	38	4	40	10	right	right	1	17	15.554	1093
15	39	4	40	10	right	left	0	11	15.214	723
15	40	4	40	10	left	right	0	16	15.195	1053
16	1	4	40	10	left	left	1	32	15.429	2074
16	2	4	40	10	right	right	1	14	16.185	865
16	3	4	40	10	left	left	1	10	15.798	633
16	4	4	40	10	right	right	1	10	15.337	652
16	5	4	40	10	right	left	0	10	16.722	598
16	6	4	40	10	right	left	0	13	15.7	828
16	7	4	40	10	right	left	0	38	15.416	2465
16	8	4	40	10	left	left	1	28	15.704	1783
16	9	4	40	10	right	right	1	18	15.748	1143
16	10	4	40	10	left	left	1	11	15.647	703
16	11	4	40	10	left	right	0	13	16.03	811
16	12	4	40	10	right	left	0	11	15.827	695
16	13	4	40	10	left	left	1	11	15.278	720
16	14	4	40	10	left	right	0	10	15.337	652
16	15	4	40	10	left	left	1	12	15.873	756
16	16	4	40	10	left	right	0	12	15.444	777
16	17	4	40	10	right	left	0	16	15.936	1004
16	18	4	40	10	left	right	0	28	15.444	1813
16	19	4	40	10	left	left	1	14	15.873	882
16	20	4	40	10	left	left	1	15	15.576	963
16	21	4	40	10	left	right	0	12	15.686	765
16	22	4	40	10	right	right	1	17	15.288	1112
16	23	4	40	10	right	left	0	9	15.228	591
16	24	4	40	10	right	left	0	19	15.561	1221
16	25	4	40	10	right	left	0	19	15.69	1211
16	26	4	40	10	right	right	1	18	15.19	1185
16	27	4	40	10	left	left	1	12	15.915	754
16	28	4	40	10	right	left	0	25	15.394	1624
16	29	4	40	10	right	right	1	25	15.235	1641
16	30	4	40	10	right	left	0	10	15.314	653
16	31	4	40	10	left	left	1	13	15.99	813
16	32	4	40	10	left	right	0	15	15.56	964
16	33	4	40	10	right	left	0	10	16.367	611
16	34	4	40	10	right	left	0	17	15.138	1123
16	35	4	40	10	left	right	0	5	15.674	319
16	36	4	40	10	left	left	1	11	15.85	694
16	37	4	40	10	right	left	0	10	15.576	642
16	38	4	40	10	right	right	1	14	15.334	913
16	39	4	40	10	left	left	1	21	15.328	1370
16	40	4	40	10	left	left	1	32	15.333	2087
17	1	4	40	10	right	left	0	12	15.094	795
17	2	4	40	10	left	left	1	29	15.368	1887
17	3	4	40	10	right	left	0	34	15.172	2241
17	4	4	40	10	left	left	1	16	15.238	1050
17	5	4	40	10	left	left	1	33	15.515	2127
17	6	4	40	10	left	right	0	29	15.426	1880
17	7	4	40	10	left	left	1	27	15.28	1767
17	8	4	40	10	right	right	1	24	15.085	1591
17	9	4	40	10	right	left	0	20	15.326	1305
17	10	4	40	10	right	right	1	20	15.699	1274
17	11	4	40	10	left	left	1	37	15.391	2404
17	12	4	40	10	right	right	1	38	15.347	2476
17	13	4	40	10	right	left	0	16	15.414	1038
17	14	4	40	10	left	left	1	41	15.542	2638
17	15	4	40	10	right	right	1	32	15.355	2084
17	16	4	40	10	right	left	0	29	15.199	1908
17	17	4	40	10	left	right	0	31	15.594	1988
17	18	4	40	10	left	left	1	16	15.656	1022
17	19	4	40	10	right	right	1	19	15.599	1218
17	20	4	40	10	right	right	1	18	15.358	1172
17	21	4	40	10	left	left	1	14	15.556	900
17	22	4	40	10	right	right	1	18	15.451	1165
17	23	4	40	10	right	left	0	28	15.722	1781
17	24	4	40	10	right	right	1	14	16.018	874
17	25	4	40	10	left	right	0	14	15.436	907
17	26	4	40	10	right	right	1	12	15.287	785
17	27	4	40	10	left	left	1	15	15.756	952
17	28	4	40	10	right	right	1	14	15.713	891
17	29	4	40	10	right	left	0	12	16.216	740
17	30	4	40	10	left	left	1	20	15.848	1262
17	31	4	40	10	left	right	0	13	15.187	856
17	32	4	40	10	left	right	0	19	15.561	1221
17	33	4	40	10	left	left	1	12	15.873	756
17	34	4	40	10	left	left	1	16	15.253	1049
17	35	4	40	10	left	right	0	19	15.249	1246
17	36	4	40	10	right	left	0	11	15.027	732
17	37	4	40	10	right	right	1	14	15.801	886
17	38	4	40	10	right	left	0	12	15.171	791
17	39	4	40	10	left	left	1	12	15.584	770
17	40	4	40	10	left	left	1	16	15.267	1048
18	1	4	40	10	right	left	0	26	15.625	1664
18	2	4	40	10	left	left	1	12	16.26	738
18	3	4	40	10	left	right	0	27	15.707	1719
18	4	4	40	10	right	left	0	17	15.829	1074
18	5	4	40	10	left	right	0	30	15.464	1940
18	6	4	40	10	right	left	0	31	15.339	2021
18	7	4	40	10	left	right	0	39	15.379	2536
18	8	4	40	10	left	left	1	12	15.464	776
18	9	4	40	10	right	right	1	13	15.971	814
18	10	4	40	10	right	right	1	15	15.045	997
18	11	4	40	10	left	left	1	16	15.625	1024
18	12	4	40	10	left	right	0	12	15.075	796
18	13	4	40	10	left	left	1	11	15.827	695
18	14	4	40	10	right	right	1	10	15.385	650
18	15	4	40	10	right	left	0	12	16.194	741
18	16	4	40	10	right	left	0	13	15.644	831
18	17	4	40	10	left	right	0	10	15.924	628
18	18	4	40	10	left	right	0	16	15.109	1059
18	19	4	40	10	left	left	1	20	15.76	1269
18	20	4	40	10	right	left	0	17	15.288	1112
18	21	4	40	10	right	left	0	14	15.436	907
18	22	4	40	10	left	right	0	16	15.968	1002
18	23	4	40	10	right	left	0	17	15.247	1115
18	24	4	40	10	right	right	1	31	15.516	1998
18	25	4	40	10	left	left	1	14	15.982	876
18	26	4	40	10	left	right	0	13	15.24	853
18	27	4	40	10	right	right	1	14	15.873	882
18	28	4	40	10	right	right	1	28	15.402	1818
18	29	4	40	10	right	left	0	17	15.469	1099
18	30	4	40	10	right	right	1	9	15.901	566
18	31	4	40	10	left	right	0	14	16.222	863
18	32	4	40	10	right	right	1	10	16.779	596
18	33	4	40	10	left	left	1	14	15.945	878
18	34	4	40	10	left	left	1	10	16.26	615
18	35	4	40	10	left	left	1	10	16.639	601
18	36	4	40	10	right	right	1	18	15.267	1179
18	37	4	40	10	left	left	1	11	15.048	731
18	38	4	40	10	left	right	0	13	16.089	808
18	39	4	40	10	right	right	1	13	16.209	802
18	40	4	40	10	right	left	0	25	15.615	1601
19	1	4	40	10	right	right	1	15	15.544	965
19	2	4	40	10	right	left	0	11	16.369	672
19	3	4	40	10	right	right	1	10	16.207	617
19	4	4	40	10	right	right	1	13	16.03	811
19	5	4	40	10	left	left	1	11	16.517	666
19	6	4	40	10	right	right	1	11	16.248	677
19	7	4	40	10	right	left	0	10	16.639	601
19	8	4	40	10	left	left	1	11	16.591	663
19	9	4	40	10	left	left	1	11	15.235	722
19	10	4	40	10	left	left	1	11	16.012	687
19	11	4	40	10	left	right	0	9	16.216	555
19	12	4	40	10	right	left	0	9	15.203	592
19	13	4	40	10	left	left	1	14	16.222	863
19	14	4	40	10	right	left	0	10	16.474	607
19	15	4	40	10	right	right	1	35	15.311	2286
19	16	4	40	10	right	left	0	10	15.361	651
19	17	4	40	10	left	right	0	11	16.517	666
19	18	4	40	10	left	left	1	21	15.239	1378
19	19	4	40	10	right	right	1	17	15.511	1096
19	20	4	40	10	left	left	1	12	15.345	782
19	21	4	40	10	right	right	1	17	15.785	1077
19	22	4	40	10	right	left	0	15	15.593	962
19	23	4	40	10	left	left	1	12	15.769	761
19	24	4	40	10	left	left	1	13	16.109	807
19	25	4	40	10	right	right	1	17	15.77	1078
19	26	4	40	10	right	left	0	15	15.56	964
19	27	4	40	10	right	left	0	19	15.781	1204
19	28	4	40	10	right	right	1	11	15.406	714
19	29	4	40	10	left	left	1	10	15.48	646
19	30	4	40	10	left	left	1	15	15.353	977
19	31	4	40	10	left	right	0	10	16.34	612
19	32	4	40	10	left	left	1	11	16.717	658
19	33	4	40	10	left	left	1	9	15.254	590
19	34	4	40	10	right	left	0	13	15.796	823
19	35	4	40	10	left	left	1	9	15.358	586
19	36	4	40	10	left	right	0	15	15.56	964
19	37	4	40	10	left	left	1	9	16.667	540
19	38	4	40	10	right	right	1	15	15.182	988
19	39	4	40	10	right	right	1	11	15.827	695
19	40	4	40	10	left	left	1	12	16.238	739
20	1	4	40	10	right	right	1	16	15.311	1045
20	2	4	40	10	right	left	0	9	16.729	538
20	3	4	40	10	left	right	0	8	15.656	511
20	4	4	40	10	right	right	1	14	16.148	867
20	5	4	40	10	right	right	1	14	16	875
20	6	4	40	10	left	right	0	15	15.957	940
20	7	4	40	10	right	right	1	10	14.993	667
20	8	4	40	10	right	right	1	11	15.152	726
20	9	4	40	10	left	left	1	19	15.993	1188
20	10	4	40	10	right	right	1	11	16.692	659
20	11	4	40	10	right	left	0	10	15.267	655
20	12	4	40	10	left	left	1	11	16.224	678
20	13	4	40	10	left	right	0	13	15.738	826
20	14	4	40	10	left	left	1	10	16.077	622
20	15	4	40	10	right	right	1	10	16.26	615
20	16	4	40	10	right	right	1	12	15.287	785
20	17	4	40	10	right	left	0	10	16.026	624
20	18	4	40	10	right	left	0	10	15.456	647
20	19	4	40	10	right	right	1	19	15.953	1191
20	20	4	40	10	left	left	1	9	15.411	584
20	21	4	40	10	right	right	1	19	15.715	1209
20	22	4	40	10	right	right	1	23	15.354	1498
20	23	4	40	10	right	right	1	11	15.581	706
20	24	4	40	10	right	right	1	9	16.334	551
20	25	4	40	10	left	left	1	11	15.471	711
20	26	4	40	10	left	right	0	10	16.556	604
20	27	4	40	10	right	right	1	11	16.717	658
20	28	4	40	10	left	right	0	17	15.888	1070
20	29	4	40	10	left	left	1	15	15.106	993
20	30	4	40	10	right	right	1	8	15.748	508
20	31	4	40	10	left	left	1	10	16.155	619
20	32	4	40	10	left	left	1	20	15.86	1261
20	33	4	40	10	left	left	1	21	15.173	1384
20	34	4	40	10	right	left	0	23	15.657	1469
20	35	4	40	10	left	left	1	32	15.137	2114
20	36	4	40	10	left	right	0	26	15.24	1706
20	37	4	40	10	left	left	1	14	15.402	909
20	38	4	40	10	left	right	0	20	15.848	1262
20	39	4	40	10	left	right	0	17	15.668	1085
20	40	4	40	10	left	left	1	10	15.244	656
21	1	4	40	10	right	left	0	12	16.151	743
21	2	4	40	10	right	right	1	9	16.484	546
21	3	4	40	10	left	left	1	11	16.517	666
21	4	4	40	10	left	left	1	13	15.99	813
21	5	4	40	10	left	right	0	18	15.345	1173
21	6	4	40	10	left	left	1	9	16.014	562
21	7	4	40	10	right	left	0	10	16.367	611
21	8	4	40	10	right	right	1	15	16.146	929
21	9	4	40	10	right	left	0	19	15.587	1219
21	10	4	40	10	left	left	1	11	16.717	658
21	11	4	40	10	right	right	1	11	15.692	701
21	12	4	40	10	right	left	0	19	15.94	1192
21	13	4	40	10	left	left	1	35	15.311	2286
21	14	4	40	10	left	right	0	23	15.509	1483
21	15	4	40	10	left	right	0	10	16.234	616
21	16	4	40	10	right	left	0	9	15.437	583
21	17	4	40	10	right	right	1	13	16.311	797
21	18	4	40	10	left	left	1	20	15.117	1323
21	19	4	40	10	left	right	0	16	15.64	1023
21	20	4	40	10	right	right	1	13	15.33	848
21	21	4	40	10	left	left	1	10	16.447	608
21	22	4	40	10	right	left	0	15	16.129	930
21	23	4	40	10	left	left	1	21	15.34	1369
21	24	4	40	10	left	left	1	107	15.22	7030
21	25	4	40	10	left	left	1	11	15.692	701
21	26	4	40	10	left	left	1	9	15.817	569
21	27	4	40	10	right	right	1	13	15.758	825
21	28	4	40	10	left	left	1	9	16.043	561
21	29	4	40	10	right	right	1	11	16.541	665
21	30	4	40	10	right	left	0	8	15.267	524
21	31	4	40	10	right	left	0	10	5.58	1792
21	32	4	40	10	left	left	1	13	15.719	827
21	33	4	40	10	right	left	0	9	15.177	593
21	34	4	40	10	right	left	0	10	15.456	647
21	35	4	40	10	left	right	0	20	15.736	1271
21	36	4	40	10	right	left	0	19	15.966	1190
21	37	4	40	10	right	right	1	20	15.198	1316
21	38	4	40	10	right	left	0	11	16.768	656
21	39	4	40	10	left	left	1	12	16.151	743
21	40	4	40	10	left	right	0	11	15.027	732
22	1	4	40	10	right	right	1	18	15.411	1168
22	2	4	40	10	left	left	1	14	15.351	912
22	3	4	40	10	left	right	0	10	15.773	634
22	4	4	40	10	left	left	1	8	15.123	529
22	5	4	40	10	left	left	1	12	15.444	777
22	6	4	40	10	right	left	0	10	15.848	631
22	7	4	40	10	right	left	0	12	15.831	758
22	8	4	40	10	right	left	0	12	16.129	744
22	9	4	40	10	right	right	1	16	15.474	1034
22	10	4	40	10	right	right	1	10	15.267	655
22	11	4	40	10	left	left	1	9	15.789	570
22	12	4	40	10	right	right	1	13	16.049	810
22	13	4	40	10	left	left	1	8	15.355	521
22	14	4	40	10	left	left	1	11	15.089	729
22	15	4	40	10	left	right	0	18	15.873	1134
22	16	4	40	10	right	right	1	12	15.424	778
22	17	4	40	10	left	left	1	9	16.304	552
22	18	4	40	10	right	right	1	10	15.625	640
22	19	4	40	10	right	left	0	10	16.584	603
22	20	4	40	10	left	left	1	11	16.32	674
22	21	4	40	10	left	left	1	18	15.887	1133
22	22	4	40	10	left	right	0	22	15.406	1428
22	23	4	40	10	right	left	0	10	15.625	640
22	24	4	40	10	right	left	0	10	16.474	607
22	25	4	40	10	left	right	0	27	15.297	1765
22	26	4	40	10	right	left	0	8	16.064	498
22	27	4	40	10	left	right	0	11	16.058	685
22	28	4	40	10	right	right	1	21	15.742	1334
22	29	4	40	10	left	left	1	12	15.267	786
22	30	4	40	10	right	right	1	17	15.962	1065
22	31	4	40	10	right	left	0	10	16.502	606
22	32	4	40	10	left	left	1	19	15.067	1261
22	33	4	40	10	left	left	1	12	15.171	791
22	34	4	40	10	right	left	0	16	15.429	1037
22	35	4	40	10	left	left	1	10	16.474	607
22	36	4	40	10	right	left	0	11	15.257	721
22	37	4	40	10	left	left	1	10	15.385	650
22	38	4	40	10	left	right	0	16	15.671	1021
22	39	4	40	10	right	left	0	10	16.287	614
22	40	4	40	10	right	left	0	11	15.873	693
23	1	4	40	10	right	right	1	14	16.204	864
23	2	4	40	10	right	left	0	9	15.845	568
23	3	4	40	10	right	right	1	18	15.544	1158
23	4	4	40	10	left	right	0	12	15.345	782
23	5	4	40	10	right	left	0	13	15.606	833
23	6	4	40	10	left	right	0	13	16.01	812
23	7	4	40	10	left	left	1	13	15.476	840
23	8	4	40	10	right	right	1	12	16.304	736
23	9	4	40	10	right	left	0	9	16.636	541
23	10	4	40	10	left	left	1	14	15.873	882
23	11	4	40	10	left	right	0	11	15.048	731
23	12	4	40	10	right	left	0	12	16.043	748
23	13	4	40	10	right	left	0	32	15.274	2095
23	14	4	40	10	left	right	0	16	15.936	1004
23	15	4	40	10	right	left	0	30	15.205	1973
23	16	4	40	10	right	right	1	27	15.499	1742
23	17	4	40	10	right	left	0	17	15.668	1085
23	18	4	40	10	left	left	1	22	15.714	1400
23	19	4	40	10	left	left	1	31	15.392	2014
23	20	4	40	10	left	right	0	12	15.385	780
23	21	4	40	10	left	left	1	28	15.16	1847
23	22	4	40	10	left	left	1	20	15.81	1265
23	23	4	40	10	left	left	1	13	15.7	828
23	24	4	40	10	right	right	1	17	15.933	1067
23	25	4	40	10	right	left	0	16	15.61	1025
23	26	4	40	10	left	left	1	15	15.464	970
23	27	4	40	10	right	left	0	26	15.366	1692
23	28	4	40	10	left	left	1	38	15.428	2463
23	29	4	40	10	right	right	1	13	15.33	848
23	30	4	40	10	right	left	0	9	16.791	536
23	31	4	40	10	right	right	1	11	15.172	725
23	32	4	40	10	right	right	1	13	16.209	802
23	33	4	40	10	left	right	0	10	15.798	633
23	34	4	40	10	left	left	1	15	15.369	976
23	35	4	40	10	right	left	0	16	15.702	1019
23	36	4	40	10	left	left	1	12	15.385	780
23	37	4	40	10	left	left	1	24	15.595	1539
23	38	4	40	10	left	left	1	21	15.396	1364
23	39	4	40	10	left	left	1	15	15.337	978
23	40	4	40	10	right	right	1	15	15.045	997
24	1	4	40	10	right	right	1	28	15.582	1797
24	2	4	40	10	right	left	0	11	16.082	684
24	3	4	40	10	left	left	1	21	15.206	1381
24	4	4	40	10	left	left	1	16	15.826	1011
24	5	4	40	10	left	right	0	12	15.326	783
24	6	4	40	10	left	left	1	10	16.611	602
24	7	4	40	10	right	left	0	23	15.426	1491
24	8	4	40	10	left	right	0	15	16.009	937
24	9	4	40	10	right	right	1	11	15.805	696
24	10	4	40	10	right	right	1	13	15.403	844
24	11	4	40	10	right	left	0	12	16.216	740
24	12	4	40	10	right	left	0	22	15.214	1446
24	13	4	40	10	left	left	1	22	15.782	1394
24	14	4	40	10	right	right	1	12	15.957	752
24	15	4	40	10	left	left	1	12	15.345	782
24	16	4	40	10	left	right	0	29	15.199	1908
24	17	4	40	10	left	left	1	12	15.544	772
24	18	4	40	10	right	left	0	10	16.835	594
24	19	4	40	10	left	right	0	17	15.497	1097
24	20	4	40	10	right	right	1	15	16.094	932
24	21	4	40	10	left	left	1	13	16.291	798
24	22	4	40	10	left	left	1	17	15.329	1109
24	23	4	40	10	right	left	0	13	15.873	819
24	24	4	40	10	left	right	0	16	15.889	1007
24	25	4	40	10	right	left	0	17	15.511	1096
24	26	4	40	10	left	left	1	37	15.507	2386
24	27	4	40	10	right	right	1	12	16.086	746
24	28	4	40	10	left	left	1	16	16	1000
24	29	4	40	10	right	right	1	13	15.276	851
24	30	4	40	10	right	left	0	13	16.189	803
24	31	4	40	10	left	right	0	16	15.519	1031
24	32	4	40	10	left	left	1	12	16.282	737
24	33	4	40	10	right	left	0	22	15.299	1438
24	34	4	40	10	right	right	1	26	15.24	1706
24	35	4	40	10	left	left	1	34	15.399	2208
24	36	4	40	10	left	left	1	29	15.533	1867
24	37	4	40	10	right	right	1	35	15.264	2293
24	38	4	40	10	right	right	1	20	15.699	1274
24	39	4	40	10	right	right	1	23	15.743	1461
24	40	4	40	10	left	left	1	29	15.385	1885
