
blkNum	trlNum	coherentDots	numberofDots	percentCoherence	winningDirection	response	correct	eventCount	averageFrameRate	RT
1	1	4	40	10	left	right	0	68	15.284	4449
1	2	4	40	10	left	right	0	40	15.134	2643
1	3	4	40	10	left	right	0	40	15.349	2606
1	4	4	40	10	left	right	0	57	15.188	3753
1	5	4	40	10	right	left	0	18	15.831	1137
1	6	4	40	10	right	right	1	13	14.96	869
1	7	4	40	10	left	left	1	27	15.297	1765
1	8	4	40	10	left	left	1	23	15.162	1517
1	9	4	40	10	right	left	0	16	15.64	1023
1	10	4	40	10	left	left	1	17	15.843	1073
1	11	4	40	10	right	right	1	46	15.421	2983
1	12	4	40	10	right	right	1	15	15.152	990
1	13	4	40	10	right	right	1	17	15.947	1066
1	14	4	40	10	left	right	0	32	15.152	2112
1	15	4	40	10	right	left	0	20	15.552	1286
1	16	4	40	10	right	right	1	10	16.051	623
1	17	4	40	10	right	right	1	16	15.253	1049
1	18	4	40	10	right	right	1	15	15.641	959
1	19	4	40	10	left	right	0	11	15.406	714
1	20	4	40	10	right	right	1	9	15.517	580
1	21	4	40	10	left	right	0	10	15.48	646
1	22	4	40	10	left	right	0	13	15.081	862
1	23	4	40	10	left	left	1	7	16.667	420
1	24	4	40	10	right	left	0	14	15.625	896
1	25	4	40	10	right	left	0	9	16.334	551
1	26	4	40	10	left	left	1	6	16.484	364
1	27	4	40	10	left	left	1	9	15.203	592
1	28	4	40	10	right	left	0	11	16.129	682
1	29	4	40	10	left	left	1	7	15.217	460
1	30	4	40	10	right	left	0	7	17.073	410
1	31	4	40	10	right	left	0	6	16.854	356
1	32	4	40	10	right	left	0	5	15.385	325
1	33	4	40	10	left	right	0	5	16.181	309
1	34	4	40	10	right	right	1	6	15.113	397
1	35	4	40	10	right	right	1	10	15.798	633
1	36	4	40	10	left	right	0	8	16.807	476
1	37	4	40	10	left	left	1	12	15.464	776
1	38	4	40	10	left	left	1	74	15.296	4838
1	39	4	40	10	right	right	1	25	15.347	1629
1	40	4	40	10	left	left	1	13	15.012	866
2	1	4	40	10	right	right	1	12	15.113	794
2	2	4	40	10	left	right	0	13	15.012	866
2	3	4	40	10	right	left	0	17	15.992	1063
2	4	4	40	10	right	right	1	13	15.439	842
2	5	4	40	10	left	left	1	21	15.228	1379
2	6	4	40	10	left	right	0	20	15.42	1297
2	7	4	40	10	left	left	1	14	15.334	913
2	8	4	40	10	left	left	1	46	15.272	3012
2	9	4	40	10	right	right	1	15	15.823	948
2	10	4	40	10	left	left	1	16	15.519	1031
2	11	4	40	10	left	right	0	21	15.306	1372
2	12	4	40	10	right	left	0	13	15.366	846
2	13	4	40	10	right	right	1	17	15.568	1092
2	14	4	40	10	right	right	1	12	15.094	795
2	15	4	40	10	left	left	1	16	15.123	1058
2	16	4	40	10	left	right	0	19	15.638	1215
2	17	4	40	10	left	left	1	24	15.094	1590
2	18	4	40	10	left	right	0	22	15.183	1449
2	19	4	40	10	right	right	1	10	15.873	630
2	20	4	40	10	left	left	1	16	15.717	1018
2	21	4	40	10	right	right	1	11	15.342	717
2	22	4	40	10	left	right	0	23	15.112	1522
2	23	4	40	10	right	right	1	12	15.306	784
2	24	4	40	10	right	left	0	15	15.773	951
2	25	4	40	10	right	right	1	8	15.905	503
2	26	4	40	10	left	left	1	13	15.064	863
2	27	4	40	10	right	right	1	10	15.823	632
2	28	4	40	10	right	right	1	12	15.248	787
2	29	4	40	10	left	left	1	17	15.962	1065
2	30	4	40	10	right	right	1	13	15.796	823
2	31	4	40	10	left	left	1	11	15.625	704
2	32	4	40	10	left	right	0	11	16.082	684
2	33	4	40	10	right	right	1	9	16.636	541
2	34	4	40	10	right	right	1	12	15.524	773
2	35	4	40	10	right	right	1	9	15.957	564
2	36	4	40	10	left	right	0	9	15.707	573
2	37	4	40	10	right	right	1	10	15.552	643
2	38	4	40	10	left	left	1	13	15.222	854
2	39	4	40	10	left	left	1	13	15.205	855
2	40	4	40	10	right	right	1	10	15.601	641
3	1	4	40	10	right	right	1	17	15.625	1088
3	2	4	40	10	right	right	1	11	15.471	711
3	3	4	40	10	left	left	1	11	15.714	700
3	4	4	40	10	left	left	1	10	15.038	665
3	5	4	40	10	left	right	0	13	14.96	869
3	6	4	40	10	left	left	1	12	15.267	786
3	7	4	40	10	left	left	1	15	15.228	985
3	8	4	40	10	right	right	1	27	15.16	1781
3	9	4	40	10	left	left	1	17	15.426	1102
3	10	4	40	10	left	left	1	39	15.07	2588
3	11	4	40	10	right	right	1	18	15.831	1137
3	12	4	40	10	right	right	1	15	15.464	970
3	13	4	40	10	right	right	1	17	15.233	1116
3	14	4	40	10	right	right	1	51	15.38	3316
3	15	4	40	10	right	right	1	30	15.472	1939
3	16	4	40	10	left	left	1	16	16	1000
3	17	4	40	10	left	left	1	35	15.432	2268
3	18	4	40	10	left	left	1	18	15.504	1161
3	19	4	40	10	left	left	1	17	15.962	1065
3	20	4	40	10	left	left	1	13	15.644	831
3	21	4	40	10	left	left	1	14	15.625	896
3	22	4	40	10	right	left	0	18	15.293	1177
3	23	4	40	10	right	right	1	10	15.267	655
3	24	4	40	10	right	right	1	11	15.068	730
3	25	4	40	10	left	right	0	9	15.411	584
3	26	4	40	10	right	right	1	14	15.119	926
3	27	4	40	10	left	left	1	12	15.936	753
3	28	4	40	10	right	right	1	17	15.639	1087
3	29	4	40	10	left	left	1	15	15.416	973
3	30	4	40	10	right	right	1	14	15.487	904
3	31	4	40	10	right	right	1	31	15.301	2026
3	32	4	40	10	right	right	1	11	15.257	721
3	33	4	40	10	right	right	1	13	16.129	806
3	34	4	40	10	right	right	1	21	15.206	1381
3	35	4	40	10	left	left	1	25	15.291	1635
3	36	4	40	10	right	right	1	16	16	1000
3	37	4	40	10	right	right	1	15	15.544	965
3	38	4	40	10	left	left	1	18	15.203	1184
3	39	4	40	10	left	left	1	19	15.702	1210
3	40	4	40	10	left	left	1	11	16.296	675
4	1	4	40	10	left	left	1	21	15.59	1347
4	2	4	40	10	right	right	1	14	15.891	881
4	3	4	40	10	left	left	1	15	15.464	970
4	4	4	40	10	right	right	1	10	16.313	613
4	5	4	40	10	right	right	1	13	15.625	832
4	6	4	40	10	left	left	1	13	15.476	840
4	7	4	40	10	right	right	1	8	16.129	496
4	8	4	40	10	left	left	1	8	15.656	511
4	9	4	40	10	right	right	1	12	15.81	759
4	10	4	40	10	right	right	1	91	15.154	6005
4	11	4	40	10	left	left	1	13	15.012	866
4	12	4	40	10	right	right	1	12	15.564	771
4	13	4	40	10	right	right	1	120	15.226	7881
4	14	4	40	10	right	right	1	12	15.831	758
4	15	4	40	10	left	left	1	11	15.193	724
4	16	4	40	10	left	left	1	12	15.936	753
4	17	4	40	10	left	left	1	10	15.432	648
4	18	4	40	10	right	right	1	14	15.038	931
4	19	4	40	10	right	right	1	24	15.414	1557
4	20	4	40	10	right	right	1	32	15.267	2096
4	21	4	40	10	left	left	1	13	15.187	856
4	22	4	40	10	right	right	1	13	15.046	864
4	23	4	40	10	right	right	1	18	15.611	1153
4	24	4	40	10	left	left	1	14	15.317	914
4	25	4	40	10	right	right	1	14	15.419	908
4	26	4	40	10	left	left	1	23	15.478	1486
4	27	4	40	10	left	left	1	14	15.504	903
4	28	4	40	10	right	right	1	12	16.282	737
4	29	4	40	10	left	left	1	10	14.925	670
4	30	4	40	10	right	right	1	13	16.049	810
4	31	4	40	10	left	left	1	16	15.123	1058
4	32	4	40	10	left	left	1	16	15.748	1016
4	33	4	40	10	left	left	1	22	15.57	1413
4	34	4	40	10	left	left	1	21	15.672	1340
4	35	4	40	10	right	right	1	55	15.376	3577
4	36	4	40	10	left	left	1	21	15.73	1335
4	37	4	40	10	right	right	1	17	15.918	1068
4	38	4	40	10	left	left	1	13	15.606	833
4	39	4	40	10	left	right	0	13	15.152	858
4	40	4	40	10	right	right	1	13	15.348	847
5	1	4	40	10	left	left	1	30	15.56	1928
5	2	4	40	10	left	left	1	12	15.385	780
5	3	4	40	10	left	left	1	19	15.794	1203
5	4	4	40	10	left	right	0	10	14.948	669
5	5	4	40	10	right	right	1	12	15.852	757
5	6	4	40	10	right	right	1	18	15.05	1196
5	7	4	40	10	right	right	1	16	15.795	1013
5	8	4	40	10	right	left	0	14	15.73	890
5	9	4	40	10	left	right	0	6	15.625	384
5	10	4	40	10	left	left	1	13	15.912	817
5	11	4	40	10	left	left	1	13	16.23	801
5	12	4	40	10	right	right	1	12	16.304	736
5	13	4	40	10	left	left	1	10	15.48	646
5	14	4	40	10	right	right	1	11	15.428	713
5	15	4	40	10	left	left	1	9	16.605	542
5	16	4	40	10	left	right	0	7	17.241	406
5	17	4	40	10	left	left	1	9	14.803	608
5	18	4	40	10	right	left	0	11	15.759	698
5	19	4	40	10	left	left	1	13	16.332	796
5	20	4	40	10	right	right	1	16	15.702	1019
5	21	4	40	10	right	right	1	15	15.385	975
5	22	4	40	10	right	right	1	33	15.486	2131
5	23	4	40	10	right	right	1	19	15.273	1244
5	24	4	40	10	left	left	1	13	15.951	815
5	25	4	40	10	right	right	1	20	15.349	1303
5	26	4	40	10	left	left	1	18	15.371	1171
5	27	4	40	10	left	left	1	41	15.321	2676
5	28	4	40	10	right	right	1	15	15.576	963
5	29	4	40	10	right	right	1	12	15.504	774
5	30	4	40	10	right	right	1	21	15.66	1341
5	31	4	40	10	right	right	1	14	15.184	922
5	32	4	40	10	right	right	1	18	15.152	1188
5	33	4	40	10	left	left	1	44	15.374	2862
5	34	4	40	10	right	right	1	15	15.991	938
5	35	4	40	10	right	right	1	10	15.314	653
5	36	4	40	10	right	right	1	11	15.299	719
5	37	4	40	10	left	left	1	60	15.228	3940
5	38	4	40	10	left	left	1	24	15.424	1556
5	39	4	40	10	left	left	1	10	15.456	647
5	40	4	40	10	left	left	1	11	16.129	682
6	1	4	40	10	left	left	1	32	15.238	2100
6	2	4	40	10	right	right	1	24	15.267	1572
6	3	4	40	10	right	right	1	12	15.306	784
6	4	4	40	10	right	right	1	16	15.519	1031
6	5	4	40	10	right	right	1	12	16.216	740
6	6	4	40	10	right	right	1	12	16.282	737
6	7	4	40	10	right	right	1	7	15.66	447
6	8	4	40	10	left	right	0	7	16.949	413
6	9	4	40	10	left	left	1	19	15.638	1215
6	10	4	40	10	right	left	0	9	16.275	553
6	11	4	40	10	left	left	1	17	15.302	1111
6	12	4	40	10	left	left	1	22	15.385	1430
6	13	4	40	10	right	right	1	12	15.873	756
6	14	4	40	10	left	left	1	14	15.453	906
6	15	4	40	10	right	right	1	35	15.165	2308
6	16	4	40	10	left	left	1	12	15.748	762
6	17	4	40	10	left	right	0	15	15.106	993
6	18	4	40	10	left	left	1	22	15.267	1441
6	19	4	40	10	right	right	1	17	15.726	1081
6	20	4	40	10	right	left	0	22	15.278	1440
6	21	4	40	10	right	right	1	12	16.043	748
6	22	4	40	10	left	right	0	32	15.37	2082
6	23	4	40	10	right	right	1	10	16.26	615
6	24	4	40	10	left	left	1	13	15.312	849
6	25	4	40	10	left	right	0	15	15.091	994
6	26	4	40	10	left	left	1	9	15.986	563
6	27	4	40	10	right	right	1	17	15.455	1100
6	28	4	40	10	right	right	1	16	15.224	1051
6	29	4	40	10	left	left	1	13	16.089	808
6	30	4	40	10	left	left	1	18	15.113	1191
6	31	4	40	10	right	left	0	12	15.444	777
6	32	4	40	10	left	left	1	12	15.544	772
6	33	4	40	10	right	right	1	16	15.355	1042
6	34	4	40	10	left	left	1	13	14.908	872
6	35	4	40	10	right	right	1	13	15.029	865
6	36	4	40	10	right	right	1	31	15.301	2026
6	37	4	40	10	left	left	1	14	15.334	913
6	38	4	40	10	left	right	0	19	15.091	1259
6	39	4	40	10	left	left	1	23	15.344	1499
6	40	4	40	10	right	right	1	52	15.205	3420
7	1	4	40	10	right	right	1	16	15.905	1006
7	2	4	40	10	left	right	0	15	15.198	987
7	3	4	40	10	left	right	0	9	16.423	548
7	4	4	40	10	left	left	1	8	16.913	473
7	5	4	40	10	left	left	1	20	15.625	1280
7	6	4	40	10	right	right	1	14	15.284	916
7	7	4	40	10	right	right	1	10	15.699	637
7	8	4	40	10	right	right	1	8	15.123	529
7	9	4	40	10	left	right	0	11	15.988	688
7	10	4	40	10	left	left	1	17	15.829	1074
7	11	4	40	10	right	right	1	12	15.152	792
7	12	4	40	10	left	left	1	16	15.399	1039
7	13	4	40	10	right	right	1	14	15.135	925
7	14	4	40	10	left	left	1	17	15.873	1071
7	15	4	40	10	left	left	1	13	15.682	829
7	16	4	40	10	left	left	1	19	15.36	1237
7	17	4	40	10	right	right	1	13	15.33	848
7	18	4	40	10	left	left	1	10	15.432	648
7	19	4	40	10	right	right	1	8	15.534	515
7	20	4	40	10	right	right	1	16	15.109	1059
7	21	4	40	10	right	right	1	21	15.251	1377
7	22	4	40	10	right	right	1	10	16.26	615
7	23	4	40	10	left	right	0	9	14.95	602
7	24	4	40	10	right	right	1	17	15.726	1081
7	25	4	40	10	right	right	1	18	15.424	1167
7	26	4	40	10	left	right	0	12	15.306	784
7	27	4	40	10	left	left	1	18	15.901	1132
7	28	4	40	10	right	right	1	18	15.707	1146
7	29	4	40	10	right	right	1	14	16.018	874
7	30	4	40	10	left	right	0	13	16.332	796
7	31	4	40	10	right	left	0	16	15.764	1015
7	32	4	40	10	left	right	0	12	16.282	737
7	33	4	40	10	right	right	1	19	15.677	1212
7	34	4	40	10	left	left	1	20	15.468	1293
7	35	4	40	10	left	left	1	15	15.873	945
7	36	4	40	10	right	right	1	12	16.043	748
7	37	4	40	10	right	right	1	14	15.873	882
7	38	4	40	10	left	left	1	14	15.038	931
7	39	4	40	10	left	right	0	42	15.273	2750
7	40	4	40	10	right	right	1	10	14.97	668
8	1	4	40	10	right	right	1	19	15.397	1234
8	2	4	40	10	right	right	1	11	15.193	724
8	3	4	40	10	left	left	1	13	14.891	873
8	4	4	40	10	right	right	1	10	15.198	658
8	5	4	40	10	left	left	1	10	15.106	662
8	6	4	40	10	right	right	1	10	16	625
8	7	4	40	10	right	right	1	11	16.296	675
8	8	4	40	10	left	right	0	11	16.012	687
8	9	4	40	10	right	right	1	8	15.385	520
8	10	4	40	10	left	left	1	13	16.089	808
8	11	4	40	10	right	right	1	11	15.449	712
8	12	4	40	10	right	right	1	13	16.311	797
8	13	4	40	10	left	left	1	11	15.714	700
8	14	4	40	10	left	left	1	17	15.611	1089
8	15	4	40	10	right	right	1	16	15.267	1048
8	16	4	40	10	left	left	1	13	14.96	869
8	17	4	40	10	left	left	1	20	15.552	1286
8	18	4	40	10	right	right	1	21	15.695	1338
8	19	4	40	10	left	left	1	16	15.64	1023
8	20	4	40	10	left	left	1	34	15.483	2196
8	21	4	40	10	right	right	1	16	16.016	999
8	22	4	40	10	right	right	1	24	15.199	1579
8	23	4	40	10	left	left	1	25	15.179	1647
8	24	4	40	10	right	right	1	14	15.873	882
8	25	4	40	10	left	left	1	13	16.149	805
8	26	4	40	10	left	left	1	24	15.514	1547
8	27	4	40	10	left	left	1	13	15.099	861
8	28	4	40	10	right	right	1	12	15.831	758
8	29	4	40	10	right	right	1	11	15.027	732
8	30	4	40	10	right	right	1	17	15.596	1090
8	31	4	40	10	right	right	1	13	16.23	801
8	32	4	40	10	right	right	1	14	15.47	905
8	33	4	40	10	left	left	1	18	15.504	1161
8	34	4	40	10	left	left	1	16	15.857	1009
8	35	4	40	10	right	right	1	11	16.035	686
8	36	4	40	10	left	left	1	11	15.581	706
8	37	4	40	10	left	left	1	26	15.485	1679
8	38	4	40	10	left	left	1	12	15.852	757
8	39	4	40	10	left	left	1	73	15.148	4819
8	40	4	40	10	right	right	1	13	15.777	824
9	1	4	40	10	left	left	1	17	15.469	1099
9	2	4	40	10	left	left	1	12	15.584	770
9	3	4	40	10	right	right	1	10	15.038	665
9	4	4	40	10	right	right	1	15	15.957	940
9	5	4	40	10	right	right	1	19	15.536	1223
9	6	4	40	10	left	left	1	13	15.912	817
9	7	4	40	10	left	left	1	16	15.733	1017
9	8	4	40	10	left	left	1	23	15.232	1510
9	9	4	40	10	right	right	1	11	15.131	727
9	10	4	40	10	right	right	1	13	15.55	836
9	11	4	40	10	left	left	1	11	15.007	733
9	12	4	40	10	left	left	1	21	15.328	1370
9	13	4	40	10	left	left	1	21	15.441	1360
9	14	4	40	10	left	left	1	19	15.548	1222
9	15	4	40	10	left	left	1	24	15.228	1576
9	16	4	40	10	left	left	1	14	15.184	922
9	17	4	40	10	right	right	1	12	16.194	741
9	18	4	40	10	right	right	1	10	15.015	666
9	19	4	40	10	right	right	1	33	15.529	2125
9	20	4	40	10	left	left	1	12	15.979	751
9	21	4	40	10	right	right	1	15	15.806	949
9	22	4	40	10	right	right	1	16	15.385	1040
9	23	4	40	10	left	left	1	12	15.852	757
9	24	4	40	10	right	right	1	12	15.894	755
9	25	4	40	10	right	right	1	33	15.32	2154
9	26	4	40	10	right	right	1	46	15.197	3027
9	27	4	40	10	left	left	1	14	15.695	892
9	28	4	40	10	right	right	1	12	15.209	789
9	29	4	40	10	left	left	1	13	16.01	812
9	30	4	40	10	right	right	1	11	15.193	724
9	31	4	40	10	right	right	1	41	15.431	2657
9	32	4	40	10	left	left	1	19	15.536	1223
9	33	4	40	10	left	left	1	26	15.249	1705
9	34	4	40	10	right	right	1	46	15.177	3031
9	35	4	40	10	right	right	1	105	15.191	6912
9	36	4	40	10	left	left	1	20	15.674	1276
9	37	4	40	10	left	right	0	34	15.281	2225
9	38	4	40	10	right	right	1	15	15.152	990
9	39	4	40	10	right	right	1	15	15.839	947
9	40	4	40	10	left	left	1	15	15.416	973
10	1	4	40	10	left	left	1	15	15.974	939
10	2	4	40	10	right	right	1	13	16.129	806
10	3	4	40	10	right	right	1	10	15.674	638
10	4	4	40	10	left	left	1	12	16.282	737
10	5	4	40	10	right	right	1	14	15.801	886
10	6	4	40	10	right	left	0	13	15.33	848
10	7	4	40	10	right	right	1	11	15.515	709
10	8	4	40	10	right	right	1	11	15.235	722
10	9	4	40	10	left	left	1	13	15.644	831
10	10	4	40	10	right	right	1	12	15.484	775
10	11	4	40	10	left	left	1	14	15.385	910
10	12	4	40	10	left	left	1	13	15.33	848
10	13	4	40	10	left	left	1	17	15.399	1104
10	14	4	40	10	right	right	1	14	15.368	911
10	15	4	40	10	left	left	1	23	15.53	1481
10	16	4	40	10	right	right	1	12	15.267	786
10	17	4	40	10	right	right	1	18	15.19	1185
10	18	4	40	10	left	left	1	13	16.049	810
10	19	4	40	10	right	right	1	11	15.942	690
10	20	4	40	10	left	left	1	13	16.149	805
10	21	4	40	10	left	left	1	14	15.521	902
10	22	4	40	10	right	right	1	9	15.437	583
10	23	4	40	10	left	left	1	10	16.42	609
10	24	4	40	10	right	right	1	30	15.472	1939
10	25	4	40	10	right	left	0	13	15.644	831
10	26	4	40	10	left	left	1	14	15.168	923
10	27	4	40	10	left	left	1	11	15.493	710
10	28	4	40	10	left	left	1	15	15.198	987
10	29	4	40	10	right	right	1	12	16.151	743
10	30	4	40	10	right	right	1	10	15.924	628
10	31	4	40	10	right	right	1	8	15.414	519
10	32	4	40	10	right	right	1	8	16.985	471
10	33	4	40	10	left	left	1	12	15.666	766
10	34	4	40	10	left	left	1	13	15.116	860
10	35	4	40	10	left	left	1	9	16.393	549
10	36	4	40	10	left	right	0	15	15.528	966
10	37	4	40	10	right	right	1	10	14.925	670
10	38	4	40	10	right	right	1	11	16.105	683
10	39	4	40	10	left	left	1	13	15.971	814
10	40	4	40	10	left	left	1	11	15.342	717
11	1	4	40	10	left	left	1	14	15.855	883
11	2	4	40	10	left	left	1	9	15.491	581
11	3	4	40	10	left	left	1	9	16.605	542
11	4	4	40	10	right	left	0	26	15.485	1679
11	5	4	40	10	right	right	1	11	15.782	697
11	6	4	40	10	left	left	1	13	15.366	846
11	7	4	40	10	left	left	1	25	15.337	1630
11	8	4	40	10	left	left	1	21	15.778	1331
11	9	4	40	10	left	left	1	21	15.351	1368
11	10	4	40	10	left	left	1	18	15.241	1181
11	11	4	40	10	right	right	1	11	15.493	710
11	12	4	40	10	left	right	0	14	15.713	891
11	13	4	40	10	right	right	1	10	15.221	657
11	14	4	40	10	right	left	0	10	15.898	629
11	15	4	40	10	left	right	0	10	15.129	661
11	16	4	40	10	right	right	1	12	15.564	771
11	17	4	40	10	left	right	0	14	15.184	922
11	18	4	40	10	left	left	1	9	15.177	593
11	19	4	40	10	left	left	1	12	15.727	763
11	20	4	40	10	right	right	1	12	15.605	769
11	21	4	40	10	right	right	1	12	16.304	736
11	22	4	40	10	right	right	1	11	16.248	677
11	23	4	40	10	left	left	1	10	15.601	641
11	24	4	40	10	right	right	1	10	15.314	653
11	25	4	40	10	right	right	1	9	15.625	576
11	26	4	40	10	left	right	0	7	15.556	450
11	27	4	40	10	right	right	1	9	16.393	549
11	28	4	40	10	right	right	1	9	15.901	566
11	29	4	40	10	right	right	1	8	15.656	511
11	30	4	40	10	left	right	0	7	15.66	447
11	31	4	40	10	left	left	1	13	15.738	826
11	32	4	40	10	left	left	1	10	15.974	626
11	33	4	40	10	right	right	1	10	16.103	621
11	34	4	40	10	right	right	1	10	15.06	664
11	35	4	40	10	right	right	1	7	16.706	419
11	36	4	40	10	right	right	1	7	15.59	449
11	37	4	40	10	right	right	1	8	16.701	479
11	38	4	40	10	left	left	1	13	15.513	838
11	39	4	40	10	left	left	1	10	14.948	669
11	40	4	40	10	right	right	1	15	15.106	993
12	1	4	40	10	left	left	1	13	15.276	851
12	2	4	40	10	right	left	0	11	15.896	692
12	3	4	40	10	right	right	1	9	15.707	573
12	4	4	40	10	right	right	1	16	15.779	1014
12	5	4	40	10	left	left	1	13	14.994	867
12	6	4	40	10	right	right	1	10	16.34	612
12	7	4	40	10	right	left	0	10	16.077	622
12	8	4	40	10	right	right	1	10	16.287	614
12	9	4	40	10	left	left	1	10	16.026	624
12	10	4	40	10	right	right	1	11	15.363	716
12	11	4	40	10	right	right	1	15	15.512	967
12	12	4	40	10	left	left	1	15	15.448	971
12	13	4	40	10	left	left	1	12	16	750
12	14	4	40	10	left	left	1	11	16.082	684
12	15	4	40	10	right	left	0	19	15.41	1233
12	16	4	40	10	right	right	1	8	15.18	527
12	17	4	40	10	left	left	1	11	15.299	719
12	18	4	40	10	left	right	0	8	15.717	509
12	19	4	40	10	left	left	1	12	15.444	777
12	20	4	40	10	left	left	1	6	15.957	376
12	21	4	40	10	left	right	0	14	15.556	900
12	22	4	40	10	right	left	0	6	17.291	347
12	23	4	40	10	right	right	1	14	15.419	908
12	24	4	40	10	left	left	1	11	15.85	694
12	25	4	40	10	left	right	0	9	15.152	594
12	26	4	40	10	left	left	1	10	15.221	657
12	27	4	40	10	left	left	1	14	15.819	885
12	28	4	40	10	right	right	1	11	15.493	710
12	29	4	40	10	right	right	1	13	15.421	843
12	30	4	40	10	right	right	1	9	15.762	571
12	31	4	40	10	left	left	1	12	15.228	788
12	32	4	40	10	right	right	1	11	16.105	683
12	33	4	40	10	left	left	1	8	15.905	503
12	34	4	40	10	left	right	0	7	15.119	463
12	35	4	40	10	left	left	1	18	15.598	1154
12	36	4	40	10	right	right	1	13	16.03	811
12	37	4	40	10	right	right	1	14	15.59	898
12	38	4	40	10	right	right	1	10	15.949	627
12	39	4	40	10	left	left	1	13	15.495	839
12	40	4	40	10	right	right	1	7	15.152	462
13	1	4	40	10	left	right	0	23	15.541	1480
13	2	4	40	10	left	right	0	9	15.929	565
13	3	4	40	10	left	left	1	10	15.552	643
13	4	4	40	10	left	left	1	13	15.222	854
13	5	4	40	10	right	right	1	12	15.326	783
13	6	4	40	10	right	right	1	14	15.251	918
13	7	4	40	10	right	right	1	12	15.605	769
13	8	4	40	10	left	left	1	10	15.083	663
13	9	4	40	10	right	right	1	10	15.552	643
13	10	4	40	10	left	left	1	6	15.385	390
13	11	4	40	10	right	right	1	8	16.563	483
13	12	4	40	10	left	right	0	10	15.974	626
13	13	4	40	10	right	right	1	9	16.275	553
13	14	4	40	10	right	right	1	9	15.571	578
13	15	4	40	10	right	right	1	10	15.924	628
13	16	4	40	10	left	right	0	8	15.656	511
13	17	4	40	10	left	left	1	6	14.851	404
13	18	4	40	10	left	left	1	9	16.043	561
13	19	4	40	10	right	left	0	12	16.086	746
13	20	4	40	10	right	right	1	13	15.55	836
13	21	4	40	10	left	left	1	15	15.69	956
13	22	4	40	10	left	left	1	15	15.136	991
13	23	4	40	10	left	left	1	10	15.361	651
13	24	4	40	10	left	left	1	8	15.414	519
13	25	4	40	10	right	right	1	18	15.424	1167
13	26	4	40	10	right	right	1	12	15.306	784
13	27	4	40	10	left	right	0	15	15.03	998
13	28	4	40	10	right	left	0	8	15.625	512
13	29	4	40	10	left	left	1	11	15.007	733
13	30	4	40	10	right	right	1	12	15.113	794
13	31	4	40	10	left	left	1	19	15.212	1249
13	32	4	40	10	right	right	1	15	15.306	980
13	33	4	40	10	right	right	1	13	15.931	816
13	34	4	40	10	right	right	1	10	15.038	665
13	35	4	40	10	right	right	1	15	15.609	961
13	36	4	40	10	left	left	1	17	15.539	1094
13	37	4	40	10	right	right	1	12	16.043	748
13	38	4	40	10	right	right	1	18	15.385	1170
13	39	4	40	10	left	left	1	15	15.856	946
13	40	4	40	10	left	right	0	7	16.317	429
14	1	4	40	10	right	right	1	12	15.625	768
14	2	4	40	10	right	right	1	11	16.012	687
14	3	4	40	10	left	right	0	8	16.032	499
14	4	4	40	10	right	right	1	8	15.18	527
14	5	4	40	10	left	left	1	9	15.203	592
14	6	4	40	10	right	left	0	13	16.209	802
14	7	4	40	10	left	right	0	7	15.695	446
14	8	4	40	10	left	left	1	20	15.326	1305
14	9	4	40	10	right	right	1	18	15.139	1189
14	10	4	40	10	right	right	1	7	15.982	438
14	11	4	40	10	right	right	1	10	16.34	612
14	12	4	40	10	right	right	1	15	15.924	942
14	13	4	40	10	left	left	1	13	14.891	873
14	14	4	40	10	right	right	1	10	15.949	627
14	15	4	40	10	right	right	1	21	15.396	1364
14	16	4	40	10	right	right	1	11	15.559	707
14	17	4	40	10	left	right	0	18	15.748	1143
14	18	4	40	10	left	left	1	10	14.97	668
14	19	4	40	10	right	right	1	9	16.304	552
14	20	4	40	10	right	left	0	11	15.965	689
14	21	4	40	10	left	left	1	10	16.181	618
14	22	4	40	10	left	left	1	11	15.537	708
14	23	4	40	10	left	left	1	10	16	625
14	24	4	40	10	left	left	1	11	15.714	700
14	25	4	40	10	left	left	1	13	16.23	801
14	26	4	40	10	right	right	1	11	15.805	696
14	27	4	40	10	right	right	1	11	16.082	684
14	28	4	40	10	right	right	1	13	15.912	817
14	29	4	40	10	left	left	1	11	15.625	704
14	30	4	40	10	left	left	1	11	15.172	725
14	31	4	40	10	left	right	0	31	15.122	2050
14	32	4	40	10	left	left	1	17	15.413	1103
14	33	4	40	10	left	right	0	13	15.24	853
14	34	4	40	10	left	left	1	9	15.544	579
14	35	4	40	10	right	right	1	23	15.499	1484
14	36	4	40	10	left	left	1	19	15.372	1236
14	37	4	40	10	right	right	1	22	15.548	1415
14	38	4	40	10	left	left	1	11	15.692	701
14	39	4	40	10	right	right	1	11	15.581	706
14	40	4	40	10	right	left	0	11	16.2	679
15	1	4	40	10	right	right	1	12	15.132	793
15	2	4	40	10	right	left	0	16	15.748	1016
15	3	4	40	10	left	right	0	9	16.245	554
15	4	4	40	10	left	right	0	11	15.449	712
15	5	4	40	10	left	right	0	8	15.123	529
15	6	4	40	10	left	left	1	8	15.905	503
15	7	4	40	10	right	right	1	14	15.521	902
15	8	4	40	10	right	right	1	16	15.152	1056
15	9	4	40	10	right	right	1	9	14.851	606
15	10	4	40	10	left	left	1	12	16.129	744
15	11	4	40	10	right	right	1	8	16.736	478
15	12	4	40	10	right	right	1	11	16.058	685
15	13	4	40	10	right	right	1	9	15.385	585
15	14	4	40	10	left	left	1	9	16.949	531
15	15	4	40	10	right	right	1	7	17.032	411
15	16	4	40	10	left	left	1	7	16.204	432
15	17	4	40	10	left	right	0	8	15.686	510
15	18	4	40	10	right	right	1	6	15.504	387
15	19	4	40	10	right	right	1	7	15.119	463
15	20	4	40	10	left	right	0	10	15.699	637
15	21	4	40	10	right	right	1	27	15.367	1757
15	22	4	40	10	right	right	1	13	15.385	845
15	23	4	40	10	left	right	0	8	15.474	517
15	24	4	40	10	left	left	1	7	15.284	458
15	25	4	40	10	left	left	1	9	14.754	610
15	26	4	40	10	left	right	0	14	15.748	889
15	27	4	40	10	left	left	1	7	16.827	416
15	28	4	40	10	right	left	0	13	14.96	869
15	29	4	40	10	right	right	1	8	15.779	507
15	30	4	40	10	right	right	1	9	15.126	595
15	31	4	40	10	left	left	1	17	15.903	1069
15	32	4	40	10	right	right	1	7	16.092	435
15	33	4	40	10	left	left	1	13	15.312	849
15	34	4	40	10	right	right	1	10	16.393	610
15	35	4	40	10	right	right	1	13	15.403	844
15	36	4	40	10	left	left	1	9	15.517	580
15	37	4	40	10	right	right	1	8	16.771	477
15	38	4	40	10	left	left	1	9	15.491	581
15	39	4	40	10	left	right	0	7	16.908	414
15	40	4	40	10	left	left	1	15	15.369	976
16	1	4	40	10	right	right	1	14	15.784	887
16	2	4	40	10	left	right	0	17	15.741	1080
16	3	4	40	10	left	right	0	8	15.267	524
16	4	4	40	10	left	left	1	11	15.089	729
16	5	4	40	10	left	left	1	19	15.055	1262
16	6	4	40	10	right	right	1	9	15.385	585
16	7	4	40	10	right	right	1	11	16.105	683
16	8	4	40	10	left	left	1	9	16.334	551
16	9	4	40	10	left	left	1	10	16.026	624
16	10	4	40	10	right	right	1	14	15.73	890
16	11	4	40	10	left	left	1	10	15.528	644
16	12	4	40	10	left	left	1	9	15.652	575
16	13	4	40	10	right	left	0	8	15.355	521
16	14	4	40	10	left	right	0	8	15.686	510
16	15	4	40	10	right	right	1	11	15.068	730
16	16	4	40	10	left	right	0	13	15.476	840
16	17	4	40	10	left	left	1	12	16.194	741
16	18	4	40	10	right	right	1	19	15.587	1219
16	19	4	40	10	left	left	1	13	15.116	860
16	20	4	40	10	right	right	1	21	15.567	1349
16	21	4	40	10	right	right	1	13	15.439	842
16	22	4	40	10	left	right	0	12	15.267	786
16	23	4	40	10	left	right	0	14	15.119	926
16	24	4	40	10	left	left	1	14	15.005	933
16	25	4	40	10	left	left	1	12	15.957	752
16	26	4	40	10	right	right	1	13	15.222	854
16	27	4	40	10	right	right	1	20	15.748	1270
16	28	4	40	10	right	right	1	12	15.113	794
16	29	4	40	10	left	left	1	22	15.793	1393
16	30	4	40	10	right	left	0	11	15.471	711
16	31	4	40	10	left	left	1	12	15.605	769
16	32	4	40	10	left	left	1	11	15.827	695
16	33	4	40	10	left	right	0	10	16.129	620
16	34	4	40	10	right	right	1	15	15.576	963
16	35	4	40	10	right	right	1	9	14.827	607
16	36	4	40	10	right	right	1	8	16.327	490
16	37	4	40	10	right	right	1	7	15.909	440
16	38	4	40	10	right	right	1	6	16	375
16	39	4	40	10	right	right	1	10	15.385	650
16	40	4	40	10	right	right	1	14	14.989	934
17	1	4	40	10	right	right	1	57	15.107	3773
17	2	4	40	10	right	right	1	20	15.337	1304
17	3	4	40	10	right	right	1	14	15.695	892
17	4	4	40	10	left	right	0	8	15.686	510
17	5	4	40	10	left	left	1	10	15.385	650
17	6	4	40	10	right	right	1	9	15.05	598
17	7	4	40	10	left	left	1	10	15.823	632
17	8	4	40	10	right	right	1	10	16.367	611
17	9	4	40	10	right	right	1	12	15.852	757
17	10	4	40	10	right	right	1	12	15.894	755
17	11	4	40	10	left	right	0	9	16.043	561
17	12	4	40	10	left	left	1	9	14.827	607
17	13	4	40	10	right	right	1	11	15.257	721
17	14	4	40	10	right	left	0	8	16.162	495
17	15	4	40	10	left	right	0	9	16.949	531
17	16	4	40	10	right	right	1	11	16.176	680
17	17	4	40	10	left	right	0	10	15.723	636
17	18	4	40	10	left	left	1	13	15.55	836
17	19	4	40	10	left	left	1	10	16.367	611
17	20	4	40	10	left	left	1	10	15.106	662
17	21	4	40	10	right	left	0	9	16.514	545
17	22	4	40	10	left	left	1	9	16.854	534
17	23	4	40	10	right	right	1	14	15.927	879
17	24	4	40	10	right	right	1	9	15.411	584
17	25	4	40	10	left	left	1	12	15.113	794
17	26	4	40	10	left	right	0	8	15.842	505
17	27	4	40	10	right	right	1	13	15.682	829
17	28	4	40	10	right	right	1	15	15.167	989
17	29	4	40	10	right	left	0	9	15.385	585
17	30	4	40	10	left	right	0	7	17.157	408
17	31	4	40	10	left	right	0	6	16.949	354
17	32	4	40	10	right	right	1	8	15.564	514
17	33	4	40	10	right	right	1	9	16.484	546
17	34	4	40	10	right	right	1	10	15.361	651
17	35	4	40	10	left	right	0	9	15.254	590
17	36	4	40	10	right	right	1	16	15.429	1037
17	37	4	40	10	left	left	1	15	15.707	955
17	38	4	40	10	left	right	0	11	16.035	686
17	39	4	40	10	left	right	0	15	15.512	967
17	40	4	40	10	left	left	1	20	15.361	1302
18	1	4	40	10	right	right	1	18	15.101	1192
18	2	4	40	10	left	right	0	11	15.965	689
18	3	4	40	10	left	left	1	12	15.584	770
18	4	4	40	10	right	right	1	18	15.398	1169
18	5	4	40	10	left	right	0	9	15.385	585
18	6	4	40	10	left	left	1	10	15.244	656
18	7	4	40	10	left	left	1	15	15.823	948
18	8	4	40	10	right	right	1	12	15.19	790
18	9	4	40	10	left	left	1	11	15.007	733
18	10	4	40	10	left	right	0	9	15.762	571
18	11	4	40	10	right	left	0	7	15.317	457
18	12	4	40	10	right	right	1	7	14.957	468
18	13	4	40	10	right	right	1	7	17.032	411
18	14	4	40	10	right	right	1	6	15.306	392
18	15	4	40	10	left	right	0	8	17.058	469
18	16	4	40	10	right	right	1	11	15.257	721
18	17	4	40	10	right	right	1	10	15.48	646
18	18	4	40	10	left	right	0	20	15.711	1273
18	19	4	40	10	right	right	1	9	16.275	553
18	20	4	40	10	left	right	0	17	15.497	1097
18	21	4	40	10	left	left	1	17	15.329	1109
18	22	4	40	10	right	right	1	11	16.082	684
18	23	4	40	10	left	left	1	13	15.931	816
18	24	4	40	10	left	right	0	7	15.625	448
18	25	4	40	10	right	right	1	11	15.048	731
18	26	4	40	10	right	right	1	12	15.605	769
18	27	4	40	10	left	right	0	8	15.905	503
18	28	4	40	10	right	right	1	11	15.714	700
18	29	4	40	10	right	right	1	13	15.625	832
18	30	4	40	10	left	left	1	13	16.25	800
18	31	4	40	10	right	right	1	13	15.33	848
18	32	4	40	10	right	left	0	8	15.873	504
18	33	4	40	10	right	right	1	15	15.291	981
18	34	4	40	10	left	right	0	8	16.913	473
18	35	4	40	10	left	right	0	14	15.982	876
18	36	4	40	10	left	right	0	7	15.284	458
18	37	4	40	10	right	right	1	8	15.209	526
18	38	4	40	10	left	right	0	10	16.287	614
18	39	4	40	10	left	left	1	8	15.238	525
18	40	4	40	10	right	right	1	15	15.306	980
19	1	4	40	10	right	right	1	45	15.327	2936
19	2	4	40	10	left	left	1	16	15.779	1014
19	3	4	40	10	left	left	1	16	15.826	1011
19	4	4	40	10	right	left	0	9	15.411	584
19	5	4	40	10	right	right	1	11	16.035	686
19	6	4	40	10	left	left	1	11	16.105	683
19	7	4	40	10	right	right	1	6	15.666	383
19	8	4	40	10	left	left	1	8	16.26	492
19	9	4	40	10	left	right	0	6	15.831	379
19	10	4	40	10	left	right	0	7	15.217	460
19	11	4	40	10	right	right	1	8	15.905	503
19	12	4	40	10	right	right	1	9	16.1	559
19	13	4	40	10	left	tooFast	2	4	18.519	216
19	14	4	40	10	right	left	0	9	15.491	581
19	15	4	40	10	left	right	0	7	15.217	460
19	16	4	40	10	left	left	1	12	15.228	788
19	17	4	40	10	left	left	1	21	15.683	1339
19	18	4	40	10	right	right	1	10	15.244	656
19	19	4	40	10	right	left	0	11	15.193	724
19	20	4	40	10	right	right	1	6	15.707	382
19	21	4	40	10	right	right	1	7	16.746	418
19	22	4	40	10	left	left	1	19	15.323	1240
19	23	4	40	10	right	left	0	12	15.915	754
19	24	4	40	10	left	right	0	10	15.129	661
19	25	4	40	10	left	left	1	12	15.345	782
19	26	4	40	10	left	left	1	11	15.873	693
19	27	4	40	10	left	left	1	9	16.043	561
19	28	4	40	10	left	left	1	6	15.873	378
19	29	4	40	10	right	left	0	6	15.345	391
19	30	4	40	10	right	right	1	6	15.306	392
19	31	4	40	10	left	right	0	12	16.194	741
19	32	4	40	10	right	right	1	6	16.667	360
19	33	4	40	10	left	right	0	5	16.234	308
19	34	4	40	10	right	left	0	10	15.552	643
19	35	4	40	10	right	right	1	9	16.216	555
19	36	4	40	10	left	left	1	11	15.027	732
19	37	4	40	10	left	right	0	12	16.086	746
19	38	4	40	10	right	right	1	10	15.504	645
19	39	4	40	10	right	right	1	12	15.326	783
19	40	4	40	10	right	right	1	13	15.099	861
20	1	4	40	10	right	right	1	20	15.711	1273
20	2	4	40	10	left	left	1	17	15.683	1084
20	3	4	40	10	left	right	0	9	14.925	603
20	4	4	40	10	left	right	0	14	15.59	898
20	5	4	40	10	right	left	0	6	15.625	384
20	6	4	40	10	right	right	1	6	16.62	361
20	7	4	40	10	right	right	1	5	14.62	342
20	8	4	40	10	right	right	1	7	17.115	409
20	9	4	40	10	right	right	1	13	15.971	814
20	10	4	40	10	left	right	0	11	15.85	694
20	11	4	40	10	left	right	0	12	15.979	751
20	12	4	40	10	right	left	0	7	16.432	426
20	13	4	40	10	left	right	0	6	14.851	404
20	14	4	40	10	left	right	0	12	15.326	783
20	15	4	40	10	left	right	0	12	16.086	746
20	16	4	40	10	right	right	1	6	15.424	389
20	17	4	40	10	right	right	1	13	16.049	810
20	18	4	40	10	right	right	1	8	16.097	497
20	19	4	40	10	left	right	0	8	16.913	473
20	20	4	40	10	right	right	1	7	16.018	437
20	21	4	40	10	right	right	1	7	16.432	426
20	22	4	40	10	right	right	1	7	17.199	407
20	23	4	40	10	left	right	0	6	16.043	374
20	24	4	40	10	left	left	1	11	16.224	678
20	25	4	40	10	left	left	1	9	15.789	570
20	26	4	40	10	left	left	1	11	15.214	723
20	27	4	40	10	left	left	1	8	16.129	496
20	28	4	40	10	right	left	0	6	15.306	392
20	29	4	40	10	right	right	1	7	16.432	426
20	30	4	40	10	left	left	1	16	15.64	1023
20	31	4	40	10	left	left	1	11	15.896	692
20	32	4	40	10	right	right	1	9	15.845	568
20	33	4	40	10	left	right	0	9	14.95	602
20	34	4	40	10	left	left	1	19	15.115	1257
20	35	4	40	10	left	left	1	15	15.198	987
20	36	4	40	10	left	right	0	12	15.484	775
20	37	4	40	10	right	left	0	7	16.092	435
20	38	4	40	10	right	right	1	10	14.948	669
20	39	4	40	10	right	right	1	11	15.406	714
20	40	4	40	10	right	right	1	19	15.548	1222
21	1	4	40	10	left	left	1	15	15.641	959
21	2	4	40	10	left	left	1	18	15.075	1194
21	3	4	40	10	left	left	1	16	15.81	1012
21	4	4	40	10	right	left	0	10	16.234	616
21	5	4	40	10	left	left	1	12	15.171	791
21	6	4	40	10	right	right	1	11	15.85	694
21	7	4	40	10	left	left	1	13	15.294	850
21	8	4	40	10	right	right	1	15	15.464	970
21	9	4	40	10	right	right	1	14	15.119	926
21	10	4	40	10	right	right	1	13	15.169	857
21	11	4	40	10	right	right	1	14	15.07	929
21	12	4	40	10	right	right	1	12	15.707	764
21	13	4	40	10	left	right	0	8	16.598	482
21	14	4	40	10	left	left	1	7	15.982	438
21	15	4	40	10	left	left	1	11	16.272	676
21	16	4	40	10	left	left	1	17	15.399	1104
21	17	4	40	10	right	right	1	12	15.306	784
21	18	4	40	10	left	left	1	19	15.548	1222
21	19	4	40	10	left	right	0	9	16.071	560
21	20	4	40	10	left	right	0	12	15.666	766
21	21	4	40	10	right	left	0	11	16.129	682
21	22	4	40	10	right	right	1	10	15.949	627
21	23	4	40	10	right	right	1	11	16.058	685
21	24	4	40	10	right	right	1	10	15.773	634
21	25	4	40	10	right	right	1	13	16.311	797
21	26	4	40	10	left	left	1	9	15.544	579
21	27	4	40	10	right	right	1	10	15.129	661
21	28	4	40	10	left	right	0	14	15.766	888
21	29	4	40	10	left	left	1	5	14.577	343
21	30	4	40	10	left	right	0	7	17.073	410
21	31	4	40	10	left	left	1	5	15.823	316
21	32	4	40	10	left	left	1	7	16.867	415
21	33	4	40	10	right	left	0	6	16.484	364
21	34	4	40	10	right	tooFast	2	4	16.327	245
21	35	4	40	10	right	right	1	7	16.432	426
21	36	4	40	10	right	right	1	6	15	400
21	37	4	40	10	left	right	0	5	16.611	301
21	38	4	40	10	right	right	1	7	16.355	428
21	39	4	40	10	right	right	1	7	16.432	426
21	40	4	40	10	left	right	0	5	16.949	295
22	1	4	40	10	left	left	1	23	15.222	1511
22	2	4	40	10	right	left	0	13	16.23	801
22	3	4	40	10	left	right	0	14	15.964	877
22	4	4	40	10	right	left	0	8	16.293	491
22	5	4	40	10	right	left	0	10	15.083	663
22	6	4	40	10	left	left	1	8	15.905	503
22	7	4	40	10	left	right	0	11	15.625	704
22	8	4	40	10	right	right	1	11	15.131	727
22	9	4	40	10	left	left	1	12	15.365	781
22	10	4	40	10	left	left	1	9	14.901	604
22	11	4	40	10	right	right	1	9	14.876	605
22	12	4	40	10	right	left	0	7	15.086	464
22	13	4	40	10	left	left	1	11	15.896	692
22	14	4	40	10	left	left	1	9	14.803	608
22	15	4	40	10	right	right	1	13	16.049	810
22	16	4	40	10	right	right	1	10	15.385	650
22	17	4	40	10	right	right	1	9	16.158	557
22	18	4	40	10	right	right	1	8	15.209	526
22	19	4	40	10	left	right	0	8	17.021	470
22	20	4	40	10	left	left	1	11	16.32	674
22	21	4	40	10	left	left	1	11	15.67	702
22	22	4	40	10	left	left	1	10	15.949	627
22	23	4	40	10	left	left	1	9	15.929	565
22	24	4	40	10	left	left	1	9	15.873	567
22	25	4	40	10	right	left	0	14	15.909	880
22	26	4	40	10	right	right	1	8	16.194	494
22	27	4	40	10	left	left	1	10	16.103	621
22	28	4	40	10	right	right	1	10	15.06	664
22	29	4	40	10	left	left	1	10	14.97	668
22	30	4	40	10	right	right	1	7	15.351	456
22	31	4	40	10	right	left	0	8	15.936	502
22	32	4	40	10	left	right	0	8	15.326	522
22	33	4	40	10	right	right	1	12	15.831	758
22	34	4	40	10	left	left	1	11	15.342	717
22	35	4	40	10	right	right	1	11	15.581	706
22	36	4	40	10	right	right	1	10	15.873	630
22	37	4	40	10	left	left	1	11	16.345	673
22	38	4	40	10	left	left	1	11	15.692	701
22	39	4	40	10	right	right	1	11	15.759	698
22	40	4	40	10	right	right	1	9	15.437	583
23	1	4	40	10	left	left	1	20	15.785	1267
23	2	4	40	10	right	right	1	13	16.291	798
23	3	4	40	10	left	left	1	11	15.873	693
23	4	4	40	10	right	right	1	8	16.064	498
23	5	4	40	10	left	left	1	8	16.913	473
23	6	4	40	10	left	right	0	8	16.667	480
23	7	4	40	10	left	left	1	10	15.337	652
23	8	4	40	10	left	left	1	11	16.369	672
23	9	4	40	10	left	left	1	9	15.101	596
23	10	4	40	10	left	left	1	10	16.287	614
23	11	4	40	10	left	left	1	8	15.625	512
23	12	4	40	10	right	right	1	8	15.152	528
23	13	4	40	10	left	right	0	9	16.76	537
23	14	4	40	10	right	right	1	11	16.224	678
23	15	4	40	10	right	right	1	8	16.598	482
23	16	4	40	10	right	right	1	8	16.36	489
23	17	4	40	10	right	right	1	9	16.791	536
23	18	4	40	10	right	right	1	9	15.845	568
23	19	4	40	10	right	right	1	7	15.021	466
23	20	4	40	10	right	right	1	8	16.393	488
23	21	4	40	10	left	right	0	6	16.349	367
23	22	4	40	10	right	right	1	17	15.511	1096
23	23	4	40	10	left	left	1	11	16.224	678
23	24	4	40	10	left	left	1	9	16.484	546
23	25	4	40	10	left	left	1	9	15.332	587
23	26	4	40	10	left	left	1	10	15.723	636
23	27	4	40	10	right	left	0	9	16.791	536
23	28	4	40	10	right	right	1	5	14.663	341
23	29	4	40	10	right	right	1	12	15.152	792
23	30	4	40	10	right	right	1	8	15.152	528
23	31	4	40	10	left	right	0	7	16.509	424
23	32	4	40	10	right	right	1	9	15.358	586
23	33	4	40	10	left	right	0	7	16.667	420
23	34	4	40	10	right	right	1	10	16.051	623
23	35	4	40	10	left	left	1	14	15.201	921
23	36	4	40	10	right	right	1	7	15.217	460
23	37	4	40	10	left	left	1	8	16.327	490
23	38	4	40	10	right	right	1	6	16.667	360
23	39	4	40	10	left	left	1	16	15.549	1029
23	40	4	40	10	right	right	1	11	15.942	690
24	1	4	40	10	left	right	0	23	15.132	1520
24	2	4	40	10	right	left	0	5	14.925	335
24	3	4	40	10	right	right	1	7	16.867	415
24	4	4	40	10	left	right	0	7	15.487	452
24	5	4	40	10	right	right	1	7	15.119	463
24	6	4	40	10	right	right	1	7	15.945	439
24	7	4	40	10	right	right	1	8	16.807	476
24	8	4	40	10	left	right	0	6	15.228	394
24	9	4	40	10	left	left	1	24	15.584	1540
24	10	4	40	10	right	right	1	7	16.279	430
24	11	4	40	10	left	left	1	7	16.667	420
24	12	4	40	10	left	right	0	7	15.317	457
24	13	4	40	10	left	left	1	6	15.113	397
24	14	4	40	10	left	left	1	8	15.842	505
24	15	4	40	10	left	left	1	6	17.391	345
24	16	4	40	10	right	left	0	7	16.317	429
24	17	4	40	10	right	right	1	7	16.548	423
24	18	4	40	10	right	right	1	6	16.086	373
24	19	4	40	10	left	right	0	5	17.301	289
24	20	4	40	10	left	left	1	10	15.06	664
24	21	4	40	10	right	right	1	8	15.504	516
24	22	4	40	10	right	left	0	7	15.766	444
24	23	4	40	10	left	left	1	13	15.815	822
24	24	4	40	10	left	left	1	9	15.075	597
24	25	4	40	10	left	left	1	10	15.848	631
24	26	4	40	10	left	left	1	8	16.598	482
24	27	4	40	10	left	left	1	8	15.123	529
24	28	4	40	10	right	left	0	9	16.245	554
24	29	4	40	10	right	right	1	10	15.848	631
24	30	4	40	10	left	right	0	8	16.598	482
24	31	4	40	10	left	left	1	12	16.349	734
24	32	4	40	10	right	right	1	13	15.55	836
24	33	4	40	10	right	right	1	19	15.574	1220
24	34	4	40	10	right	right	1	10	15.48	646
24	35	4	40	10	right	right	1	10	15.221	657
24	36	4	40	10	left	right	0	11	16.248	677
24	37	4	40	10	right	left	0	9	16.158	557
24	38	4	40	10	right	left	0	13	15.276	851
24	39	4	40	10	right	right	1	8	16.097	497
24	40	4	40	10	left	right	0	13	15.777	824
