
blkNum	trlNum	coherentDots	numberofDots	percentCoherence	winningDirection	response	correct	eventCount	averageFrameRate	RT
1	1	4	40	10	left	right	0	19	15.176	1252
1	2	4	40	10	right	right	1	23	15.753	1460
1	3	4	40	10	right	left	0	33	15.544	2123
1	4	4	40	10	left	right	0	27	15.402	1753
1	5	4	40	10	right	right	1	20	15.279	1309
1	6	4	40	10	right	left	0	48	15.424	3112
1	7	4	40	10	right	right	1	21	15.184	1383
1	8	4	40	10	left	left	1	16	15.444	1036
1	9	4	40	10	left	left	1	19	15.51	1225
1	10	4	40	10	right	right	1	14	16	875
1	11	4	40	10	left	left	1	11	16.082	684
1	12	4	40	10	right	right	1	11	15.471	711
1	13	4	40	10	right	right	1	27	15.517	1740
1	14	4	40	10	left	left	1	30	15.48	1938
1	15	4	40	10	left	left	1	16	15.656	1022
1	16	4	40	10	right	right	1	11	15.068	730
1	17	4	40	10	right	left	0	33	15.515	2127
1	18	4	40	10	left	right	0	34	15.253	2229
1	19	4	40	10	left	left	1	21	15.13	1388
1	20	4	40	10	left	left	1	25	15.142	1651
1	21	4	40	10	right	left	0	20	15.361	1302
1	22	4	40	10	left	left	1	15	15.385	975
1	23	4	40	10	right	left	0	12	15.113	794
1	24	4	40	10	left	left	1	22	15.57	1413
1	25	4	40	10	right	right	1	27	15.385	1755
1	26	4	40	10	left	right	0	27	15.315	1763
1	27	4	40	10	right	left	0	24	15.635	1535
1	28	4	40	10	left	left	1	27	15.652	1725
1	29	4	40	10	right	right	1	23	15.583	1476
1	30	4	40	10	left	left	1	20	15.385	1300
2	1	4	40	10	left	right	0	25	15.152	1650
2	2	4	40	10	right	right	1	13	15.569	835
2	3	4	40	10	right	right	1	24	15.605	1538
2	4	4	40	10	right	right	1	18	15.571	1156
2	5	4	40	10	right	right	1	16	15.326	1044
2	6	4	40	10	right	right	1	17	15.497	1097
2	7	4	40	10	left	right	0	12	15.81	759
2	8	4	40	10	left	right	0	27	15.323	1762
2	9	4	40	10	right	right	1	15	15.167	989
2	10	4	40	10	right	right	1	16	15.152	1056
2	11	4	40	10	left	right	0	31	15.271	2030
2	12	4	40	10	left	left	1	33	15.214	2169
2	13	4	40	10	left	left	1	23	15.344	1499
2	14	4	40	10	left	left	1	18	15.571	1156
2	15	4	40	10	left	left	1	37	15.245	2427
2	16	4	40	10	left	left	1	45	15.475	2908
2	17	4	40	10	left	left	1	27	15.332	1761
2	18	4	40	10	right	left	0	37	15.264	2424
2	19	4	40	10	right	right	1	49	15.213	3221
2	20	4	40	10	left	right	0	35	15.337	2282
2	21	4	40	10	left	right	0	25	15.356	1628
2	22	4	40	10	left	left	1	32	15.466	2069
2	23	4	40	10	right	right	1	32	15.296	2092
2	24	4	40	10	right	right	1	37	15.195	2435
2	25	4	40	10	left	left	1	30	15.345	1955
2	26	4	40	10	left	left	1	45	15.327	2936
3	1	4	40	10	right	right	1	26	15.672	1659
3	2	4	40	10	left	left	1	20	15.349	1303
3	3	4	40	10	right	right	1	15	16.251	923
3	4	4	40	10	right	right	1	22	13.58	1620
3	5	4	40	10	right	right	1	23	15.614	1473
3	6	4	40	10	right	right	1	28	15.41	1817
3	7	4	40	10	right	right	1	28	15.201	1842
3	8	4	40	10	right	right	1	15	15.322	979
3	9	4	40	10	left	left	1	21	15.453	1359
3	10	4	40	10	right	left	0	20	15.198	1316
3	11	4	40	10	left	left	1	13	15.682	829
3	12	4	40	10	right	right	1	17	15.233	1116
3	13	4	40	10	left	left	1	20	15.209	1315
3	14	4	40	10	left	right	0	22	15.46	1423
3	15	4	40	10	left	left	1	13	16.189	803
3	16	4	40	10	right	right	1	17	15.483	1098
3	17	4	40	10	left	left	1	26	15.55	1672
3	18	4	40	10	left	left	1	31	15.339	2021
3	19	4	40	10	right	right	1	19	15.385	1235
3	20	4	40	10	left	right	0	28	15.176	1845
3	21	4	40	10	left	left	1	23	15.426	1491
3	22	4	40	10	right	right	1	18	16.014	1124
3	23	4	40	10	left	right	0	30	15.472	1939
3	24	4	40	10	left	right	0	16	15.564	1028
3	25	4	40	10	left	left	1	44	15.417	2854
3	26	4	40	10	left	left	1	20	15.911	1257
3	27	4	40	10	left	left	1	13	15.276	851
3	28	4	40	10	right	right	1	13	15.569	835
3	29	4	40	10	left	right	0	20	15.785	1267
3	30	4	40	10	left	left	1	18	15.915	1131
3	31	4	40	10	right	left	0	17	15.483	1098
3	32	4	40	10	right	right	1	15	15.167	989
3	33	4	40	10	left	left	1	33	15.214	2169
4	1	4	40	10	left	left	1	38	15.472	2456
4	2	4	40	10	right	right	1	28	15.547	1801
4	3	4	40	10	right	left	0	21	15.789	1330
4	4	4	40	10	left	right	0	26	15.16	1715
4	5	4	40	10	right	left	0	30	15.385	1950
4	6	4	40	10	left	right	0	12	15.306	784
4	7	4	40	10	right	right	1	23	15.678	1467
4	8	4	40	10	right	left	0	17	15.469	1099
4	9	4	40	10	right	right	1	11	16.035	686
4	10	4	40	10	right	right	1	18	15.929	1130
4	11	4	40	10	left	right	0	16	15.253	1049
4	12	4	40	10	right	right	1	10	16.155	619
4	13	4	40	10	left	left	1	19	15.768	1205
4	14	4	40	10	right	right	1	13	15.644	831
4	15	4	40	10	left	right	0	15	16.06	934
4	16	4	40	10	left	left	1	11	15.515	709
4	17	4	40	10	right	right	1	16	15.37	1041
4	18	4	40	10	right	right	1	20	15.175	1318
4	19	4	40	10	left	right	0	19	15.103	1258
4	20	4	40	10	right	left	0	21	15.239	1378
4	21	4	40	10	right	left	0	38	15.152	2508
4	22	4	40	10	left	right	0	31	15.354	2019
4	23	4	40	10	right	left	0	31	15.641	1982
4	24	4	40	10	left	left	1	53	15.407	3440
4	25	4	40	10	left	left	1	33	15.32	2154
4	26	4	40	10	left	left	1	44	15.342	2868
4	27	4	40	10	left	left	1	17	15.511	1096
4	28	4	40	10	left	left	1	51	15.156	3365
5	1	4	40	10	left	left	1	35	15.378	2276
5	2	4	40	10	right	right	1	18	15.504	1161
5	3	4	40	10	left	left	1	16	15.489	1033
5	4	4	40	10	right	right	1	18	15.666	1149
5	5	4	40	10	right	right	1	18	15.464	1164
5	6	4	40	10	left	right	0	21	15.487	1356
5	7	4	40	10	left	left	1	19	15.755	1206
5	8	4	40	10	right	right	1	14	15.234	919
5	9	4	40	10	left	right	0	19	15.612	1217
5	10	4	40	10	left	left	1	15	15.385	975
5	11	4	40	10	left	left	1	17	15.497	1097
5	12	4	40	10	right	left	0	19	15.625	1216
5	13	4	40	10	left	left	1	11	16.035	686
5	14	4	40	10	right	right	1	19	15.397	1234
5	15	4	40	10	left	right	0	38	15.249	2492
5	16	4	40	10	right	right	1	12	15.727	763
5	17	4	40	10	left	left	1	16	15.489	1033
5	18	4	40	10	left	right	0	34	15.413	2206
5	19	4	40	10	left	right	0	27	15.437	1749
5	20	4	40	10	left	left	1	23	15.364	1497
5	21	4	40	10	right	right	1	24	15.365	1562
5	22	4	40	10	left	right	0	22	15.759	1396
5	23	4	40	10	left	right	0	48	15.429	3111
5	24	4	40	10	left	left	1	12	15.209	789
5	25	4	40	10	left	left	1	17	15.138	1123
5	26	4	40	10	right	left	0	22	15.681	1403
5	27	4	40	10	right	left	0	45	15.218	2957
5	28	4	40	10	left	right	0	44	15.193	2896
5	29	4	40	10	right	left	0	45	15.364	2929
6	1	4	40	10	left	left	1	26	15.663	1660
6	2	4	40	10	right	right	1	17	15.274	1113
6	3	4	40	10	left	left	1	19	15.625	1216
6	4	4	40	10	right	right	1	17	15.962	1065
6	5	4	40	10	left	left	1	14	16.222	863
6	6	4	40	10	right	right	1	21	15.544	1351
6	7	4	40	10	right	right	1	14	16.148	867
6	8	4	40	10	left	left	1	19	15.677	1212
6	9	4	40	10	left	right	0	19	15.768	1205
6	10	4	40	10	right	right	1	10	15.949	627
6	11	4	40	10	left	left	1	32	15.466	2069
6	12	4	40	10	left	left	1	19	15.993	1188
6	13	4	40	10	right	right	1	17	15.785	1077
6	14	4	40	10	left	left	1	17	15.582	1091
6	15	4	40	10	left	right	0	23	15.282	1505
6	16	4	40	10	left	left	1	24	15.094	1590
6	17	4	40	10	left	left	1	42	15.351	2736
6	18	4	40	10	left	left	1	42	15.256	2753
6	19	4	40	10	left	left	1	51	15.17	3362
6	20	4	40	10	right	left	0	19	15.913	1194
6	21	4	40	10	left	right	0	14	16.055	872
6	22	4	40	10	left	right	0	12	15.365	781
6	23	4	40	10	right	right	1	19	15.833	1200
6	24	4	40	10	left	right	0	13	16.23	801
6	25	4	40	10	left	right	0	13	15.385	845
6	26	4	40	10	left	left	1	19	15.926	1193
6	27	4	40	10	right	right	1	14	16.166	866
6	28	4	40	10	left	left	1	17	15.582	1091
6	29	4	40	10	left	left	1	16	15.733	1017
6	30	4	40	10	left	right	0	20	15.373	1301
6	31	4	40	10	right	right	1	9	15.901	566
6	32	4	40	10	left	left	1	20	15.649	1278
6	33	4	40	10	left	left	1	16	15.489	1033
6	34	4	40	10	right	left	0	11	15.152	726
7	1	4	40	10	left	left	1	16	15.656	1022
7	2	4	40	10	right	right	1	17	15.152	1122
7	3	4	40	10	right	right	1	22	15.603	1410
7	4	4	40	10	right	right	1	18	15.306	1176
7	5	4	40	10	right	left	0	28	15.556	1800
7	6	4	40	10	right	right	1	17	15.888	1070
7	7	4	40	10	right	left	0	33	15.313	2155
7	8	4	40	10	left	left	1	21	15.789	1330
7	9	4	40	10	left	left	1	17	15.77	1078
7	10	4	40	10	right	left	0	15	15.69	956
7	11	4	40	10	left	left	1	37	15.145	2443
7	12	4	40	10	left	left	1	40	15.361	2604
7	13	4	40	10	left	right	0	41	15.385	2665
7	14	4	40	10	right	left	0	18	15.679	1148
7	15	4	40	10	right	left	0	18	15.398	1169
7	16	4	40	10	right	right	1	41	15.264	2686
7	17	4	40	10	right	right	1	43	15.418	2789
7	18	4	40	10	right	left	0	22	15.288	1439
7	19	4	40	10	left	right	0	24	15.842	1515
7	20	4	40	10	left	left	1	37	15.417	2400
7	21	4	40	10	right	left	0	19	15.638	1215
7	22	4	40	10	left	left	1	17	15.554	1093
7	23	4	40	10	left	left	1	30	15.283	1963
7	24	4	40	10	left	left	1	21	15.351	1368
7	25	4	40	10	right	right	1	21	15.206	1381
7	26	4	40	10	right	right	1	21	15.778	1331
7	27	4	40	10	right	left	0	11	15.647	703
7	28	4	40	10	right	right	1	9	15.845	568
7	29	4	40	10	left	right	0	33	15.385	2145
8	1	4	40	10	left	left	1	16	15.795	1013
8	2	4	40	10	right	right	1	29	15.352	1889
8	3	4	40	10	right	right	1	19	15.472	1228
8	4	4	40	10	right	right	1	59	15.183	3886
8	5	4	40	10	left	left	1	18	16	1125
8	6	4	40	10	left	left	1	19	15.485	1227
8	7	4	40	10	right	right	1	19	15.886	1196
8	8	4	40	10	right	left	0	14	16.26	861
8	9	4	40	10	right	right	1	14	16.166	866
8	10	4	40	10	right	right	1	30	15.353	1954
8	11	4	40	10	right	right	1	21	15.556	1350
8	12	4	40	10	right	right	1	30	15.601	1923
8	13	4	40	10	left	right	0	32	15.216	2103
8	14	4	40	10	right	right	1	20	15.106	1324
8	15	4	40	10	left	right	0	25	15.244	1640
8	16	4	40	10	right	right	1	13	15.312	849
8	17	4	40	10	left	right	0	27	15.544	1737
8	18	4	40	10	right	right	1	31	15.226	2036
8	19	4	40	10	right	left	0	40	15.18	2635
8	20	4	40	10	right	right	1	29	15.247	1902
8	21	4	40	10	right	left	0	28	15.547	1801
8	22	4	40	10	left	left	1	19	15.755	1206
8	23	4	40	10	left	left	1	16	15.64	1023
8	24	4	40	10	left	left	1	12	15.404	779
8	25	4	40	10	right	right	1	13	15.169	857
8	26	4	40	10	right	right	1	15	15.353	977
8	27	4	40	10	right	right	1	14	16.129	868
8	28	4	40	10	left	left	1	19	15.472	1228
8	29	4	40	10	right	left	0	18	15.437	1166
8	30	4	40	10	left	left	1	12	15.727	763
8	31	4	40	10	right	right	1	14	15.909	880
9	1	4	40	10	right	right	1	24	15.635	1535
9	2	4	40	10	left	left	1	14	15.334	913
9	3	4	40	10	right	right	1	20	15.221	1314
9	4	4	40	10	left	left	1	18	15.544	1158
9	5	4	40	10	left	right	0	14	15.945	878
9	6	4	40	10	left	right	0	10	15.924	628
9	7	4	40	10	right	left	0	22	15.782	1394
9	8	4	40	10	left	left	1	14	15.402	909
9	9	4	40	10	left	left	1	15	15.789	950
9	10	4	40	10	right	right	1	24	15.142	1585
9	11	4	40	10	right	right	1	31	15.539	1995
9	12	4	40	10	left	left	1	19	15.41	1233
9	13	4	40	10	left	left	1	11	15.048	731
9	14	4	40	10	right	left	0	11	16.176	680
9	15	4	40	10	right	right	1	20	15.625	1280
9	16	4	40	10	left	right	0	17	15.138	1123
9	17	4	40	10	right	right	1	11	15.131	727
9	18	4	40	10	left	right	0	15	16.234	924
9	19	4	40	10	left	right	0	14	15.573	899
9	20	4	40	10	right	right	1	10	16.207	617
9	21	4	40	10	left	right	0	18	15.693	1147
9	22	4	40	10	left	left	1	11	15.131	727
9	23	4	40	10	right	left	0	17	15.233	1116
9	24	4	40	10	right	left	0	12	16.129	744
9	25	4	40	10	left	left	1	17	15.483	1098
9	26	4	40	10	left	left	1	15	15.121	992
9	27	4	40	10	left	left	1	15	15.432	972
9	28	4	40	10	right	left	0	13	16.27	799
9	29	4	40	10	left	left	1	11	15.385	715
9	30	4	40	10	right	right	1	19	15.139	1255
9	31	4	40	10	left	right	0	14	16.037	873
9	32	4	40	10	right	right	1	12	16	750
9	33	4	40	10	right	right	1	17	15.455	1100
9	34	4	40	10	left	right	0	15	16.146	929
9	35	4	40	10	left	left	1	36	15.358	2344
9	36	4	40	10	right	left	0	10	16.287	614
9	37	4	40	10	right	left	0	12	16.021	749
10	1	4	40	10	left	left	1	15	15.152	990
10	2	4	40	10	left	left	1	17	15.26	1114
10	3	4	40	10	right	right	1	23	15.282	1505
10	4	4	40	10	left	left	1	30	15.361	1953
10	5	4	40	10	left	left	1	22	15.647	1406
10	6	4	40	10	left	left	1	18	15.358	1172
10	7	4	40	10	right	right	1	15	15.416	973
10	8	4	40	10	left	left	1	22	15.537	1416
10	9	4	40	10	right	right	1	22	15.385	1430
10	10	4	40	10	left	left	1	14	15.402	909
10	11	4	40	10	left	right	0	34	15.24	2231
10	12	4	40	10	right	right	1	22	15.548	1415
10	13	4	40	10	left	left	1	18	15.887	1133
10	14	4	40	10	left	left	1	34	15.145	2245
10	15	4	40	10	right	right	1	20	15.244	1312
10	16	4	40	10	left	left	1	20	15.773	1268
10	17	4	40	10	right	right	1	20	15.456	1294
10	18	4	40	10	left	left	1	23	15.436	1490
10	19	4	40	10	right	right	1	13	15.738	826
10	20	4	40	10	right	right	1	49	15.114	3242
10	21	4	40	10	right	left	0	41	15.304	2679
10	22	4	40	10	left	right	0	30	15.472	1939
10	23	4	40	10	right	right	1	21	15.498	1355
10	24	4	40	10	left	left	1	19	15.127	1256
10	25	4	40	10	right	right	1	15	15.322	979
10	26	4	40	10	left	left	1	13	15.663	830
10	27	4	40	10	right	right	1	24	15.656	1533
10	28	4	40	10	left	left	1	15	15.641	959
10	29	4	40	10	left	right	0	15	16.269	922
10	30	4	40	10	left	right	0	13	15.758	825
10	31	4	40	10	right	right	1	17	15.329	1109
10	32	4	40	10	left	right	0	16	15.444	1036
11	1	4	40	10	right	right	1	23	15.122	1521
11	2	4	40	10	right	right	1	20	15.798	1266
11	3	4	40	10	left	left	1	16	15.795	1013
11	4	4	40	10	right	right	1	15	15.353	977
11	5	4	40	10	left	right	0	16	15.564	1028
11	6	4	40	10	left	left	1	18	15.345	1173
11	7	4	40	10	right	right	1	18	15.228	1182
11	8	4	40	10	right	right	1	14	15.521	902
11	9	4	40	10	right	right	1	8	15.18	527
11	10	4	40	10	right	right	1	10	16.26	615
11	11	4	40	10	right	right	1	9	16.275	553
11	12	4	40	10	left	right	0	10	16	625
11	13	4	40	10	left	left	1	22	15.537	1416
11	14	4	40	10	left	right	0	13	16.109	807
11	15	4	40	10	left	left	1	10	15.773	634
11	16	4	40	10	right	left	0	15	15.167	989
11	17	4	40	10	left	left	1	14	15.402	909
11	18	4	40	10	left	left	1	13	15.348	847
11	19	4	40	10	right	right	1	22	15.827	1390
11	20	4	40	10	left	left	1	23	15.499	1484
11	21	4	40	10	right	right	1	17	15.455	1100
11	22	4	40	10	left	left	1	17	15.596	1090
11	23	4	40	10	left	left	1	15	15.48	969
11	24	4	40	10	right	left	0	31	15.531	1996
11	25	4	40	10	right	right	1	21	15.195	1382
11	26	4	40	10	left	right	0	30	15.472	1939
11	27	4	40	10	right	right	1	22	15.581	1412
11	28	4	40	10	left	right	0	38	15.304	2483
11	29	4	40	10	left	right	0	26	15.394	1689
11	30	4	40	10	left	left	1	40	15.175	2636
11	31	4	40	10	right	left	0	41	15.107	2714
11	32	4	40	10	left	left	1	33	15.406	2142
11	33	4	40	10	right	right	1	22	15.805	1392
12	1	4	40	10	right	right	1	15	15.924	942
12	2	4	40	10	right	left	0	15	15.89	944
12	3	4	40	10	left	left	1	10	15.823	632
12	4	4	40	10	right	left	0	12	16.26	738
12	5	4	40	10	right	left	0	14	16.129	868
12	6	4	40	10	right	right	1	16	15.984	1001
12	7	4	40	10	right	right	1	20	15.662	1277
12	8	4	40	10	left	right	0	22	15.278	1440
12	9	4	40	10	left	left	1	13	15.854	820
12	10	4	40	10	left	left	1	17	15.247	1115
12	11	4	40	10	left	left	1	12	15.748	762
12	12	4	40	10	left	left	1	19	15.625	1216
12	13	4	40	10	left	left	1	19	15.728	1208
12	14	4	40	10	right	right	1	26	15.24	1706
12	15	4	40	10	right	right	1	22	15.816	1391
12	16	4	40	10	right	right	1	22	15.57	1413
12	17	4	40	10	left	left	1	23	15.333	1500
12	18	4	40	10	left	right	0	24	15.424	1556
12	19	4	40	10	right	left	0	15	15.198	987
12	20	4	40	10	left	right	0	13	15.873	819
12	21	4	40	10	right	right	1	15	15.756	952
12	22	4	40	10	right	right	1	19	15.397	1234
12	23	4	40	10	right	right	1	24	15.424	1556
12	24	4	40	10	left	left	1	13	15.663	830
12	25	4	40	10	left	left	1	10	15.48	646
12	26	4	40	10	left	left	1	10	15.823	632
12	27	4	40	10	right	right	1	18	15.477	1163
12	28	4	40	10	left	left	1	17	15.469	1099
12	29	4	40	10	right	right	1	14	15.748	889
12	30	4	40	10	left	left	1	14	15.59	898
12	31	4	40	10	right	left	0	15	15.974	939
12	32	4	40	10	right	right	1	20	15.588	1283
12	33	4	40	10	left	left	1	14	15.538	901
12	34	4	40	10	left	left	1	14	15.927	879
12	35	4	40	10	right	left	0	15	15.641	959
12	36	4	40	10	left	left	1	13	16.109	807
12	37	4	40	10	right	left	0	26	15.421	1686
12	38	4	40	10	left	left	1	17	15.413	1103
13	1	4	40	10	left	left	1	15	15.167	989
13	2	4	40	10	left	left	1	13	15.458	841
13	3	4	40	10	left	left	1	11	15.278	720
13	4	4	40	10	left	left	1	11	15.692	701
13	5	4	40	10	left	left	1	11	16.153	681
13	6	4	40	10	left	right	0	15	15.291	981
13	7	4	40	10	right	right	1	16	15.795	1013
13	8	4	40	10	left	left	1	20	15.516	1289
13	9	4	40	10	left	left	1	23	15.753	1460
13	10	4	40	10	right	right	1	19	15.886	1196
13	11	4	40	10	left	left	1	15	15.045	997
13	12	4	40	10	left	right	0	18	15.957	1128
13	13	4	40	10	right	right	1	21	15.306	1372
13	14	4	40	10	left	left	1	17	15.726	1081
13	15	4	40	10	right	right	1	25	15.48	1615
13	16	4	40	10	left	left	1	27	15.393	1754
13	17	4	40	10	right	right	1	24	15.779	1521
13	18	4	40	10	right	left	0	31	15.547	1994
13	19	4	40	10	right	left	0	20	15.291	1308
13	20	4	40	10	left	left	1	24	15.257	1573
13	21	4	40	10	right	right	1	20	15.444	1295
13	22	4	40	10	left	left	1	21	15.228	1379
13	23	4	40	10	left	left	1	59	15.333	3848
13	24	4	40	10	left	left	1	46	15.187	3029
13	25	4	40	10	left	left	1	50	15.258	3277
13	26	4	40	10	left	left	1	17	15.233	1116
13	27	4	40	10	right	left	0	13	15.569	835
13	28	4	40	10	left	right	0	16	15.64	1023
13	29	4	40	10	left	left	1	16	15.152	1056
13	30	4	40	10	right	right	1	16	15.905	1006
13	31	4	40	10	right	right	1	27	15.323	1762
13	32	4	40	10	left	right	0	20	15.613	1281
14	1	4	40	10	right	right	1	19	15.397	1234
14	2	4	40	10	right	right	1	11	15.027	732
14	3	4	40	10	right	right	1	10	16.234	616
14	4	4	40	10	left	right	0	11	16.517	666
14	5	4	40	10	left	left	1	18	15.707	1146
14	6	4	40	10	right	right	1	13	15.152	858
14	7	4	40	10	right	right	1	14	15.59	898
14	8	4	40	10	right	right	1	16	15.253	1049
14	9	4	40	10	right	right	1	16	15.889	1007
14	10	4	40	10	right	left	0	21	15.317	1371
14	11	4	40	10	left	left	1	11	15.007	733
14	12	4	40	10	left	left	1	11	15.759	698
14	13	4	40	10	right	right	1	14	15.385	910
14	14	4	40	10	right	right	1	15	15.496	968
14	15	4	40	10	right	right	1	17	15.697	1083
14	16	4	40	10	right	right	1	15	15.873	945
14	17	4	40	10	left	left	1	26	15.303	1699
14	18	4	40	10	left	left	1	18	15.504	1161
14	19	4	40	10	left	left	1	17	15.843	1073
14	20	4	40	10	right	right	1	19	15.237	1247
14	21	4	40	10	right	left	0	17	15.497	1097
14	22	4	40	10	right	right	1	10	15.337	652
14	23	4	40	10	left	left	1	12	15.484	775
14	24	4	40	10	left	right	0	12	15.524	773
14	25	4	40	10	right	right	1	14	15.927	879
14	26	4	40	10	right	left	0	10	16.026	624
14	27	4	40	10	left	left	1	11	15.449	712
14	28	4	40	10	right	right	1	13	16.169	804
14	29	4	40	10	left	left	1	12	15.894	755
14	30	4	40	10	right	right	1	12	15.306	784
14	31	4	40	10	left	left	1	9	15.652	575
14	32	4	40	10	right	right	1	14	16.222	863
14	33	4	40	10	left	right	0	30	15.504	1935
14	34	4	40	10	right	right	1	17	15.288	1112
14	35	4	40	10	right	right	1	14	16.073	871
14	36	4	40	10	left	left	1	18	15.332	1174
14	37	4	40	10	left	right	0	19	15.435	1231
14	38	4	40	10	right	right	1	14	15.677	893
14	39	4	40	10	left	left	1	12	15.19	790
14	40	4	40	10	right	right	1	10	16.556	604
14	41	4	40	10	left	left	1	12	12.632	950
14	42	4	40	10	left	right	0	20	15.625	1280
15	1	4	40	10	left	left	1	18	15.332	1174
15	2	4	40	10	right	right	1	19	15.447	1230
15	3	4	40	10	left	left	1	15	15.625	960
15	4	4	40	10	right	left	0	19	16.02	1186
15	5	4	40	10	right	right	1	13	16.25	800
15	6	4	40	10	right	right	1	20	15.54	1287
15	7	4	40	10	left	left	1	31	15.241	2034
15	8	4	40	10	right	left	0	21	15.453	1359
15	9	4	40	10	left	left	1	10	16	625
15	10	4	40	10	right	right	1	15	15.416	973
15	11	4	40	10	right	left	0	21	15.273	1375
15	12	4	40	10	right	left	0	13	15.758	825
15	13	4	40	10	left	left	1	16	15.92	1005
15	14	4	40	10	left	left	1	23	15.614	1473
15	15	4	40	10	left	left	1	11	15.603	705
15	16	4	40	10	right	left	0	14	15.385	910
15	17	4	40	10	left	left	1	13	16.01	812
15	18	4	40	10	right	right	1	24	15.123	1587
15	19	4	40	10	right	right	1	22	15.559	1414
15	20	4	40	10	right	right	1	32	15.116	2117
15	21	4	40	10	left	left	1	21	15.567	1349
15	22	4	40	10	left	left	1	38	15.261	2490
15	23	4	40	10	right	left	0	36	15.28	2356
15	24	4	40	10	left	left	1	39	15.433	2527
15	25	4	40	10	right	right	1	17	15.947	1066
15	26	4	40	10	right	right	1	14	16.055	872
15	27	4	40	10	right	right	1	15	15.873	945
15	28	4	40	10	right	right	1	11	15.919	691
15	29	4	40	10	right	right	1	12	15.484	775
15	30	4	40	10	left	right	0	34	15.364	2213
15	31	4	40	10	left	right	0	7	14.957	468
15	32	4	40	10	right	right	1	26	15.421	1686
15	33	4	40	10	right	right	1	45	15.306	2940
16	1	4	40	10	right	right	1	22	15.278	1440
16	2	4	40	10	right	right	1	16	15.166	1055
16	3	4	40	10	right	right	1	14	16.129	868
16	4	4	40	10	left	right	0	14	15.556	900
16	5	4	40	10	right	right	1	11	16.129	682
16	6	4	40	10	right	right	1	11	16.058	685
16	7	4	40	10	left	right	0	11	15.603	705
16	8	4	40	10	left	left	1	20	15.129	1322
16	9	4	40	10	left	left	1	64	15.362	4166
16	10	4	40	10	left	left	1	25	15.674	1595
16	11	4	40	10	right	right	1	15	15.385	975
16	12	4	40	10	right	right	1	18	15.929	1130
16	13	4	40	10	left	left	1	20	15.711	1273
16	14	4	40	10	left	left	1	19	15.079	1260
16	15	4	40	10	right	right	1	15	16.06	934
16	16	4	40	10	left	left	1	18	15.203	1184
16	17	4	40	10	left	left	1	17	15.497	1097
16	18	4	40	10	right	right	1	14	15.927	879
16	19	4	40	10	left	right	0	43	15.27	2816
16	20	4	40	10	left	left	1	28	15.564	1799
16	21	4	40	10	right	right	1	45	15.203	2960
16	22	4	40	10	left	left	1	45	15.213	2958
16	23	4	40	10	right	right	1	44	15.22	2891
16	24	4	40	10	right	right	1	25	15.328	1631
16	25	4	40	10	left	left	1	21	15.228	1379
16	26	4	40	10	left	right	0	19	15.115	1257
16	27	4	40	10	right	right	1	23	15.797	1456
16	28	4	40	10	right	right	1	34	15.35	2215
16	29	4	40	10	left	left	1	35	15.391	2274
16	30	4	40	10	right	left	0	21	15.556	1350
17	1	4	40	10	right	right	1	25	15.567	1606
17	2	4	40	10	right	right	1	12	16.26	738
17	3	4	40	10	left	right	0	11	16.393	671
17	4	4	40	10	left	right	0	11	16.591	663
17	5	4	40	10	left	right	0	12	16.327	735
17	6	4	40	10	left	right	0	32	15.144	2113
17	7	4	40	10	right	right	1	12	15.484	775
17	8	4	40	10	right	right	1	17	15.785	1077
17	9	4	40	10	left	left	1	17	15.933	1067
17	10	4	40	10	right	right	1	13	16.089	808
17	11	4	40	10	left	left	1	16	15.282	1047
17	12	4	40	10	left	left	1	15	15.06	996
17	13	4	40	10	left	left	1	14	16.055	872
17	14	4	40	10	right	right	1	14	16.055	872
17	15	4	40	10	right	right	1	22	15.183	1449
17	16	4	40	10	left	left	1	19	15.523	1224
17	17	4	40	10	left	left	1	22	15.342	1434
17	18	4	40	10	right	right	1	20	15.152	1320
17	19	4	40	10	right	left	0	20	15.773	1268
17	20	4	40	10	right	right	1	16	15.826	1011
17	21	4	40	10	left	left	1	12	15.957	752
17	22	4	40	10	right	right	1	32	15.173	2109
17	23	4	40	10	right	right	1	27	15.228	1773
17	24	4	40	10	left	left	1	43	15.286	2813
17	25	4	40	10	right	left	0	20	15.637	1279
17	26	4	40	10	right	left	0	13	16.109	807
17	27	4	40	10	left	left	1	10	16.807	595
17	28	4	40	10	right	right	1	28	15.453	1812
17	29	4	40	10	left	left	1	22	15.235	1444
17	30	4	40	10	left	left	1	31	15.477	2003
17	31	4	40	10	right	right	1	20	15.14	1321
17	32	4	40	10	right	left	0	13	15.532	837
17	33	4	40	10	right	left	0	13	15.169	857
17	34	4	40	10	right	right	1	23	15.395	1494
17	35	4	40	10	right	right	1	46	15.338	2999
18	1	4	40	10	right	right	1	23	15.604	1474
18	2	4	40	10	left	left	1	15	15.213	986
18	3	4	40	10	left	left	1	21	15.742	1334
18	4	4	40	10	left	left	1	13	15.738	826
18	5	4	40	10	left	right	0	32	15.437	2073
18	6	4	40	10	left	left	1	10	15.898	629
18	7	4	40	10	left	left	1	28	15.284	1832
18	8	4	40	10	right	right	1	15	16.146	929
18	9	4	40	10	left	right	0	12	15.727	763
18	10	4	40	10	right	left	0	14	15.538	901
18	11	4	40	10	right	right	1	26	15.303	1699
18	12	4	40	10	left	left	1	21	15.707	1337
18	13	4	40	10	right	right	1	17	15.668	1085
18	14	4	40	10	right	right	1	22	15.162	1451
18	15	4	40	10	left	left	1	17	15.582	1091
18	16	4	40	10	right	right	1	16	15.37	1041
18	17	4	40	10	left	left	1	15	15.03	998
18	18	4	40	10	left	right	0	16	15.137	1057
18	19	4	40	10	right	right	1	13	15.569	835
18	20	4	40	10	left	left	1	18	15.584	1155
18	21	4	40	10	right	right	1	15	16.112	931
18	22	4	40	10	right	right	1	21	15.206	1381
18	23	4	40	10	left	left	1	15	15.609	961
18	24	4	40	10	right	right	1	16	15.094	1060
18	25	4	40	10	left	left	1	19	15.103	1258
18	26	4	40	10	right	right	1	19	15.372	1236
18	27	4	40	10	left	left	1	28	15.504	1806
18	28	4	40	10	left	right	0	23	15.303	1503
18	29	4	40	10	right	right	1	18	15.464	1164
18	30	4	40	10	left	left	1	19	15.067	1261
18	31	4	40	10	right	right	1	17	15.413	1103
18	32	4	40	10	left	left	1	25	15.198	1645
18	33	4	40	10	right	right	1	20	15.14	1321
18	34	4	40	10	left	left	1	23	15.743	1461
18	35	4	40	10	left	left	1	18	16	1125
18	36	4	40	10	left	left	1	20	15.674	1276
19	1	4	40	10	right	right	1	20	15.674	1276
19	2	4	40	10	right	right	1	24	15.316	1567
19	3	4	40	10	right	right	1	24	15.697	1529
19	4	4	40	10	left	right	0	38	15.504	2451
19	5	4	40	10	left	left	1	17	15.843	1073
19	6	4	40	10	left	left	1	19	15.966	1190
19	7	4	40	10	left	left	1	24	15.161	1583
19	8	4	40	10	left	left	1	23	15.604	1474
19	9	4	40	10	left	left	1	25	15.615	1601
19	10	4	40	10	left	left	1	21	15.385	1365
19	11	4	40	10	right	left	0	23	15.272	1506
19	12	4	40	10	left	right	0	37	15.214	2432
19	13	4	40	10	right	right	1	15	15.045	997
19	14	4	40	10	left	right	0	23	15.625	1472
19	15	4	40	10	right	right	1	18	15.241	1181
19	16	4	40	10	left	left	1	21	15.295	1373
19	17	4	40	10	left	left	1	14	15.59	898
19	18	4	40	10	right	right	1	10	15.924	628
19	19	4	40	10	right	right	1	17	15.539	1094
19	20	4	40	10	right	right	1	19	15.472	1228
19	21	4	40	10	left	left	1	22	15.214	1446
19	22	4	40	10	left	left	1	18	15.345	1173
19	23	4	40	10	left	right	0	36	15.216	2366
19	24	4	40	10	right	left	0	26	15.616	1665
19	25	4	40	10	right	right	1	15	15.839	947
19	26	4	40	10	right	right	1	14	15.267	917
19	27	4	40	10	left	right	0	23	15.721	1463
19	28	4	40	10	left	right	0	13	15.421	843
19	29	4	40	10	left	right	0	27	15.553	1736
19	30	4	40	10	left	right	0	37	15.546	2380
19	31	4	40	10	right	right	1	21	15.262	1376
20	1	4	40	10	left	left	1	17	15.511	1096
20	2	4	40	10	left	right	0	19	15.755	1206
20	3	4	40	10	left	left	1	9	15.306	588
20	4	4	40	10	right	right	1	13	16.01	812
20	5	4	40	10	left	left	1	15	15.306	980
20	6	4	40	10	right	left	0	30	15.625	1920
20	7	4	40	10	right	right	1	23	15.721	1463
20	8	4	40	10	left	right	0	30	15.568	1927
20	9	4	40	10	left	left	1	16	15.399	1039
20	10	4	40	10	right	right	1	31	15.469	2004
20	11	4	40	10	right	right	1	24	15.375	1561
20	12	4	40	10	left	left	1	15	16.094	932
20	13	4	40	10	right	left	0	29	15.183	1910
20	14	4	40	10	left	left	1	14	15.945	878
20	15	4	40	10	right	left	0	31	15.204	2039
20	16	4	40	10	right	left	0	35	15.284	2290
20	17	4	40	10	right	left	0	28	15.599	1795
20	18	4	40	10	left	left	1	16	15.733	1017
20	19	4	40	10	right	left	0	36	15.484	2325
20	20	4	40	10	left	left	1	31	15.57	1991
20	21	4	40	10	left	right	0	19	15.873	1197
20	22	4	40	10	left	right	0	32	15.245	2099
20	23	4	40	10	right	right	1	27	15.42	1751
20	24	4	40	10	right	right	1	27	15.571	1734
20	25	4	40	10	right	right	1	23	15.743	1461
20	26	4	40	10	left	right	0	27	15.58	1733
20	27	4	40	10	right	left	0	19	15.94	1192
20	28	4	40	10	left	right	0	21	15.556	1350
20	29	4	40	10	right	left	0	31	15.385	2015
21	1	4	40	10	right	right	1	21	15.306	1372
21	2	4	40	10	left	left	1	13	15.458	841
21	3	4	40	10	right	right	1	15	15.106	993
21	4	4	40	10	right	left	0	18	15.241	1181
21	5	4	40	10	left	left	1	13	15.892	818
21	6	4	40	10	right	right	1	16	15.489	1033
21	7	4	40	10	left	left	1	23	15.562	1478
21	8	4	40	10	right	right	1	37	15.488	2389
21	9	4	40	10	right	left	0	22	15.57	1413
21	10	4	40	10	left	right	0	12	15.152	792
21	11	4	40	10	right	right	1	9	15.544	579
21	12	4	40	10	left	right	0	18	15.789	1140
21	13	4	40	10	right	right	1	11	15.449	712
21	14	4	40	10	right	right	1	11	15.172	725
21	15	4	40	10	left	left	1	14	15.748	889
21	16	4	40	10	left	right	0	32	15.362	2083
21	17	4	40	10	left	left	1	20	15.163	1319
21	18	4	40	10	left	left	1	17	15.247	1115
21	19	4	40	10	left	left	1	19	15.103	1258
21	20	4	40	10	left	left	1	20	15.674	1276
21	21	4	40	10	left	left	1	19	15.435	1231
21	22	4	40	10	left	left	1	20	15.516	1289
21	23	4	40	10	left	left	1	17	15.799	1076
21	24	4	40	10	left	left	1	17	15.385	1105
21	25	4	40	10	left	left	1	17	15.992	1063
21	26	4	40	10	right	right	1	17	15.554	1093
21	27	4	40	10	right	right	1	17	15.138	1123
21	28	4	40	10	left	right	0	18	15.584	1155
21	29	4	40	10	left	right	0	26	15.196	1711
21	30	4	40	10	right	right	1	32	15.311	2090
21	31	4	40	10	left	right	0	25	15.461	1617
21	32	4	40	10	left	left	1	19	15.2	1250
21	33	4	40	10	left	right	0	37	15.442	2396
21	34	4	40	10	left	left	1	33	15.158	2177
22	1	4	40	10	right	right	1	27	15.607	1730
22	2	4	40	10	left	left	1	20	15.152	1320
22	3	4	40	10	right	right	1	38	15.397	2468
22	4	4	40	10	right	right	1	18	15.762	1142
22	5	4	40	10	left	left	1	37	15.488	2389
22	6	4	40	10	left	left	1	21	15.295	1373
22	7	4	40	10	right	right	1	20	15.504	1290
22	8	4	40	10	left	left	1	22	15.748	1397
22	9	4	40	10	right	left	0	24	15.595	1539
22	10	4	40	10	right	right	1	15	15.856	946
22	11	4	40	10	left	left	1	12	15.894	755
22	12	4	40	10	left	right	0	14	16.185	865
22	13	4	40	10	right	right	1	15	15.924	942
22	14	4	40	10	right	right	1	12	16.282	737
22	15	4	40	10	right	right	1	12	16.173	742
22	16	4	40	10	right	right	1	15	15.974	939
22	17	4	40	10	left	left	1	23	15.323	1501
22	18	4	40	10	right	right	1	16	15.905	1006
22	19	4	40	10	right	left	0	25	15.605	1602
22	20	4	40	10	right	right	1	25	15.375	1626
22	21	4	40	10	left	right	0	15	15.152	990
22	22	4	40	10	right	right	1	14	15.234	919
22	23	4	40	10	right	right	1	23	15.052	1528
22	24	4	40	10	right	right	1	44	15.183	2898
22	25	4	40	10	right	right	1	23	15.721	1463
22	26	4	40	10	left	right	0	22	15.385	1430
22	27	4	40	10	right	right	1	16	15.474	1034
22	28	4	40	10	left	right	0	21	15.825	1327
22	29	4	40	10	right	left	0	29	15.36	1888
22	30	4	40	10	right	left	0	29	15.36	1888
22	31	4	40	10	left	right	0	19	15.847	1199
22	32	4	40	10	left	left	1	15	15.416	973
23	1	4	40	10	left	left	1	19	15.86	1198
23	2	4	40	10	right	left	0	12	16.349	734
23	3	4	40	10	right	right	1	25	15.17	1648
23	4	4	40	10	right	right	1	22	15.406	1428
23	5	4	40	10	right	left	0	43	15.254	2819
23	6	4	40	10	left	left	1	11	15.759	698
23	7	4	40	10	right	left	0	21	15.373	1366
23	8	4	40	10	left	right	0	16	15.267	1048
23	9	4	40	10	left	right	0	7	17.073	410
23	10	4	40	10	right	left	0	20	15.106	1324
23	11	4	40	10	left	left	1	39	15.495	2517
23	12	4	40	10	right	right	1	19	15.422	1232
23	13	4	40	10	right	left	0	31	15.309	2025
23	14	4	40	10	left	right	0	29	15.263	1900
23	15	4	40	10	right	left	0	20	15.773	1268
23	16	4	40	10	left	left	1	19	16.007	1187
23	17	4	40	10	left	left	1	17	15.138	1123
23	18	4	40	10	right	left	0	18	15.371	1171
23	19	4	40	10	left	left	1	16	15.519	1031
23	20	4	40	10	left	left	1	14	16.279	860
23	21	4	40	10	right	right	1	17	15.918	1068
23	22	4	40	10	left	left	1	13	15.738	826
23	23	4	40	10	left	left	1	15	15.091	994
23	24	4	40	10	right	left	0	20	15.468	1293
23	25	4	40	10	right	left	0	18	15.776	1141
23	26	4	40	10	left	right	0	32	15.489	2066
23	27	4	40	10	right	left	0	20	15.552	1286
23	28	4	40	10	left	left	1	14	15.251	918
23	29	4	40	10	right	right	1	22	15.726	1399
23	30	4	40	10	right	right	1	29	15.255	1901
23	31	4	40	10	left	right	0	45	15.327	2936
24	1	4	40	10	left	left	1	14	16.222	863
24	2	4	40	10	right	right	1	14	15.642	895
24	3	4	40	10	right	right	1	11	15.278	720
24	4	4	40	10	left	left	1	15	15.182	988
24	5	4	40	10	right	right	1	11	15.11	728
24	6	4	40	10	left	left	1	10	16.556	604
24	7	4	40	10	left	left	1	10	16.287	614
24	8	4	40	10	left	left	1	9	15.845	568
24	9	4	40	10	left	left	1	11	16.743	657
24	10	4	40	10	left	left	1	10	16.556	604
24	11	4	40	10	left	left	1	10	15.898	629
24	12	4	40	10	right	right	1	23	15.457	1488
24	13	4	40	10	left	right	0	32	15.326	2088
24	14	4	40	10	right	right	1	30	15.205	1973
24	15	4	40	10	right	right	1	22	15.267	1441
24	16	4	40	10	right	right	1	22	15.439	1425
24	17	4	40	10	left	right	0	29	15.434	1879
24	18	4	40	10	right	right	1	10	16.26	615
24	19	4	40	10	right	right	1	19	15.212	1249
24	20	4	40	10	left	left	1	24	15.123	1587
24	21	4	40	10	right	right	1	19	15.755	1206
24	22	4	40	10	right	right	1	19	15.044	1263
24	23	4	40	10	right	right	1	24	15.686	1530
24	24	4	40	10	left	left	1	24	15.277	1571
24	25	4	40	10	right	left	0	19	15.768	1205
24	26	4	40	10	left	right	0	9	16.698	539
24	27	4	40	10	left	right	0	11	15.988	688
24	28	4	40	10	right	right	1	12	16.304	736
24	29	4	40	10	right	right	1	12	15.686	765
24	30	4	40	10	right	right	1	10	16.155	619
24	31	4	40	10	left	left	1	16	15.195	1053
24	32	4	40	10	left	left	1	22	15.782	1394
24	33	4	40	10	left	left	1	16	15.984	1001
24	34	4	40	10	right	left	0	13	15.532	837
24	35	4	40	10	left	left	1	11	15.089	729
24	36	4	40	10	left	left	1	15	15.03	998
24	37	4	40	10	left	left	1	14	15.59	898
24	38	4	40	10	left	left	1	16	15.702	1019
24	39	4	40	10	right	right	1	16	15.519	1031
24	40	4	40	10	right	right	1	22	15.406	1428
