
blkNum	trlNum	coherentDots	numberofDots	percentCoherence	winningDirection	response	correct	eventCount	averageFrameRate	RT
1	1	4	40	10	right	right	1	27	15.254	1770
1	2	4	40	10	left	left	1	25	15.225	1642
1	3	4	40	10	left	left	1	23	15.222	1511
1	4	4	40	10	left	left	1	14	15.334	913
1	5	4	40	10	left	left	1	40	15.18	2635
1	6	4	40	10	right	right	1	18	15.19	1185
1	7	4	40	10	left	left	1	13	15.276	851
1	8	4	40	10	right	right	1	20	15.686	1275
1	9	4	40	10	right	right	1	24	15.094	1590
1	10	4	40	10	right	right	1	15	15.723	954
1	11	4	40	10	left	left	1	15	15.56	964
1	12	4	40	10	right	right	1	14	15.625	896
1	13	4	40	10	left	left	1	17	15.843	1073
1	14	4	40	10	right	right	1	15	15.244	984
1	15	4	40	10	right	right	1	24	15.584	1540
1	16	4	40	10	left	left	1	13	15.366	846
1	17	4	40	10	left	left	1	16	15.519	1031
1	18	4	40	10	left	left	1	26	15.663	1660
1	19	4	40	10	right	right	1	15	15.353	977
1	20	4	40	10	left	left	1	15	15.94	941
1	21	4	40	10	left	left	1	23	15.132	1520
1	22	4	40	10	left	left	1	18	15.598	1154
1	23	4	40	10	left	right	0	14	15.713	891
1	24	4	40	10	left	left	1	22	15.793	1393
1	25	4	40	10	right	right	1	13	15.495	839
1	26	4	40	10	right	right	1	14	15.217	920
1	27	4	40	10	left	left	1	13	16.049	810
1	28	4	40	10	left	left	1	13	15.892	818
1	29	4	40	10	left	left	1	22	15.11	1456
1	30	4	40	10	left	left	1	14	15.086	928
1	31	4	40	10	right	right	1	13	15.873	819
1	32	4	40	10	left	left	1	12	15.113	794
1	33	4	40	10	left	left	1	20	15.699	1274
1	34	4	40	10	right	right	1	13	16.149	805
1	35	4	40	10	right	right	1	22	15.406	1428
1	36	4	40	10	right	right	1	19	15.794	1203
1	37	4	40	10	left	left	1	15	15.045	997
1	38	4	40	10	left	left	1	15	15.593	962
2	1	4	40	10	right	right	1	47	15.349	3062
2	2	4	40	10	left	left	1	16	15.625	1024
2	3	4	40	10	right	right	1	17	15.668	1085
2	4	4	40	10	left	left	1	13	15.873	819
2	5	4	40	10	right	right	1	13	16.189	803
2	6	4	40	10	right	right	1	30	15.167	1978
2	7	4	40	10	right	right	1	22	15.374	1431
2	8	4	40	10	left	left	1	12	15.831	758
2	9	4	40	10	right	right	1	13	15.854	820
2	10	4	40	10	right	right	1	12	16.064	747
2	11	4	40	10	left	left	1	14	15.07	929
2	12	4	40	10	left	right	0	14	15.152	924
2	13	4	40	10	right	right	1	12	15.248	787
2	14	4	40	10	right	left	0	16	15.968	1002
2	15	4	40	10	right	right	1	15	15.576	963
2	16	4	40	10	right	right	1	23	15.551	1479
2	17	4	40	10	left	left	1	16	15.267	1048
2	18	4	40	10	left	left	1	17	15.785	1077
2	19	4	40	10	right	right	1	16	15.326	1044
2	20	4	40	10	left	left	1	12	15.605	769
2	21	4	40	10	right	right	1	14	15.351	912
2	22	4	40	10	left	left	1	26	15.682	1658
2	23	4	40	10	left	left	1	24	15.554	1543
2	24	4	40	10	left	left	1	26	15.458	1682
2	25	4	40	10	left	left	1	37	15.22	2431
2	26	4	40	10	left	left	1	20	15.337	1304
2	27	4	40	10	right	right	1	16	15.444	1036
2	28	4	40	10	right	right	1	21	15.251	1377
2	29	4	40	10	right	right	1	19	15.536	1223
2	30	4	40	10	right	right	1	19	15.715	1209
2	31	4	40	10	right	right	1	22	15.417	1427
2	32	4	40	10	right	right	1	22	15.603	1410
2	33	4	40	10	left	left	1	17	15.726	1081
2	34	4	40	10	right	right	1	14	15.368	911
2	35	4	40	10	left	left	1	35	15.556	2250
2	36	4	40	10	left	left	1	23	15.152	1518
3	1	4	40	10	left	left	1	33	15.385	2145
3	2	4	40	10	right	right	1	14	15.573	899
3	3	4	40	10	left	left	1	14	15.135	925
3	4	4	40	10	right	right	1	14	15.234	919
3	5	4	40	10	left	left	1	19	15.599	1218
3	6	4	40	10	left	left	1	14	15.556	900
3	7	4	40	10	left	left	1	20	15.468	1293
3	8	4	40	10	left	left	1	17	15.611	1089
3	9	4	40	10	left	left	1	16	15.385	1040
3	10	4	40	10	left	left	1	15	15.806	949
3	11	4	40	10	right	right	1	20	15.613	1281
3	12	4	40	10	right	right	1	13	14.977	868
3	13	4	40	10	right	right	1	39	15.3	2549
3	14	4	40	10	right	right	1	15	15.106	993
3	15	4	40	10	right	left	0	16	15.549	1029
3	16	4	40	10	right	right	1	34	15.247	2230
3	17	4	40	10	right	right	1	21	15.328	1370
3	18	4	40	10	right	right	1	25	15.17	1648
3	19	4	40	10	right	right	1	26	15.143	1717
3	20	4	40	10	right	right	1	17	15.554	1093
3	21	4	40	10	left	left	1	16	15.109	1059
3	22	4	40	10	right	right	1	22	15.183	1449
3	23	4	40	10	left	left	1	22	15.267	1441
3	24	4	40	10	left	left	1	26	15.249	1705
3	25	4	40	10	left	right	0	34	15.295	2223
3	26	4	40	10	right	right	1	15	15.625	960
3	27	4	40	10	left	left	1	16	15.109	1059
3	28	4	40	10	left	left	1	19	15.115	1257
3	29	4	40	10	right	right	1	21	15.13	1388
3	30	4	40	10	left	left	1	22	15.614	1409
3	31	4	40	10	right	right	1	23	15.052	1528
3	32	4	40	10	left	left	1	19	15.599	1218
3	33	4	40	10	right	right	1	19	15.176	1252
3	34	4	40	10	right	right	1	19	15.055	1262
4	1	4	40	10	right	right	1	21	15.373	1366
4	2	4	40	10	left	left	1	18	15.063	1195
4	3	4	40	10	right	right	1	17	15.233	1116
4	4	4	40	10	left	left	1	20	15.674	1276
4	5	4	40	10	right	right	1	17	15.992	1063
4	6	4	40	10	right	right	1	24	15.666	1532
4	7	4	40	10	right	right	1	18	15.228	1182
4	8	4	40	10	right	right	1	18	15.411	1168
4	9	4	40	10	right	right	1	22	15.537	1416
4	10	4	40	10	left	left	1	35	15.514	2256
4	11	4	40	10	right	right	1	20	15.48	1292
4	12	4	40	10	left	left	1	22	15.537	1416
4	13	4	40	10	right	right	1	16	15.152	1056
4	14	4	40	10	left	left	1	24	15.257	1573
4	15	4	40	10	right	right	1	18	15.957	1128
4	16	4	40	10	right	right	1	30	15.182	1976
4	17	4	40	10	right	right	1	31	15.339	2021
4	18	4	40	10	right	right	1	33	15.25	2164
4	19	4	40	10	left	left	1	19	15.548	1222
4	20	4	40	10	right	right	1	15	15.244	984
4	21	4	40	10	left	left	1	14	15.168	923
4	22	4	40	10	left	left	1	37	15.436	2397
4	23	4	40	10	right	right	1	14	15.964	877
4	24	4	40	10	right	right	1	30	15.504	1935
4	25	4	40	10	left	left	1	24	15.199	1579
4	26	4	40	10	right	right	1	13	15.366	846
4	27	4	40	10	right	left	0	27	15.143	1783
4	28	4	40	10	left	left	1	23	15.092	1524
4	29	4	40	10	right	right	1	17	16.008	1062
4	30	4	40	10	right	left	0	25	15.207	1644
4	31	4	40	10	right	right	1	15	15.806	949
4	32	4	40	10	right	right	1	35	15.132	2313
5	1	4	40	10	left	left	1	16	15.826	1011
5	2	4	40	10	right	right	1	9	16.791	536
5	3	4	40	10	left	left	1	10	15.244	656
5	4	4	40	10	left	left	1	10	16.129	620
5	5	4	40	10	right	right	1	10	14.925	670
5	6	4	40	10	right	right	1	14	15.184	922
5	7	4	40	10	left	left	1	9	15.929	565
5	8	4	40	10	right	right	1	9	16.129	558
5	9	4	40	10	right	right	1	9	15.873	567
5	10	4	40	10	right	right	1	11	16.369	672
5	11	4	40	10	left	left	1	13	16.189	803
5	12	4	40	10	left	left	1	9	15.571	578
5	13	4	40	10	right	right	1	9	14.901	604
5	14	4	40	10	left	left	1	9	16.129	558
5	15	4	40	10	right	right	1	9	16.575	543
5	16	4	40	10	left	left	1	10	15.244	656
5	17	4	40	10	left	right	0	10	15.175	659
5	18	4	40	10	right	right	1	11	15.714	700
5	19	4	40	10	left	left	1	11	16.153	681
5	20	4	40	10	right	right	1	21	15.475	1357
5	21	4	40	10	left	left	1	13	15.012	866
5	22	4	40	10	left	left	1	15	15.198	987
5	23	4	40	10	right	right	1	12	16.327	735
5	24	4	40	10	right	right	1	12	15.365	781
5	25	4	40	10	right	right	1	18	15.152	1188
5	26	4	40	10	left	left	1	11	16.248	677
5	27	4	40	10	left	left	1	13	15.606	833
5	28	4	40	10	left	left	1	14	15.334	913
5	29	4	40	10	left	left	1	11	15.048	731
5	30	4	40	10	right	right	1	9	14.778	609
5	31	4	40	10	right	left	0	11	16.296	675
5	32	4	40	10	left	left	1	12	15.385	780
5	33	4	40	10	right	right	1	17	15.371	1106
5	34	4	40	10	right	right	1	20	15.326	1305
5	35	4	40	10	left	left	1	13	15.834	821
5	36	4	40	10	right	right	1	11	15.515	709
5	37	4	40	10	right	right	1	18	15.19	1185
5	38	4	40	10	left	left	1	18	15.477	1163
5	39	4	40	10	left	left	1	17	15.814	1075
5	40	4	40	10	right	right	1	13	15.152	858
5	41	4	40	10	right	right	1	20	15.221	1314
5	42	4	40	10	right	right	1	14	15.927	879
5	43	4	40	10	right	right	1	11	16.369	672
5	44	4	40	10	left	left	1	13	16.01	812
5	45	4	40	10	left	left	1	13	15.258	852
5	46	4	40	10	right	right	1	11	15.537	708
5	47	4	40	10	left	left	1	11	15.089	729
5	48	4	40	10	right	right	1	9	15.254	590
5	49	4	40	10	right	right	1	14	15.766	888
6	1	4	40	10	right	left	0	19	15.638	1215
6	2	4	40	10	left	left	1	12	16.349	734
6	3	4	40	10	left	left	1	12	15.707	764
6	4	4	40	10	left	left	1	10	15.773	634
6	5	4	40	10	right	right	1	10	16.103	621
6	6	4	40	10	left	left	1	9	16.071	560
6	7	4	40	10	left	left	1	12	15.769	761
6	8	4	40	10	right	right	1	11	16.176	680
6	9	4	40	10	left	left	1	9	15.306	588
6	10	4	40	10	right	right	1	11	15.873	693
6	11	4	40	10	left	left	1	10	16.181	618
6	12	4	40	10	right	right	1	14	15.556	900
6	13	4	40	10	left	left	1	11	16.224	678
6	14	4	40	10	left	right	0	10	15.015	666
6	15	4	40	10	right	right	1	12	15.748	762
6	16	4	40	10	left	left	1	15	15.873	945
6	17	4	40	10	right	right	1	11	16.32	674
6	18	4	40	10	right	right	1	13	15.513	838
6	19	4	40	10	right	right	1	13	15.951	815
6	20	4	40	10	left	left	1	10	15.083	663
6	21	4	40	10	right	right	1	11	16.32	674
6	22	4	40	10	right	right	1	12	15.666	766
6	23	4	40	10	left	left	1	11	16.058	685
6	24	4	40	10	right	right	1	9	14.975	601
6	25	4	40	10	left	left	1	10	15.748	635
6	26	4	40	10	left	left	1	15	15.152	990
6	27	4	40	10	right	right	1	10	15.576	642
6	28	4	40	10	right	right	1	11	15.342	717
6	29	4	40	10	right	right	1	14	15.054	930
6	30	4	40	10	left	left	1	12	15.852	757
6	31	4	40	10	left	left	1	12	15.404	779
6	32	4	40	10	right	right	1	9	16.014	562
6	33	4	40	10	left	left	1	12	15.564	771
6	34	4	40	10	right	right	1	11	15.257	721
6	35	4	40	10	left	left	1	12	16.327	735
6	36	4	40	10	right	right	1	9	15.101	596
6	37	4	40	10	right	left	0	7	15.982	438
6	38	4	40	10	left	left	1	12	15.936	753
6	39	4	40	10	right	right	1	9	16.1	559
6	40	4	40	10	left	left	1	9	16.071	560
6	41	4	40	10	right	right	1	9	16.014	562
6	42	4	40	10	right	right	1	9	14.95	602
6	43	4	40	10	left	left	1	9	15.734	572
6	44	4	40	10	left	left	1	12	16.021	749
6	45	4	40	10	right	right	1	10	15.361	651
6	46	4	40	10	left	left	1	7	15.385	455
6	47	4	40	10	left	left	1	9	15.929	565
6	48	4	40	10	left	right	0	10	15.873	630
6	49	4	40	10	left	left	1	9	15.679	574
6	50	4	40	10	right	right	1	19	15.323	1240
6	51	4	40	10	left	left	1	10	15.015	666
6	52	4	40	10	left	left	1	13	15.222	854
7	1	4	40	10	left	left	1	19	15.41	1233
7	2	4	40	10	right	right	1	14	15.267	917
7	3	4	40	10	right	right	1	15	15.152	990
7	4	4	40	10	left	left	1	13	16.03	811
7	5	4	40	10	right	right	1	11	15.406	714
7	6	4	40	10	right	right	1	15	15.385	975
7	7	4	40	10	right	right	1	12	15.267	786
7	8	4	40	10	left	left	1	10	16.207	617
7	9	4	40	10	left	left	1	10	16.129	620
7	10	4	40	10	right	right	1	10	15.267	655
7	11	4	40	10	right	right	1	10	16.367	611
7	12	4	40	10	left	left	1	9	14.876	605
7	13	4	40	10	right	right	1	11	15.827	695
7	14	4	40	10	left	left	1	11	15.896	692
7	15	4	40	10	left	left	1	10	15.06	664
7	16	4	40	10	left	left	1	9	15.517	580
7	17	4	40	10	left	left	1	10	15.873	630
7	18	4	40	10	left	left	1	10	16.026	624
7	19	4	40	10	left	left	1	10	15.361	651
7	20	4	40	10	right	right	1	10	15.848	631
7	21	4	40	10	left	left	1	11	15.235	722
7	22	4	40	10	left	left	1	11	15.131	727
7	23	4	40	10	left	left	1	11	16.082	684
7	24	4	40	10	left	left	1	10	15.408	649
7	25	4	40	10	right	right	1	10	15.152	660
7	26	4	40	10	left	left	1	10	15.456	647
7	27	4	40	10	right	right	1	11	15.559	707
7	28	4	40	10	left	left	1	10	15.106	662
7	29	4	40	10	left	left	1	12	15.267	786
7	30	4	40	10	right	right	1	10	15.221	657
7	31	4	40	10	left	left	1	10	15.314	653
7	32	4	40	10	left	right	0	20	15.625	1280
7	33	4	40	10	left	left	1	10	15.798	633
7	34	4	40	10	left	left	1	10	15.552	643
7	35	4	40	10	right	right	1	16	15.166	1055
7	36	4	40	10	left	left	1	31	15.469	2004
7	37	4	40	10	right	right	1	12	15.424	778
7	38	4	40	10	left	left	1	9	15.177	593
7	39	4	40	10	left	left	1	27	15.526	1739
7	40	4	40	10	right	right	1	19	15.385	1235
7	41	4	40	10	right	right	1	18	15.776	1141
7	42	4	40	10	left	right	0	15	15.806	949
7	43	4	40	10	right	right	1	12	16.021	749
7	44	4	40	10	right	right	1	18	15.915	1131
7	45	4	40	10	left	left	1	10	15.552	643
7	46	4	40	10	right	right	1	11	15.85	694
7	47	4	40	10	right	right	1	9	16.014	562
7	48	4	40	10	right	right	1	12	15.385	780
7	49	4	40	10	left	left	1	19	15.41	1233
8	1	4	40	10	left	left	1	25	15.605	1602
8	2	4	40	10	right	right	1	12	15.504	774
8	3	4	40	10	right	right	1	12	15.544	772
8	4	4	40	10	right	right	1	11	15.214	723
8	5	4	40	10	left	left	1	10	15.625	640
8	6	4	40	10	right	right	1	11	16.296	675
8	7	4	40	10	left	left	1	15	15.641	959
8	8	4	40	10	right	right	1	10	15.015	666
8	9	4	40	10	right	right	1	10	15.873	630
8	10	4	40	10	right	left	0	10	15.221	657
8	11	4	40	10	left	left	1	14	15.748	889
8	12	4	40	10	right	right	1	9	15.332	587
8	13	4	40	10	left	left	1	17	15.441	1101
8	14	4	40	10	left	left	1	13	15.152	858
8	15	4	40	10	right	right	1	13	15.421	843
8	16	4	40	10	left	left	1	12	15.385	780
8	17	4	40	10	left	left	1	13	15.152	858
8	18	4	40	10	left	left	1	12	16.238	739
8	19	4	40	10	left	left	1	12	15.444	777
8	20	4	40	10	right	right	1	11	15.449	712
8	21	4	40	10	left	left	1	14	15.005	933
8	22	4	40	10	left	left	1	15	15.385	975
8	23	4	40	10	left	left	1	13	14.994	867
8	24	4	40	10	left	left	1	14	15.556	900
8	25	4	40	10	left	left	1	11	16.035	686
8	26	4	40	10	left	left	1	10	15.385	650
8	27	4	40	10	left	left	1	21	15.754	1333
8	28	4	40	10	left	left	1	14	16.018	874
8	29	4	40	10	right	right	1	15	15.576	963
8	30	4	40	10	right	right	1	12	16	750
8	31	4	40	10	right	right	1	18	15.451	1165
8	32	4	40	10	right	right	1	16	15.08	1061
8	33	4	40	10	right	right	1	16	15.459	1035
8	34	4	40	10	left	left	1	14	15.487	904
8	35	4	40	10	left	left	1	14	16.018	874
8	36	4	40	10	left	left	1	14	15.168	923
8	37	4	40	10	right	right	1	13	15.532	837
8	38	4	40	10	right	right	1	15	15.94	941
8	39	4	40	10	right	right	1	14	15.625	896
8	40	4	40	10	left	left	1	14	15.748	889
8	41	4	40	10	left	left	1	12	15.564	771
8	42	4	40	10	left	left	1	10	15.576	642
8	43	4	40	10	right	right	1	13	15.099	861
8	44	4	40	10	right	right	1	14	15.521	902
8	45	4	40	10	right	right	1	14	15.351	912
8	46	4	40	10	right	right	1	21	15.789	1330
8	47	4	40	10	left	left	1	12	15.19	790
9	1	4	40	10	left	left	1	18	16	1125
9	2	4	40	10	left	left	1	14	15.419	908
9	3	4	40	10	left	left	1	12	16.173	742
9	4	4	40	10	right	right	1	11	15.363	716
9	5	4	40	10	right	right	1	12	15.936	753
9	6	4	40	10	left	left	1	10	15.267	655
9	7	4	40	10	left	left	1	12	16.238	739
9	8	4	40	10	right	right	1	10	15.408	649
9	9	4	40	10	left	left	1	13	15.854	820
9	10	4	40	10	left	left	1	11	15.214	723
9	11	4	40	10	right	right	1	12	15.936	753
9	12	4	40	10	left	left	1	12	16.327	735
9	13	4	40	10	right	right	1	11	15.896	692
9	14	4	40	10	left	left	1	18	15.943	1129
9	15	4	40	10	left	left	1	18	15.306	1176
9	16	4	40	10	right	right	1	11	15.257	721
9	17	4	40	10	right	right	1	23	15.072	1526
9	18	4	40	10	right	right	1	15	15.496	968
9	19	4	40	10	left	left	1	15	15.306	980
9	20	4	40	10	left	left	1	17	15.399	1104
9	21	4	40	10	left	left	1	15	15.259	983
9	22	4	40	10	left	left	1	14	15.317	914
9	23	4	40	10	left	left	1	19	15.079	1260
9	24	4	40	10	right	right	1	13	15.495	839
9	25	4	40	10	right	right	1	15	15.48	969
9	26	4	40	10	left	left	1	14	15.713	891
9	27	4	40	10	left	left	1	25	15.272	1637
9	28	4	40	10	right	right	1	15	15.723	954
9	29	4	40	10	right	right	1	13	15.24	853
9	30	4	40	10	right	right	1	18	15.986	1126
9	31	4	40	10	left	left	1	14	15.402	909
9	32	4	40	10	left	left	1	13	15.951	815
9	33	4	40	10	left	left	1	13	15.796	823
9	34	4	40	10	right	right	1	13	16.129	806
9	35	4	40	10	right	right	1	12	15.365	781
9	36	4	40	10	left	left	1	13	15.24	853
9	37	4	40	10	left	left	1	13	15.24	853
9	38	4	40	10	right	right	1	12	15.209	789
9	39	4	40	10	right	right	1	14	15.152	924
9	40	4	40	10	left	left	1	12	15.484	775
9	41	4	40	10	left	left	1	13	15.834	821
9	42	4	40	10	right	right	1	14	15.964	877
9	43	4	40	10	left	left	1	13	15.222	854
9	44	4	40	10	right	right	1	11	16.058	685
9	45	4	40	10	left	left	1	11	15.235	722
9	46	4	40	10	right	right	1	12	15.171	791
10	1	4	40	10	left	left	1	17	15.568	1092
10	2	4	40	10	right	right	1	9	16.453	547
10	3	4	40	10	right	right	1	9	15.306	588
10	4	4	40	10	left	left	1	10	16.077	622
10	5	4	40	10	left	left	1	13	16.25	800
10	6	4	40	10	left	left	1	13	15.476	840
10	7	4	40	10	left	left	1	12	15.326	783
10	8	4	40	10	right	right	1	10	15.291	654
10	9	4	40	10	left	left	1	11	15.581	706
10	10	4	40	10	left	left	1	10	15.674	638
10	11	4	40	10	left	left	1	9	15.152	594
10	12	4	40	10	left	left	1	13	15.7	828
10	13	4	40	10	right	right	1	11	15.896	692
10	14	4	40	10	left	left	1	15	15.369	976
10	15	4	40	10	left	left	1	13	15.682	829
10	16	4	40	10	right	right	1	11	16.082	684
10	17	4	40	10	left	left	1	10	15.244	656
10	18	4	40	10	left	left	1	11	16.272	676
10	19	4	40	10	right	left	0	10	15.244	656
10	20	4	40	10	right	right	1	10	16.234	616
10	21	4	40	10	right	right	1	9	14.925	603
10	22	4	40	10	left	left	1	11	15.342	717
10	23	4	40	10	left	left	1	11	15.235	722
10	24	4	40	10	left	left	1	11	16.393	671
10	25	4	40	10	right	right	1	10	15.175	659
10	26	4	40	10	left	left	1	10	15.848	631
10	27	4	40	10	left	left	1	11	15.759	698
10	28	4	40	10	right	right	1	10	15.674	638
10	29	4	40	10	left	left	1	11	16.153	681
10	30	4	40	10	left	left	1	11	15.515	709
10	31	4	40	10	left	left	1	11	15.581	706
10	32	4	40	10	right	right	1	14	15.784	887
10	33	4	40	10	right	right	1	11	15.449	712
10	34	4	40	10	right	right	1	13	16.149	805
10	35	4	40	10	right	right	1	13	15.55	836
10	36	4	40	10	right	right	1	13	16.311	797
10	37	4	40	10	left	left	1	16	15.702	1019
10	38	4	40	10	right	right	1	11	16.369	672
10	39	4	40	10	left	left	1	14	15.419	908
10	40	4	40	10	left	left	1	14	15.801	886
10	41	4	40	10	left	left	1	22	15.805	1392
10	42	4	40	10	left	left	1	13	14.96	869
10	43	4	40	10	left	left	1	14	15.801	886
10	44	4	40	10	right	right	1	12	15.464	776
10	45	4	40	10	left	left	1	28	15.168	1846
10	46	4	40	10	right	right	1	11	15.449	712
10	47	4	40	10	left	left	1	10	16.313	613
10	48	4	40	10	left	left	1	13	15.348	847
10	49	4	40	10	left	left	1	16	15.889	1007
10	50	4	40	10	right	right	1	11	15.048	731
11	1	4	40	10	left	left	1	13	16.23	801
11	2	4	40	10	left	left	1	9	16.304	552
11	3	4	40	10	left	left	1	10	15.038	665
11	4	4	40	10	right	right	1	9	16.423	548
11	5	4	40	10	left	left	1	8	15.238	525
11	6	4	40	10	left	left	1	9	15.491	581
11	7	4	40	10	left	left	1	14	14.973	935
11	8	4	40	10	right	left	0	11	16.129	682
11	9	4	40	10	left	left	1	9	14.925	603
11	10	4	40	10	left	left	1	11	16.248	677
11	11	4	40	10	left	right	0	11	15.782	697
11	12	4	40	10	right	right	1	11	15.942	690
11	13	4	40	10	right	right	1	34	15.518	2191
11	14	4	40	10	right	right	1	20	15.129	1322
11	15	4	40	10	right	right	1	13	15.081	862
11	16	4	40	10	left	left	1	11	16.012	687
11	17	4	40	10	right	right	1	11	15.385	715
11	18	4	40	10	left	left	1	10	15.432	648
11	19	4	40	10	left	left	1	12	15.075	796
11	20	4	40	10	left	left	1	13	15.719	827
11	21	4	40	10	left	left	1	11	15.214	723
11	22	4	40	10	right	right	1	11	15.11	728
11	23	4	40	10	left	left	1	10	15.152	660
11	24	4	40	10	left	left	1	11	16.176	680
11	25	4	40	10	right	right	1	10	15.924	628
11	26	4	40	10	right	right	1	12	15.484	775
11	27	4	40	10	left	left	1	10	16.103	621
11	28	4	40	10	left	left	1	11	15.625	704
11	29	4	40	10	left	left	1	12	16.021	749
11	30	4	40	10	left	left	1	19	15.091	1259
11	31	4	40	10	right	right	1	9	15.464	582
11	32	4	40	10	left	left	1	12	16.304	736
11	33	4	40	10	right	right	1	12	15.365	781
11	34	4	40	10	left	left	1	9	16.917	532
11	35	4	40	10	left	left	1	11	15.714	700
11	36	4	40	10	left	left	1	16	15.857	1009
11	37	4	40	10	right	right	1	11	16.224	678
11	38	4	40	10	left	left	1	11	15.759	698
11	39	4	40	10	left	left	1	11	15.67	702
11	40	4	40	10	left	left	1	9	15.544	579
11	41	4	40	10	right	right	1	11	15.515	709
11	42	4	40	10	right	right	1	9	15.177	593
11	43	4	40	10	left	left	1	14	15.855	883
11	44	4	40	10	left	left	1	12	15.209	789
11	45	4	40	10	left	left	1	19	15.385	1235
11	46	4	40	10	right	right	1	10	15.106	662
11	47	4	40	10	left	left	1	11	16.153	681
11	48	4	40	10	left	left	1	11	16.058	685
11	49	4	40	10	right	right	1	12	15.605	769
11	50	4	40	10	right	right	1	11	16.393	671
12	1	4	40	10	right	right	1	24	15.554	1543
12	2	4	40	10	left	left	1	11	15.581	706
12	3	4	40	10	left	left	1	10	15.48	646
12	4	4	40	10	right	right	1	16	15.474	1034
12	5	4	40	10	left	left	1	11	16.012	687
12	6	4	40	10	left	left	1	15	15.448	971
12	7	4	40	10	left	left	1	11	15.827	695
12	8	4	40	10	right	right	1	11	15.385	715
12	9	4	40	10	right	right	1	12	15.444	777
12	10	4	40	10	right	right	1	11	15.805	696
12	11	4	40	10	right	right	1	23	15.499	1484
12	12	4	40	10	left	left	1	10	15.699	637
12	13	4	40	10	right	right	1	9	15	600
12	14	4	40	10	right	right	1	10	16.42	609
12	15	4	40	10	left	left	1	11	15.385	715
12	16	4	40	10	right	right	1	10	16.207	617
12	17	4	40	10	left	left	1	9	16.949	531
12	18	4	40	10	right	right	1	9	15.101	596
12	19	4	40	10	right	right	1	12	16.173	742
12	20	4	40	10	right	right	1	14	15.168	923
12	21	4	40	10	right	right	1	13	16.291	798
12	22	4	40	10	right	right	1	12	15.365	781
12	23	4	40	10	right	right	1	12	16.043	748
12	24	4	40	10	left	left	1	14	15.873	882
12	25	4	40	10	right	right	1	10	15.552	643
12	26	4	40	10	left	left	1	14	16.092	870
12	27	4	40	10	right	right	1	11	15.988	688
12	28	4	40	10	right	right	1	10	15.152	660
12	29	4	40	10	right	right	1	10	15.432	648
12	30	4	40	10	right	right	1	11	15.385	715
12	31	4	40	10	left	left	1	12	15.789	760
12	32	4	40	10	left	left	1	13	16.129	806
12	33	4	40	10	right	right	1	12	15.365	781
12	34	4	40	10	right	right	1	10	16.129	620
12	35	4	40	10	right	right	1	15	15.4	974
12	36	4	40	10	right	left	0	11	15.759	698
12	37	4	40	10	left	left	1	12	15.873	756
12	38	4	40	10	left	left	1	13	15.912	817
12	39	4	40	10	left	left	1	15	15.756	952
12	40	4	40	10	left	left	1	10	14.97	668
12	41	4	40	10	right	right	1	10	15.625	640
12	42	4	40	10	right	right	1	10	15.361	651
12	43	4	40	10	right	right	1	16	15.399	1039
12	44	4	40	10	right	right	1	15	15.957	940
12	45	4	40	10	right	right	1	13	16.27	799
12	46	4	40	10	left	left	1	12	15.831	758
12	47	4	40	10	left	left	1	12	15.707	764
12	48	4	40	10	right	right	1	14	16.018	874
12	49	4	40	10	left	left	1	9	15.517	580
12	50	4	40	10	left	left	1	10	15.504	645
13	1	4	40	10	left	left	1	15	15.641	959
13	2	4	40	10	right	right	1	10	15.015	666
13	3	4	40	10	left	left	1	9	16.605	542
13	4	4	40	10	left	left	1	9	15.679	574
13	5	4	40	10	left	left	1	8	16.129	496
13	6	4	40	10	right	right	1	9	16.071	560
13	7	4	40	10	left	left	1	9	16.275	553
13	8	4	40	10	left	left	1	10	15.974	626
13	9	4	40	10	left	left	1	15	15.198	987
13	10	4	40	10	right	right	1	10	15.267	655
13	11	4	40	10	left	left	1	10	15.552	643
13	12	4	40	10	right	right	1	12	15.504	774
13	13	4	40	10	right	left	0	9	15.28	589
13	14	4	40	10	right	right	1	12	15.873	756
13	15	4	40	10	right	right	1	28	15.334	1826
13	16	4	40	10	right	right	1	10	16.367	611
13	17	4	40	10	right	right	1	10	14.925	670
13	18	4	40	10	right	right	1	11	15.068	730
13	19	4	40	10	left	left	1	14	15.927	879
13	20	4	40	10	right	right	1	11	15.257	721
13	21	4	40	10	left	left	1	9	14.851	606
13	22	4	40	10	left	left	1	10	15.244	656
13	23	4	40	10	right	right	1	12	16.216	740
13	24	4	40	10	right	right	1	13	15.912	817
13	25	4	40	10	right	right	1	11	16.345	673
13	26	4	40	10	right	right	1	12	16.194	741
13	27	4	40	10	left	left	1	11	15.559	707
13	28	4	40	10	left	left	1	18	15.845	1136
13	29	4	40	10	left	left	1	12	16.304	736
13	30	4	40	10	left	left	1	11	15.515	709
13	31	4	40	10	left	left	1	11	15.759	698
13	32	4	40	10	left	left	1	11	16.012	687
13	33	4	40	10	right	right	1	11	15.942	690
13	34	4	40	10	right	right	1	12	16.173	742
13	35	4	40	10	left	left	1	10	15.528	644
13	36	4	40	10	right	right	1	18	15.424	1167
13	37	4	40	10	left	left	1	14	15.625	896
13	38	4	40	10	left	left	1	16	15.968	1002
13	39	4	40	10	left	left	1	12	15.19	790
13	40	4	40	10	left	left	1	11	15.342	717
13	41	4	40	10	right	right	1	15	15.091	994
13	42	4	40	10	right	right	1	12	15.81	759
13	43	4	40	10	left	left	1	11	16.058	685
13	44	4	40	10	left	right	0	14	15.07	929
13	45	4	40	10	left	left	1	7	15.086	464
13	46	4	40	10	right	right	1	14	14.973	935
13	47	4	40	10	right	right	1	14	15.453	906
13	48	4	40	10	left	left	1	10	15.337	652
13	49	4	40	10	left	left	1	15	15.625	960
13	50	4	40	10	right	right	1	10	15.175	659
14	1	4	40	10	left	left	1	12	15.19	790
14	2	4	40	10	right	right	1	9	15.28	589
14	3	4	40	10	right	right	1	9	16.334	551
14	4	4	40	10	left	left	1	10	15.06	664
14	5	4	40	10	left	left	1	12	15.248	787
14	6	4	40	10	left	left	1	10	15.773	634
14	7	4	40	10	left	left	1	9	14.876	605
14	8	4	40	10	right	right	1	10	15.244	656
14	9	4	40	10	left	left	1	10	15.175	659
14	10	4	40	10	right	right	1	9	15.025	599
14	11	4	40	10	right	right	1	9	15.385	585
14	12	4	40	10	right	right	1	12	15.894	755
14	13	4	40	10	right	right	1	10	16	625
14	14	4	40	10	right	right	1	10	15.175	659
14	15	4	40	10	left	left	1	9	16.575	543
14	16	4	40	10	left	left	1	9	15.625	576
14	17	4	40	10	right	right	1	21	15.521	1353
14	18	4	40	10	right	right	1	16	15.64	1023
14	19	4	40	10	left	left	1	10	15.723	636
14	20	4	40	10	left	left	1	10	16.287	614
14	21	4	40	10	right	left	0	11	16.345	673
14	22	4	40	10	left	left	1	18	14.988	1201
14	23	4	40	10	left	left	1	12	15.915	754
14	24	4	40	10	right	left	0	13	15.931	816
14	25	4	40	10	right	right	1	23	15.657	1469
14	26	4	40	10	right	right	1	13	15.24	853
14	27	4	40	10	left	left	1	12	15.345	782
14	28	4	40	10	left	left	1	21	15.579	1348
14	29	4	40	10	right	right	1	20	15.504	1290
14	30	4	40	10	left	left	1	13	14.96	869
14	31	4	40	10	left	left	1	15	15.4	974
14	32	4	40	10	left	left	1	14	15.873	882
14	33	4	40	10	right	right	1	12	15.727	763
14	34	4	40	10	right	right	1	16	15.37	1041
14	35	4	40	10	left	left	1	14	14.973	935
14	36	4	40	10	left	left	1	14	15.73	890
14	37	4	40	10	left	left	1	15	15.576	963
14	38	4	40	10	left	left	1	24	15.404	1558
14	39	4	40	10	left	left	1	23	15.447	1489
14	40	4	40	10	left	left	1	21	15.707	1337
14	41	4	40	10	left	left	1	18	15.652	1150
14	42	4	40	10	right	right	1	22	15.548	1415
14	43	4	40	10	left	left	1	13	15.513	838
14	44	4	40	10	right	right	1	15	15.789	950
14	45	4	40	10	right	right	1	15	16.009	937
14	46	4	40	10	left	left	1	18	15.571	1156
15	1	4	40	10	right	right	1	16	15.34	1043
15	2	4	40	10	left	left	1	8	15.355	521
15	3	4	40	10	left	left	1	11	15.089	729
15	4	4	40	10	right	right	1	10	16.287	614
15	5	4	40	10	left	left	1	9	15	600
15	6	4	40	10	left	left	1	11	15.965	689
15	7	4	40	10	right	right	1	9	15.254	590
15	8	4	40	10	right	right	1	10	15.432	648
15	9	4	40	10	right	right	1	18	15.571	1156
15	10	4	40	10	right	right	1	9	15.544	579
15	11	4	40	10	left	left	1	10	15.314	653
15	12	4	40	10	left	left	1	10	15.601	641
15	13	4	40	10	left	left	1	12	16.216	740
15	14	4	40	10	right	right	1	11	16.129	682
15	15	4	40	10	left	left	1	12	16	750
15	16	4	40	10	left	left	1	8	15.267	524
15	17	4	40	10	left	left	1	11	16.082	684
15	18	4	40	10	right	right	1	9	15	600
15	19	4	40	10	right	right	1	11	15.759	698
15	20	4	40	10	left	left	1	10	15.848	631
15	21	4	40	10	left	left	1	9	16.729	538
15	22	4	40	10	right	left	0	9	15.358	586
15	23	4	40	10	left	left	1	9	14.975	601
15	24	4	40	10	right	right	1	18	15.063	1195
15	25	4	40	10	right	right	1	10	15.723	636
15	26	4	40	10	right	right	1	12	15.484	775
15	27	4	40	10	left	left	1	12	16.021	749
15	28	4	40	10	left	left	1	12	15.727	763
15	29	4	40	10	right	right	1	13	15.439	842
15	30	4	40	10	right	right	1	19	15.807	1202
15	31	4	40	10	right	right	1	9	16.667	540
15	32	4	40	10	right	right	1	9	16.453	547
15	33	4	40	10	left	left	1	10	16.129	620
15	34	4	40	10	left	left	1	10	15.267	655
15	35	4	40	10	left	left	1	9	15.358	586
15	36	4	40	10	left	left	1	11	16.272	676
15	37	4	40	10	left	left	1	11	15.805	696
15	38	4	40	10	right	right	1	13	14.977	868
15	39	4	40	10	left	left	1	9	15.28	589
15	40	4	40	10	right	right	1	9	16.822	535
15	41	4	40	10	right	right	1	10	15.432	648
15	42	4	40	10	right	right	1	11	15.214	723
15	43	4	40	10	left	right	0	10	15.625	640
15	44	4	40	10	right	right	1	23	15.293	1504
15	45	4	40	10	left	left	1	15	15.74	953
15	46	4	40	10	right	right	1	12	15.852	757
15	47	4	40	10	right	left	0	12	15.564	771
15	48	4	40	10	left	left	1	12	15.19	790
15	49	4	40	10	right	right	1	12	15.209	789
15	50	4	40	10	left	left	1	11	15.193	724
15	51	4	40	10	left	left	1	21	15.43	1361
16	1	4	40	10	left	left	1	13	15.385	845
16	2	4	40	10	left	left	1	14	15.945	878
16	3	4	40	10	left	left	1	11	15.625	704
16	4	4	40	10	right	right	1	12	15.544	772
16	5	4	40	10	right	right	1	15	15.856	946
16	6	4	40	10	right	right	1	13	15.99	813
16	7	4	40	10	left	left	1	13	15.7	828
16	8	4	40	10	right	right	1	11	15.873	693
16	9	4	40	10	right	right	1	12	15.444	777
16	10	4	40	10	left	left	1	12	16.129	744
16	11	4	40	10	right	right	1	11	15.007	733
16	12	4	40	10	right	right	1	13	15.719	827
16	13	4	40	10	right	right	1	15	15.839	947
16	14	4	40	10	left	left	1	13	15.815	822
16	15	4	40	10	left	right	0	12	15.365	781
16	16	4	40	10	right	right	1	11	15.988	688
16	17	4	40	10	right	right	1	12	15.365	781
16	18	4	40	10	left	left	1	12	15.727	763
16	19	4	40	10	right	right	1	11	15.235	722
16	20	4	40	10	right	right	1	11	15.131	727
16	21	4	40	10	right	right	1	14	15.695	892
16	22	4	40	10	right	right	1	13	15.513	838
16	23	4	40	10	left	left	1	14	15.801	886
16	24	4	40	10	right	right	1	13	15.187	856
16	25	4	40	10	right	right	1	11	15.449	712
16	26	4	40	10	right	right	1	12	15.365	781
16	27	4	40	10	right	right	1	14	15.419	908
16	28	4	40	10	left	left	1	12	15.504	774
16	29	4	40	10	right	right	1	11	15.692	701
16	30	4	40	10	left	left	1	12	15.769	761
16	31	4	40	10	right	right	1	11	16.369	672
16	32	4	40	10	left	left	1	11	15.896	692
16	33	4	40	10	right	right	1	10	15.823	632
16	34	4	40	10	left	left	1	10	16.155	619
16	35	4	40	10	right	right	1	10	16.287	614
16	36	4	40	10	right	right	1	9	15.845	568
16	37	4	40	10	left	left	1	12	15.769	761
16	38	4	40	10	right	right	1	12	15.306	784
16	39	4	40	10	left	left	1	9	15.254	590
16	40	4	40	10	left	left	1	11	16.393	671
16	41	4	40	10	right	right	1	9	15.517	580
16	42	4	40	10	left	left	1	10	15.314	653
16	43	4	40	10	right	right	1	9	15.817	569
16	44	4	40	10	left	left	1	14	15.054	930
16	45	4	40	10	left	left	1	11	16.082	684
16	46	4	40	10	left	left	1	13	15.606	833
16	47	4	40	10	left	left	1	12	15.444	777
16	48	4	40	10	right	right	1	10	15.625	640
16	49	4	40	10	left	left	1	12	15.894	755
16	50	4	40	10	right	right	1	15	15.873	945
16	51	4	40	10	right	right	1	17	15.233	1116
17	1	4	40	10	left	left	1	13	15.892	818
17	2	4	40	10	right	right	1	10	16	625
17	3	4	40	10	left	right	0	12	16.216	740
17	4	4	40	10	right	right	1	12	15.666	766
17	5	4	40	10	left	left	1	9	15.28	589
17	6	4	40	10	right	right	1	12	16.151	743
17	7	4	40	10	left	left	1	14	15.556	900
17	8	4	40	10	right	right	1	11	15.67	702
17	9	4	40	10	right	right	1	13	15.421	843
17	10	4	40	10	right	right	1	14	15.59	898
17	11	4	40	10	left	left	1	16	15.209	1052
17	12	4	40	10	right	right	1	10	16.42	609
17	13	4	40	10	right	right	1	14	15.556	900
17	14	4	40	10	right	right	1	13	16.311	797
17	15	4	40	10	right	right	1	13	15.99	813
17	16	4	40	10	right	right	1	18	15.901	1132
17	17	4	40	10	right	right	1	16	15.564	1028
17	18	4	40	10	right	right	1	12	16.107	745
17	19	4	40	10	left	left	1	15	15.641	959
17	20	4	40	10	right	right	1	10	15.015	666
17	21	4	40	10	right	right	1	13	14.943	870
17	22	4	40	10	left	left	1	11	16.012	687
17	23	4	40	10	right	right	1	9	14.901	604
17	24	4	40	10	left	left	1	11	15.493	710
17	25	4	40	10	right	right	1	13	15.719	827
17	26	4	40	10	left	left	1	9	15.544	579
17	27	4	40	10	left	left	1	12	16.043	748
17	28	4	40	10	right	right	1	12	16.086	746
17	29	4	40	10	right	right	1	11	15.449	712
17	30	4	40	10	right	right	1	12	15.852	757
17	31	4	40	10	left	left	1	9	15.332	587
17	32	4	40	10	right	right	1	9	16.636	541
17	33	4	40	10	left	left	1	10	16.129	620
17	34	4	40	10	right	right	1	11	15.131	727
17	35	4	40	10	left	left	1	10	15.723	636
17	36	4	40	10	right	right	1	11	15.805	696
17	37	4	40	10	left	left	1	11	15.896	692
17	38	4	40	10	right	right	1	9	15.411	584
17	39	4	40	10	right	right	1	12	15.424	778
17	40	4	40	10	right	right	1	13	16.069	809
17	41	4	40	10	left	left	1	9	15.845	568
17	42	4	40	10	right	right	1	11	16.129	682
17	43	4	40	10	right	right	1	18	15.437	1166
17	44	4	40	10	right	right	1	11	15.32	718
17	45	4	40	10	left	left	1	9	15.986	563
17	46	4	40	10	left	left	1	10	16.313	613
17	47	4	40	10	left	left	1	11	16.369	672
17	48	4	40	10	left	right	0	13	15.258	852
17	49	4	40	10	right	right	1	10	15.456	647
17	50	4	40	10	right	right	1	10	16.181	618
17	51	4	40	10	right	right	1	12	15.852	757
18	1	4	40	10	right	right	1	35	15.528	2254
18	2	4	40	10	left	left	1	10	15.773	634
18	3	4	40	10	left	left	1	13	16.311	797
18	4	4	40	10	left	left	1	12	15.228	788
18	5	4	40	10	right	right	1	10	16.155	619
18	6	4	40	10	right	right	1	15	15.03	998
18	7	4	40	10	left	left	1	11	15.235	722
18	8	4	40	10	right	right	1	8	15.414	519
18	9	4	40	10	right	right	1	10	15.48	646
18	10	4	40	10	right	right	1	9	14.95	602
18	11	4	40	10	right	right	1	10	14.97	668
18	12	4	40	10	right	right	1	9	15.203	592
18	13	4	40	10	left	left	1	10	15.015	666
18	14	4	40	10	left	left	1	11	15.692	701
18	15	4	40	10	right	right	1	8	16.064	498
18	16	4	40	10	left	left	1	8	15.326	522
18	17	4	40	10	right	right	1	10	15.773	634
18	18	4	40	10	left	right	0	12	15.209	789
18	19	4	40	10	right	right	1	13	15.476	840
18	20	4	40	10	left	left	1	9	16.76	537
18	21	4	40	10	left	left	1	9	14.975	601
18	22	4	40	10	right	right	1	9	15.762	571
18	23	4	40	10	right	right	1	18	15.901	1132
18	24	4	40	10	right	right	1	9	16.187	556
18	25	4	40	10	left	left	1	11	16.248	677
18	26	4	40	10	right	right	1	14	15.608	897
18	27	4	40	10	left	left	1	11	15.214	723
18	28	4	40	10	left	left	1	10	15.06	664
18	29	4	40	10	right	right	1	11	15.919	691
18	30	4	40	10	left	left	1	10	16.026	624
18	31	4	40	10	left	left	1	9	15.957	564
18	32	4	40	10	left	left	1	12	15.707	764
18	33	4	40	10	right	right	1	10	15.198	658
18	34	4	40	10	right	right	1	12	15.524	773
18	35	4	40	10	right	right	1	11	15.385	715
18	36	4	40	10	right	right	1	12	15.769	761
18	37	4	40	10	right	right	1	10	15.456	647
18	38	4	40	10	left	left	1	18	15.817	1138
18	39	4	40	10	left	right	0	11	15.406	714
18	40	4	40	10	right	right	1	13	16.01	812
18	41	4	40	10	right	right	1	10	15.723	636
18	42	4	40	10	right	left	0	10	15.083	663
18	43	4	40	10	right	right	1	11	15.805	696
18	44	4	40	10	right	right	1	13	15.403	844
18	45	4	40	10	right	right	1	28	15.317	1828
18	46	4	40	10	right	right	1	19	15.055	1262
18	47	4	40	10	left	left	1	18	15.611	1153
18	48	4	40	10	left	left	1	12	15.915	754
18	49	4	40	10	right	right	1	14	15.909	880
19	1	4	40	10	left	left	1	12	15.936	753
19	2	4	40	10	right	right	1	10	16.26	615
19	3	4	40	10	right	right	1	11	15.068	730
19	4	4	40	10	left	left	1	10	15.848	631
19	5	4	40	10	right	right	1	16	15.595	1026
19	6	4	40	10	right	right	1	11	15.827	695
19	7	4	40	10	left	left	1	12	16.216	740
19	8	4	40	10	left	left	1	12	16.282	737
19	9	4	40	10	left	left	1	11	16.2	679
19	10	4	40	10	right	right	1	10	15.552	643
19	11	4	40	10	left	left	1	13	15.971	814
19	12	4	40	10	left	left	1	15	15.528	966
19	13	4	40	10	left	left	1	16	15.474	1034
19	14	4	40	10	left	left	1	11	16.2	679
19	15	4	40	10	right	right	1	10	15.175	659
19	16	4	40	10	left	left	1	15	15.658	958
19	17	4	40	10	left	left	1	11	15.406	714
19	18	4	40	10	right	right	1	10	15.106	662
19	19	4	40	10	right	right	1	17	15.712	1082
19	20	4	40	10	right	right	1	21	15.251	1377
19	21	4	40	10	right	right	1	23	15.467	1487
19	22	4	40	10	left	left	1	11	16.035	686
19	23	4	40	10	left	left	1	18	15.477	1163
19	24	4	40	10	right	right	1	13	15.873	819
19	25	4	40	10	left	right	0	13	15.719	827
19	26	4	40	10	left	left	1	11	16.369	672
19	27	4	40	10	left	left	1	12	15.873	756
19	28	4	40	10	right	right	1	11	16.32	674
19	29	4	40	10	right	right	1	12	15.345	782
19	30	4	40	10	left	left	1	16	15.92	1005
19	31	4	40	10	right	right	1	32	15.26	2097
19	32	4	40	10	left	left	1	13	14.874	874
19	33	4	40	10	right	right	1	12	16.238	739
19	34	4	40	10	left	left	1	16	15.504	1032
19	35	4	40	10	left	left	1	17	15.426	1102
19	36	4	40	10	left	left	1	12	15.852	757
19	37	4	40	10	right	right	1	11	16.296	675
19	38	4	40	10	right	right	1	27	15.42	1751
19	39	4	40	10	right	right	1	20	15.361	1302
19	40	4	40	10	left	left	1	16	15.474	1034
19	41	4	40	10	left	left	1	12	15.306	784
19	42	4	40	10	right	left	0	10	14.948	669
19	43	4	40	10	left	left	1	15	15.4	974
19	44	4	40	10	right	right	1	10	15.576	642
19	45	4	40	10	left	left	1	12	16.349	734
19	46	4	40	10	right	left	0	11	15.919	691
20	1	4	40	10	right	right	1	13	15.873	819
20	2	4	40	10	left	left	1	9	15.544	579
20	3	4	40	10	right	right	1	10	15.314	653
20	4	4	40	10	left	left	1	15	15.244	984
20	5	4	40	10	right	right	1	11	16.082	684
20	6	4	40	10	left	left	1	13	14.891	873
20	7	4	40	10	right	right	1	11	15.235	722
20	8	4	40	10	left	left	1	10	15.267	655
20	9	4	40	10	right	right	1	10	15.361	651
20	10	4	40	10	right	right	1	9	15.05	598
20	11	4	40	10	right	right	1	11	15.449	712
20	12	4	40	10	left	left	1	9	15.28	589
20	13	4	40	10	left	left	1	19	15.447	1230
20	14	4	40	10	right	right	1	12	15.444	777
20	15	4	40	10	right	right	1	10	15.456	647
20	16	4	40	10	left	left	1	9	16.245	554
20	17	4	40	10	left	left	1	10	16.367	611
20	18	4	40	10	left	right	0	9	16.158	557
20	19	4	40	10	left	left	1	10	15.175	659
20	20	4	40	10	right	right	1	10	15.083	663
20	21	4	40	10	left	right	0	9	16.917	532
20	22	4	40	10	left	left	1	7	15.625	448
20	23	4	40	10	right	right	1	10	16.287	614
20	24	4	40	10	right	right	1	19	15.422	1232
20	25	4	40	10	left	left	1	13	15.421	843
20	26	4	40	10	left	left	1	10	14.993	667
20	27	4	40	10	left	left	1	10	16.051	623
20	28	4	40	10	left	left	1	15	15.091	994
20	29	4	40	10	left	left	1	14	15.119	926
20	30	4	40	10	left	left	1	17	15.977	1064
20	31	4	40	10	right	right	1	11	15.493	710
20	32	4	40	10	left	left	1	14	15.301	915
20	33	4	40	10	left	left	1	12	15.686	765
20	34	4	40	10	left	left	1	13	15.258	852
20	35	4	40	10	left	left	1	12	16.043	748
20	36	4	40	10	right	right	1	11	15.759	698
20	37	4	40	10	right	right	1	16	15.64	1023
20	38	4	40	10	right	right	1	15	15.707	955
20	39	4	40	10	left	left	1	11	15.85	694
20	40	4	40	10	left	left	1	13	15.892	818
20	41	4	40	10	right	right	1	12	15.915	754
20	42	4	40	10	right	right	1	13	15.046	864
20	43	4	40	10	left	left	1	11	15.257	721
20	44	4	40	10	left	left	1	11	15.152	726
20	45	4	40	10	left	left	1	11	16.105	683
20	46	4	40	10	left	left	1	11	15.449	712
20	47	4	40	10	left	left	1	12	15.385	780
20	48	4	40	10	left	left	1	13	15.276	851
20	49	4	40	10	left	left	1	13	15.258	852
20	50	4	40	10	right	right	1	13	14.977	868
20	51	4	40	10	left	left	1	12	15.209	789
21	1	4	40	10	left	left	1	10	15.674	638
21	2	4	40	10	left	left	1	10	15.798	633
21	3	4	40	10	right	right	1	10	15.723	636
21	4	4	40	10	left	left	1	11	15.131	727
21	5	4	40	10	right	left	0	11	16.082	684
21	6	4	40	10	right	right	1	11	16.035	686
21	7	4	40	10	left	left	1	9	16.245	554
21	8	4	40	10	left	left	1	11	15.919	691
21	9	4	40	10	left	left	1	14	15.927	879
21	10	4	40	10	right	right	1	10	15.221	657
21	11	4	40	10	right	right	1	10	15.924	628
21	12	4	40	10	left	left	1	12	15.484	775
21	13	4	40	10	right	right	1	10	15.674	638
21	14	4	40	10	left	right	0	14	15.201	921
21	15	4	40	10	left	left	1	9	15	600
21	16	4	40	10	right	right	1	10	15.385	650
21	17	4	40	10	left	left	1	10	16.103	621
21	18	4	40	10	right	right	1	10	15.244	656
21	19	4	40	10	right	right	1	10	15.152	660
21	20	4	40	10	right	right	1	21	15.217	1380
21	21	4	40	10	left	left	1	12	15.424	778
21	22	4	40	10	right	right	1	11	16.153	681
21	23	4	40	10	right	right	1	12	15.666	766
21	24	4	40	10	left	left	1	11	15.385	715
21	25	4	40	10	left	left	1	11	15.782	697
21	26	4	40	10	left	left	1	10	15.129	661
21	27	4	40	10	left	left	1	10	15.576	642
21	28	4	40	10	right	right	1	10	15.528	644
21	29	4	40	10	left	left	1	9	15.437	583
21	30	4	40	10	left	right	0	9	15.817	569
21	31	4	40	10	left	left	1	13	15.476	840
21	32	4	40	10	right	right	1	12	15.645	767
21	33	4	40	10	right	right	1	11	16.035	686
21	34	4	40	10	left	left	1	12	15.113	794
21	35	4	40	10	right	right	1	13	16.23	801
21	36	4	40	10	right	right	1	20	15.723	1272
21	37	4	40	10	right	right	1	16	15.936	1004
21	38	4	40	10	left	left	1	9	15.625	576
21	39	4	40	10	left	left	1	10	16.393	610
21	40	4	40	10	right	left	0	17	15.455	1100
21	41	4	40	10	right	right	1	14	15.766	888
21	42	4	40	10	left	left	1	12	15.769	761
21	43	4	40	10	right	right	1	12	15.464	776
21	44	4	40	10	left	left	1	13	15.385	845
21	45	4	40	10	right	right	1	9	15.05	598
21	46	4	40	10	left	left	1	8	15.385	520
21	47	4	40	10	right	right	1	13	16.25	800
21	48	4	40	10	left	left	1	9	16.334	551
21	49	4	40	10	right	right	1	9	15.845	568
21	50	4	40	10	left	left	1	9	15.385	585
22	1	4	40	10	left	left	1	11	16.082	684
22	2	4	40	10	right	right	1	9	15	600
22	3	4	40	10	left	left	1	9	14.95	602
22	4	4	40	10	right	right	1	10	14.97	668
22	5	4	40	10	left	left	1	9	16.791	536
22	6	4	40	10	right	right	1	21	15.34	1369
22	7	4	40	10	left	left	1	13	16.291	798
22	8	4	40	10	right	right	1	10	16.287	614
22	9	4	40	10	left	left	1	9	16.304	552
22	10	4	40	10	right	right	1	9	16.514	545
22	11	4	40	10	right	left	0	9	15.571	578
22	12	4	40	10	left	left	1	11	15.827	695
22	13	4	40	10	right	right	1	11	15.559	707
22	14	4	40	10	right	right	1	17	15.977	1064
22	15	4	40	10	right	right	1	13	16.129	806
22	16	4	40	10	left	left	1	10	15.106	662
22	17	4	40	10	left	left	1	11	15.965	689
22	18	4	40	10	left	left	1	11	15.67	702
22	19	4	40	10	left	left	1	14	15.713	891
22	20	4	40	10	right	right	1	13	15.854	820
22	21	4	40	10	right	right	1	15	15.306	980
22	22	4	40	10	left	left	1	17	15.977	1064
22	23	4	40	10	right	right	1	15	15.924	942
22	24	4	40	10	right	right	1	15	16.009	937
22	25	4	40	10	right	right	1	13	16.01	812
22	26	4	40	10	left	left	1	9	15.126	595
22	27	4	40	10	right	right	1	12	16.194	741
22	28	4	40	10	left	left	1	12	16.238	739
22	29	4	40	10	left	left	1	12	15.625	768
22	30	4	40	10	left	left	1	12	16.327	735
22	31	4	40	10	left	left	1	11	15.873	693
22	32	4	40	10	right	right	1	12	15.769	761
22	33	4	40	10	right	right	1	13	15.064	863
22	34	4	40	10	right	right	1	13	15.495	839
22	35	4	40	10	right	right	1	12	15.645	767
22	36	4	40	10	right	left	0	10	15.873	630
22	37	4	40	10	right	right	1	10	14.948	669
22	38	4	40	10	right	right	1	9	15.177	593
22	39	4	40	10	right	right	1	10	14.993	667
22	40	4	40	10	left	left	1	16	15.282	1047
22	41	4	40	10	right	right	1	11	16.058	685
22	42	4	40	10	left	left	1	10	15.221	657
22	43	4	40	10	right	right	1	13	15.682	829
22	44	4	40	10	left	left	1	12	15.056	797
22	45	4	40	10	left	left	1	11	15.537	708
22	46	4	40	10	right	right	1	12	15.769	761
22	47	4	40	10	right	right	1	13	15.187	856
22	48	4	40	10	left	left	1	12	15.789	760
22	49	4	40	10	right	right	1	11	16.035	686
22	50	4	40	10	left	left	1	12	15.894	755
22	51	4	40	10	left	right	0	10	15.221	657
23	1	4	40	10	right	left	0	14	15.909	880
23	2	4	40	10	right	right	1	14	15.945	878
23	3	4	40	10	left	left	1	20	15.81	1265
23	4	4	40	10	right	right	1	14	15.301	915
23	5	4	40	10	right	right	1	12	15.686	765
23	6	4	40	10	left	left	1	11	15.048	731
23	7	4	40	10	left	left	1	16	15.857	1009
23	8	4	40	10	right	right	1	12	15.852	757
23	9	4	40	10	left	left	1	16	15.826	1011
23	10	4	40	10	right	right	1	17	15.977	1064
23	11	4	40	10	left	left	1	14	15.801	886
23	12	4	40	10	left	left	1	13	15.187	856
23	13	4	40	10	right	right	1	10	15.798	633
23	14	4	40	10	right	right	1	10	15.175	659
23	15	4	40	10	left	left	1	9	15.437	583
23	16	4	40	10	right	right	1	10	15.601	641
23	17	4	40	10	left	left	1	10	16.129	620
23	18	4	40	10	left	left	1	12	15.666	766
23	19	4	40	10	left	left	1	11	15.873	693
23	20	4	40	10	left	left	1	15	15.873	945
23	21	4	40	10	right	right	1	9	15.306	588
23	22	4	40	10	left	left	1	10	15.504	645
23	23	4	40	10	left	left	1	11	15.11	728
23	24	4	40	10	left	left	1	9	15.707	573
23	25	4	40	10	right	right	1	13	15.796	823
23	26	4	40	10	left	left	1	11	15.625	704
23	27	4	40	10	right	right	1	11	15.537	708
23	28	4	40	10	left	left	1	12	16.107	745
23	29	4	40	10	right	right	1	11	15.827	695
23	30	4	40	10	right	right	1	10	16.155	619
23	31	4	40	10	left	left	1	11	16.248	677
23	32	4	40	10	left	left	1	13	15.169	857
23	33	4	40	10	left	left	1	10	16.393	610
23	34	4	40	10	left	right	0	11	15.172	725
23	35	4	40	10	left	left	1	14	15.368	911
23	36	4	40	10	left	left	1	12	16.371	733
23	37	4	40	10	right	right	1	11	15.32	718
23	38	4	40	10	right	right	1	13	16.169	804
23	39	4	40	10	left	left	1	12	15.094	795
23	40	4	40	10	right	left	0	10	16.181	618
23	41	4	40	10	left	left	1	25	15.161	1649
23	42	4	40	10	left	left	1	41	15.402	2662
23	43	4	40	10	left	left	1	12	15.209	789
23	44	4	40	10	left	left	1	13	15.719	827
23	45	4	40	10	left	left	1	13	15.421	843
23	46	4	40	10	right	right	1	18	15.803	1139
23	47	4	40	10	right	right	1	21	15.141	1387
24	1	4	40	10	left	left	1	11	15.493	710
24	2	4	40	10	right	right	1	9	15.544	579
24	3	4	40	10	left	left	1	9	15.491	581
24	4	4	40	10	right	right	1	13	15.99	813
24	5	4	40	10	left	left	1	9	16.158	557
24	6	4	40	10	right	right	1	11	15.493	710
24	7	4	40	10	right	right	1	12	16.064	747
24	8	4	40	10	left	left	1	11	15.603	705
24	9	4	40	10	left	left	1	10	15.291	654
24	10	4	40	10	left	left	1	11	15.942	690
24	11	4	40	10	right	right	1	10	15.873	630
24	12	4	40	10	left	left	1	9	15.598	577
24	13	4	40	10	left	left	1	10	15.974	626
24	14	4	40	10	left	right	0	9	16.393	549
24	15	4	40	10	left	left	1	9	16.698	539
24	16	4	40	10	right	right	1	9	15.126	595
24	17	4	40	10	left	left	1	13	16.311	797
24	18	4	40	10	right	right	1	11	16.248	677
24	19	4	40	10	left	left	1	10	15.221	657
24	20	4	40	10	right	right	1	12	16.216	740
24	21	4	40	10	left	left	1	9	15.152	594
24	22	4	40	10	left	left	1	10	15.152	660
24	23	4	40	10	left	left	1	10	15.244	656
24	24	4	40	10	left	left	1	9	15.986	563
24	25	4	40	10	right	right	1	10	15.152	660
24	26	4	40	10	right	right	1	9	16.071	560
24	27	4	40	10	right	right	1	18	15.831	1137
24	28	4	40	10	left	left	1	9	15.385	585
24	29	4	40	10	right	right	1	9	16.949	531
24	30	4	40	10	left	left	1	10	15.949	627
24	31	4	40	10	left	left	1	9	15.075	597
24	32	4	40	10	right	right	1	9	15.228	591
24	33	4	40	10	right	right	1	11	15.965	689
24	34	4	40	10	left	left	1	9	15.679	574
24	35	4	40	10	right	right	1	8	15.18	527
24	36	4	40	10	left	left	1	10	15.432	648
24	37	4	40	10	right	right	1	8	16.293	491
24	38	4	40	10	left	left	1	10	16.393	610
24	39	4	40	10	left	left	1	9	15.707	573
24	40	4	40	10	left	left	1	9	15.464	582
24	41	4	40	10	right	right	1	9	15.873	567
24	42	4	40	10	left	left	1	8	15.123	529
24	43	4	40	10	right	left	0	9	15.598	577
24	44	4	40	10	left	left	1	15	15.496	968
24	45	4	40	10	left	left	1	12	15.094	795
24	46	4	40	10	left	left	1	16	15.474	1034
24	47	4	40	10	right	right	1	10	15.244	656
24	48	4	40	10	right	right	1	10	14.993	667
24	49	4	40	10	left	left	1	10	16.26	615
24	50	4	40	10	right	right	1	11	15.759	698
24	51	4	40	10	right	right	1	12	16.349	734
24	52	4	40	10	left	left	1	15	15.69	956
24	53	4	40	10	right	right	1	11	15.007	733
24	54	4	40	10	left	right	0	16	15.702	1019
