
blkNum	trlNum	coherentDots	numberofDots	percentCoherence	winningDirection	response	correct	eventCount	averageFrameRate	RT
1	1	4	40	10	right	left	0	55	15.35	3583
1	2	4	40	10	right	left	0	33	15.313	2155
1	3	4	40	10	right	right	1	44	15.23	2889
1	4	4	40	10	right	right	1	31	15.392	2014
1	5	4	40	10	left	right	0	17	15.247	1115
1	6	4	40	10	right	left	0	8	16.701	479
1	7	4	40	10	left	left	1	36	15.504	2322
1	8	4	40	10	left	left	1	40	15.486	2583
1	9	4	40	10	left	left	1	17	15.343	1108
1	10	4	40	10	right	right	1	21	15.407	1363
1	11	4	40	10	left	left	1	15	15.369	976
1	12	4	40	10	left	right	0	37	15.553	2379
1	13	4	40	10	left	right	0	21	15.362	1367
1	14	4	40	10	right	right	1	15	15.228	985
1	15	4	40	10	left	left	1	15	15.674	957
1	16	4	40	10	right	right	1	14	15.927	879
1	17	4	40	10	left	left	1	17	15.741	1080
1	18	4	40	10	right	right	1	17	15.668	1085
1	19	4	40	10	right	left	0	11	15.559	707
1	20	4	40	10	left	right	0	24	15.335	1565
1	21	4	40	10	left	left	1	19	15.9	1195
1	22	4	40	10	left	left	1	18	15.464	1164
1	23	4	40	10	right	left	0	20	15.198	1316
1	24	4	40	10	right	left	0	15	16.216	925
1	25	4	40	10	left	left	1	26	15.513	1676
1	26	4	40	10	right	right	1	31	15.554	1993
1	27	4	40	10	left	right	0	27	15.571	1734
1	28	4	40	10	right	right	1	25	15.528	1610
1	29	4	40	10	right	right	1	16	15.795	1013
1	30	4	40	10	left	left	1	24	15.219	1577
1	31	4	40	10	right	left	0	19	15.176	1252
1	32	4	40	10	left	left	1	15	16.251	923
1	33	4	40	10	left	left	1	30	15.52	1933
1	34	4	40	10	right	left	0	19	15.51	1225
1	35	4	40	10	right	right	1	14	15.927	879
1	36	4	40	10	right	right	1	28	15.556	1800
1	37	4	40	10	left	left	1	18	15.845	1136
1	38	4	40	10	left	left	1	24	15.085	1591
1	39	4	40	10	right	left	0	17	15.26	1114
1	40	4	40	10	left	left	1	13	15.682	829
2	1	4	40	10	left	left	1	54	15.315	3526
2	2	4	40	10	right	right	1	28	15.461	1811
2	3	4	40	10	left	left	1	37	15.442	2396
2	4	4	40	10	right	right	1	26	15.672	1659
2	5	4	40	10	right	right	1	36	15.306	2352
2	6	4	40	10	left	left	1	42	15.312	2743
2	7	4	40	10	right	left	0	31	15.508	1999
2	8	4	40	10	right	right	1	19	15.41	1233
2	9	4	40	10	right	right	1	46	15.272	3012
2	10	4	40	10	left	left	1	29	15.336	1891
2	11	4	40	10	right	right	1	26	15.285	1701
2	12	4	40	10	right	left	0	35	15.284	2290
2	13	4	40	10	left	left	1	20	15.773	1268
2	14	4	40	10	right	right	1	18	15.319	1175
2	15	4	40	10	left	left	1	17	15.873	1071
2	16	4	40	10	right	right	1	14	15.267	917
2	17	4	40	10	left	left	1	11	15.493	710
2	18	4	40	10	left	right	0	10	15.773	634
2	19	4	40	10	right	right	1	13	15.152	858
2	20	4	40	10	right	right	1	17	15.829	1074
2	21	4	40	10	right	right	1	14	15.487	904
2	22	4	40	10	left	left	1	15	16.146	929
2	23	4	40	10	left	left	1	20	15.785	1267
2	24	4	40	10	left	left	1	13	15.366	846
2	25	4	40	10	right	right	1	22	15.737	1398
2	26	4	40	10	left	left	1	11	15.027	732
2	27	4	40	10	left	left	1	24	15.296	1569
2	28	4	40	10	right	left	0	11	15.559	707
2	29	4	40	10	right	right	1	12	16.216	740
2	30	4	40	10	right	right	1	32	15.08	2122
2	31	4	40	10	right	right	1	13	15.294	850
2	32	4	40	10	left	left	1	15	15.091	994
2	33	4	40	10	left	left	1	74	14.688	5038
2	34	4	40	10	left	left	1	13	15.312	849
2	35	4	40	10	right	right	1	11	15.625	704
2	36	4	40	10	left	left	1	20	15.373	1301
2	37	4	40	10	left	left	1	15	16.287	921
2	38	4	40	10	left	left	1	13	15.294	850
2	39	4	40	10	right	right	1	13	15.738	826
2	40	4	40	10	left	left	1	22	15.515	1418
3	1	4	40	10	right	right	1	15	15.306	980
3	2	4	40	10	right	right	1	17	15.302	1111
3	3	4	40	10	left	left	1	14	16.092	870
3	4	4	40	10	right	right	1	11	15.647	703
3	5	4	40	10	left	left	1	11	15.737	699
3	6	4	40	10	left	left	1	40	15.25	2623
3	7	4	40	10	right	right	1	19	15.46	1229
3	8	4	40	10	left	left	1	31	15.454	2006
3	9	4	40	10	right	right	1	30	15.337	1956
3	10	4	40	10	left	left	1	23	15.052	1528
3	11	4	40	10	left	left	1	21	15.51	1354
3	12	4	40	10	left	left	1	20	15.649	1278
3	13	4	40	10	right	right	1	22	15.526	1417
3	14	4	40	10	right	right	1	40	15.391	2599
3	15	4	40	10	right	right	1	40	15.51	2579
3	16	4	40	10	right	right	1	19	15.127	1256
3	17	4	40	10	left	left	1	25	15.152	1650
3	18	4	40	10	right	right	1	15	16.181	927
3	19	4	40	10	left	left	1	23	15.043	1529
3	20	4	40	10	left	right	0	28	15.538	1802
3	21	4	40	10	left	left	1	25	15.48	1615
3	22	4	40	10	right	right	1	19	15.091	1259
3	23	4	40	10	left	left	1	15	15.291	981
3	24	4	40	10	right	right	1	22	15.805	1392
3	25	4	40	10	right	right	1	19	15.347	1238
3	26	4	40	10	left	right	0	15	15.121	992
3	27	4	40	10	left	left	1	32	15.385	2080
3	28	4	40	10	left	left	1	31	15.625	1984
3	29	4	40	10	left	left	1	24	15.414	1557
3	30	4	40	10	right	right	1	23	15.303	1503
3	31	4	40	10	left	left	1	33	15.392	2144
3	32	4	40	10	right	right	1	23	15.122	1521
3	33	4	40	10	left	left	1	29	15.401	1883
3	34	4	40	10	right	right	1	48	15.444	3108
3	35	4	40	10	right	right	1	24	15.404	1558
3	36	4	40	10	left	left	1	28	15.419	1816
3	37	4	40	10	left	left	1	20	15.42	1297
3	38	4	40	10	right	left	0	46	15.431	2981
3	39	4	40	10	right	right	1	20	15.723	1272
3	40	4	40	10	right	right	1	16	15.34	1043
4	1	4	40	10	right	right	1	38	15.218	2497
4	2	4	40	10	right	right	1	17	15.918	1068
4	3	4	40	10	right	right	1	15	15.48	969
4	4	4	40	10	right	right	1	15	15.432	972
4	5	4	40	10	left	left	1	20	15.637	1279
4	6	4	40	10	right	left	0	15	15.337	978
4	7	4	40	10	right	right	1	12	16.086	746
4	8	4	40	10	right	right	1	13	15.33	848
4	9	4	40	10	left	left	1	17	15.977	1064
4	10	4	40	10	left	left	1	24	15.821	1517
4	11	4	40	10	right	left	0	17	15.315	1110
4	12	4	40	10	left	left	1	19	15.51	1225
4	13	4	40	10	right	left	0	15	15.213	986
4	14	4	40	10	left	left	1	24	15.831	1516
4	15	4	40	10	right	right	1	32	15.648	2045
4	16	4	40	10	right	right	1	19	15.385	1235
4	17	4	40	10	right	right	1	28	15.512	1805
4	18	4	40	10	left	left	1	33	15.242	2165
4	19	4	40	10	left	left	1	28	15.226	1839
4	20	4	40	10	right	right	1	30	15.182	1976
4	21	4	40	10	left	left	1	20	15.373	1301
4	22	4	40	10	right	right	1	19	15.728	1208
4	23	4	40	10	left	left	1	15	15.48	969
4	24	4	40	10	left	left	1	21	15.13	1388
4	25	4	40	10	left	left	1	14	15.73	890
4	26	4	40	10	left	right	0	42	15.239	2756
4	27	4	40	10	right	right	1	21	15.251	1377
4	28	4	40	10	right	right	1	18	15.228	1182
4	29	4	40	10	left	left	1	26	15.495	1678
4	30	4	40	10	left	left	1	20	15.385	1300
4	31	4	40	10	right	left	0	18	15.873	1134
4	32	4	40	10	left	left	1	30	15.228	1970
4	33	4	40	10	left	right	0	23	15.808	1455
4	34	4	40	10	left	right	0	23	15.092	1524
4	35	4	40	10	right	left	0	26	15.458	1682
4	36	4	40	10	right	left	0	15	15.957	940
4	37	4	40	10	left	left	1	11	15.737	699
4	38	4	40	10	left	left	1	16	15.166	1055
4	39	4	40	10	right	right	1	18	15.358	1172
4	40	4	40	10	left	left	1	15	16.077	933
5	1	4	40	10	left	left	1	63	15.144	4160
5	2	4	40	10	left	left	1	42	15.195	2764
5	3	4	40	10	left	left	1	75	15.204	4933
5	4	4	40	10	right	right	1	14	15.385	910
5	5	4	40	10	right	right	1	39	15.385	2535
5	6	4	40	10	left	right	0	15	15.337	978
5	7	4	40	10	left	left	1	12	15.915	754
5	8	4	40	10	left	left	1	12	15.152	792
5	9	4	40	10	right	right	1	13	15.366	846
5	10	4	40	10	left	left	1	11	15.152	726
5	11	4	40	10	right	right	1	10	16.584	603
5	12	4	40	10	left	left	1	8	15.717	509
5	13	4	40	10	left	right	0	11	15.537	708
5	14	4	40	10	left	right	0	10	16.313	613
5	15	4	40	10	left	left	1	14	15.419	908
5	16	4	40	10	left	left	1	11	15.692	701
5	17	4	40	10	left	left	1	16	15.857	1009
5	18	4	40	10	right	left	0	12	15.524	773
5	19	4	40	10	left	left	1	14	15.217	920
5	20	4	40	10	right	right	1	16	15.968	1002
5	21	4	40	10	left	right	0	18	15.437	1166
5	22	4	40	10	left	right	0	17	15.697	1083
5	23	4	40	10	right	right	1	55	15.152	3630
5	24	4	40	10	right	right	1	11	15.027	732
5	25	4	40	10	left	right	0	14	15.47	905
5	26	4	40	10	right	right	1	10	15.267	655
5	27	4	40	10	right	right	1	12	15.564	771
5	28	4	40	10	left	left	1	20	15.432	1296
5	29	4	40	10	right	right	1	13	15.403	844
5	30	4	40	10	right	right	1	18	15.254	1180
5	31	4	40	10	right	right	1	24	15.666	1532
5	32	4	40	10	left	left	1	20	15.552	1286
5	33	4	40	10	right	right	1	19	15.41	1233
5	34	4	40	10	right	left	0	23	15.344	1499
5	35	4	40	10	right	right	1	23	15.293	1504
5	36	4	40	10	right	right	1	12	15.287	785
5	37	4	40	10	left	left	1	14	15.766	888
5	38	4	40	10	right	right	1	18	15.19	1185
5	39	4	40	10	right	right	1	17	15.385	1105
5	40	4	40	10	right	right	1	19	15.139	1255
6	1	4	40	10	right	left	0	17	15.525	1095
6	2	4	40	10	right	right	1	17	15.582	1091
6	3	4	40	10	right	right	1	25	15.17	1648
6	4	4	40	10	right	right	1	15	15.674	957
6	5	4	40	10	left	left	1	19	15.422	1232
6	6	4	40	10	left	left	1	19	15.523	1224
6	7	4	40	10	left	left	1	19	15.41	1233
6	8	4	40	10	left	left	1	13	15.569	835
6	9	4	40	10	left	left	1	13	15.719	827
6	10	4	40	10	left	left	1	14	15.73	890
6	11	4	40	10	left	left	1	15	15.322	979
6	12	4	40	10	right	right	1	25	15.404	1623
6	13	4	40	10	right	right	1	21	15.141	1387
6	14	4	40	10	right	right	1	17	15.179	1120
6	15	4	40	10	right	right	1	27	15.211	1775
6	16	4	40	10	right	left	0	14	15.801	886
6	17	4	40	10	left	left	1	12	15.873	756
6	18	4	40	10	right	right	1	24	15.132	1586
6	19	4	40	10	right	right	1	24	15.494	1549
6	20	4	40	10	right	right	1	18	15.639	1151
6	21	4	40	10	right	left	0	14	16.073	871
6	22	4	40	10	left	left	1	17	15.343	1108
6	23	4	40	10	left	left	1	14	16.148	867
6	24	4	40	10	left	left	1	19	15.385	1235
6	25	4	40	10	left	right	0	25	15.124	1653
6	26	4	40	10	right	right	1	15	15.4	974
6	27	4	40	10	right	right	1	14	15.334	913
6	28	4	40	10	left	left	1	14	15.301	915
6	29	4	40	10	left	left	1	11	15.172	725
6	30	4	40	10	left	left	1	12	15.584	770
6	31	4	40	10	right	right	1	13	15.366	846
6	32	4	40	10	right	left	0	11	16.616	662
6	33	4	40	10	left	left	1	10	15.674	638
6	34	4	40	10	left	left	1	11	15.257	721
6	35	4	40	10	left	left	1	11	16.224	678
6	36	4	40	10	right	right	1	11	15.428	713
6	37	4	40	10	left	left	1	22	15.737	1398
6	38	4	40	10	right	left	0	19	15.993	1188
6	39	4	40	10	right	right	1	15	16.146	929
6	40	4	40	10	left	left	1	14	15.301	915
7	1	4	40	10	left	left	1	13	15.682	829
7	2	4	40	10	left	left	1	14	15.891	881
7	3	4	40	10	right	left	0	11	15.581	706
7	4	4	40	10	right	right	1	12	16.064	747
7	5	4	40	10	right	right	1	11	15.625	704
7	6	4	40	10	right	right	1	19	15.176	1252
7	7	4	40	10	right	right	1	11	16.2	679
7	8	4	40	10	left	left	1	18	15.707	1146
7	9	4	40	10	left	left	1	11	15.235	722
7	10	4	40	10	right	right	1	17	15.525	1095
7	11	4	40	10	right	right	1	15	15.167	989
7	12	4	40	10	left	left	1	21	15.521	1353
7	13	4	40	10	right	right	1	15	15.658	958
7	14	4	40	10	right	left	0	11	15.827	695
7	15	4	40	10	left	left	1	17	15.179	1120
7	16	4	40	10	right	left	0	25	15.179	1647
7	17	4	40	10	left	left	1	32	15.564	2056
7	18	4	40	10	right	right	1	17	15.525	1095
7	19	4	40	10	right	right	1	15	15.275	982
7	20	4	40	10	right	right	1	32	15.209	2104
7	21	4	40	10	left	left	1	13	16.069	809
7	22	4	40	10	left	left	1	18	15.424	1167
7	23	4	40	10	left	left	1	16	15.889	1007
7	24	4	40	10	left	left	1	15	15.576	963
7	25	4	40	10	left	left	1	18	15.437	1166
7	26	4	40	10	left	right	0	13	15.366	846
7	27	4	40	10	left	left	1	12	15.894	755
7	28	4	40	10	left	left	1	17	15.385	1105
7	29	4	40	10	left	left	1	20	15.637	1279
7	30	4	40	10	right	left	0	27	15.323	1762
7	31	4	40	10	right	left	0	17	15.539	1094
7	32	4	40	10	right	left	0	16	15.253	1049
7	33	4	40	10	right	right	1	16	15.702	1019
7	34	4	40	10	right	right	1	14	16.073	871
7	35	4	40	10	right	right	1	19	15.323	1240
7	36	4	40	10	left	right	0	17	15.829	1074
7	37	4	40	10	left	left	1	17	15.568	1092
7	38	4	40	10	right	right	1	19	15.298	1242
7	39	4	40	10	left	left	1	20	15.198	1316
7	40	4	40	10	left	right	0	17	15.858	1072
8	1	4	40	10	right	right	1	15	15.856	946
8	2	4	40	10	right	right	1	14	15.964	877
8	3	4	40	10	left	left	1	18	15.873	1134
8	4	4	40	10	left	left	1	12	15.365	781
8	5	4	40	10	right	right	1	22	15.681	1403
8	6	4	40	10	left	left	1	18	15.293	1177
8	7	4	40	10	left	left	1	11	15.235	722
8	8	4	40	10	left	left	1	13	15.348	847
8	9	4	40	10	right	right	1	14	16.073	871
8	10	4	40	10	left	left	1	13	15.644	831
8	11	4	40	10	right	right	1	12	16.151	743
8	12	4	40	10	right	right	1	16	15.209	1052
8	13	4	40	10	left	left	1	16	15.253	1049
8	14	4	40	10	left	right	0	20	15.748	1270
8	15	4	40	10	left	left	1	13	15.663	830
8	16	4	40	10	right	right	1	16	15.296	1046
8	17	4	40	10	left	left	1	29	15.344	1890
8	18	4	40	10	left	right	0	23	15.732	1462
8	19	4	40	10	right	right	1	13	16.069	809
8	20	4	40	10	right	right	1	13	15.931	816
8	21	4	40	10	left	right	0	15	15.385	975
8	22	4	40	10	left	left	1	31	15.204	2039
8	23	4	40	10	left	left	1	19	15.755	1206
8	24	4	40	10	right	left	0	13	15.348	847
8	25	4	40	10	right	right	1	13	15.854	820
8	26	4	40	10	left	left	1	15	16.251	923
8	27	4	40	10	right	left	0	19	15.664	1213
8	28	4	40	10	right	left	0	15	15.075	995
8	29	4	40	10	right	right	1	18	15.584	1155
8	30	4	40	10	right	right	1	13	15.873	819
8	31	4	40	10	right	right	1	16	15.842	1010
8	32	4	40	10	left	right	0	18	15.228	1182
8	33	4	40	10	left	right	0	21	15.407	1363
8	34	4	40	10	left	right	0	23	15.242	1509
8	35	4	40	10	right	left	0	11	15.737	699
8	36	4	40	10	right	right	1	19	15.176	1252
8	37	4	40	10	right	right	1	19	15.651	1214
8	38	4	40	10	left	left	1	13	15.644	831
8	39	4	40	10	left	right	0	10	15.649	639
8	40	4	40	10	right	right	1	23	15.478	1486
9	1	4	40	10	left	left	1	28	15.242	1837
9	2	4	40	10	right	right	1	16	15.905	1006
9	3	4	40	10	right	left	0	29	15.336	1891
9	4	4	40	10	right	right	1	14	15.73	890
9	5	4	40	10	left	left	1	16	15.717	1018
9	6	4	40	10	right	right	1	14	15.504	903
9	7	4	40	10	left	left	1	13	15.644	831
9	8	4	40	10	left	left	1	16	16.016	999
9	9	4	40	10	left	left	1	19	15.385	1235
9	10	4	40	10	left	left	1	17	15.329	1109
9	11	4	40	10	left	left	1	16	15.686	1020
9	12	4	40	10	left	left	1	22	15.278	1440
9	13	4	40	10	right	right	1	17	15.525	1095
9	14	4	40	10	right	right	1	27	15.707	1719
9	15	4	40	10	left	left	1	17	15.568	1092
9	16	4	40	10	right	left	0	21	15.695	1338
9	17	4	40	10	left	left	1	14	15.284	916
9	18	4	40	10	right	right	1	25	15.654	1597
9	19	4	40	10	right	right	1	16	15.984	1001
9	20	4	40	10	left	left	1	32	15.474	2068
9	21	4	40	10	right	right	1	27	15.246	1771
9	22	4	40	10	right	right	1	17	15.247	1115
9	23	4	40	10	right	right	1	19	15.926	1193
9	24	4	40	10	right	left	0	18	15.28	1178
9	25	4	40	10	left	left	1	29	15.368	1887
9	26	4	40	10	right	right	1	28	15.608	1794
9	27	4	40	10	left	left	1	20	15.601	1282
9	28	4	40	10	right	right	1	20	15.662	1277
9	29	4	40	10	left	left	1	16	15.267	1048
9	30	4	40	10	left	right	0	25	15.124	1653
9	31	4	40	10	left	left	1	17	15.302	1111
9	32	4	40	10	right	right	1	27	15.358	1758
9	33	4	40	10	left	left	1	12	15.365	781
9	34	4	40	10	left	left	1	14	16.129	868
9	35	4	40	10	left	left	1	15	15.957	940
9	36	4	40	10	right	right	1	16	15.905	1006
9	37	4	40	10	right	left	0	16	15.238	1050
9	38	4	40	10	right	right	1	19	15.98	1189
9	39	4	40	10	right	left	0	13	16.291	798
9	40	4	40	10	left	right	0	23	15.786	1457
10	1	4	40	10	left	left	1	13	15.7	828
10	2	4	40	10	left	left	1	24	15.199	1579
10	3	4	40	10	right	left	0	15	15.152	990
10	4	4	40	10	right	right	1	15	16.06	934
10	5	4	40	10	left	left	1	16	15.625	1024
10	6	4	40	10	left	left	1	11	15.027	732
10	7	4	40	10	left	left	1	16	15.61	1025
10	8	4	40	10	left	left	1	20	15.279	1309
10	9	4	40	10	left	left	1	13	15.458	841
10	10	4	40	10	right	left	0	15	15.873	945
10	11	4	40	10	left	left	1	13	16.089	808
10	12	4	40	10	left	left	1	26	15.412	1687
10	13	4	40	10	left	left	1	18	16.014	1124
10	14	4	40	10	right	right	1	19	15.079	1260
10	15	4	40	10	left	right	0	36	15.216	2366
10	16	4	40	10	left	left	1	23	15.7	1465
10	17	4	40	10	left	left	1	24	15.779	1521
10	18	4	40	10	right	right	1	17	15.371	1106
10	19	4	40	10	left	right	0	46	15.333	3000
10	20	4	40	10	right	right	1	25	15.432	1620
10	21	4	40	10	right	right	1	23	15.625	1472
10	22	4	40	10	right	right	1	14	15.927	879
10	23	4	40	10	left	left	1	18	15.411	1168
10	24	4	40	10	right	right	1	20	15.244	1312
10	25	4	40	10	right	right	1	17	15.455	1100
10	26	4	40	10	right	right	1	14	15.73	890
10	27	4	40	10	left	right	0	38	15.354	2475
10	28	4	40	10	right	right	1	15	15.198	987
10	29	4	40	10	left	right	0	13	15.222	854
10	30	4	40	10	left	left	1	19	15.807	1202
10	31	4	40	10	right	right	1	13	16.169	804
10	32	4	40	10	left	left	1	21	15.789	1330
10	33	4	40	10	right	right	1	14	15.368	911
10	34	4	40	10	right	right	1	21	15.533	1352
10	35	4	40	10	right	right	1	23	15.743	1461
10	36	4	40	10	right	right	1	17	15.785	1077
10	37	4	40	10	left	right	0	36	15.082	2387
10	38	4	40	10	right	right	1	11	15.827	695
10	39	4	40	10	right	right	1	17	15.814	1075
10	40	4	40	10	right	right	1	18	15.845	1136
11	1	4	40	10	right	right	1	47	15.255	3081
11	2	4	40	10	right	left	0	55	15.168	3626
11	3	4	40	10	right	right	1	16	15.18	1054
11	4	4	40	10	left	left	1	25	15.291	1635
11	5	4	40	10	right	right	1	30	15.568	1927
11	6	4	40	10	right	right	1	12	15.267	786
11	7	4	40	10	left	left	1	13	15.312	849
11	8	4	40	10	left	left	1	20	15.42	1297
11	9	4	40	10	left	left	1	13	15.7	828
11	10	4	40	10	right	right	1	20	15.117	1323
11	11	4	40	10	right	right	1	17	15.302	1111
11	12	4	40	10	left	left	1	12	15.831	758
11	13	4	40	10	right	right	1	12	15.228	788
11	14	4	40	10	left	left	1	16	15.717	1018
11	15	4	40	10	right	right	1	12	16.151	743
11	16	4	40	10	left	left	1	15	15.306	980
11	17	4	40	10	right	right	1	15	15.641	959
11	18	4	40	10	right	right	1	19	15.702	1210
11	19	4	40	10	left	left	1	24	15.355	1563
11	20	4	40	10	left	left	1	22	15.581	1412
11	21	4	40	10	right	right	1	19	15.286	1243
11	22	4	40	10	left	left	1	22	15.482	1421
11	23	4	40	10	right	right	1	14	15.982	876
11	24	4	40	10	right	right	1	14	16.129	868
11	25	4	40	10	right	right	1	14	16.11	869
11	26	4	40	10	left	left	1	15	15.291	981
11	27	4	40	10	left	left	1	14	15.909	880
11	28	4	40	10	left	left	1	13	15.912	817
11	29	4	40	10	right	right	1	19	15.323	1240
11	30	4	40	10	left	left	1	15	16.251	923
11	31	4	40	10	right	right	1	16	15.429	1037
11	32	4	40	10	left	left	1	19	15.41	1233
11	33	4	40	10	right	right	1	18	16.014	1124
11	34	4	40	10	left	left	1	15	15.322	979
11	35	4	40	10	left	left	1	24	15.574	1541
11	36	4	40	10	left	left	1	31	15.204	2039
11	37	4	40	10	left	left	1	35	15.317	2285
11	38	4	40	10	left	right	0	19	15.2	1250
11	39	4	40	10	right	right	1	31	15.301	2026
11	40	4	40	10	right	right	1	22	15.193	1448
12	1	4	40	10	right	right	1	15	15.152	990
12	2	4	40	10	right	right	1	15	15.991	938
12	3	4	40	10	left	left	1	15	15.06	996
12	4	4	40	10	right	left	0	15	15.625	960
12	5	4	40	10	left	left	1	16	15.267	1048
12	6	4	40	10	left	left	1	14	15.267	917
12	7	4	40	10	left	left	1	18	15.873	1134
12	8	4	40	10	left	left	1	15	15.03	998
12	9	4	40	10	left	left	1	18	15.929	1130
12	10	4	40	10	right	left	0	21	15.613	1345
12	11	4	40	10	right	left	0	15	16.112	931
12	12	4	40	10	left	right	0	31	15.248	2033
12	13	4	40	10	right	right	1	13	15.24	853
12	14	4	40	10	right	right	1	17	15.329	1109
12	15	4	40	10	right	right	1	15	15.974	939
12	16	4	40	10	left	left	1	16	15.18	1054
12	17	4	40	10	left	left	1	17	15.582	1091
12	18	4	40	10	right	right	1	20	15.326	1305
12	19	4	40	10	right	right	1	28	15.376	1821
12	20	4	40	10	left	left	1	15	15.152	990
12	21	4	40	10	left	left	1	26	15.178	1713
12	22	4	40	10	left	left	1	18	15.424	1167
12	23	4	40	10	left	left	1	20	15.349	1303
12	24	4	40	10	right	right	1	14	16.148	867
12	25	4	40	10	right	right	1	21	15.328	1370
12	26	4	40	10	left	right	0	15	15.756	952
12	27	4	40	10	right	right	1	11	15.299	719
12	28	4	40	10	left	left	1	15	15.69	956
12	29	4	40	10	right	right	1	15	15.907	943
12	30	4	40	10	right	right	1	15	16.146	929
12	31	4	40	10	right	right	1	13	15.719	827
12	32	4	40	10	left	left	1	28	15.127	1851
12	33	4	40	10	right	right	1	28	15.722	1781
12	34	4	40	10	left	left	1	23	15.657	1469
12	35	4	40	10	left	left	1	17	15.568	1092
12	36	4	40	10	right	right	1	45	15.146	2971
12	37	4	40	10	right	right	1	26	15.249	1705
12	38	4	40	10	right	right	1	13	15.495	839
12	39	4	40	10	left	right	0	17	15.992	1063
12	40	4	40	10	left	left	1	33	15.214	2169
13	1	4	40	10	right	right	1	26	15.7	1656
13	2	4	40	10	right	right	1	12	15.19	790
13	3	4	40	10	left	left	1	15	15.69	956
13	4	4	40	10	left	left	1	22	15.559	1414
13	5	4	40	10	right	right	1	14	15.419	908
13	6	4	40	10	right	right	1	14	15.385	910
13	7	4	40	10	right	right	1	10	15.649	639
13	8	4	40	10	left	left	1	15	16.129	930
13	9	4	40	10	left	left	1	13	16.01	812
13	10	4	40	10	right	right	1	16	15.826	1011
13	11	4	40	10	right	right	1	22	15.288	1439
13	12	4	40	10	left	left	1	14	15.385	910
13	13	4	40	10	left	left	1	13	15.644	831
13	14	4	40	10	right	right	1	27	15.491	1743
13	15	4	40	10	right	right	1	15	15.045	997
13	16	4	40	10	left	left	1	14	15.73	890
13	17	4	40	10	right	right	1	13	15.276	851
13	18	4	40	10	left	left	1	12	15.094	795
13	19	4	40	10	right	right	1	13	15.458	841
13	20	4	40	10	right	right	1	28	15.478	1809
13	21	4	40	10	right	right	1	14	16.185	865
13	22	4	40	10	right	right	1	21	15.602	1346
13	23	4	40	10	right	right	1	26	15.421	1686
13	24	4	40	10	left	right	0	25	15.133	1652
13	25	4	40	10	right	right	1	22	15.395	1429
13	26	4	40	10	right	right	1	14	15.695	892
13	27	4	40	10	left	left	1	19	15.561	1221
13	28	4	40	10	left	left	1	21	15.567	1349
13	29	4	40	10	left	left	1	18	15.817	1138
13	30	4	40	10	left	left	1	27	15.616	1729
13	31	4	40	10	left	left	1	26	15.56	1671
13	32	4	40	10	left	left	1	24	15.414	1557
13	33	4	40	10	right	left	0	19	15.755	1206
13	34	4	40	10	left	right	0	28	15.251	1836
13	35	4	40	10	left	right	0	28	15.201	1842
13	36	4	40	10	left	left	1	43	15.44	2785
13	37	4	40	10	right	right	1	19	15.807	1202
13	38	4	40	10	left	right	0	29	15.525	1868
13	39	4	40	10	right	right	1	15	15.337	978
13	40	4	40	10	left	left	1	35	15.528	2254
14	1	4	40	10	right	right	1	26	15.616	1665
14	2	4	40	10	left	left	1	14	15.267	917
14	3	4	40	10	left	left	1	15	15.152	990
14	4	4	40	10	left	left	1	13	15.134	859
14	5	4	40	10	right	right	1	19	15.913	1194
14	6	4	40	10	left	left	1	17	15.469	1099
14	7	4	40	10	left	left	1	14	15.608	897
14	8	4	40	10	left	left	1	15	15.576	963
14	9	4	40	10	left	left	1	17	15.903	1069
14	10	4	40	10	left	left	1	14	15.436	907
14	11	4	40	10	left	left	1	14	16.11	869
14	12	4	40	10	left	left	1	13	15.682	829
14	13	4	40	10	right	left	0	14	15.402	909
14	14	4	40	10	right	left	0	26	15.16	1715
14	15	4	40	10	right	right	1	27	15.289	1766
14	16	4	40	10	left	left	1	20	15.094	1325
14	17	4	40	10	right	right	1	16	15.37	1041
14	18	4	40	10	left	left	1	21	15.284	1374
14	19	4	40	10	left	left	1	17	15.697	1083
14	20	4	40	10	right	right	1	22	15.726	1399
14	21	4	40	10	left	left	1	15	15.385	975
14	22	4	40	10	left	left	1	33	15.421	2140
14	23	4	40	10	left	left	1	13	15.385	845
14	24	4	40	10	right	left	0	19	15.164	1253
14	25	4	40	10	right	right	1	17	15.799	1076
14	26	4	40	10	left	left	1	27	15.464	1746
14	27	4	40	10	left	left	1	47	15.375	3057
14	28	4	40	10	right	right	1	25	15.615	1601
14	29	4	40	10	right	left	0	28	15.521	1804
14	30	4	40	10	right	right	1	14	15.334	913
14	31	4	40	10	right	right	1	18	15.477	1163
14	32	4	40	10	right	right	1	17	15.483	1098
14	33	4	40	10	right	right	1	16	15.61	1025
14	34	4	40	10	left	left	1	18	15.241	1181
14	35	4	40	10	right	left	0	19	15.86	1198
14	36	4	40	10	right	right	1	23	15.344	1499
14	37	4	40	10	right	right	1	18	15.358	1172
14	38	4	40	10	left	right	0	35	15.165	2308
14	39	4	40	10	right	right	1	19	15.335	1239
14	40	4	40	10	right	right	1	12	15.444	777
15	1	4	40	10	left	left	1	24	15.228	1576
15	2	4	40	10	right	right	1	17	15.138	1123
15	3	4	40	10	left	left	1	17	15.152	1122
15	4	4	40	10	left	left	1	24	15.534	1545
15	5	4	40	10	left	left	1	12	16.086	746
15	6	4	40	10	right	left	0	13	15.951	815
15	7	4	40	10	right	right	1	21	15.498	1355
15	8	4	40	10	left	left	1	18	15.625	1152
15	9	4	40	10	right	right	1	12	15.81	759
15	10	4	40	10	left	right	0	14	15.819	885
15	11	4	40	10	left	right	0	12	15.094	795
15	12	4	40	10	right	right	1	14	15.66	894
15	13	4	40	10	left	left	1	17	15.977	1064
15	14	4	40	10	left	left	1	20	15.564	1285
15	15	4	40	10	right	right	1	19	15.94	1192
15	16	4	40	10	left	right	0	16	15.733	1017
15	17	4	40	10	left	left	1	24	15.287	1570
15	18	4	40	10	right	right	1	17	15.785	1077
15	19	4	40	10	right	left	0	15	15.448	971
15	20	4	40	10	right	right	1	16	15.109	1059
15	21	4	40	10	right	right	1	15	15.89	944
15	22	4	40	10	right	right	1	11	15.068	730
15	23	4	40	10	right	right	1	12	15.484	775
15	24	4	40	10	right	right	1	11	15.172	725
15	25	4	40	10	left	right	0	19	15.498	1226
15	26	4	40	10	right	right	1	13	15.931	816
15	27	4	40	10	left	left	1	15	15.89	944
15	28	4	40	10	left	left	1	23	15.436	1490
15	29	4	40	10	right	right	1	15	15.856	946
15	30	4	40	10	right	left	0	19	16.007	1187
15	31	4	40	10	left	right	0	16	15.857	1009
15	32	4	40	10	left	left	1	25	15.451	1618
15	33	4	40	10	right	left	0	20	15.083	1326
15	34	4	40	10	left	left	1	14	15.784	887
15	35	4	40	10	right	right	1	20	15.625	1280
15	36	4	40	10	right	right	1	26	15.522	1675
15	37	4	40	10	left	left	1	31	15.625	1984
15	38	4	40	10	left	left	1	22	15.31	1437
15	39	4	40	10	right	left	0	35	15.324	2284
15	40	4	40	10	left	left	1	12	15.852	757
16	1	4	40	10	left	right	0	34	15.315	2220
16	2	4	40	10	left	left	1	22	15.406	1428
16	3	4	40	10	right	right	1	24	15.355	1563
16	4	4	40	10	left	left	1	19	15.46	1229
16	5	4	40	10	right	right	1	20	15.736	1271
16	6	4	40	10	left	left	1	21	15.34	1369
16	7	4	40	10	right	right	1	13	15.513	838
16	8	4	40	10	right	right	1	13	16.149	805
16	9	4	40	10	left	left	1	18	15.557	1157
16	10	4	40	10	left	right	0	38	15.397	2468
16	11	4	40	10	right	right	1	34	15.497	2194
16	12	4	40	10	left	left	1	28	15.582	1797
16	13	4	40	10	right	right	1	22	15.225	1445
16	14	4	40	10	right	right	1	17	15.554	1093
16	15	4	40	10	left	right	0	25	15.674	1595
16	16	4	40	10	right	right	1	38	15.453	2459
16	17	4	40	10	right	right	1	23	15.583	1476
16	18	4	40	10	right	right	1	14	15.982	876
16	19	4	40	10	right	right	1	11	15.692	701
16	20	4	40	10	right	right	1	13	15.606	833
16	21	4	40	10	right	right	1	13	15.187	856
16	22	4	40	10	right	right	1	29	15.36	1888
16	23	4	40	10	right	right	1	14	16	875
16	24	4	40	10	left	left	1	16	15.326	1044
16	25	4	40	10	right	right	1	16	16	1000
16	26	4	40	10	left	left	1	28	15.385	1820
16	27	4	40	10	left	left	1	19	15.561	1221
16	28	4	40	10	left	left	1	24	15.474	1551
16	29	4	40	10	right	left	0	32	15.318	2089
16	30	4	40	10	left	left	1	14	15.284	916
16	31	4	40	10	right	left	0	16	15.905	1006
16	32	4	40	10	left	left	1	13	15.951	815
16	33	4	40	10	left	left	1	14	16.092	870
16	34	4	40	10	right	right	1	21	15.464	1358
16	35	4	40	10	right	right	1	24	15.113	1588
16	36	4	40	10	left	left	1	20	15.637	1279
16	37	4	40	10	left	left	1	12	15.748	762
16	38	4	40	10	left	left	1	20	15.54	1287
16	39	4	40	10	left	left	1	12	15.584	770
16	40	4	40	10	left	left	1	7	15.625	448
17	1	4	40	10	right	right	1	21	15.602	1346
17	2	4	40	10	right	right	1	19	15.536	1223
17	3	4	40	10	right	right	1	17	15.977	1064
17	4	4	40	10	left	left	1	20	15.083	1326
17	5	4	40	10	right	right	1	24	15.209	1578
17	6	4	40	10	right	right	1	17	15.554	1093
17	7	4	40	10	left	left	1	13	15.569	835
17	8	4	40	10	right	right	1	14	16.148	867
17	9	4	40	10	left	left	1	11	16.492	667
17	10	4	40	10	right	right	1	11	16.224	678
17	11	4	40	10	right	right	1	14	15.59	898
17	12	4	40	10	left	left	1	11	15.919	691
17	13	4	40	10	right	right	1	12	15.645	767
17	14	4	40	10	left	left	1	9	15.28	589
17	15	4	40	10	right	right	1	12	15.19	790
17	16	4	40	10	left	left	1	12	15.544	772
17	17	4	40	10	right	right	1	11	15.559	707
17	18	4	40	10	right	right	1	19	15.335	1239
17	19	4	40	10	right	right	1	17	15.962	1065
17	20	4	40	10	left	left	1	13	15.682	829
17	21	4	40	10	left	right	0	17	16.008	1062
17	22	4	40	10	left	left	1	17	15.413	1103
17	23	4	40	10	left	left	1	15	15.275	982
17	24	4	40	10	right	right	1	22	15.703	1401
17	25	4	40	10	left	left	1	19	15.847	1199
17	26	4	40	10	right	right	1	12	15.957	752
17	27	4	40	10	left	left	1	27	15.58	1733
17	28	4	40	10	right	left	0	15	16.234	924
17	29	4	40	10	right	right	1	25	15.596	1603
17	30	4	40	10	right	left	0	19	15.055	1262
17	31	4	40	10	left	right	0	19	15.164	1253
17	32	4	40	10	left	left	1	25	15.432	1620
17	33	4	40	10	left	left	1	24	15.228	1576
17	34	4	40	10	left	left	1	23	15.262	1507
17	35	4	40	10	left	left	1	14	15.982	876
17	36	4	40	10	right	left	0	23	15.668	1468
17	37	4	40	10	left	right	0	18	15.398	1169
17	38	4	40	10	left	left	1	27	15.289	1766
17	39	4	40	10	right	right	1	16	15.296	1046
17	40	4	40	10	left	left	1	27	15.385	1755
18	1	4	40	10	left	right	0	18	15.584	1155
18	2	4	40	10	right	left	0	12	16.129	744
18	3	4	40	10	right	left	0	20	15.129	1322
18	4	4	40	10	right	right	1	21	15.317	1371
18	5	4	40	10	left	left	1	17	15.858	1072
18	6	4	40	10	right	right	1	14	15.801	886
18	7	4	40	10	right	right	1	12	16.304	736
18	8	4	40	10	left	left	1	13	16.01	812
18	9	4	40	10	right	right	1	11	15.919	691
18	10	4	40	10	left	right	0	11	15.299	719
18	11	4	40	10	left	left	1	16	15.253	1049
18	12	4	40	10	left	left	1	22	15.385	1430
18	13	4	40	10	left	left	1	12	15.365	781
18	14	4	40	10	left	left	1	12	15.584	770
18	15	4	40	10	right	right	1	19	15.127	1256
18	16	4	40	10	right	right	1	11	15.581	706
18	17	4	40	10	right	right	1	12	15.326	783
18	18	4	40	10	left	right	0	16	15.549	1029
18	19	4	40	10	left	left	1	12	15.345	782
18	20	4	40	10	left	left	1	13	15.532	837
18	21	4	40	10	right	right	1	14	16.129	868
18	22	4	40	10	left	left	1	13	15.682	829
18	23	4	40	10	left	left	1	14	16.279	860
18	24	4	40	10	left	left	1	12	15.365	781
18	25	4	40	10	left	left	1	14	16	875
18	26	4	40	10	left	left	1	18	15.358	1172
18	27	4	40	10	left	right	0	12	15.544	772
18	28	4	40	10	right	right	1	15	15.907	943
18	29	4	40	10	right	right	1	12	16.086	746
18	30	4	40	10	left	left	1	12	16.151	743
18	31	4	40	10	right	right	1	12	15.385	780
18	32	4	40	10	right	right	1	25	15.528	1610
18	33	4	40	10	left	left	1	18	15.544	1158
18	34	4	40	10	right	right	1	14	16.092	870
18	35	4	40	10	right	right	1	26	15.71	1655
18	36	4	40	10	left	left	1	14	15.573	899
18	37	4	40	10	right	right	1	13	15.532	837
18	38	4	40	10	right	left	0	19	15.574	1220
18	39	4	40	10	right	right	1	11	15.737	699
18	40	4	40	10	right	left	0	15	15.773	951
19	1	4	40	10	right	right	1	20	15.564	1285
19	2	4	40	10	left	right	0	24	15.228	1576
19	3	4	40	10	right	right	1	18	15.306	1176
19	4	4	40	10	left	left	1	18	15.306	1176
19	5	4	40	10	left	left	1	19	15.115	1257
19	6	4	40	10	right	right	1	13	15.873	819
19	7	4	40	10	left	left	1	11	15.581	706
19	8	4	40	10	right	right	1	12	16.173	742
19	9	4	40	10	right	right	1	11	15.363	716
19	10	4	40	10	right	right	1	10	15.823	632
19	11	4	40	10	right	left	0	19	16.007	1187
19	12	4	40	10	left	right	0	10	15.823	632
19	13	4	40	10	left	left	1	11	16.369	672
19	14	4	40	10	left	left	1	53	15.358	3451
19	15	4	40	10	left	left	1	11	15.67	702
19	16	4	40	10	right	right	1	20	15.898	1258
19	17	4	40	10	right	left	0	24	15.821	1517
19	18	4	40	10	right	right	1	13	16.03	811
19	19	4	40	10	left	left	1	15	15.856	946
19	20	4	40	10	left	left	1	20	15.117	1323
19	21	4	40	10	left	left	1	22	15.636	1407
19	22	4	40	10	right	left	0	23	15.242	1509
19	23	4	40	10	right	right	1	17	15.138	1123
19	24	4	40	10	right	right	1	17	15.26	1114
19	25	4	40	10	left	left	1	43	15.308	2809
19	26	4	40	10	left	left	1	25	15.142	1651
19	27	4	40	10	right	tooFast	2	2	18.182	110
19	28	4	40	10	right	right	1	12	15.287	785
19	29	4	40	10	right	right	1	18	15.306	1176
19	30	4	40	10	left	left	1	24	15.306	1568
19	31	4	40	10	right	right	1	13	15.276	851
19	32	4	40	10	left	left	1	14	16.279	860
19	33	4	40	10	left	left	1	19	15.587	1219
19	34	4	40	10	left	left	1	13	15.24	853
19	35	4	40	10	left	left	1	22	15.395	1429
19	36	4	40	10	right	right	1	16	15.224	1051
19	37	4	40	10	left	left	1	17	15.497	1097
19	38	4	40	10	right	right	1	14	15.642	895
19	39	4	40	10	left	right	0	24	15.625	1536
19	40	4	40	10	right	left	0	13	15.971	814
20	1	4	40	10	left	left	1	13	16.189	803
20	2	4	40	10	left	left	1	11	15.235	722
20	3	4	40	10	right	right	1	26	15.634	1663
20	4	4	40	10	right	right	1	17	15.568	1092
20	5	4	40	10	right	right	1	19	15.913	1194
20	6	4	40	10	left	left	1	18	15.915	1131
20	7	4	40	10	left	left	1	13	15.892	818
20	8	4	40	10	left	left	1	15	16.146	929
20	9	4	40	10	left	left	1	13	16.03	811
20	10	4	40	10	left	left	1	11	15.759	698
20	11	4	40	10	left	left	1	13	15.971	814
20	12	4	40	10	right	left	0	13	15.682	829
20	13	4	40	10	right	right	1	17	15.26	1114
20	14	4	40	10	left	left	1	13	15.606	833
20	15	4	40	10	left	left	1	13	16.25	800
20	16	4	40	10	right	right	1	16	15.399	1039
20	17	4	40	10	right	left	0	18	15.371	1171
20	18	4	40	10	right	right	1	15	15.74	953
20	19	4	40	10	right	right	1	20	15.576	1284
20	20	4	40	10	left	left	1	14	15.784	887
20	21	4	40	10	right	right	1	13	15.625	832
20	22	4	40	10	left	right	0	12	15.326	783
20	23	4	40	10	right	left	0	11	15.235	722
20	24	4	40	10	right	right	1	12	15.873	756
20	25	4	40	10	right	right	1	27	15.332	1761
20	26	4	40	10	left	left	1	12	15.152	792
20	27	4	40	10	left	left	1	10	14.925	670
20	28	4	40	10	right	right	1	16	15.224	1051
20	29	4	40	10	right	right	1	16	15.64	1023
20	30	4	40	10	right	right	1	12	16.043	748
20	31	4	40	10	left	left	1	11	16.345	673
20	32	4	40	10	right	right	1	15	15.06	996
20	33	4	40	10	right	right	1	14	15.766	888
20	34	4	40	10	left	left	1	11	15.965	689
20	35	4	40	10	right	right	1	12	15.852	757
20	36	4	40	10	right	right	1	13	15.738	826
20	37	4	40	10	left	left	1	12	16.26	738
20	38	4	40	10	left	left	1	12	15.979	751
20	39	4	40	10	left	left	1	14	16.26	861
20	40	4	40	10	left	left	1	12	16.194	741
21	1	4	40	10	right	left	0	13	15.644	831
21	2	4	40	10	left	left	1	9	15.306	588
21	3	4	40	10	left	left	1	9	15.707	573
21	4	4	40	10	right	right	1	18	15.986	1126
21	5	4	40	10	right	right	1	12	15.852	757
21	6	4	40	10	right	right	1	11	15.048	731
21	7	4	40	10	right	right	1	12	16.304	736
21	8	4	40	10	right	right	1	13	15.834	821
21	9	4	40	10	left	right	0	20	15.576	1284
21	10	4	40	10	right	right	1	13	15.719	827
21	11	4	40	10	right	right	1	11	16.692	659
21	12	4	40	10	right	right	1	13	15.682	829
21	13	4	40	10	right	right	1	11	16.248	677
21	14	4	40	10	right	right	1	10	16.026	624
21	15	4	40	10	left	right	0	19	15.188	1251
21	16	4	40	10	left	left	1	20	15.699	1274
21	17	4	40	10	left	left	1	20	15.564	1285
21	18	4	40	10	left	left	1	11	15.278	720
21	19	4	40	10	right	left	0	18	16	1125
21	20	4	40	10	left	left	1	12	15.287	785
21	21	4	40	10	right	right	1	12	15.81	759
21	22	4	40	10	right	right	1	11	15.873	693
21	23	4	40	10	left	left	1	21	15.707	1337
21	24	4	40	10	right	left	0	12	15.852	757
21	25	4	40	10	right	right	1	17	15.288	1112
21	26	4	40	10	left	left	1	12	16.151	743
21	27	4	40	10	left	left	1	10	16.34	612
21	28	4	40	10	right	left	0	10	15.873	630
21	29	4	40	10	left	left	1	10	15.898	629
21	30	4	40	10	left	left	1	13	16.25	800
21	31	4	40	10	right	right	1	13	16.291	798
21	32	4	40	10	left	left	1	11	16.248	677
21	33	4	40	10	right	right	1	11	15.965	689
21	34	4	40	10	left	left	1	12	15.686	765
21	35	4	40	10	left	left	1	10	15.748	635
21	36	4	40	10	left	left	1	21	15.66	1341
21	37	4	40	10	right	left	0	13	15.912	817
21	38	4	40	10	left	left	1	8	15.474	517
21	39	4	40	10	left	left	1	9	15.929	565
21	40	4	40	10	left	left	1	19	15.755	1206
22	1	4	40	10	right	right	1	14	15.47	905
22	2	4	40	10	left	right	0	15	15.991	938
22	3	4	40	10	left	left	1	15	15.091	994
22	4	4	40	10	right	left	0	15	15.94	941
22	5	4	40	10	right	right	1	9	15.491	581
22	6	4	40	10	left	left	1	10	15.674	638
22	7	4	40	10	left	left	1	12	16.304	736
22	8	4	40	10	left	left	1	14	16.26	861
22	9	4	40	10	right	left	0	14	16.11	869
22	10	4	40	10	left	left	1	16	15.826	1011
22	11	4	40	10	right	right	1	15	16.043	935
22	12	4	40	10	right	right	1	10	16.207	617
22	13	4	40	10	right	right	1	15	15.707	955
22	14	4	40	10	left	left	1	11	16.035	686
22	15	4	40	10	right	right	1	12	16.107	745
22	16	4	40	10	left	left	1	19	15.548	1222
22	17	4	40	10	left	left	1	14	15.487	904
22	18	4	40	10	right	right	1	18	15.19	1185
22	19	4	40	10	left	left	1	13	15.606	833
22	20	4	40	10	left	left	1	17	15.497	1097
22	21	4	40	10	left	right	0	17	15.992	1063
22	22	4	40	10	left	left	1	10	15.576	642
22	23	4	40	10	right	right	1	12	15.524	773
22	24	4	40	10	left	left	1	11	15.559	707
22	25	4	40	10	left	left	1	15	16.043	935
22	26	4	40	10	right	left	0	13	15.312	849
22	27	4	40	10	right	left	0	10	15.674	638
22	28	4	40	10	left	left	1	11	15.714	700
22	29	4	40	10	left	left	1	12	15.306	784
22	30	4	40	10	left	left	1	15	15.658	958
22	31	4	40	10	left	left	1	13	15.458	841
22	32	4	40	10	right	left	0	15	16.146	929
22	33	4	40	10	left	left	1	23	15.808	1455
22	34	4	40	10	right	right	1	17	15.192	1119
22	35	4	40	10	right	right	1	33	15.179	2174
22	36	4	40	10	right	left	0	18	15.411	1168
22	37	4	40	10	right	left	0	30	15.33	1957
22	38	4	40	10	right	right	1	16	15.534	1030
22	39	4	40	10	right	right	1	14	15.713	891
22	40	4	40	10	right	left	0	21	15.579	1348
23	1	4	40	10	right	right	1	12	16.173	742
23	2	4	40	10	left	right	0	10	16.807	595
23	3	4	40	10	right	right	1	13	15.892	818
23	4	4	40	10	right	right	1	9	15.385	585
23	5	4	40	10	right	right	1	9	16.729	538
23	6	4	40	10	right	right	1	11	15.581	706
23	7	4	40	10	left	left	1	17	15.873	1071
23	8	4	40	10	right	left	0	11	16.105	683
23	9	4	40	10	left	left	1	14	15.677	893
23	10	4	40	10	right	left	0	22	15.482	1421
23	11	4	40	10	right	right	1	12	15.605	769
23	12	4	40	10	right	right	1	12	15.81	759
23	13	4	40	10	right	right	1	10	15.924	628
23	14	4	40	10	right	right	1	10	16.474	607
23	15	4	40	10	left	right	0	15	16.164	928
23	16	4	40	10	left	left	1	11	16.012	687
23	17	4	40	10	left	left	1	15	15.707	955
23	18	4	40	10	left	left	1	11	16.641	661
23	19	4	40	10	right	right	1	11	16.541	665
23	20	4	40	10	left	left	1	23	15.753	1460
23	21	4	40	10	left	left	1	12	15.873	756
23	22	4	40	10	right	left	0	18	15.398	1169
23	23	4	40	10	right	right	1	20	15.748	1270
23	24	4	40	10	right	right	1	11	15.603	705
23	25	4	40	10	left	right	0	11	16.248	677
23	26	4	40	10	left	right	0	9	16.129	558
23	27	4	40	10	right	left	0	8	15.81	506
23	28	4	40	10	left	left	1	11	16.035	686
23	29	4	40	10	right	right	1	17	15.712	1082
23	30	4	40	10	left	right	0	16	15.385	1040
23	31	4	40	10	left	left	1	13	16.049	810
23	32	4	40	10	right	right	1	14	15.217	920
23	33	4	40	10	left	left	1	15	15.856	946
23	34	4	40	10	left	left	1	12	15.385	780
23	35	4	40	10	left	left	1	12	15.113	794
23	36	4	40	10	right	left	0	11	16.32	674
23	37	4	40	10	left	left	1	11	15.11	728
23	38	4	40	10	right	right	1	11	16.442	669
23	39	4	40	10	left	left	1	14	16.055	872
23	40	4	40	10	left	left	1	12	15.605	769
24	1	4	40	10	right	right	1	15	15.136	991
24	2	4	40	10	left	left	1	61	15.33	3979
24	3	4	40	10	right	right	1	15	15.182	988
24	4	4	40	10	left	right	0	22	15.726	1399
24	5	4	40	10	right	right	1	19	15.807	1202
24	6	4	40	10	right	right	1	22	15.681	1403
24	7	4	40	10	right	left	0	26	15.321	1697
24	8	4	40	10	left	right	0	27	15.385	1755
24	9	4	40	10	left	left	1	24	15.316	1567
24	10	4	40	10	right	right	1	35	15.231	2298
24	11	4	40	10	left	right	0	29	15.5	1871
24	12	4	40	10	right	right	1	14	16.241	862
24	13	4	40	10	left	left	1	25	15.567	1606
24	14	4	40	10	right	left	0	16	15.137	1057
24	15	4	40	10	right	right	1	11	15.942	690
24	16	4	40	10	left	left	1	13	15.222	854
24	17	4	40	10	left	right	0	21	15.556	1350
24	18	4	40	10	right	left	0	17	15.741	1080
24	19	4	40	10	right	right	1	22	15.771	1395
24	20	4	40	10	right	right	1	13	15.458	841
24	21	4	40	10	left	right	0	14	15.766	888
24	22	4	40	10	left	right	0	11	15.32	718
24	23	4	40	10	left	left	1	12	16.129	744
24	24	4	40	10	right	right	1	10	16.75	597
24	25	4	40	10	left	left	1	9	15.901	566
24	26	4	40	10	right	right	1	9	15.873	567
24	27	4	40	10	right	right	1	15	15.496	968
24	28	4	40	10	left	left	1	10	15.949	627
24	29	4	40	10	left	right	0	10	15.674	638
24	30	4	40	10	left	left	1	9	15.28	589
24	31	4	40	10	right	right	1	13	15.366	846
24	32	4	40	10	left	left	1	11	16.616	662
24	33	4	40	10	left	left	1	11	16.345	673
24	34	4	40	10	left	right	0	17	15.219	1117
24	35	4	40	10	right	right	1	10	15.823	632
24	36	4	40	10	left	right	0	10	15.748	635
24	37	4	40	10	left	left	1	10	15.385	650
24	38	4	40	10	right	right	1	14	15.402	909
24	39	4	40	10	right	left	0	10	15.674	638
24	40	4	40	10	right	right	1	9	16.158	557
