
blkNum	trlNum	coherentDots	numberofDots	percentCoherence	winningDirection	response	correct	eventCount	averageFrameRate	RT
1	1	4	40	10	right	left	0	82	15.301	5359
1	2	4	40	10	right	right	1	19	15.323	1240
1	3	4	40	10	left	left	1	28	15.47	1810
1	4	4	40	10	right	right	1	16	15.952	1003
1	5	4	40	10	left	right	0	16	15.64	1023
1	6	4	40	10	left	left	1	26	15.33	1696
1	7	4	40	10	right	right	1	34	15.476	2197
1	8	4	40	10	right	left	0	36	15.306	2352
1	9	4	40	10	right	right	1	24	15.676	1531
1	10	4	40	10	right	right	1	19	15.98	1189
1	11	4	40	10	left	right	0	15	15.924	942
1	12	4	40	10	right	left	0	32	15.407	2077
1	13	4	40	10	left	left	1	23	15.293	1504
1	14	4	40	10	left	left	1	20	15.14	1321
1	15	4	40	10	left	left	1	21	15.206	1381
1	16	4	40	10	left	right	0	56	15.334	3652
1	17	4	40	10	right	right	1	16	15.519	1031
1	18	4	40	10	right	right	1	19	15.886	1196
1	19	4	40	10	right	right	1	15	16.216	925
1	20	4	40	10	left	left	1	17	15.525	1095
1	21	4	40	10	left	left	1	22	15.299	1438
1	22	4	40	10	right	left	0	22	15.225	1445
1	23	4	40	10	left	right	0	15	15.106	993
1	24	4	40	10	right	left	0	23	15.614	1473
1	25	4	40	10	left	left	1	50	15.216	3286
1	26	4	40	10	left	left	1	24	15.104	1589
1	27	4	40	10	right	left	0	24	15.625	1536
1	28	4	40	10	right	right	1	19	15.86	1198
1	29	4	40	10	left	right	0	20	15.256	1311
1	30	4	40	10	right	right	1	19	15.94	1192
1	31	4	40	10	left	left	1	20	15.528	1288
1	32	4	40	10	left	left	1	19	15.091	1259
1	33	4	40	10	right	left	0	19	15.164	1253
1	34	4	40	10	right	left	0	14	15.538	901
1	35	4	40	10	right	right	1	15	15.075	995
1	36	4	40	10	left	left	1	20	15.175	1318
1	37	4	40	10	left	left	1	28	15.608	1794
1	38	4	40	10	right	left	0	21	15.152	1386
1	39	4	40	10	left	right	0	13	16.291	798
1	40	4	40	10	left	left	1	25	15.244	1640
2	1	4	40	10	right	right	1	32	15.422	2075
2	2	4	40	10	left	right	0	14	15.317	914
2	3	4	40	10	left	left	1	15	15.74	953
2	4	4	40	10	right	right	1	14	15.695	892
2	5	4	40	10	right	right	1	17	15.668	1085
2	6	4	40	10	right	left	0	27	15.455	1747
2	7	4	40	10	left	right	0	33	15.522	2126
2	8	4	40	10	right	right	1	12	15.075	796
2	9	4	40	10	right	left	0	19	15.9	1195
2	10	4	40	10	left	left	1	15	16.181	927
2	11	4	40	10	left	left	1	20	15.785	1267
2	12	4	40	10	left	left	1	18	15.254	1180
2	13	4	40	10	left	left	1	15	15.045	997
2	14	4	40	10	left	left	1	13	15.476	840
2	15	4	40	10	left	left	1	14	15.766	888
2	16	4	40	10	right	left	0	14	15.748	889
2	17	4	40	10	right	left	0	18	15.424	1167
2	18	4	40	10	right	right	1	18	15.254	1180
2	19	4	40	10	left	right	0	70	15.284	4580
2	20	4	40	10	left	left	1	51	15.361	3320
2	21	4	40	10	right	left	0	35	15.521	2255
2	22	4	40	10	right	right	1	29	15.36	1888
2	23	4	40	10	left	right	0	37	15.139	2444
2	24	4	40	10	right	right	1	29	15.295	1896
2	25	4	40	10	left	right	0	27	15.535	1738
2	26	4	40	10	right	right	1	23	15.646	1470
2	27	4	40	10	left	right	0	24	15.81	1518
2	28	4	40	10	right	left	0	21	15.487	1356
2	29	4	40	10	right	right	1	22	15.647	1406
2	30	4	40	10	left	right	0	33	15.306	2156
2	31	4	40	10	right	left	0	35	15.5	2258
2	32	4	40	10	right	left	0	26	15.522	1675
2	33	4	40	10	right	right	1	16	15.549	1029
2	34	4	40	10	left	right	0	13	16.209	802
2	35	4	40	10	left	left	1	4	15.267	262
2	36	4	40	10	left	right	0	8	15.656	511
2	37	4	40	10	left	tooFast	2	1	37.037	27
2	38	4	40	10	left	left	1	14	16.018	874
2	39	4	40	10	right	left	0	19	15.587	1219
2	40	4	40	10	right	left	0	23	15.043	1529
3	1	4	40	10	left	left	1	47	15.27	3078
3	2	4	40	10	right	right	1	35	15.576	2247
3	3	4	40	10	right	right	1	20	15.396	1299
3	4	4	40	10	left	left	1	37	15.533	2382
3	5	4	40	10	right	left	0	24	15.574	1541
3	6	4	40	10	left	left	1	19	15.079	1260
3	7	4	40	10	right	left	0	28	15.234	1838
3	8	4	40	10	left	left	1	25	15.664	1596
3	9	4	40	10	left	left	1	32	15.274	2095
3	10	4	40	10	right	left	0	26	15.634	1663
3	11	4	40	10	right	right	1	21	15.251	1377
3	12	4	40	10	left	right	0	23	15.551	1479
3	13	4	40	10	left	right	0	14	15.713	891
3	14	4	40	10	right	right	1	16	15.474	1034
3	15	4	40	10	right	right	1	19	15.055	1262
3	16	4	40	10	left	right	0	22	15.352	1433
3	17	4	40	10	right	right	1	16	15.444	1036
3	18	4	40	10	right	right	1	19	15.212	1249
3	19	4	40	10	right	left	0	43	15.423	2788
3	20	4	40	10	left	left	1	17	15.26	1114
3	21	4	40	10	left	left	1	17	15.274	1113
3	22	4	40	10	right	right	1	21	15.362	1367
3	23	4	40	10	left	right	0	41	15.23	2692
3	24	4	40	10	right	left	0	30	15.244	1968
3	25	4	40	10	left	right	0	19	16.007	1187
3	26	4	40	10	left	right	0	13	15.796	823
3	27	4	40	10	left	left	1	30	15.536	1931
3	28	4	40	10	left	left	1	20	15.444	1295
3	29	4	40	10	right	left	0	22	15.681	1403
3	30	4	40	10	left	left	1	19	15.966	1190
3	31	4	40	10	left	left	1	18	15.544	1158
3	32	4	40	10	right	left	0	18	15.332	1174
3	33	4	40	10	right	right	1	30	15.536	1931
3	34	4	40	10	left	left	1	20	15.637	1279
3	35	4	40	10	left	left	1	19	15.51	1225
3	36	4	40	10	right	right	1	17	15.933	1067
3	37	4	40	10	right	right	1	28	15.086	1856
3	38	4	40	10	right	left	0	16	15.702	1019
3	39	4	40	10	left	left	1	13	15.854	820
3	40	4	40	10	right	left	0	24	15.434	1555
4	1	4	40	10	right	left	0	26	15.504	1677
4	2	4	40	10	right	left	0	13	15.513	838
4	3	4	40	10	left	left	1	9	15.358	586
4	4	4	40	10	right	left	0	15	15.322	979
4	5	4	40	10	right	left	0	11	15.048	731
4	6	4	40	10	left	left	1	14	15.402	909
4	7	4	40	10	left	left	1	18	15.531	1159
4	8	4	40	10	right	left	0	17	15.639	1087
4	9	4	40	10	left	left	1	16	15.137	1057
4	10	4	40	10	left	left	1	23	15.551	1479
4	11	4	40	10	left	left	1	19	15.953	1191
4	12	4	40	10	left	left	1	16	15.152	1056
4	13	4	40	10	right	left	0	15	15.045	997
4	14	4	40	10	left	left	1	18	15.345	1173
4	15	4	40	10	left	right	0	13	15.513	838
4	16	4	40	10	right	left	0	14	15.317	914
4	17	4	40	10	right	left	0	14	16.055	872
4	18	4	40	10	left	left	1	16	15.905	1006
4	19	4	40	10	left	right	0	17	15.947	1066
4	20	4	40	10	right	left	0	14	15.419	908
4	21	4	40	10	left	right	0	45	15.317	2938
4	22	4	40	10	right	left	0	24	15.257	1573
4	23	4	40	10	right	right	1	15	15.075	995
4	24	4	40	10	left	right	0	18	15.544	1158
4	25	4	40	10	left	left	1	14	15.855	883
4	26	4	40	10	right	left	0	15	15.045	997
4	27	4	40	10	right	left	0	12	15.666	766
4	28	4	40	10	left	right	0	7	16.471	425
4	29	4	40	10	right	right	1	6	18.127	331
4	30	4	40	10	left	right	0	7	15.152	462
4	31	4	40	10	left	left	1	13	16.25	800
4	32	4	40	10	left	left	1	12	15.484	775
4	33	4	40	10	right	left	0	14	16.092	870
4	34	4	40	10	right	left	0	13	15.719	827
4	35	4	40	10	left	left	1	10	15.456	647
4	36	4	40	10	right	right	1	17	15.726	1081
4	37	4	40	10	right	right	1	23	15.541	1480
4	38	4	40	10	right	right	1	19	15.728	1208
4	39	4	40	10	right	right	1	16	15.61	1025
4	40	4	40	10	left	right	0	15	15.416	973
5	1	4	40	10	left	left	1	17	15.192	1119
5	2	4	40	10	left	left	1	14	16.11	869
5	3	4	40	10	right	right	1	13	16.291	798
5	4	4	40	10	left	left	1	12	15.524	773
5	5	4	40	10	right	right	1	11	15.559	707
5	6	4	40	10	right	right	1	13	15.796	823
5	7	4	40	10	left	right	0	13	16.311	797
5	8	4	40	10	right	right	1	13	15.588	834
5	9	4	40	10	left	right	0	30	15.361	1953
5	10	4	40	10	right	left	0	12	15.769	761
5	11	4	40	10	left	left	1	17	15.343	1108
5	12	4	40	10	left	left	1	27	15.315	1763
5	13	4	40	10	right	right	1	15	15.856	946
5	14	4	40	10	left	left	1	19	15.98	1189
5	15	4	40	10	right	right	1	16	15.429	1037
5	16	4	40	10	left	left	1	15	16.129	930
5	17	4	40	10	right	right	1	15	15.957	940
5	18	4	40	10	right	right	1	14	15.784	887
5	19	4	40	10	right	right	1	15	15.625	960
5	20	4	40	10	left	right	0	16	15.474	1034
5	21	4	40	10	left	right	0	22	15.406	1428
5	22	4	40	10	right	right	1	13	15.348	847
5	23	4	40	10	left	right	0	26	15.56	1671
5	24	4	40	10	left	left	1	10	15.408	649
5	25	4	40	10	left	right	0	23	15.84	1452
5	26	4	40	10	right	right	1	22	15.267	1441
5	27	4	40	10	left	left	1	27	15.553	1736
5	28	4	40	10	right	right	1	18	15.531	1159
5	29	4	40	10	right	right	1	15	15.512	967
5	30	4	40	10	left	right	0	21	15.51	1354
5	31	4	40	10	right	right	1	9	16.216	555
5	32	4	40	10	right	right	1	17	15.125	1124
5	33	4	40	10	right	right	1	16	15.474	1034
5	34	4	40	10	left	right	0	16	15.399	1039
5	35	4	40	10	left	right	0	15	16.287	921
5	36	4	40	10	right	right	1	12	15.171	791
5	37	4	40	10	right	right	1	17	15.315	1110
5	38	4	40	10	left	right	0	15	15.182	988
5	39	4	40	10	right	right	1	11	15.692	701
5	40	4	40	10	left	right	0	18	15.721	1145
6	1	4	40	10	left	right	0	39	15.222	2562
6	2	4	40	10	right	right	1	9	16.729	538
6	3	4	40	10	right	right	1	13	15.738	826
6	4	4	40	10	left	right	0	11	15.581	706
6	5	4	40	10	right	left	0	13	15.421	843
6	6	4	40	10	left	left	1	15	15.625	960
6	7	4	40	10	left	left	1	18	15.477	1163
6	8	4	40	10	left	left	1	19	15.485	1227
6	9	4	40	10	right	left	0	17	15.785	1077
6	10	4	40	10	left	left	1	13	16.27	799
6	11	4	40	10	right	right	1	19	15.249	1246
6	12	4	40	10	right	right	1	24	15.707	1528
6	13	4	40	10	left	right	0	35	15.507	2257
6	14	4	40	10	left	left	1	14	16.166	866
6	15	4	40	10	right	left	0	15	15.856	946
6	16	4	40	10	left	left	1	19	15.612	1217
6	17	4	40	10	left	left	1	26	15.458	1682
6	18	4	40	10	right	right	1	30	15.625	1920
6	19	4	40	10	right	right	1	27	15.246	1771
6	20	4	40	10	left	right	0	21	15.766	1332
6	21	4	40	10	right	right	1	21	15.396	1364
6	22	4	40	10	right	right	1	26	15.541	1673
6	23	4	40	10	right	right	1	25	15.489	1614
6	24	4	40	10	right	right	1	24	15.605	1538
6	25	4	40	10	right	right	1	18	15.584	1155
6	26	4	40	10	left	left	1	19	15.091	1259
6	27	4	40	10	right	right	1	16	15.18	1054
6	28	4	40	10	left	left	1	24	15.514	1547
6	29	4	40	10	left	right	0	17	15.219	1117
6	30	4	40	10	right	right	1	13	15.169	857
6	31	4	40	10	left	right	0	23	15.786	1457
6	32	4	40	10	left	left	1	22	15.31	1437
6	33	4	40	10	left	left	1	22	15.67	1404
6	34	4	40	10	right	right	1	17	15.814	1075
6	35	4	40	10	right	right	1	28	15.625	1792
6	36	4	40	10	left	left	1	21	15.707	1337
6	37	4	40	10	left	left	1	25	15.586	1604
6	38	4	40	10	right	right	1	30	15.377	1951
6	39	4	40	10	left	left	1	31	15.354	2019
6	40	4	40	10	right	right	1	24	15.534	1545
7	1	4	40	10	left	left	1	21	15.284	1374
7	2	4	40	10	left	left	1	15	15.823	948
7	3	4	40	10	left	left	1	13	15.222	854
7	4	4	40	10	left	left	1	15	15.924	942
7	5	4	40	10	right	left	0	15	16.269	922
7	6	4	40	10	right	right	1	14	15.766	888
7	7	4	40	10	right	right	1	21	15.162	1385
7	8	4	40	10	left	right	0	22	15.471	1422
7	9	4	40	10	left	left	1	6	15.544	386
7	10	4	40	10	left	left	1	13	16.291	798
7	11	4	40	10	left	left	1	13	15.99	813
7	12	4	40	10	right	left	0	12	15.873	756
7	13	4	40	10	left	right	0	6	15.707	382
7	14	4	40	10	right	right	1	13	15.348	847
7	15	4	40	10	right	right	1	18	15.859	1135
7	16	4	40	10	left	right	0	20	15.949	1254
7	17	4	40	10	right	left	0	11	16.248	677
7	18	4	40	10	right	right	1	14	15.819	885
7	19	4	40	10	right	right	1	13	16.129	806
7	20	4	40	10	left	right	0	29	15.458	1876
7	21	4	40	10	right	left	0	19	15.794	1203
7	22	4	40	10	right	right	1	26	15.541	1673
7	23	4	40	10	left	left	1	24	15.094	1590
7	24	4	40	10	left	right	0	22	15.614	1409
7	25	4	40	10	right	right	1	19	15.273	1244
7	26	4	40	10	right	left	0	20	15.361	1302
7	27	4	40	10	right	left	0	19	15.139	1255
7	28	4	40	10	right	right	1	16	15.534	1030
7	29	4	40	10	right	right	1	21	15.228	1379
7	30	4	40	10	right	right	1	19	15.422	1232
7	31	4	40	10	right	right	1	22	15.257	1442
7	32	4	40	10	left	left	1	12	16.282	737
7	33	4	40	10	left	left	1	11	16.418	670
7	34	4	40	10	left	left	1	11	16.129	682
7	35	4	40	10	right	left	0	9	15.929	565
7	36	4	40	10	left	left	1	36	15.497	2323
7	37	4	40	10	left	right	0	19	15.833	1200
7	38	4	40	10	right	right	1	17	15.77	1078
7	39	4	40	10	left	left	1	20	15.576	1284
7	40	4	40	10	left	left	1	16	15.748	1016
8	1	4	40	10	right	left	0	33	15.632	2111
8	2	4	40	10	left	left	1	12	15.564	771
8	3	4	40	10	left	left	1	13	16.23	801
8	4	4	40	10	right	left	0	13	16.25	800
8	5	4	40	10	right	right	1	13	16.189	803
8	6	4	40	10	left	left	1	16	15.595	1026
8	7	4	40	10	left	left	1	15	15.512	967
8	8	4	40	10	left	left	1	14	15.73	890
8	9	4	40	10	right	left	0	14	15.301	915
8	10	4	40	10	right	left	0	11	15.782	697
8	11	4	40	10	left	left	1	12	16.086	746
8	12	4	40	10	left	left	1	15	15.136	991
8	13	4	40	10	left	left	1	15	15.576	963
8	14	4	40	10	left	left	1	15	15.924	942
8	15	4	40	10	right	left	0	14	15.909	880
8	16	4	40	10	right	right	1	14	16.092	870
8	17	4	40	10	left	left	1	16	15.779	1014
8	18	4	40	10	left	left	1	15	15.448	971
8	19	4	40	10	left	left	1	17	16.008	1062
8	20	4	40	10	right	left	0	16	15.81	1012
8	21	4	40	10	right	right	1	15	15.69	956
8	22	4	40	10	right	right	1	13	15.644	831
8	23	4	40	10	left	left	1	16	16	1000
8	24	4	40	10	left	left	1	14	15.301	915
8	25	4	40	10	right	right	1	14	16.26	861
8	26	4	40	10	left	left	1	23	15.829	1453
8	27	4	40	10	left	right	0	14	15.819	885
8	28	4	40	10	left	left	1	23	15.364	1497
8	29	4	40	10	left	right	0	16	15.109	1059
8	30	4	40	10	right	left	0	16	15.936	1004
8	31	4	40	10	right	left	0	25	15.499	1613
8	32	4	40	10	right	right	1	24	15.18	1581
8	33	4	40	10	right	right	1	22	15.278	1440
8	34	4	40	10	right	right	1	13	15.348	847
8	35	4	40	10	right	right	1	24	15.554	1543
8	36	4	40	10	right	right	1	16	15.61	1025
8	37	4	40	10	left	right	0	13	15.99	813
8	38	4	40	10	left	left	1	18	15.943	1129
8	39	4	40	10	right	right	1	16	15.748	1016
8	40	4	40	10	right	right	1	10	15.504	645
9	1	4	40	10	right	right	1	18	15.679	1148
9	2	4	40	10	right	right	1	17	15.814	1075
9	3	4	40	10	left	right	0	13	15.169	857
9	4	4	40	10	left	left	1	17	15.888	1070
9	5	4	40	10	right	left	0	16	15.702	1019
9	6	4	40	10	left	left	1	21	15.567	1349
9	7	4	40	10	right	left	0	20	15.81	1265
9	8	4	40	10	right	left	0	20	15.613	1281
9	9	4	40	10	right	right	1	15	15.609	961
9	10	4	40	10	left	right	0	15	16.112	931
9	11	4	40	10	right	left	0	17	15.829	1074
9	12	4	40	10	left	left	1	31	15.278	2029
9	13	4	40	10	right	left	0	33	15.544	2123
9	14	4	40	10	left	left	1	13	15.777	824
9	15	4	40	10	left	right	0	13	16.109	807
9	16	4	40	10	left	left	1	17	15.469	1099
9	17	4	40	10	right	right	1	15	15.609	961
9	18	4	40	10	right	right	1	14	15.982	876
9	19	4	40	10	left	right	0	14	15.402	909
9	20	4	40	10	left	right	0	17	15.469	1099
9	21	4	40	10	left	left	1	15	15.03	998
9	22	4	40	10	left	right	0	17	15.596	1090
9	23	4	40	10	left	left	1	14	15.819	885
9	24	4	40	10	right	right	1	17	15.888	1070
9	25	4	40	10	left	left	1	27	15.446	1748
9	26	4	40	10	left	left	1	19	15.587	1219
9	27	4	40	10	right	right	1	14	15.402	909
9	28	4	40	10	left	left	1	17	15.888	1070
9	29	4	40	10	left	right	0	17	15.799	1076
9	30	4	40	10	right	left	0	45	15.464	2910
9	31	4	40	10	right	right	1	21	15.173	1384
9	32	4	40	10	left	left	1	15	15.416	973
9	33	4	40	10	left	right	0	12	15.132	793
9	34	4	40	10	right	right	1	19	15.574	1220
9	35	4	40	10	right	right	1	30	15.456	1941
9	36	4	40	10	right	left	0	23	15.202	1513
9	37	4	40	10	right	left	0	13	15.951	815
9	38	4	40	10	right	left	0	17	15.582	1091
9	39	4	40	10	right	right	1	14	15.801	886
9	40	4	40	10	left	right	0	14	15.251	918
10	1	4	40	10	left	left	1	27	15.661	1724
10	2	4	40	10	left	left	1	15	16.129	930
10	3	4	40	10	right	left	0	15	15.957	940
10	4	4	40	10	right	left	0	10	16.129	620
10	5	4	40	10	left	left	1	25	15.442	1619
10	6	4	40	10	left	right	0	19	15.755	1206
10	7	4	40	10	left	right	0	28	15.521	1804
10	8	4	40	10	left	left	1	24	15.296	1569
10	9	4	40	10	right	left	0	15	15.56	964
10	10	4	40	10	left	left	1	14	15.301	915
10	11	4	40	10	left	left	1	16	15.795	1013
10	12	4	40	10	left	left	1	15	15.74	953
10	13	4	40	10	right	left	0	15	15.306	980
10	14	4	40	10	right	right	1	15	15.432	972
10	15	4	40	10	right	right	1	32	15.451	2071
10	16	4	40	10	right	right	1	19	15.755	1206
10	17	4	40	10	left	left	1	14	15.504	903
10	18	4	40	10	left	left	1	12	15.306	784
10	19	4	40	10	right	left	0	11	15.131	727
10	20	4	40	10	right	right	1	12	15.464	776
10	21	4	40	10	right	right	1	13	15.513	838
10	22	4	40	10	right	right	1	12	16	750
10	23	4	40	10	right	right	1	12	15.228	788
10	24	4	40	10	left	right	0	12	15.424	778
10	25	4	40	10	left	left	1	14	15.267	917
10	26	4	40	10	right	left	0	13	15.951	815
10	27	4	40	10	left	left	1	14	16	875
10	28	4	40	10	right	left	0	16	15.326	1044
10	29	4	40	10	left	left	1	11	15.692	701
10	30	4	40	10	left	right	0	11	16.153	681
10	31	4	40	10	left	left	1	7	16.129	434
10	32	4	40	10	right	left	0	12	16.327	735
10	33	4	40	10	left	left	1	8	16.913	473
10	34	4	40	10	right	left	0	9	16.1	559
10	35	4	40	10	right	right	1	6	17.595	341
10	36	4	40	10	right	right	1	18	15.639	1151
10	37	4	40	10	left	left	1	16	15.519	1031
10	38	4	40	10	right	right	1	13	16.01	812
10	39	4	40	10	left	right	0	10	16.367	611
10	40	4	40	10	right	right	1	13	16.209	802
11	1	4	40	10	left	left	1	14	16.129	868
11	2	4	40	10	right	right	1	10	15.361	651
11	3	4	40	10	left	left	1	12	16.327	735
11	4	4	40	10	right	left	0	11	16.692	659
11	5	4	40	10	right	right	1	6	16.529	363
11	6	4	40	10	right	left	0	11	15.67	702
11	7	4	40	10	left	right	0	15	16.164	928
11	8	4	40	10	left	right	0	10	15.674	638
11	9	4	40	10	right	left	0	15	15.275	982
11	10	4	40	10	left	left	1	13	15.366	846
11	11	4	40	10	left	left	1	21	15.373	1366
11	12	4	40	10	left	left	1	19	15.69	1211
11	13	4	40	10	left	left	1	15	15.957	940
11	14	4	40	10	left	left	1	12	15.645	767
11	15	4	40	10	left	left	1	13	16.149	805
11	16	4	40	10	left	left	1	13	16.189	803
11	17	4	40	10	right	right	1	15	16.129	930
11	18	4	40	10	right	right	1	11	15.363	716
11	19	4	40	10	right	right	1	11	15.782	697
11	20	4	40	10	right	right	1	11	16.641	661
11	21	4	40	10	right	left	0	13	15.187	856
11	22	4	40	10	left	right	0	13	16.149	805
11	23	4	40	10	left	left	1	15	15.369	976
11	24	4	40	10	left	right	0	17	15.138	1123
11	25	4	40	10	left	right	0	13	16.109	807
11	26	4	40	10	right	left	0	12	15.894	755
11	27	4	40	10	right	left	0	18	15.451	1165
11	28	4	40	10	right	right	1	23	15.192	1514
11	29	4	40	10	right	right	1	16	15.123	1058
11	30	4	40	10	right	left	0	14	15.504	903
11	31	4	40	10	right	left	0	10	15.873	630
11	32	4	40	10	right	left	0	20	15.662	1277
11	33	4	40	10	left	right	0	16	15.444	1036
11	34	4	40	10	right	left	0	7	15.695	446
11	35	4	40	10	left	left	1	11	15.257	721
11	36	4	40	10	left	left	1	13	15.99	813
11	37	4	40	10	right	left	0	12	15.852	757
11	38	4	40	10	left	left	1	11	15.471	711
11	39	4	40	10	right	left	0	11	15.385	715
11	40	4	40	10	left	left	1	11	16.442	669
12	1	4	40	10	right	left	0	21	15.487	1356
12	2	4	40	10	right	left	0	10	15.873	630
12	3	4	40	10	right	right	1	7	15.453	453
12	4	4	40	10	left	right	0	12	15.564	771
12	5	4	40	10	right	right	1	13	15.366	846
12	6	4	40	10	right	right	1	15	15.658	958
12	7	4	40	10	right	right	1	12	15.769	761
12	8	4	40	10	right	right	1	16	15.296	1046
12	9	4	40	10	right	right	1	21	15.579	1348
12	10	4	40	10	right	right	1	18	15.957	1128
12	11	4	40	10	left	left	1	14	16.055	872
12	12	4	40	10	left	left	1	11	16.768	656
12	13	4	40	10	left	left	1	13	15.719	827
12	14	4	40	10	left	right	0	13	15.294	850
12	15	4	40	10	right	left	0	6	16.713	359
12	16	4	40	10	right	right	1	7	15.419	454
12	17	4	40	10	left	right	0	9	15.929	565
12	18	4	40	10	left	left	1	11	15.048	731
12	19	4	40	10	right	right	1	15	16.181	927
12	20	4	40	10	right	right	1	14	15.748	889
12	21	4	40	10	left	left	1	13	15.738	826
12	22	4	40	10	right	right	1	17	15.712	1082
12	23	4	40	10	left	left	1	14	15.217	920
12	24	4	40	10	left	right	0	16	15.123	1058
12	25	4	40	10	left	left	1	16	15.936	1004
12	26	4	40	10	left	left	1	23	15.541	1480
12	27	4	40	10	left	left	1	16	15.282	1047
12	28	4	40	10	left	left	1	18	15.557	1157
12	29	4	40	10	left	left	1	15	15.94	941
12	30	4	40	10	right	right	1	15	15.512	967
12	31	4	40	10	right	right	1	13	15.892	818
12	32	4	40	10	left	right	0	14	15.59	898
12	33	4	40	10	right	right	1	11	15.805	696
12	34	4	40	10	left	left	1	14	15.837	884
12	35	4	40	10	right	right	1	11	15.537	708
12	36	4	40	10	left	left	1	11	15.965	689
12	37	4	40	10	left	right	0	12	15.209	789
12	38	4	40	10	left	left	1	7	15.086	464
12	39	4	40	10	right	right	1	14	15.801	886
12	40	4	40	10	right	right	1	14	15.504	903
13	1	4	40	10	right	right	1	21	15.217	1380
13	2	4	40	10	left	right	0	13	15.169	857
13	3	4	40	10	left	right	0	19	15.347	1238
13	4	4	40	10	right	right	1	29	15.263	1900
13	5	4	40	10	left	right	0	14	15.642	895
13	6	4	40	10	left	right	0	15	15.291	981
13	7	4	40	10	left	left	1	27	15.297	1765
13	8	4	40	10	left	left	1	19	15.46	1229
13	9	4	40	10	right	right	1	17	15.206	1118
13	10	4	40	10	right	right	1	24	15.821	1517
13	11	4	40	10	right	right	1	23	15.818	1454
13	12	4	40	10	left	right	0	20	15.54	1287
13	13	4	40	10	right	right	1	11	16.641	661
13	14	4	40	10	right	right	1	13	15.606	833
13	15	4	40	10	right	right	1	10	15.625	640
13	16	4	40	10	right	right	1	16	15.224	1051
13	17	4	40	10	right	right	1	14	15.217	920
13	18	4	40	10	left	right	0	14	15.47	905
13	19	4	40	10	left	right	0	9	16.334	551
13	20	4	40	10	left	right	0	16	15.209	1052
13	21	4	40	10	right	right	1	12	15.19	790
13	22	4	40	10	right	right	1	12	15.852	757
13	23	4	40	10	left	left	1	15	15.091	994
13	24	4	40	10	right	left	0	16	15.414	1038
13	25	4	40	10	left	left	1	11	15.299	719
13	26	4	40	10	right	left	0	14	15.982	876
13	27	4	40	10	left	left	1	9	15.385	585
13	28	4	40	10	right	left	0	16	15.842	1010
13	29	4	40	10	left	left	1	11	16.296	675
13	30	4	40	10	right	left	0	14	15.927	879
13	31	4	40	10	right	right	1	14	15.677	893
13	32	4	40	10	right	right	1	12	15.666	766
13	33	4	40	10	left	left	1	30	15.159	1979
13	34	4	40	10	right	right	1	13	15.777	824
13	35	4	40	10	left	left	1	11	16.012	687
13	36	4	40	10	left	right	0	10	16.155	619
13	37	4	40	10	left	left	1	11	15.406	714
13	38	4	40	10	left	left	1	13	15.348	847
13	39	4	40	10	left	left	1	17	15.525	1095
13	40	4	40	10	right	right	1	12	15.365	781
14	1	4	40	10	left	right	0	17	15.843	1073
14	2	4	40	10	left	right	0	6	16.129	372
14	3	4	40	10	right	right	1	10	16.129	620
14	4	4	40	10	left	right	0	13	15.366	846
14	5	4	40	10	left	left	1	6	15.873	378
14	6	4	40	10	right	right	1	12	15.504	774
14	7	4	40	10	right	right	1	9	15.28	589
14	8	4	40	10	left	left	1	10	15.674	638
14	9	4	40	10	right	left	0	11	15.449	712
14	10	4	40	10	left	right	0	6	16.26	369
14	11	4	40	10	right	right	1	7	15.054	465
14	12	4	40	10	right	right	1	13	15.205	855
14	13	4	40	10	right	right	1	12	15.504	774
14	14	4	40	10	left	right	0	14	15.556	900
14	15	4	40	10	right	left	0	12	15.424	778
14	16	4	40	10	left	left	1	13	15.385	845
14	17	4	40	10	right	left	0	12	15.209	789
14	18	4	40	10	right	left	0	11	16.541	665
14	19	4	40	10	left	left	1	11	15.257	721
14	20	4	40	10	left	left	1	10	15.699	637
14	21	4	40	10	left	right	0	11	16.591	663
14	22	4	40	10	right	left	0	6	17.094	351
14	23	4	40	10	left	right	0	5	15.674	319
14	24	4	40	10	right	right	1	9	15.873	567
14	25	4	40	10	right	right	1	9	16.822	535
14	26	4	40	10	left	left	1	15	15.512	967
14	27	4	40	10	right	left	0	12	16.064	747
14	28	4	40	10	right	right	1	16	15.549	1029
14	29	4	40	10	right	right	1	15	15.106	993
14	30	4	40	10	left	left	1	19	15.36	1237
14	31	4	40	10	right	left	0	17	15.539	1094
14	32	4	40	10	right	right	1	13	15.738	826
14	33	4	40	10	left	right	0	12	15.957	752
14	34	4	40	10	left	right	0	11	16.692	659
14	35	4	40	10	left	right	0	15	15.839	947
14	36	4	40	10	right	left	0	20	15.504	1290
14	37	4	40	10	right	right	1	11	16.717	658
14	38	4	40	10	left	right	0	17	15.554	1093
14	39	4	40	10	left	left	1	13	15.458	841
14	40	4	40	10	left	left	1	22	15.278	1440
15	1	4	40	10	left	left	1	17	15.138	1123
15	2	4	40	10	left	left	1	15	16.269	922
15	3	4	40	10	left	left	1	13	16.01	812
15	4	4	40	10	right	right	1	18	15.584	1155
15	5	4	40	10	right	right	1	11	16.105	683
15	6	4	40	10	right	right	1	11	16.393	671
15	7	4	40	10	left	left	1	11	15.581	706
15	8	4	40	10	left	left	1	21	15.373	1366
15	9	4	40	10	right	right	1	12	15.404	779
15	10	4	40	10	left	left	1	16	15.238	1050
15	11	4	40	10	left	left	1	14	15.642	895
15	12	4	40	10	left	right	0	12	15.306	784
15	13	4	40	10	right	left	0	23	15.753	1460
15	14	4	40	10	right	right	1	39	15.427	2528
15	15	4	40	10	right	right	1	21	15.683	1339
15	16	4	40	10	right	left	0	21	15.273	1375
15	17	4	40	10	left	left	1	13	15.152	858
15	18	4	40	10	left	left	1	13	15.892	818
15	19	4	40	10	right	left	0	12	16.107	745
15	20	4	40	10	right	left	0	10	15.748	635
15	21	4	40	10	left	left	1	9	16.484	546
15	22	4	40	10	left	right	0	11	15.048	731
15	23	4	40	10	left	right	0	7	14.957	468
15	24	4	40	10	left	left	1	17	16.008	1062
15	25	4	40	10	left	left	1	15	15.69	956
15	26	4	40	10	right	left	0	14	15.368	911
15	27	4	40	10	left	left	1	15	15.94	941
15	28	4	40	10	right	left	0	18	15.203	1184
15	29	4	40	10	right	right	1	24	15.738	1525
15	30	4	40	10	left	left	1	13	15.366	846
15	31	4	40	10	right	left	0	16	15.414	1038
15	32	4	40	10	right	left	0	13	15.796	823
15	33	4	40	10	right	left	0	16	15.564	1028
15	34	4	40	10	right	right	1	11	15.007	733
15	35	4	40	10	left	right	0	16	15.717	1018
15	36	4	40	10	left	right	0	17	15.814	1075
15	37	4	40	10	right	right	1	17	15.315	1110
15	38	4	40	10	right	right	1	14	15.695	892
15	39	4	40	10	right	right	1	15	15.03	998
15	40	4	40	10	left	right	0	15	15.609	961
16	1	4	40	10	right	right	1	15	15.69	956
16	2	4	40	10	left	right	0	13	15.348	847
16	3	4	40	10	right	right	1	10	16.779	596
16	4	4	40	10	left	right	0	12	15.852	757
16	5	4	40	10	right	right	1	11	16.176	680
16	6	4	40	10	right	right	1	15	16.112	931
16	7	4	40	10	left	right	0	13	15.24	853
16	8	4	40	10	right	right	1	9	16.245	554
16	9	4	40	10	right	right	1	9	15.358	586
16	10	4	40	10	right	left	0	9	16.216	555
16	11	4	40	10	right	right	1	16	15.61	1025
16	12	4	40	10	right	right	1	11	15.873	693
16	13	4	40	10	left	right	0	10	16.207	617
16	14	4	40	10	right	left	0	6	18.293	328
16	15	4	40	10	right	right	1	6	15.345	391
16	16	4	40	10	left	left	1	20	15.302	1307
16	17	4	40	10	left	left	1	14	15.927	879
16	18	4	40	10	left	left	1	13	15.777	824
16	19	4	40	10	left	left	1	12	15.484	775
16	20	4	40	10	left	left	1	13	15.834	821
16	21	4	40	10	right	left	0	11	16.082	684
16	22	4	40	10	left	left	1	7	16.317	429
16	23	4	40	10	left	left	1	10	15.974	626
16	24	4	40	10	left	left	1	12	15.524	773
16	25	4	40	10	right	right	1	9	15.762	571
16	26	4	40	10	left	right	0	9	16.453	547
16	27	4	40	10	left	left	1	14	16.185	865
16	28	4	40	10	right	right	1	12	15.444	777
16	29	4	40	10	right	right	1	15	15.773	951
16	30	4	40	10	left	right	0	12	15.287	785
16	31	4	40	10	right	left	0	10	16.556	604
16	32	4	40	10	left	right	0	5	15.48	323
16	33	4	40	10	right	left	0	9	15.358	586
16	34	4	40	10	right	left	0	11	15.988	688
16	35	4	40	10	left	right	0	12	15.605	769
16	36	4	40	10	right	right	1	14	16	875
16	37	4	40	10	right	right	1	13	15.403	844
16	38	4	40	10	left	left	1	13	16.169	804
16	39	4	40	10	left	left	1	16	15.459	1035
16	40	4	40	10	left	right	0	16	15.519	1031
17	1	4	40	10	left	left	1	22	15.581	1412
17	2	4	40	10	left	left	1	15	15.091	994
17	3	4	40	10	right	left	0	15	15.4	974
17	4	4	40	10	left	left	1	9	16.605	542
17	5	4	40	10	left	right	0	13	15.815	822
17	6	4	40	10	left	right	0	13	16.209	802
17	7	4	40	10	right	right	1	13	16.291	798
17	8	4	40	10	right	right	1	13	15.7	828
17	9	4	40	10	right	right	1	11	16.667	660
17	10	4	40	10	right	right	1	10	15.649	639
17	11	4	40	10	left	right	0	11	15.965	689
17	12	4	40	10	right	left	0	7	17.766	394
17	13	4	40	10	right	right	1	6	16.529	363
17	14	4	40	10	right	right	1	12	15.831	758
17	15	4	40	10	left	right	0	13	15.55	836
17	16	4	40	10	left	right	0	8	16.632	481
17	17	4	40	10	left	left	1	6	17.241	348
17	18	4	40	10	left	left	1	11	16.012	687
17	19	4	40	10	left	left	1	11	15.919	691
17	20	4	40	10	left	left	1	11	15.299	719
17	21	4	40	10	right	left	0	10	15.337	652
17	22	4	40	10	right	left	0	5	15.873	315
17	23	4	40	10	right	right	1	12	15.727	763
17	24	4	40	10	left	left	1	11	15.449	712
17	25	4	40	10	right	right	1	14	16.11	869
17	26	4	40	10	left	right	0	14	15.538	901
17	27	4	40	10	right	left	0	12	16.238	739
17	28	4	40	10	right	right	1	10	15.504	645
17	29	4	40	10	left	right	0	8	16.393	488
17	30	4	40	10	right	left	0	12	15.707	764
17	31	4	40	10	left	left	1	15	15.806	949
17	32	4	40	10	left	left	1	15	15.756	952
17	33	4	40	10	right	right	1	17	15.483	1098
17	34	4	40	10	right	left	0	14	15.748	889
17	35	4	40	10	right	left	0	12	15.645	767
17	36	4	40	10	left	left	1	7	16.432	426
17	37	4	40	10	right	right	1	11	16.393	671
17	38	4	40	10	left	left	1	10	16.181	618
17	39	4	40	10	left	right	0	11	15.714	700
17	40	4	40	10	right	left	0	7	16.627	421
18	1	4	40	10	right	right	1	24	15.171	1582
18	2	4	40	10	left	right	0	15	15.106	993
18	3	4	40	10	right	left	0	17	15.611	1089
18	4	4	40	10	left	right	0	19	15.993	1188
18	5	4	40	10	right	right	1	14	15.891	881
18	6	4	40	10	left	left	1	25	15.684	1594
18	7	4	40	10	left	left	1	24	15.494	1549
18	8	4	40	10	right	left	0	14	16.073	871
18	9	4	40	10	right	right	1	6	15.464	388
18	10	4	40	10	left	right	0	14	15.766	888
18	11	4	40	10	left	right	0	11	15.67	702
18	12	4	40	10	right	right	1	20	15.361	1302
18	13	4	40	10	left	right	0	11	15.942	690
18	14	4	40	10	left	left	1	7	16.471	425
18	15	4	40	10	left	right	0	12	15.152	792
18	16	4	40	10	right	left	0	10	15.773	634
18	17	4	40	10	right	right	1	14	16.037	873
18	18	4	40	10	left	left	1	17	15.152	1122
18	19	4	40	10	right	right	1	13	15.33	848
18	20	4	40	10	right	right	1	18	15.625	1152
18	21	4	40	10	left	right	0	16	15.748	1016
18	22	4	40	10	left	left	1	11	15.428	713
18	23	4	40	10	right	right	1	11	15.493	710
18	24	4	40	10	right	left	0	19	15.599	1218
18	25	4	40	10	left	right	0	12	16.282	737
18	26	4	40	10	left	left	1	20	15.588	1283
18	27	4	40	10	left	left	1	27	15.297	1765
18	28	4	40	10	right	left	0	24	15.414	1557
18	29	4	40	10	right	right	1	19	15.079	1260
18	30	4	40	10	right	left	0	22	15.737	1398
18	31	4	40	10	left	left	1	29	15.617	1857
18	32	4	40	10	right	right	1	15	15.322	979
18	33	4	40	10	left	right	0	16	15.296	1046
18	34	4	40	10	right	right	1	24	15.464	1552
18	35	4	40	10	left	right	0	26	15.385	1690
18	36	4	40	10	right	right	1	32	15.296	2092
18	37	4	40	10	left	right	0	28	15.66	1788
18	38	4	40	10	left	left	1	21	15.351	1368
18	39	4	40	10	right	left	0	29	15.442	1878
18	40	4	40	10	right	right	1	10	16.313	613
19	1	4	40	10	left	left	1	15	15.136	991
19	2	4	40	10	left	right	0	13	15.276	851
19	3	4	40	10	left	left	1	6	16	375
19	4	4	40	10	right	right	1	12	15.727	763
19	5	4	40	10	right	right	1	9	16.275	553
19	6	4	40	10	left	right	0	10	15.798	633
19	7	4	40	10	left	right	0	9	15.598	577
19	8	4	40	10	left	right	0	10	16.051	623
19	9	4	40	10	left	left	1	17	15.903	1069
19	10	4	40	10	right	right	1	15	15.198	987
19	11	4	40	10	right	right	1	29	15.5	1871
19	12	4	40	10	left	right	0	12	15.287	785
19	13	4	40	10	right	left	0	6	16.484	364
19	14	4	40	10	left	right	0	6	15.789	380
19	15	4	40	10	right	right	1	17	15.329	1109
19	16	4	40	10	left	right	0	14	15.695	892
19	17	4	40	10	right	right	1	10	15.576	642
19	18	4	40	10	right	right	1	12	15.686	765
19	19	4	40	10	right	right	1	9	16.949	531
19	20	4	40	10	left	right	0	11	15.559	707
19	21	4	40	10	right	right	1	13	15.834	821
19	22	4	40	10	left	left	1	16	15.109	1059
19	23	4	40	10	left	right	0	13	16.089	808
19	24	4	40	10	right	left	0	6	16.807	357
19	25	4	40	10	left	left	1	6	15.789	380
19	26	4	40	10	left	left	1	13	15.476	840
19	27	4	40	10	left	left	1	11	16.2	679
19	28	4	40	10	right	left	0	10	16.807	595
19	29	4	40	10	right	right	1	11	15.089	729
19	30	4	40	10	left	left	1	20	15.267	1310
19	31	4	40	10	right	right	1	12	15.424	778
19	32	4	40	10	right	left	0	14	16.204	864
19	33	4	40	10	right	right	1	11	15.342	717
19	34	4	40	10	right	right	1	15	16.251	923
19	35	4	40	10	right	right	1	15	16.251	923
19	36	4	40	10	left	right	0	13	15.24	853
19	37	4	40	10	right	right	1	11	16.32	674
19	38	4	40	10	left	right	0	14	15.801	886
19	39	4	40	10	left	right	0	11	15.027	732
19	40	4	40	10	right	left	0	10	15.504	645
20	1	4	40	10	left	right	0	15	15.658	958
20	2	4	40	10	right	right	1	14	15.819	885
20	3	4	40	10	right	right	1	13	15.222	854
20	4	4	40	10	right	right	1	11	15.85	694
20	5	4	40	10	left	right	0	13	15.588	834
20	6	4	40	10	left	left	1	11	15.85	694
20	7	4	40	10	right	right	1	13	15.873	819
20	8	4	40	10	left	left	1	14	15.453	906
20	9	4	40	10	left	left	1	14	16	875
20	10	4	40	10	left	left	1	13	16.01	812
20	11	4	40	10	right	left	0	14	15.713	891
20	12	4	40	10	left	right	0	6	15.267	393
20	13	4	40	10	right	right	1	11	15.406	714
20	14	4	40	10	left	left	1	18	15.437	1166
20	15	4	40	10	left	left	1	19	15.548	1222
20	16	4	40	10	left	left	1	13	15.796	823
20	17	4	40	10	right	left	0	12	15.326	783
20	18	4	40	10	right	right	1	11	16.541	665
20	19	4	40	10	right	left	0	12	15.209	789
20	20	4	40	10	left	right	0	7	16.509	424
20	21	4	40	10	right	left	0	5	17.73	282
20	22	4	40	10	right	right	1	7	15.625	448
20	23	4	40	10	right	right	1	11	15.493	710
20	24	4	40	10	left	right	0	11	15.235	722
20	25	4	40	10	right	right	1	8	16.529	484
20	26	4	40	10	left	right	0	12	16.26	738
20	27	4	40	10	right	right	1	10	15.924	628
20	28	4	40	10	right	right	1	15	15.773	951
20	29	4	40	10	right	left	0	17	15.165	1121
20	30	4	40	10	left	left	1	9	16.886	533
20	31	4	40	10	right	right	1	14	15.538	901
20	32	4	40	10	left	left	1	19	15.249	1246
20	33	4	40	10	right	right	1	14	15.766	888
20	34	4	40	10	left	left	1	11	15.089	729
20	35	4	40	10	left	left	1	14	15.267	917
20	36	4	40	10	left	right	0	15	16.181	927
20	37	4	40	10	right	right	1	14	15.66	894
20	38	4	40	10	left	right	0	17	15.639	1087
20	39	4	40	10	right	left	0	41	15.333	2674
20	40	4	40	10	left	right	0	14	15.677	893
21	1	4	40	10	left	left	1	25	15.142	1651
21	2	4	40	10	right	right	1	12	16.151	743
21	3	4	40	10	left	left	1	13	15.258	852
21	4	4	40	10	left	left	1	14	15.556	900
21	5	4	40	10	left	left	1	12	16.021	749
21	6	4	40	10	right	right	1	9	15.544	579
21	7	4	40	10	left	right	0	12	16.043	748
21	8	4	40	10	right	left	0	7	16.241	431
21	9	4	40	10	right	right	1	6	15.306	392
21	10	4	40	10	right	right	1	10	16.103	621
21	11	4	40	10	left	right	0	11	16.035	686
21	12	4	40	10	right	tooFast	2	3	19.868	151
21	13	4	40	10	left	left	1	10	15.974	626
21	14	4	40	10	left	left	1	11	15.027	732
21	15	4	40	10	right	left	0	12	15.306	784
21	16	4	40	10	left	right	0	10	16.779	596
21	17	4	40	10	right	right	1	9	15.789	570
21	18	4	40	10	left	right	0	16	15.459	1035
21	19	4	40	10	right	left	0	12	15.209	789
21	20	4	40	10	right	right	1	20	15.337	1304
21	21	4	40	10	left	right	0	15	15.322	979
21	22	4	40	10	right	right	1	13	16.03	811
21	23	4	40	10	left	left	1	19	15.587	1219
21	24	4	40	10	left	right	0	16	15.564	1028
21	25	4	40	10	left	right	0	19	15.664	1213
21	26	4	40	10	right	left	0	13	15.719	827
21	27	4	40	10	left	left	1	13	15.644	831
21	28	4	40	10	right	right	1	18	15.332	1174
21	29	4	40	10	right	right	1	24	15.717	1527
21	30	4	40	10	left	left	1	22	15.537	1416
21	31	4	40	10	left	left	1	11	16.616	662
21	32	4	40	10	left	left	1	7	15.021	466
21	33	4	40	10	right	right	1	9	16.822	535
21	34	4	40	10	right	right	1	7	15.945	439
21	35	4	40	10	left	right	0	7	15.453	453
21	36	4	40	10	right	right	1	11	16.566	664
21	37	4	40	10	right	right	1	11	15.559	707
21	38	4	40	10	right	right	1	9	16.822	535
21	39	4	40	10	right	right	1	10	16.26	615
21	40	4	40	10	left	right	0	9	16.043	561
22	1	4	40	10	left	left	1	25	15.538	1609
22	2	4	40	10	right	left	0	9	15.734	572
22	3	4	40	10	right	left	0	6	17.751	338
22	4	4	40	10	left	left	1	8	15.842	505
22	5	4	40	10	right	left	0	14	15.891	881
22	6	4	40	10	left	left	1	6	17.143	350
22	7	4	40	10	left	left	1	11	16.153	681
22	8	4	40	10	left	left	1	11	16.058	685
22	9	4	40	10	right	left	0	20	15.516	1289
22	10	4	40	10	right	left	0	8	16.913	473
22	11	4	40	10	right	right	1	7	16.055	436
22	12	4	40	10	right	right	1	10	16.639	601
22	13	4	40	10	left	right	0	11	15.919	691
22	14	4	40	10	right	left	0	6	18.072	332
22	15	4	40	10	right	right	1	10	16.155	619
22	16	4	40	10	left	left	1	15	15.167	989
22	17	4	40	10	left	left	1	11	15.625	704
22	18	4	40	10	right	left	0	10	14.97	668
22	19	4	40	10	right	left	0	9	16.423	548
22	20	4	40	10	right	left	0	6	16.949	354
22	21	4	40	10	left	left	1	12	15.444	777
22	22	4	40	10	left	left	1	21	15.351	1368
22	23	4	40	10	left	left	1	12	15.852	757
22	24	4	40	10	left	left	1	12	15.584	770
22	25	4	40	10	right	left	0	11	15.805	696
22	26	4	40	10	left	left	1	11	16.717	658
22	27	4	40	10	right	left	0	10	16.75	597
22	28	4	40	10	right	left	0	12	15.727	763
22	29	4	40	10	left	right	0	7	15.152	462
22	30	4	40	10	right	right	1	7	16.787	417
22	31	4	40	10	left	right	0	13	15.834	821
22	32	4	40	10	right	right	1	9	16.729	538
22	33	4	40	10	right	left	0	13	16.049	810
22	34	4	40	10	left	left	1	5	15.773	317
22	35	4	40	10	left	left	1	7	17.157	408
22	36	4	40	10	right	left	0	10	15.314	653
22	37	4	40	10	left	right	0	6	18.072	332
22	38	4	40	10	left	left	1	4	15.873	252
22	39	4	40	10	right	left	0	7	16.949	413
22	40	4	40	10	left	right	0	6	15.707	382
23	1	4	40	10	left	left	1	11	15.647	703
23	2	4	40	10	left	right	0	9	16.216	555
23	3	4	40	10	left	left	1	5	18.382	272
23	4	4	40	10	right	left	0	9	16.245	554
23	5	4	40	10	left	tooFast	2	4	18.605	215
23	6	4	40	10	left	left	1	9	15.332	587
23	7	4	40	10	right	left	0	7	15.251	459
23	8	4	40	10	right	left	0	8	15.905	503
23	9	4	40	10	right	right	1	7	17.073	410
23	10	4	40	10	right	right	1	9	15.679	574
23	11	4	40	10	left	right	0	11	16.012	687
23	12	4	40	10	right	right	1	11	16.345	673
23	13	4	40	10	right	right	1	12	15.228	788
23	14	4	40	10	left	right	0	14	15.59	898
23	15	4	40	10	right	right	1	12	15.936	753
23	16	4	40	10	right	right	1	15	15.4	974
23	17	4	40	10	right	right	1	12	16.282	737
23	18	4	40	10	right	right	1	10	16.287	614
23	19	4	40	10	left	left	1	8	15.842	505
23	20	4	40	10	left	left	1	9	16.071	560
23	21	4	40	10	right	right	1	10	15.823	632
23	22	4	40	10	right	left	0	10	16.584	603
23	23	4	40	10	right	left	0	6	16.62	361
23	24	4	40	10	right	left	0	6	16.26	369
23	25	4	40	10	left	right	0	6	16.997	353
23	26	4	40	10	left	right	0	10	16.42	609
23	27	4	40	10	left	left	1	17	15.977	1064
23	28	4	40	10	left	left	1	11	16.035	686
23	29	4	40	10	right	left	0	12	15.748	762
23	30	4	40	10	right	left	0	9	15.517	580
23	31	4	40	10	right	right	1	8	16.598	482
23	32	4	40	10	left	right	0	12	15.152	792
23	33	4	40	10	left	left	1	8	16.529	484
23	34	4	40	10	left	left	1	11	16.517	666
23	35	4	40	10	left	left	1	9	16.854	534
23	36	4	40	10	left	left	1	10	16.722	598
23	37	4	40	10	right	left	0	8	16.985	471
23	38	4	40	10	right	tooFast	2	4	17.094	234
23	39	4	40	10	left	right	0	17	15.639	1087
23	40	4	40	10	left	left	1	9	16.514	545
24	1	4	40	10	left	left	1	11	16.153	681
24	2	4	40	10	left	left	1	6	16.807	357
24	3	4	40	10	left	right	0	11	16.566	664
24	4	4	40	10	left	left	1	10	16.234	616
24	5	4	40	10	left	left	1	10	15.773	634
24	6	4	40	10	right	left	0	9	15.28	589
24	7	4	40	10	left	left	1	5	15.924	314
24	8	4	40	10	right	left	0	8	16.771	477
24	9	4	40	10	right	right	1	9	16.544	544
24	10	4	40	10	left	right	0	8	15.873	504
24	11	4	40	10	right	right	1	10	15.528	644
24	12	4	40	10	right	right	1	11	15.299	719
24	13	4	40	10	left	right	0	11	16.467	668
24	14	4	40	10	right	left	0	5	15.432	324
24	15	4	40	10	right	right	1	10	15.552	643
24	16	4	40	10	right	right	1	15	15.152	990
24	17	4	40	10	left	left	1	15	16.146	929
24	18	4	40	10	left	left	1	12	15.707	764
24	19	4	40	10	left	left	1	16	15.733	1017
24	20	4	40	10	right	left	0	11	16.035	686
24	21	4	40	10	left	right	0	9	15.679	574
24	22	4	40	10	left	right	0	13	15.854	820
24	23	4	40	10	left	right	0	9	15.845	568
24	24	4	40	10	left	left	1	13	15.385	845
24	25	4	40	10	right	right	1	15	16.216	925
24	26	4	40	10	right	left	0	18	15.972	1127
24	27	4	40	10	left	left	1	10	15.552	643
24	28	4	40	10	left	left	1	17	16.008	1062
24	29	4	40	10	right	right	1	16	15.595	1026
24	30	4	40	10	right	left	0	13	15.644	831
24	31	4	40	10	right	right	1	17	15.683	1084
24	32	4	40	10	right	right	1	17	15.371	1106
24	33	4	40	10	right	right	1	18	15.845	1136
24	34	4	40	10	right	right	1	16	15.519	1031
24	35	4	40	10	left	right	0	13	15.403	844
24	36	4	40	10	left	left	1	8	15.123	529
24	37	4	40	10	left	right	0	11	15.257	721
24	38	4	40	10	right	right	1	9	15.789	570
24	39	4	40	10	right	right	1	15	15.322	979
24	40	4	40	10	right	right	1	15	16.199	926
