
blkNum	trlNum	coherentDots	numberofDots	percentCoherence	winningDirection	response	correct	eventCount	averageFrameRate	RT
1	1	4	40	10	right	left	0	38	15.304	2483
1	2	4	40	10	left	left	1	26	15.385	1690
1	3	4	40	10	right	right	1	27	15.211	1775
1	4	4	40	10	left	left	1	28	15.16	1847
1	5	4	40	10	left	right	0	16	15.764	1015
1	6	4	40	10	left	left	1	32	15.202	2105
1	7	4	40	10	left	right	0	36	15.293	2354
1	8	4	40	10	right	left	0	9	16.636	541
1	9	4	40	10	left	left	1	8	16.064	498
1	10	4	40	10	left	left	1	27	15.271	1768
1	11	4	40	10	left	left	1	28	15.625	1792
1	12	4	40	10	right	left	0	26	15.7	1656
1	13	4	40	10	left	right	0	23	15.614	1473
1	14	4	40	10	left	right	0	21	15.825	1327
1	15	4	40	10	left	right	0	21	15.453	1359
1	16	4	40	10	right	right	1	29	15.352	1889
1	17	4	40	10	right	right	1	38	15.2	2500
1	18	4	40	10	right	right	1	23	15.808	1455
1	19	4	40	10	left	right	0	27	15.22	1774
1	20	4	40	10	right	left	0	19	16.007	1187
1	21	4	40	10	left	left	1	24	15.625	1536
1	22	4	40	10	left	left	1	35	15.556	2250
1	23	4	40	10	left	right	0	42	15.458	2717
1	24	4	40	10	right	right	1	19	15.9	1195
1	25	4	40	10	right	right	1	15	15.432	972
1	26	4	40	10	left	left	1	23	15.478	1486
1	27	4	40	10	left	left	1	25	15.337	1630
2	1	4	40	10	left	right	0	37	15.296	2419
2	2	4	40	10	left	left	1	9	16.791	536
2	3	4	40	10	right	right	1	18	15.957	1128
2	4	4	40	10	left	right	0	16	15.166	1055
2	5	4	40	10	left	left	1	6	15.584	385
2	6	4	40	10	right	left	0	23	15.405	1493
2	7	4	40	10	left	right	0	11	16.32	674
2	8	4	40	10	right	left	0	5	18.182	275
2	9	4	40	10	right	left	0	19	15.82	1201
2	10	4	40	10	right	left	0	15	15.275	982
2	11	4	40	10	right	left	0	10	16.077	622
2	12	4	40	10	left	left	1	9	16.886	533
2	13	4	40	10	left	right	0	18	15.451	1165
2	14	4	40	10	left	left	1	22	15.703	1401
2	15	4	40	10	right	right	1	38	15.133	2511
2	16	4	40	10	left	left	1	26	15.682	1658
2	17	4	40	10	left	right	0	24	15.635	1535
2	18	4	40	10	right	left	0	33	15.406	2142
2	19	4	40	10	right	right	1	10	16.556	604
2	20	4	40	10	right	left	0	15	15.045	997
2	21	4	40	10	left	right	0	5	16.611	301
2	22	4	40	10	right	left	0	5	15.48	323
2	23	4	40	10	right	left	0	24	15.355	1563
2	24	4	40	10	left	right	0	12	15.424	778
2	25	4	40	10	right	left	0	24	15.18	1581
2	26	4	40	10	left	left	1	17	15.568	1092
2	27	4	40	10	right	left	0	25	15.366	1627
2	28	4	40	10	right	right	1	34	15.483	2196
2	29	4	40	10	right	right	1	29	15.183	1910
2	30	4	40	10	right	left	0	20	15.798	1266
2	31	4	40	10	left	right	0	17	15.165	1121
2	32	4	40	10	left	left	1	11	16.082	684
3	1	4	40	10	right	right	1	33	15.537	2124
3	2	4	40	10	left	right	0	19	15.873	1197
3	3	4	40	10	left	left	1	12	16.086	746
3	4	4	40	10	left	left	1	15	16.181	927
3	5	4	40	10	left	left	1	14	15.891	881
3	6	4	40	10	right	right	1	23	15.52	1482
3	7	4	40	10	left	right	0	19	15.188	1251
3	8	4	40	10	left	left	1	12	15.113	794
3	9	4	40	10	right	right	1	28	15.086	1856
3	10	4	40	10	right	right	1	23	15.689	1466
3	11	4	40	10	left	left	1	18	15.598	1154
3	12	4	40	10	right	right	1	20	15.14	1321
3	13	4	40	10	right	left	0	22	15.748	1397
3	14	4	40	10	left	right	0	15	15.89	944
3	15	4	40	10	left	right	0	21	15.625	1344
3	16	4	40	10	right	right	1	27	15.689	1721
3	17	4	40	10	right	right	1	22	15.625	1408
3	18	4	40	10	left	right	0	27	15.289	1766
3	19	4	40	10	right	right	1	22	15.782	1394
3	20	4	40	10	left	left	1	13	15.777	824
3	21	4	40	10	right	left	0	22	15.625	1408
3	22	4	40	10	left	right	0	42	15.334	2739
3	23	4	40	10	left	left	1	17	15.741	1080
3	24	4	40	10	right	left	0	50	15.179	3294
3	25	4	40	10	left	right	0	5	18.315	273
3	26	4	40	10	right	tooFast	2	3	15.707	191
3	27	4	40	10	right	left	0	30	15.283	1963
3	28	4	40	10	left	right	0	9	15.517	580
3	29	4	40	10	left	right	0	25	15.225	1642
3	30	4	40	10	right	left	0	9	16.187	556
3	31	4	40	10	right	left	0	12	16.107	745
4	1	4	40	10	left	right	0	29	15.368	1887
4	2	4	40	10	right	left	0	26	15.71	1655
4	3	4	40	10	left	right	0	28	15.495	1807
4	4	4	40	10	right	right	1	22	15.235	1444
4	5	4	40	10	left	left	1	20	15.117	1323
4	6	4	40	10	left	right	0	28	15.564	1799
4	7	4	40	10	right	left	0	13	15.854	820
4	8	4	40	10	right	right	1	31	15.316	2024
4	9	4	40	10	left	right	0	26	15.339	1695
4	10	4	40	10	left	right	0	35	15.344	2281
4	11	4	40	10	left	left	1	24	15.123	1587
4	12	4	40	10	left	left	1	33	15.356	2149
4	13	4	40	10	left	right	0	24	15.085	1591
4	14	4	40	10	right	left	0	13	15.366	846
4	15	4	40	10	right	right	1	12	15.748	762
4	16	4	40	10	left	right	0	20	15.81	1265
4	17	4	40	10	left	left	1	11	15.647	703
4	18	4	40	10	left	left	1	20	15.48	1292
4	19	4	40	10	right	left	0	37	15.475	2391
4	20	4	40	10	right	right	1	9	15.332	587
4	21	4	40	10	right	right	1	18	15.789	1140
4	22	4	40	10	right	right	1	22	15.246	1443
4	23	4	40	10	right	right	1	20	15.209	1315
4	24	4	40	10	right	right	1	22	15.726	1399
4	25	4	40	10	left	right	0	19	13.669	1390
4	26	4	40	10	left	left	1	9	15.845	568
4	27	4	40	10	right	left	0	27	15.553	1736
4	28	4	40	10	right	right	1	13	16.01	812
4	29	4	40	10	left	right	0	24	15.434	1555
4	30	4	40	10	left	left	1	15	16.129	930
5	1	4	40	10	right	right	1	26	15.231	1707
5	2	4	40	10	left	right	0	25	15.615	1601
5	3	4	40	10	left	left	1	45	15.322	2937
5	4	4	40	10	left	right	0	45	15.507	2902
5	5	4	40	10	left	right	0	20	15.625	1280
5	6	4	40	10	right	right	1	20	15.81	1265
5	7	4	40	10	left	right	0	29	15.271	1899
5	8	4	40	10	left	left	1	15	15.974	939
5	9	4	40	10	right	left	0	22	15.395	1429
5	10	4	40	10	left	right	0	24	15.375	1561
5	11	4	40	10	left	left	1	33	15.508	2128
5	12	4	40	10	left	left	1	34	15.281	2225
5	13	4	40	10	right	left	0	31	15.531	1996
5	14	4	40	10	left	right	0	18	15.652	1150
5	15	4	40	10	right	left	0	11	15.428	713
5	16	4	40	10	right	right	1	6	15.19	395
5	17	4	40	10	left	left	1	29	15.5	1871
5	18	4	40	10	left	right	0	38	15.218	2497
5	19	4	40	10	left	left	1	6	16.304	368
5	20	4	40	10	left	right	0	45	15.265	2948
5	21	4	40	10	left	left	1	23	15.303	1503
5	22	4	40	10	right	right	1	37	15.365	2408
5	23	4	40	10	right	left	0	50	15.47	3232
5	24	4	40	10	right	right	1	27	15.186	1778
5	25	4	40	10	left	right	0	51	15.389	3314
6	1	4	40	10	left	left	1	55	15.181	3623
6	2	4	40	10	left	left	1	44	15.241	2887
6	3	4	40	10	left	left	1	47	15.166	3099
6	4	4	40	10	right	right	1	29	15.458	1876
6	5	4	40	10	right	left	0	27	15.716	1718
6	6	4	40	10	left	left	1	29	15.483	1873
6	7	4	40	10	right	right	1	25	15.366	1627
6	8	4	40	10	right	right	1	19	15.335	1239
6	9	4	40	10	left	right	0	27	15.194	1777
6	10	4	40	10	left	right	0	92	15.28	6021
6	11	4	40	10	left	left	1	16	15.64	1023
6	12	4	40	10	left	right	0	41	15.513	2643
6	13	4	40	10	right	left	0	25	15.567	1606
6	14	4	40	10	right	right	1	35	15.419	2270
6	15	4	40	10	left	right	0	54	15.194	3554
6	16	4	40	10	right	left	0	44	15.167	2901
6	17	4	40	10	left	right	0	72	15.313	4702
6	18	4	40	10	right	left	0	8	16.227	493
6	19	4	40	10	right	right	1	19	15.82	1201
6	20	4	40	10	right	left	0	17	15.274	1113
7	1	4	40	10	left	left	1	33	15.335	2152
7	2	4	40	10	left	right	0	38	15.261	2490
7	3	4	40	10	left	left	1	13	16.089	808
7	4	4	40	10	left	right	0	28	15.495	1807
7	5	4	40	10	right	left	0	32	15.18	2108
7	6	4	40	10	left	right	0	15	16.287	921
7	7	4	40	10	right	right	1	18	15.306	1176
7	8	4	40	10	left	right	0	20	15.42	1297
7	9	4	40	10	left	left	1	31	15.617	1985
7	10	4	40	10	left	left	1	29	15.312	1894
7	11	4	40	10	left	left	1	28	15.276	1833
7	12	4	40	10	right	right	1	25	15.605	1602
7	13	4	40	10	left	left	1	29	15.45	1877
7	14	4	40	10	right	right	1	22	15.46	1423
7	15	4	40	10	right	left	0	40	15.534	2575
7	16	4	40	10	left	right	0	42	15.267	2751
7	17	4	40	10	left	left	1	32	15.64	2046
7	18	4	40	10	left	left	1	21	15.141	1387
7	19	4	40	10	left	right	0	71	15.246	4657
7	20	4	40	10	right	left	0	19	15.94	1192
7	21	4	40	10	right	right	1	64	15.337	4173
7	22	4	40	10	left	right	0	63	15.166	4154
8	1	4	40	10	left	right	0	26	15.625	1664
8	2	4	40	10	left	left	1	49	15.423	3177
8	3	4	40	10	left	left	1	37	15.183	2437
8	4	4	40	10	left	right	0	26	15.504	1677
8	5	4	40	10	left	right	0	29	15.239	1903
8	6	4	40	10	right	left	0	27	15.562	1735
8	7	4	40	10	left	right	0	49	15.453	3171
8	8	4	40	10	left	left	1	22	15.331	1435
8	9	4	40	10	right	right	1	15	15.991	938
8	10	4	40	10	left	left	1	23	15.829	1453
8	11	4	40	10	left	left	1	39	15.354	2540
8	12	4	40	10	right	right	1	25	15.319	1632
8	13	4	40	10	left	left	1	14	15.301	915
8	14	4	40	10	left	right	0	35	15.371	2277
8	15	4	40	10	right	right	1	23	15.232	1510
8	16	4	40	10	right	left	0	18	15.319	1175
8	17	4	40	10	right	right	1	35	15.487	2260
8	18	4	40	10	right	left	0	30	15.369	1952
8	19	4	40	10	left	right	0	31	15.189	2041
8	20	4	40	10	right	left	0	23	15.829	1453
8	21	4	40	10	right	right	1	33	15.158	2177
8	22	4	40	10	left	right	0	47	15.329	3066
8	23	4	40	10	left	left	1	33	15.278	2160
8	24	4	40	10	right	left	0	41	15.112	2713
9	1	4	40	10	right	right	1	40	15.426	2593
9	2	4	40	10	left	left	1	50	15.366	3254
9	3	4	40	10	left	left	1	21	15.59	1347
9	4	4	40	10	right	right	1	30	15.496	1936
9	5	4	40	10	left	left	1	25	15.133	1652
9	6	4	40	10	left	left	1	23	15.625	1472
9	7	4	40	10	right	right	1	19	15.127	1256
9	8	4	40	10	right	right	1	27	15.254	1770
9	9	4	40	10	left	left	1	48	15.335	3130
9	10	4	40	10	left	right	0	41	15.191	2699
9	11	4	40	10	left	left	1	17	15.399	1104
9	12	4	40	10	left	right	0	22	15.385	1430
9	13	4	40	10	right	left	0	30	15.48	1938
9	14	4	40	10	right	right	1	26	15.231	1707
9	15	4	40	10	right	left	0	46	15.127	3041
9	16	4	40	10	right	right	1	24	15.335	1565
9	17	4	40	10	right	right	1	34	15.179	2240
9	18	4	40	10	left	right	0	30	15.152	1980
9	19	4	40	10	right	right	1	19	15.561	1221
9	20	4	40	10	left	left	1	17	15.539	1094
9	21	4	40	10	left	left	1	30	15.584	1925
9	22	4	40	10	left	right	0	42	15.217	2760
9	23	4	40	10	right	left	0	32	15.34	2086
9	24	4	40	10	right	left	0	47	15.205	3091
10	1	4	40	10	right	right	1	35	15.364	2278
10	2	4	40	10	right	left	0	31	15.294	2027
10	3	4	40	10	right	right	1	32	15.648	2045
10	4	4	40	10	right	right	1	54	15.22	3548
10	5	4	40	10	right	right	1	31	15.369	2017
10	6	4	40	10	right	left	0	30	15.377	1951
10	7	4	40	10	left	left	1	21	15.43	1361
10	8	4	40	10	left	left	1	36	15.113	2382
10	9	4	40	10	right	right	1	24	15.738	1525
10	10	4	40	10	left	left	1	48	15.199	3158
10	11	4	40	10	right	right	1	19	15.612	1217
10	12	4	40	10	right	right	1	26	15.16	1715
10	13	4	40	10	left	left	1	28	15.547	1801
10	14	4	40	10	left	left	1	19	15.212	1249
10	15	4	40	10	left	left	1	15	15.306	980
10	16	4	40	10	right	right	1	38	15.23	2495
10	17	4	40	10	right	left	0	46	15.167	3033
10	18	4	40	10	left	left	1	28	15.642	1790
10	19	4	40	10	right	right	1	34	15.364	2213
10	20	4	40	10	right	left	0	31	15.5	2000
10	21	4	40	10	right	right	1	28	15.538	1802
10	22	4	40	10	left	left	1	39	15.458	2523
10	23	4	40	10	right	right	1	32	15.466	2069
10	24	4	40	10	left	left	1	22	15.482	1421
11	1	4	40	10	left	right	0	22	15.493	1420
11	2	4	40	10	left	left	1	9	15.411	584
11	3	4	40	10	left	right	0	14	15.47	905
11	4	4	40	10	left	left	1	8	15.152	528
11	5	4	40	10	left	left	1	11	15.131	727
11	6	4	40	10	right	right	1	18	15.254	1180
11	7	4	40	10	left	left	1	12	15.707	764
11	8	4	40	10	left	right	0	14	16.166	866
11	9	4	40	10	right	right	1	17	15.741	1080
11	10	4	40	10	right	right	1	20	15.361	1302
11	11	4	40	10	left	left	1	13	15.912	817
11	12	4	40	10	right	right	1	12	15.152	792
11	13	4	40	10	left	left	1	24	15.085	1591
11	14	4	40	10	left	right	0	10	16.835	594
11	15	4	40	10	right	right	1	9	15.177	593
11	16	4	40	10	left	left	1	8	16.878	474
11	17	4	40	10	left	left	1	18	15.611	1153
11	18	4	40	10	right	right	1	13	15.476	840
11	19	4	40	10	right	right	1	14	16.204	864
11	20	4	40	10	right	left	0	18	15.203	1184
11	21	4	40	10	right	left	0	17	15.441	1101
11	22	4	40	10	right	right	1	9	16.544	544
11	23	4	40	10	right	right	1	21	15.719	1336
11	24	4	40	10	right	right	1	11	16.082	684
11	25	4	40	10	left	left	1	8	15.152	528
11	26	4	40	10	left	left	1	20	15.349	1303
11	27	4	40	10	right	right	1	10	16.181	618
11	28	4	40	10	right	left	0	11	15.714	700
11	29	4	40	10	right	right	1	17	15.785	1077
11	30	4	40	10	left	left	1	11	16.296	675
11	31	4	40	10	right	right	1	14	15.234	919
11	32	4	40	10	right	right	1	16	15.385	1040
11	33	4	40	10	right	right	1	15	16.077	933
11	34	4	40	10	right	left	0	12	15.326	783
11	35	4	40	10	left	right	0	15	15.213	986
11	36	4	40	10	right	left	0	19	15.091	1259
11	37	4	40	10	left	left	1	16	15.717	1018
11	38	4	40	10	left	left	1	15	15.03	998
11	39	4	40	10	right	left	0	10	15.385	650
11	40	4	40	10	left	left	1	23	15.689	1466
11	41	4	40	10	left	right	0	18	15.598	1154
12	1	4	40	10	right	right	1	17	15.357	1107
12	2	4	40	10	right	left	0	11	16.717	658
12	3	4	40	10	left	right	0	5	15.924	314
12	4	4	40	10	left	tooFast	2	3	17.751	169
12	5	4	40	10	right	right	1	6	15.831	379
12	6	4	40	10	left	left	1	9	15.228	591
12	7	4	40	10	right	left	0	14	16.037	873
12	8	4	40	10	left	right	0	4	15.748	254
12	9	4	40	10	left	tooFast	2	2	26.667	75
12	10	4	40	10	right	left	0	6	17.699	339
12	11	4	40	10	right	right	1	6	16.529	363
12	12	4	40	10	left	left	1	16	15.519	1031
12	13	4	40	10	right	right	1	8	16.842	475
12	14	4	40	10	left	left	1	10	15.773	634
12	15	4	40	10	left	left	1	10	16.34	612
12	16	4	40	10	left	left	1	9	16.129	558
12	17	4	40	10	right	left	0	10	15.291	654
12	18	4	40	10	right	right	1	10	15.48	646
12	19	4	40	10	right	right	1	12	16.107	745
12	20	4	40	10	right	right	1	9	15.28	589
12	21	4	40	10	left	left	1	9	16.334	551
12	22	4	40	10	right	right	1	10	16.474	607
12	23	4	40	10	left	left	1	10	16	625
12	24	4	40	10	left	right	0	8	15.296	523
12	25	4	40	10	left	left	1	15	16.026	936
12	26	4	40	10	right	right	1	8	16.327	490
12	27	4	40	10	left	left	1	8	15.595	513
12	28	4	40	10	right	right	1	9	15.625	576
12	29	4	40	10	left	right	0	13	16.23	801
12	30	4	40	10	right	right	1	14	15.267	917
12	31	4	40	10	left	left	1	8	16.736	478
12	32	4	40	10	right	right	1	6	15.424	389
12	33	4	40	10	right	left	0	8	15.123	529
12	34	4	40	10	left	right	0	6	15.113	397
12	35	4	40	10	left	left	1	11	15.67	702
12	36	4	40	10	left	right	0	8	15.779	507
12	37	4	40	10	right	left	0	5	15.337	326
12	38	4	40	10	left	right	0	6	15.075	398
12	39	4	40	10	right	right	1	18	15.319	1175
12	40	4	40	10	right	left	0	13	16.109	807
12	41	4	40	10	right	tooFast	2	3	18.405	163
12	42	4	40	10	left	right	0	12	15.385	780
12	43	4	40	10	right	tooFast	2	4	17.937	223
12	44	4	40	10	left	left	1	22	15.32	1436
12	45	4	40	10	right	right	1	10	16.835	594
12	46	4	40	10	left	left	1	9	15.957	564
12	47	4	40	10	right	right	1	8	15.717	509
12	48	4	40	10	left	left	1	10	15.337	652
12	49	4	40	10	right	right	1	8	15.656	511
13	1	4	40	10	left	right	0	17	15.483	1098
13	2	4	40	10	right	tooFast	2	4	18.779	213
13	3	4	40	10	left	right	0	8	15.842	505
13	4	4	40	10	right	tooFast	2	3	16.575	181
13	5	4	40	10	left	right	0	6	18.237	329
13	6	4	40	10	right	right	1	11	16.566	664
13	7	4	40	10	left	right	0	7	15.251	459
13	8	4	40	10	left	tooFast	2	4	18.018	222
13	9	4	40	10	right	right	1	5	15.873	315
13	10	4	40	10	right	right	1	9	15.28	589
13	11	4	40	10	left	left	1	29	15.12	1918
13	12	4	40	10	right	right	1	9	16.76	537
13	13	4	40	10	right	left	0	9	16.76	537
13	14	4	40	10	right	right	1	8	15.717	509
13	15	4	40	10	left	right	0	15	16.094	932
13	16	4	40	10	right	left	0	8	16.878	474
13	17	4	40	10	left	tooFast	2	1	18.519	54
13	18	4	40	10	left	right	0	5	18.519	270
13	19	4	40	10	right	left	0	7	16.355	428
13	20	4	40	10	right	right	1	4	15.267	262
13	21	4	40	10	left	left	1	10	16.694	599
13	22	4	40	10	right	right	1	8	16.667	480
13	23	4	40	10	right	left	0	6	15.707	382
13	24	4	40	10	left	right	0	6	16.349	367
13	25	4	40	10	right	left	0	7	15.385	455
13	26	4	40	10	right	right	1	6	18.182	330
13	27	4	40	10	left	left	1	8	16.771	477
13	28	4	40	10	right	right	1	9	15.544	579
13	29	4	40	10	right	left	0	7	16.355	428
13	30	4	40	10	right	tooFast	2	3	20	150
13	31	4	40	10	left	right	0	8	16.097	497
13	32	4	40	10	right	left	0	5	18.657	268
13	33	4	40	10	right	right	1	6	17.751	338
13	34	4	40	10	left	left	1	8	16.495	485
13	35	4	40	10	right	right	1	8	16.807	476
13	36	4	40	10	left	left	1	8	16.878	474
13	37	4	40	10	right	right	1	7	15.59	449
13	38	4	40	10	left	left	1	9	16.854	534
13	39	4	40	10	left	right	0	6	15.385	390
13	40	4	40	10	left	left	1	6	17.045	352
13	41	4	40	10	left	right	0	9	16.917	532
13	42	4	40	10	right	tooFast	2	4	18.605	215
13	43	4	40	10	left	left	1	7	16.706	419
13	44	4	40	10	right	right	1	6	17.045	352
13	45	4	40	10	right	left	0	11	15.919	691
13	46	4	40	10	left	right	0	5	18.116	276
13	47	4	40	10	left	tooFast	2	4	19.048	210
13	48	4	40	10	right	right	1	8	16.461	486
13	49	4	40	10	left	left	1	6	16.086	373
13	50	4	40	10	right	right	1	7	15.317	457
14	1	4	40	10	left	right	0	15	15.4	974
14	2	4	40	10	left	tooFast	2	3	15.152	198
14	3	4	40	10	left	left	1	6	15.915	377
14	4	4	40	10	left	right	0	7	15.982	438
14	5	4	40	10	left	left	1	6	17.094	351
14	6	4	40	10	left	right	0	6	15.544	386
14	7	4	40	10	left	left	1	4	15.936	251
14	8	4	40	10	right	right	1	6	15.464	388
14	9	4	40	10	right	left	0	6	15.666	383
14	10	4	40	10	left	right	0	5	17.361	288
14	11	4	40	10	right	left	0	7	15.385	455
14	12	4	40	10	right	right	1	8	15.564	514
14	13	4	40	10	right	left	0	9	15.177	593
14	14	4	40	10	left	right	0	5	18.45	271
14	15	4	40	10	left	left	1	5	17.544	285
14	16	4	40	10	right	right	1	7	16.241	431
14	17	4	40	10	left	left	1	8	16.529	484
14	18	4	40	10	left	right	0	9	15.544	579
14	19	4	40	10	left	left	1	4	15.564	257
14	20	4	40	10	left	right	0	10	16.611	602
14	21	4	40	10	right	left	0	5	15.625	320
14	22	4	40	10	right	right	1	4	15.209	263
14	23	4	40	10	left	left	1	13	15.931	816
14	24	4	40	10	left	right	0	8	16.427	487
14	25	4	40	10	right	tooFast	2	4	17.621	227
14	26	4	40	10	left	right	0	10	15.848	631
14	27	4	40	10	left	left	1	5	15.337	326
14	28	4	40	10	right	right	1	10	16.026	624
14	29	4	40	10	right	left	0	7	17.722	395
14	30	4	40	10	right	right	1	5	18.657	268
14	31	4	40	10	right	left	0	8	16.227	493
14	32	4	40	10	left	tooFast	2	3	16.216	185
14	33	4	40	10	left	left	1	13	15.873	819
14	34	4	40	10	left	right	0	8	15.779	507
14	35	4	40	10	left	left	1	6	17.91	335
14	36	4	40	10	right	right	1	8	15.595	513
14	37	4	40	10	left	left	1	9	15.385	585
14	38	4	40	10	right	right	1	6	14.963	401
14	39	4	40	10	right	left	0	9	16.393	549
14	40	4	40	10	right	tooFast	2	3	18.405	163
14	41	4	40	10	right	right	1	9	15.28	589
14	42	4	40	10	right	left	0	9	16.854	534
14	43	4	40	10	right	right	1	11	16.692	659
14	44	4	40	10	right	left	0	10	16.287	614
14	45	4	40	10	right	tooFast	2	3	15.789	190
14	46	4	40	10	right	left	0	11	15.278	720
14	47	4	40	10	left	right	0	5	16.34	306
14	48	4	40	10	left	left	1	5	15.974	313
14	49	4	40	10	left	right	0	9	15.544	579
14	50	4	40	10	right	left	0	5	15.974	313
14	51	4	40	10	right	right	1	5	16.447	304
14	52	4	40	10	right	left	0	8	15.564	514
15	1	4	40	10	left	right	0	23	15.303	1503
15	2	4	40	10	left	left	1	5	17.065	293
15	3	4	40	10	right	right	1	10	15.48	646
15	4	4	40	10	left	left	1	7	16.787	417
15	5	4	40	10	left	right	0	7	15.453	453
15	6	4	40	10	left	left	1	6	15.625	384
15	7	4	40	10	left	left	1	10	16.34	612
15	8	4	40	10	left	left	1	9	16.364	550
15	9	4	40	10	right	right	1	9	15.464	582
15	10	4	40	10	left	left	1	10	16.474	607
15	11	4	40	10	left	right	0	10	16.42	609
15	12	4	40	10	left	left	1	5	16.502	303
15	13	4	40	10	left	left	1	6	15.267	393
15	14	4	40	10	left	right	0	8	15.936	502
15	15	4	40	10	left	right	0	9	16.791	536
15	16	4	40	10	right	right	1	6	17.192	349
15	17	4	40	10	left	left	1	8	15.123	529
15	18	4	40	10	right	right	1	15	15.136	991
15	19	4	40	10	left	right	0	15	16.251	923
15	20	4	40	10	right	left	0	7	16.129	434
15	21	4	40	10	left	right	0	5	15.823	316
15	22	4	40	10	right	tooFast	2	4	17.021	235
15	23	4	40	10	right	right	1	6	16.667	360
15	24	4	40	10	left	left	1	7	15.766	444
15	25	4	40	10	left	right	0	8	16.097	497
15	26	4	40	10	right	left	0	7	15.453	453
15	27	4	40	10	right	right	1	6	16.667	360
15	28	4	40	10	right	right	1	7	14.989	467
15	29	4	40	10	right	right	1	11	16.345	673
15	30	4	40	10	left	left	1	11	16.442	669
15	31	4	40	10	right	right	1	9	16.304	552
15	32	4	40	10	left	right	0	9	16.304	552
15	33	4	40	10	left	left	1	9	16.605	542
15	34	4	40	10	left	right	0	9	16.854	534
15	35	4	40	10	left	tooFast	2	3	17.647	170
15	36	4	40	10	right	left	0	11	15.172	725
15	37	4	40	10	right	right	1	6	16.713	359
15	38	4	40	10	left	left	1	19	15.397	1234
15	39	4	40	10	right	right	1	28	15.722	1781
15	40	4	40	10	right	left	0	6	14.815	405
15	41	4	40	10	left	tooFast	2	4	17.391	230
15	42	4	40	10	right	right	1	14	15.891	881
15	43	4	40	10	left	right	0	11	16.32	674
15	44	4	40	10	right	left	0	7	16.706	419
15	45	4	40	10	left	right	0	9	15.957	564
15	46	4	40	10	right	right	1	8	15.355	521
15	47	4	40	10	left	right	0	14	15.891	881
15	48	4	40	10	left	left	1	4	15.686	255
15	49	4	40	10	left	right	0	9	15.228	591
16	1	4	40	10	right	left	0	20	15.361	1302
16	2	4	40	10	right	left	0	14	15.521	902
16	3	4	40	10	right	left	0	11	15.027	732
16	4	4	40	10	left	left	1	13	15.366	846
16	5	4	40	10	right	right	1	14	16.241	862
16	6	4	40	10	left	left	1	16	15.656	1022
16	7	4	40	10	right	left	0	13	16.049	810
16	8	4	40	10	left	right	0	14	15.66	894
16	9	4	40	10	left	left	1	11	15.363	716
16	10	4	40	10	left	right	0	23	15.797	1456
16	11	4	40	10	left	right	0	21	15.217	1380
16	12	4	40	10	left	right	0	20	15.736	1271
16	13	4	40	10	left	right	0	12	15.645	767
16	14	4	40	10	right	right	1	10	15.576	642
16	15	4	40	10	left	right	0	33	15.356	2149
16	16	4	40	10	left	left	1	17	15.152	1122
16	17	4	40	10	right	right	1	15	15.89	944
16	18	4	40	10	right	right	1	17	15.933	1067
16	19	4	40	10	right	right	1	31	15.256	2032
16	20	4	40	10	right	right	1	32	15.511	2063
16	21	4	40	10	right	right	1	12	12.22	982
16	22	4	40	10	left	left	1	26	15.249	1705
16	23	4	40	10	left	right	0	31	15.446	2007
16	24	4	40	10	left	right	0	32	15.37	2082
16	25	4	40	10	left	left	1	16	15.296	1046
16	26	4	40	10	left	left	1	31	15.354	2019
16	27	4	40	10	right	right	1	13	15.439	842
16	28	4	40	10	left	left	1	15	16.146	929
16	29	4	40	10	right	right	1	15	15.198	987
16	30	4	40	10	left	right	0	19	15.335	1239
16	31	4	40	10	right	right	1	28	15.651	1789
16	32	4	40	10	right	right	1	38	15.391	2469
17	1	4	40	10	left	left	1	35	15.198	2303
17	2	4	40	10	left	right	0	15	15.674	957
17	3	4	40	10	left	left	1	13	15.258	852
17	4	4	40	10	left	left	1	13	16.169	804
17	5	4	40	10	right	right	1	14	15.873	882
17	6	4	40	10	right	left	0	13	15.873	819
17	7	4	40	10	left	left	1	23	15.467	1487
17	8	4	40	10	right	right	1	14	15.234	919
17	9	4	40	10	left	left	1	15	15.228	985
17	10	4	40	10	right	right	1	15	15.544	965
17	11	4	40	10	left	left	1	14	15.927	879
17	12	4	40	10	left	right	0	13	15.33	848
17	13	4	40	10	right	right	1	17	15.554	1093
17	14	4	40	10	left	left	1	25	15.518	1611
17	15	4	40	10	left	right	0	13	16.109	807
17	16	4	40	10	right	left	0	9	15.332	587
17	17	4	40	10	right	right	1	13	15.458	841
17	18	4	40	10	left	left	1	16	15.625	1024
17	19	4	40	10	left	right	0	17	15.343	1108
17	20	4	40	10	left	left	1	15	15.496	968
17	21	4	40	10	left	left	1	12	16.064	747
17	22	4	40	10	left	left	1	24	15.707	1528
17	23	4	40	10	left	left	1	19	15.212	1249
17	24	4	40	10	left	left	1	25	15.356	1628
17	25	4	40	10	left	left	1	17	15.741	1080
17	26	4	40	10	left	right	0	14	15.66	894
17	27	4	40	10	right	right	1	14	15.556	900
17	28	4	40	10	right	right	1	19	15.261	1245
17	29	4	40	10	left	left	1	19	15.055	1262
17	30	4	40	10	left	right	0	14	16.037	873
17	31	4	40	10	right	left	0	20	15.267	1310
17	32	4	40	10	left	left	1	17	15.206	1118
17	33	4	40	10	left	left	1	18	15.358	1172
17	34	4	40	10	right	right	1	35	15.211	2301
17	35	4	40	10	right	left	0	13	15.439	842
17	36	4	40	10	right	right	1	12	16.173	742
17	37	4	40	10	left	left	1	17	15.469	1099
18	1	4	40	10	right	right	1	15	15.432	972
18	2	4	40	10	left	left	1	10	16.051	623
18	3	4	40	10	left	right	0	12	15.132	793
18	4	4	40	10	right	left	0	16	15.326	1044
18	5	4	40	10	right	right	1	22	15.737	1398
18	6	4	40	10	right	right	1	32	15.595	2052
18	7	4	40	10	right	right	1	16	15.34	1043
18	8	4	40	10	right	right	1	15	15.89	944
18	9	4	40	10	right	right	1	15	16.129	930
18	10	4	40	10	right	left	0	19	15.993	1188
18	11	4	40	10	left	left	1	14	16.166	866
18	12	4	40	10	right	right	1	13	15.294	850
18	13	4	40	10	left	left	1	20	15.798	1266
18	14	4	40	10	left	left	1	35	15.317	2285
18	15	4	40	10	left	right	0	14	15.873	882
18	16	4	40	10	left	left	1	13	15.348	847
18	17	4	40	10	left	left	1	19	15.536	1223
18	18	4	40	10	left	left	1	22	15.526	1417
18	19	4	40	10	left	left	1	20	15.444	1295
18	20	4	40	10	right	right	1	20	15.408	1298
18	21	4	40	10	right	left	0	23	15.732	1462
18	22	4	40	10	left	left	1	19	16.02	1186
18	23	4	40	10	left	left	1	12	15.267	786
18	24	4	40	10	left	left	1	14	16.185	865
18	25	4	40	10	left	right	0	24	15.697	1529
18	26	4	40	10	left	left	1	14	15.351	912
18	27	4	40	10	left	left	1	16	15.984	1001
18	28	4	40	10	right	left	0	14	15.677	893
18	29	4	40	10	right	right	1	6	17.699	339
18	30	4	40	10	right	left	0	14	15.801	886
18	31	4	40	10	left	tooFast	2	2	14.286	140
18	32	4	40	10	left	left	1	14	15.801	886
18	33	4	40	10	right	right	1	13	15.951	815
18	34	4	40	10	right	left	0	15	15.152	990
18	35	4	40	10	left	right	0	10	16.051	623
18	36	4	40	10	right	left	0	9	15.679	574
18	37	4	40	10	left	left	1	17	15.933	1067
18	38	4	40	10	right	right	1	19	15.82	1201
19	1	4	40	10	right	right	1	25	15.664	1596
19	2	4	40	10	right	right	1	15	15.907	943
19	3	4	40	10	right	right	1	22	15.793	1393
19	4	4	40	10	right	right	1	21	15.637	1343
19	5	4	40	10	left	left	1	19	15.574	1220
19	6	4	40	10	left	left	1	15	15.03	998
19	7	4	40	10	left	left	1	19	15.127	1256
19	8	4	40	10	right	left	0	16	15.702	1019
19	9	4	40	10	right	right	1	13	16.311	797
19	10	4	40	10	right	right	1	18	15.267	1179
19	11	4	40	10	right	right	1	17	15.357	1107
19	12	4	40	10	right	right	1	19	15.702	1210
19	13	4	40	10	right	right	1	18	15.267	1179
19	14	4	40	10	right	left	0	13	16.169	804
19	15	4	40	10	right	right	1	11	16.2	679
19	16	4	40	10	left	left	1	16	15.109	1059
19	17	4	40	10	right	right	1	15	15.89	944
19	18	4	40	10	left	left	1	17	15.814	1075
19	19	4	40	10	right	right	1	19	15.625	1216
19	20	4	40	10	left	left	1	16	15.238	1050
19	21	4	40	10	left	right	0	19	15.435	1231
19	22	4	40	10	right	left	0	11	16.035	686
19	23	4	40	10	right	left	0	15	15.789	950
19	24	4	40	10	right	right	1	20	15.373	1301
19	25	4	40	10	right	right	1	28	15.351	1824
19	26	4	40	10	right	right	1	34	15.226	2233
19	27	4	40	10	left	right	0	37	15.289	2420
19	28	4	40	10	left	left	1	25	15.684	1594
19	29	4	40	10	left	left	1	28	15.176	1845
19	30	4	40	10	right	left	0	28	15.368	1822
19	31	4	40	10	right	right	1	28	15.326	1827
19	32	4	40	10	right	right	1	36	15.437	2332
19	33	4	40	10	left	right	0	45	15.448	2913
20	1	4	40	10	left	left	1	18	15.371	1171
20	2	4	40	10	left	right	0	17	15.247	1115
20	3	4	40	10	left	left	1	14	16.073	871
20	4	4	40	10	left	left	1	16	15.64	1023
20	5	4	40	10	left	left	1	16	15.686	1020
20	6	4	40	10	left	right	0	13	15.625	832
20	7	4	40	10	right	right	1	15	15.806	949
20	8	4	40	10	left	left	1	26	15.196	1711
20	9	4	40	10	left	right	0	12	15.852	757
20	10	4	40	10	right	right	1	18	15.306	1176
20	11	4	40	10	right	left	0	13	15.931	816
20	12	4	40	10	right	right	1	18	15.358	1172
20	13	4	40	10	right	right	1	19	15.677	1212
20	14	4	40	10	right	left	0	21	15.373	1366
20	15	4	40	10	right	right	1	32	15.267	2096
20	16	4	40	10	right	right	1	21	15.719	1336
20	17	4	40	10	right	right	1	15	16.094	932
20	18	4	40	10	left	left	1	19	15.966	1190
20	19	4	40	10	left	left	1	24	15.404	1558
20	20	4	40	10	right	left	0	32	15.511	2063
20	21	4	40	10	right	right	1	25	15.509	1612
20	22	4	40	10	right	left	0	32	15.333	2087
20	23	4	40	10	right	right	1	6	17.647	340
20	24	4	40	10	right	right	1	16	15.764	1015
20	25	4	40	10	left	left	1	15	15.839	947
20	26	4	40	10	right	left	0	23	15.405	1493
20	27	4	40	10	right	right	1	10	15.552	643
20	28	4	40	10	right	right	1	15	15.806	949
20	29	4	40	10	right	right	1	15	15.121	992
20	30	4	40	10	left	left	1	14	16	875
20	31	4	40	10	left	right	0	13	16.01	812
20	32	4	40	10	right	left	0	5	16.026	312
20	33	4	40	10	right	right	1	9	15.228	591
20	34	4	40	10	right	right	1	16	15.984	1001
20	35	4	40	10	right	right	1	19	15.561	1221
20	36	4	40	10	left	left	1	15	15.03	998
20	37	4	40	10	right	right	1	24	15.287	1570
21	1	4	40	10	right	right	1	13	15.294	850
21	2	4	40	10	left	right	0	14	15.453	906
21	3	4	40	10	left	left	1	6	15.267	393
21	4	4	40	10	right	right	1	10	16.313	613
21	5	4	40	10	left	left	1	8	15.905	503
21	6	4	40	10	left	left	1	17	15.77	1078
21	7	4	40	10	right	right	1	8	15.504	516
21	8	4	40	10	left	left	1	12	16.238	739
21	9	4	40	10	left	right	0	12	15.789	760
21	10	4	40	10	left	left	1	13	16.209	802
21	11	4	40	10	right	left	0	14	16.037	873
21	12	4	40	10	right	right	1	9	15.254	590
21	13	4	40	10	left	left	1	10	16.26	615
21	14	4	40	10	right	right	1	13	15.758	825
21	15	4	40	10	right	left	0	11	16.345	673
21	16	4	40	10	right	right	1	11	16.743	657
21	17	4	40	10	left	left	1	13	16.169	804
21	18	4	40	10	right	right	1	12	15.094	795
21	19	4	40	10	left	left	1	13	15.152	858
21	20	4	40	10	left	right	0	15	16.269	922
21	21	4	40	10	right	left	0	10	16.639	601
21	22	4	40	10	left	left	1	11	16.2	679
21	23	4	40	10	right	right	1	15	16.112	931
21	24	4	40	10	left	left	1	14	15.677	893
21	25	4	40	10	left	right	0	18	15.873	1134
21	26	4	40	10	right	left	0	14	16.166	866
21	27	4	40	10	left	right	0	6	17.493	343
21	28	4	40	10	right	right	1	10	16.447	608
21	29	4	40	10	right	right	1	17	15.497	1097
21	30	4	40	10	right	right	1	20	15.152	1320
21	31	4	40	10	left	right	0	18	15.464	1164
21	32	4	40	10	left	left	1	18	15.734	1144
21	33	4	40	10	left	left	1	23	15.797	1456
21	34	4	40	10	left	left	1	19	15.237	1247
21	35	4	40	10	right	left	0	18	15.504	1161
21	36	4	40	10	right	right	1	11	15.67	702
21	37	4	40	10	right	right	1	17	15.712	1082
21	38	4	40	10	right	right	1	12	15.152	792
21	39	4	40	10	left	right	0	13	15.815	822
21	40	4	40	10	left	right	0	17	15.497	1097
21	41	4	40	10	left	left	1	7	16.018	437
21	42	4	40	10	right	right	1	15	15.593	962
21	43	4	40	10	right	left	0	17	16.008	1062
22	1	4	40	10	right	right	1	22	15.246	1443
22	2	4	40	10	right	right	1	16	15.459	1035
22	3	4	40	10	left	left	1	19	15.638	1215
22	4	4	40	10	right	right	1	9	15.385	585
22	5	4	40	10	left	left	1	10	15.974	626
22	6	4	40	10	left	left	1	13	15.7	828
22	7	4	40	10	right	right	1	16	15.094	1060
22	8	4	40	10	right	left	0	25	15.385	1625
22	9	4	40	10	right	right	1	20	15.408	1298
22	10	4	40	10	right	left	0	13	15.532	837
22	11	4	40	10	left	right	0	6	16.216	370
22	12	4	40	10	right	left	0	11	15.068	730
22	13	4	40	10	left	left	1	16	15.81	1012
22	14	4	40	10	left	right	0	13	16.109	807
22	15	4	40	10	left	left	1	14	16.298	859
22	16	4	40	10	right	right	1	17	15.125	1124
22	17	4	40	10	left	left	1	20	15.686	1275
22	18	4	40	10	left	right	0	23	15.242	1509
22	19	4	40	10	left	left	1	18	15.491	1162
22	20	4	40	10	left	left	1	26	15.169	1714
22	21	4	40	10	left	left	1	16	15.873	1008
22	22	4	40	10	left	left	1	18	16	1125
22	23	4	40	10	left	right	0	15	15.322	979
22	24	4	40	10	right	right	1	19	15.69	1211
22	25	4	40	10	right	left	0	22	15.759	1396
22	26	4	40	10	right	right	1	30	15.625	1920
22	27	4	40	10	right	right	1	22	15.246	1443
22	28	4	40	10	left	left	1	16	15.595	1026
22	29	4	40	10	right	right	1	14	15.385	910
22	30	4	40	10	right	right	1	18	15.845	1136
22	31	4	40	10	right	left	0	15	15.907	943
22	32	4	40	10	right	right	1	14	15.801	886
22	33	4	40	10	left	right	0	22	15.374	1431
22	34	4	40	10	left	left	1	6	15.19	395
22	35	4	40	10	right	left	0	19	15.335	1239
22	36	4	40	10	right	right	1	11	15.493	710
22	37	4	40	10	right	right	1	17	15.26	1114
23	1	4	40	10	left	left	1	19	15.966	1190
23	2	4	40	10	right	right	1	12	16.304	736
23	3	4	40	10	left	left	1	14	15.284	916
23	4	4	40	10	right	right	1	11	15.32	718
23	5	4	40	10	right	right	1	15	15.723	954
23	6	4	40	10	left	left	1	9	16.393	549
23	7	4	40	10	right	right	1	9	15.491	581
23	8	4	40	10	left	right	0	14	15.521	902
23	9	4	40	10	left	left	1	8	15.296	523
23	10	4	40	10	left	right	0	14	15.713	891
23	11	4	40	10	left	left	1	12	16.282	737
23	12	4	40	10	left	left	1	21	15.195	1382
23	13	4	40	10	right	left	0	18	15.267	1179
23	14	4	40	10	right	right	1	7	16.787	417
23	15	4	40	10	left	right	0	16	15.92	1005
23	16	4	40	10	left	left	1	7	16.588	422
23	17	4	40	10	right	left	0	13	15.719	827
23	18	4	40	10	left	right	0	12	15.957	752
23	19	4	40	10	right	left	0	14	15.453	906
23	20	4	40	10	right	left	0	31	15.309	2025
23	21	4	40	10	right	left	0	14	15.436	907
23	22	4	40	10	right	right	1	14	16.166	866
23	23	4	40	10	right	left	0	26	15.606	1666
23	24	4	40	10	left	left	1	24	15.345	1564
23	25	4	40	10	left	left	1	14	16.241	862
23	26	4	40	10	left	left	1	15	16.216	925
23	27	4	40	10	right	right	1	11	15.625	704
23	28	4	40	10	left	left	1	14	15.284	916
23	29	4	40	10	right	right	1	19	15.548	1222
23	30	4	40	10	right	left	0	20	15.349	1303
23	31	4	40	10	left	right	0	27	15.35	1759
23	32	4	40	10	left	left	1	7	15.251	459
23	33	4	40	10	right	right	1	13	15.912	817
23	34	4	40	10	right	left	0	10	16.207	617
23	35	4	40	10	right	right	1	8	16.162	495
23	36	4	40	10	left	left	1	17	15.785	1077
23	37	4	40	10	left	right	0	11	15.919	691
23	38	4	40	10	left	left	1	9	15.517	580
23	39	4	40	10	left	right	0	36	15.537	2317
24	1	4	40	10	left	right	0	17	15.233	1116
24	2	4	40	10	left	left	1	12	16.151	743
24	3	4	40	10	left	right	0	12	15.209	789
24	4	4	40	10	left	left	1	11	16.743	657
24	5	4	40	10	right	right	1	14	16.148	867
24	6	4	40	10	right	right	1	14	16.279	860
24	7	4	40	10	left	left	1	13	16.169	804
24	8	4	40	10	right	right	1	15	15.213	986
24	9	4	40	10	left	left	1	10	16.077	622
24	10	4	40	10	right	right	1	13	15.931	816
24	11	4	40	10	right	left	0	10	15.456	647
24	12	4	40	10	right	right	1	11	15.471	711
24	13	4	40	10	left	left	1	9	16.216	555
24	14	4	40	10	left	right	0	13	15.276	851
24	15	4	40	10	right	right	1	13	15.625	832
24	16	4	40	10	right	right	1	17	15.179	1120
24	17	4	40	10	right	right	1	15	16.06	934
24	18	4	40	10	right	right	1	15	15.496	968
24	19	4	40	10	left	left	1	17	15.343	1108
24	20	4	40	10	right	right	1	18	15.693	1147
24	21	4	40	10	right	right	1	21	15.602	1346
24	22	4	40	10	left	left	1	19	15.742	1207
24	23	4	40	10	left	left	1	18	15.306	1176
24	24	4	40	10	right	left	0	20	15.337	1304
24	25	4	40	10	left	right	0	19	15.612	1217
24	26	4	40	10	right	left	0	5	17.007	294
24	27	4	40	10	left	right	0	11	15.537	708
24	28	4	40	10	right	right	1	12	15.686	765
24	29	4	40	10	left	left	1	16	15.109	1059
24	30	4	40	10	right	left	0	30	15.56	1928
24	31	4	40	10	right	right	1	16	15.61	1025
24	32	4	40	10	left	left	1	14	15.538	901
24	33	4	40	10	right	right	1	13	15.513	838
24	34	4	40	10	right	left	0	13	15.971	814
24	35	4	40	10	right	right	1	12	15.267	786
24	36	4	40	10	right	left	0	17	15.399	1104
24	37	4	40	10	left	right	0	11	16.492	667
24	38	4	40	10	right	right	1	12	16.064	747
24	39	4	40	10	right	right	1	19	15.31	1241
24	40	4	40	10	right	left	0	9	15.332	587
24	41	4	40	10	right	right	1	9	15.817	569
