
blkNum	trlNum	coherentDots	numberofDots	percentCoherence	winningDirection	response	correct	eventCount	averageFrameRate	RT
1	1	4	40	10	left	left	1	49	15.346	3193
1	2	4	40	10	right	right	1	50	15.366	3254
1	3	4	40	10	right	left	0	56	15.334	3652
1	4	4	40	10	right	right	1	35	15.562	2249
1	5	4	40	10	left	left	1	31	15.586	1989
1	6	4	40	10	right	right	1	30	15.472	1939
1	7	4	40	10	right	left	0	23	15.052	1528
1	8	4	40	10	right	left	0	37	15.481	2390
1	9	4	40	10	right	right	1	30	15.159	1979
1	10	4	40	10	right	right	1	27	15.332	1761
1	11	4	40	10	left	right	0	27	15.482	1744
1	12	4	40	10	right	right	1	39	15.403	2532
1	13	4	40	10	right	left	0	38	15.472	2456
1	14	4	40	10	right	right	1	31	15.454	2006
1	15	4	40	10	left	left	1	66	15.235	4332
1	16	4	40	10	left	left	1	59	15.214	3878
1	17	4	40	10	right	left	0	77	15.266	5044
1	18	4	40	10	left	left	1	88	15.138	5813
2	1	4	40	10	left	left	1	15	15.432	972
2	2	4	40	10	right	left	0	50	15.319	3264
2	3	4	40	10	left	left	1	20	15.492	1291
2	4	4	40	10	right	right	1	28	15.495	1807
2	5	4	40	10	right	left	0	27	15.553	1736
2	6	4	40	10	left	left	1	28	15.582	1797
2	7	4	40	10	right	right	1	29	15.583	1861
2	8	4	40	10	right	left	0	18	15.957	1128
2	9	4	40	10	left	left	1	17	15.799	1076
2	10	4	40	10	right	right	1	31	15.115	2051
2	11	4	40	10	right	right	1	27	15.05	1794
2	12	4	40	10	left	right	0	35	15.277	2291
2	13	4	40	10	right	left	0	10	14.948	669
2	14	4	40	10	right	right	1	6	15.385	390
2	15	4	40	10	right	right	1	12	15.287	785
2	16	4	40	10	right	right	1	13	16.089	808
2	17	4	40	10	left	left	1	15	15.48	969
2	18	4	40	10	left	left	1	15	15.182	988
2	19	4	40	10	left	right	0	19	15.728	1208
2	20	4	40	10	right	left	0	13	15.222	854
2	21	4	40	10	right	right	1	8	15.504	516
2	22	4	40	10	right	right	1	10	14.97	668
2	23	4	40	10	left	right	0	12	15.464	776
2	24	4	40	10	left	left	1	13	15.276	851
2	25	4	40	10	left	left	1	11	16.082	684
2	26	4	40	10	left	right	0	23	15.212	1512
2	27	4	40	10	left	right	0	10	15.456	647
2	28	4	40	10	left	right	0	21	15.544	1351
2	29	4	40	10	left	left	1	43	15.302	2810
2	30	4	40	10	left	left	1	12	15.404	779
2	31	4	40	10	right	left	0	24	15.686	1530
2	32	4	40	10	left	left	1	13	15.912	817
3	1	4	40	10	left	right	0	11	15.581	706
3	2	4	40	10	right	left	0	5	18.657	268
3	3	4	40	10	left	tooFast	2	4	17.094	234
3	4	4	40	10	left	left	1	8	15.414	519
3	5	4	40	10	right	left	0	30	15.259	1966
3	6	4	40	10	right	right	1	12	16.304	736
3	7	4	40	10	left	left	1	22	15.471	1422
3	8	4	40	10	left	right	0	39	15.064	2589
3	9	4	40	10	right	right	1	15	15.907	943
3	10	4	40	10	left	left	1	13	15.588	834
3	11	4	40	10	right	right	1	32	15.429	2074
3	12	4	40	10	left	left	1	25	15.605	1602
3	13	4	40	10	left	left	1	17	15.785	1077
3	14	4	40	10	left	left	1	28	15.59	1796
3	15	4	40	10	right	right	1	33	15.193	2172
3	16	4	40	10	left	left	1	27	15.143	1783
3	17	4	40	10	left	left	1	43	15.189	2831
3	18	4	40	10	right	right	1	38	15.354	2475
3	19	4	40	10	left	right	0	46	15.431	2981
3	20	4	40	10	right	left	0	14	15.608	897
3	21	4	40	10	right	right	1	16	15.519	1031
3	22	4	40	10	left	left	1	41	15.454	2653
3	23	4	40	10	right	left	0	43	15.216	2826
3	24	4	40	10	right	left	0	20	15.504	1290
3	25	4	40	10	right	right	1	11	15.385	715
3	26	4	40	10	left	right	0	20	15.823	1264
3	27	4	40	10	right	right	1	17	15.741	1080
3	28	4	40	10	right	left	0	78	15.261	5111
4	1	4	40	10	left	left	1	40	15.129	2644
4	2	4	40	10	left	left	1	26	15.449	1683
4	3	4	40	10	right	right	1	42	15.345	2737
4	4	4	40	10	right	right	1	27	15.05	1794
4	5	4	40	10	left	right	0	33	15.551	2122
4	6	4	40	10	left	left	1	13	15.931	816
4	7	4	40	10	right	left	0	22	15.816	1391
4	8	4	40	10	left	left	1	27	15.455	1747
4	9	4	40	10	left	right	0	24	15.686	1530
4	10	4	40	10	left	right	0	15	15.48	969
4	11	4	40	10	right	left	0	7	15.054	465
4	12	4	40	10	left	left	1	20	15.468	1293
4	13	4	40	10	left	left	1	37	15.41	2401
4	14	4	40	10	right	left	0	39	15.324	2545
4	15	4	40	10	right	right	1	52	15.249	3410
4	16	4	40	10	right	right	1	57	15.339	3716
4	17	4	40	10	right	right	1	34	15.247	2230
4	18	4	40	10	left	left	1	55	15.202	3618
4	19	4	40	10	left	left	1	40	15.14	2642
4	20	4	40	10	right	left	0	30	15.617	1921
4	21	4	40	10	right	right	1	18	15.943	1129
4	22	4	40	10	left	right	0	32	15.202	2105
4	23	4	40	10	left	left	1	11	15.32	718
4	24	4	40	10	right	left	0	26	15.597	1667
5	1	4	40	10	left	left	1	39	15.476	2520
5	2	4	40	10	left	left	1	26	15.152	1716
5	3	4	40	10	left	left	1	18	15.385	1170
5	4	4	40	10	right	right	1	49	15.147	3235
5	5	4	40	10	right	right	1	32	15.496	2065
5	6	4	40	10	right	right	1	25	15.538	1609
5	7	4	40	10	right	left	0	22	15.225	1445
5	8	4	40	10	right	left	0	14	15.07	929
5	9	4	40	10	left	left	1	13	14.908	872
5	10	4	40	10	left	left	1	34	15.226	2233
5	11	4	40	10	left	right	0	37	15.183	2437
5	12	4	40	10	left	left	1	16	15.459	1035
5	13	4	40	10	left	left	1	32	15.326	2088
5	14	4	40	10	right	right	1	33	15.278	2160
5	15	4	40	10	left	right	0	54	15.263	3538
5	16	4	40	10	right	right	1	34	15.145	2245
5	17	4	40	10	left	left	1	36	15.352	2345
5	18	4	40	10	left	left	1	48	15.19	3160
5	19	4	40	10	left	left	1	53	15.143	3500
5	20	4	40	10	right	left	0	35	15.405	2272
5	21	4	40	10	left	right	0	14	15.873	882
5	22	4	40	10	right	left	0	8	16.393	488
5	23	4	40	10	left	right	0	9	15.101	596
5	24	4	40	10	right	left	0	29	15.467	1875
6	1	4	40	10	right	right	1	55	15.286	3598
6	2	4	40	10	right	right	1	149	15.172	9821
6	3	4	40	10	right	left	0	60	15.326	3915
6	4	4	40	10	right	left	0	59	15.301	3856
6	5	4	40	10	right	right	1	9	15.358	586
6	6	4	40	10	left	left	1	41	15.414	2660
6	7	4	40	10	left	left	1	45	15.111	2978
6	8	4	40	10	right	right	1	59	15.167	3890
6	9	4	40	10	left	right	0	70	15.274	4583
6	10	4	40	10	right	right	1	62	15.207	4077
6	11	4	40	10	left	left	1	104	15.152	6864
6	12	4	40	10	left	left	1	45	15.27	2947
6	13	4	40	10	right	left	0	56	15.28	3665
7	1	4	40	10	right	right	1	54	15.25	3541
7	2	4	40	10	right	right	1	53	15.252	3475
7	3	4	40	10	right	right	1	45	15.131	2974
7	4	4	40	10	left	left	1	27	15.437	1749
7	5	4	40	10	right	left	0	36	15.222	2365
7	6	4	40	10	right	right	1	39	15.421	2529
7	7	4	40	10	left	right	0	52	15.134	3436
7	8	4	40	10	left	left	1	41	15.23	2692
7	9	4	40	10	left	left	1	43	15.162	2836
7	10	4	40	10	left	left	1	43	15.319	2807
7	11	4	40	10	right	left	0	45	15.192	2962
7	12	4	40	10	left	left	1	26	15.348	1694
7	13	4	40	10	left	left	1	41	15.23	2692
7	14	4	40	10	left	right	0	38	15.498	2452
7	15	4	40	10	left	left	1	31	15.362	2018
7	16	4	40	10	right	left	0	43	15.313	2808
7	17	4	40	10	right	right	1	16	16.016	999
7	18	4	40	10	right	left	0	99	15.156	6532
8	1	4	40	10	right	right	1	48	15.321	3133
8	2	4	40	10	right	right	1	31	15.377	2016
8	3	4	40	10	right	left	0	59	15.245	3870
8	4	4	40	10	right	left	0	15	15.873	945
8	5	4	40	10	left	left	1	66	15.274	4321
8	6	4	40	10	left	left	1	48	15.331	3131
8	7	4	40	10	left	left	1	43	15.248	2820
8	8	4	40	10	right	right	1	52	15.294	3400
8	9	4	40	10	right	right	1	60	15.175	3954
8	10	4	40	10	right	right	1	91	15.304	5946
8	11	4	40	10	left	right	0	60	15.349	3909
8	12	4	40	10	left	left	1	12	16.282	737
8	13	4	40	10	left	right	0	85	15.184	5598
8	14	4	40	10	right	right	1	81	15.257	5309
8	15	4	40	10	right	left	0	46	15.132	3040
9	1	4	40	10	right	right	1	40	15.134	2643
9	2	4	40	10	right	left	0	46	15.369	2993
9	3	4	40	10	left	left	1	36	15.267	2358
9	4	4	40	10	right	right	1	40	15.123	2645
9	5	4	40	10	right	left	0	28	15.385	1820
9	6	4	40	10	right	right	1	46	15.323	3002
9	7	4	40	10	left	right	0	51	15.283	3337
9	8	4	40	10	right	right	1	52	15.231	3414
9	9	4	40	10	right	right	1	36	15.404	2337
9	10	4	40	10	left	right	0	43	15.313	2808
9	11	4	40	10	right	left	0	16	15.656	1022
9	12	4	40	10	left	left	1	33	15.165	2176
9	13	4	40	10	right	right	1	35	15.337	2282
9	14	4	40	10	right	left	0	40	15.337	2608
9	15	4	40	10	left	left	1	56	15.271	3667
9	16	4	40	10	left	left	1	53	15.287	3467
9	17	4	40	10	right	left	0	46	15.257	3015
9	18	4	40	10	left	right	0	66	15.264	4324
10	1	4	40	10	left	left	1	27	15.059	1793
10	2	4	40	10	left	left	1	38	15.31	2482
10	3	4	40	10	left	left	1	33	15.242	2165
10	4	4	40	10	left	left	1	31	15.446	2007
10	5	4	40	10	left	right	0	48	15.36	3125
10	6	4	40	10	left	left	1	21	15.119	1389
10	7	4	40	10	left	right	0	30	15.353	1954
10	8	4	40	10	left	right	0	32	15.296	2092
10	9	4	40	10	left	left	1	28	15.547	1801
10	10	4	40	10	left	left	1	46	15.282	3010
10	11	4	40	10	left	left	1	43	15.216	2826
10	12	4	40	10	right	left	0	47	15.435	3045
10	13	4	40	10	right	right	1	22	15.417	1427
10	14	4	40	10	left	right	0	34	15.165	2242
10	15	4	40	10	left	left	1	12	15.404	779
10	16	4	40	10	right	right	1	49	15.303	3202
10	17	4	40	10	left	left	1	45	15.208	2959
10	18	4	40	10	left	left	1	52	15.236	3413
10	19	4	40	10	left	left	1	50	15.295	3269
10	20	4	40	10	left	right	0	51	15.343	3324
10	21	4	40	10	left	left	1	15	15.873	945
11	1	4	40	10	left	left	1	60	15.178	3953
11	2	4	40	10	right	left	0	37	15.359	2409
11	3	4	40	10	left	left	1	22	15.46	1423
11	4	4	40	10	left	left	1	51	15.26	3342
11	5	4	40	10	right	right	1	55	15.291	3597
11	6	4	40	10	right	left	0	105	15.165	6924
11	7	4	40	10	left	left	1	47	15.43	3046
11	8	4	40	10	left	right	0	62	15.23	4071
11	9	4	40	10	right	left	0	10	14.948	669
11	10	4	40	10	left	right	0	6	15.707	382
11	11	4	40	10	right	right	1	7	16.548	423
11	12	4	40	10	right	right	1	10	15.129	661
11	13	4	40	10	left	left	1	16	15.489	1033
11	14	4	40	10	right	right	1	40	15.117	2646
11	15	4	40	10	right	left	0	42	15.379	2731
11	16	4	40	10	right	left	0	23	15.614	1473
11	17	4	40	10	right	right	1	14	15.521	902
11	18	4	40	10	left	left	1	14	15.351	912
11	19	4	40	10	right	right	1	19	15.702	1210
11	20	4	40	10	right	right	1	38	15.298	2484
11	21	4	40	10	left	left	1	46	15.142	3038
11	22	4	40	10	right	right	1	30	15.377	1951
12	1	4	40	10	left	left	1	42	15.234	2757
12	2	4	40	10	right	right	1	46	15.142	3038
12	3	4	40	10	right	left	0	48	15.35	3127
12	4	4	40	10	left	right	0	47	15.225	3087
12	5	4	40	10	right	tooFast	2	4	18.868	212
12	6	4	40	10	left	left	1	9	16.544	544
12	7	4	40	10	right	left	0	47	15.334	3065
12	8	4	40	10	left	left	1	42	15.312	2743
12	9	4	40	10	left	left	1	45	15.411	2920
12	10	4	40	10	left	left	1	57	15.265	3734
12	11	4	40	10	right	left	0	61	15.189	4016
12	12	4	40	10	left	right	0	12	15.171	791
12	13	4	40	10	right	left	0	8	15.066	531
12	14	4	40	10	left	left	1	39	15.324	2545
12	15	4	40	10	left	left	1	34	15.371	2212
12	16	4	40	10	left	left	1	21	15.73	1335
12	17	4	40	10	left	left	1	28	15.326	1827
12	18	4	40	10	right	left	0	30	15.33	1957
12	19	4	40	10	right	right	1	31	15.144	2047
12	20	4	40	10	right	right	1	37	15.481	2390
12	21	4	40	10	right	right	1	48	15.277	3142
13	1	4	40	10	right	left	0	46	15.431	2981
13	2	4	40	10	left	left	1	21	15.613	1345
13	3	4	40	10	right	left	0	20	15.649	1278
13	4	4	40	10	left	left	1	18	15.639	1151
13	5	4	40	10	left	right	0	44	15.12	2910
13	6	4	40	10	right	left	0	63	15.173	4152
13	7	4	40	10	left	right	0	21	15.51	1354
13	8	4	40	10	left	left	1	20	15.198	1316
13	9	4	40	10	right	right	1	22	15.352	1433
13	10	4	40	10	right	left	0	31	15.431	2009
13	11	4	40	10	right	left	0	24	15.113	1588
13	12	4	40	10	right	right	1	11	15.896	692
13	13	4	40	10	left	right	0	26	15.178	1713
13	14	4	40	10	left	left	1	7	15.766	444
13	15	4	40	10	right	left	0	30	15.48	1938
13	16	4	40	10	left	left	1	58	15.152	3828
13	17	4	40	10	right	right	1	67	15.145	4424
13	18	4	40	10	left	left	1	46	15.227	3021
13	19	4	40	10	left	left	1	41	15.27	2685
13	20	4	40	10	right	right	1	50	15.385	3250
13	21	4	40	10	left	left	1	105	15.191	6912
14	1	4	40	10	right	right	1	54	15.267	3537
14	2	4	40	10	left	left	1	37	15.327	2414
14	3	4	40	10	left	left	1	70	15.224	4598
14	4	4	40	10	left	left	1	43	15.319	2807
14	5	4	40	10	left	left	1	38	15.46	2458
14	6	4	40	10	left	right	0	35	15.067	2323
14	7	4	40	10	right	left	0	21	15.73	1335
14	8	4	40	10	left	right	0	21	15.262	1376
14	9	4	40	10	left	left	1	8	15.779	507
14	10	4	40	10	right	left	0	33	15.2	2171
14	11	4	40	10	left	right	0	13	15.294	850
14	12	4	40	10	left	left	1	8	16.985	471
14	13	4	40	10	left	left	1	29	15.247	1902
14	14	4	40	10	left	left	1	20	15.221	1314
14	15	4	40	10	right	left	0	26	15.495	1678
14	16	4	40	10	left	left	1	25	15.394	1624
14	17	4	40	10	left	left	1	29	15.583	1861
14	18	4	40	10	left	left	1	33	15.349	2150
14	19	4	40	10	left	left	1	27	15.271	1768
14	20	4	40	10	left	left	1	38	15.273	2488
14	21	4	40	10	right	left	0	36	15.132	2379
14	22	4	40	10	left	right	0	11	16.2	679
14	23	4	40	10	left	left	1	26	15.187	1712
14	24	4	40	10	right	left	0	35	15.358	2279
15	1	4	40	10	right	right	1	64	15.264	4193
15	2	4	40	10	left	left	1	76	15.155	5015
15	3	4	40	10	left	left	1	60	15.144	3962
15	4	4	40	10	right	left	0	59	15.163	3891
15	5	4	40	10	right	right	1	49	15.255	3212
15	6	4	40	10	right	right	1	44	15.401	2857
15	7	4	40	10	left	right	0	39	15.348	2541
15	8	4	40	10	left	left	1	30	15.576	1926
15	9	4	40	10	right	left	0	43	15.259	2818
15	10	4	40	10	right	left	0	47	15.41	3050
15	11	4	40	10	left	right	0	22	15.805	1392
15	12	4	40	10	left	left	1	14	15.855	883
15	13	4	40	10	left	left	1	23	15.172	1516
15	14	4	40	10	right	left	0	25	15.272	1637
15	15	4	40	10	left	right	0	13	15.815	822
15	16	4	40	10	left	left	1	6	15.19	395
15	17	4	40	10	left	left	1	20	15.823	1264
15	18	4	40	10	left	left	1	26	15.672	1659
15	19	4	40	10	left	left	1	22	15.537	1416
15	20	4	40	10	left	left	1	36	15.464	2328
15	21	4	40	10	right	left	0	28	15.301	1830
16	1	4	40	10	right	left	0	49	15.109	3243
16	2	4	40	10	right	right	1	9	16.364	550
16	3	4	40	10	left	left	1	29	15.303	1895
16	4	4	40	10	left	left	1	25	15.451	1618
16	5	4	40	10	left	left	1	32	15.166	2110
16	6	4	40	10	right	right	1	34	15.525	2190
16	7	4	40	10	right	right	1	33	15.32	2154
16	8	4	40	10	left	right	0	40	15.273	2619
16	9	4	40	10	right	right	1	22	15.131	1454
16	10	4	40	10	left	left	1	25	15.188	1646
16	11	4	40	10	right	left	0	28	15.326	1827
16	12	4	40	10	right	right	1	16	15.253	1049
16	13	4	40	10	left	left	1	29	15.434	1879
16	14	4	40	10	right	right	1	34	15.392	2209
16	15	4	40	10	right	left	0	48	15.399	3117
16	16	4	40	10	right	left	0	22	15.482	1421
16	17	4	40	10	right	right	1	23	15.374	1496
16	18	4	40	10	right	left	0	42	15.251	2754
16	19	4	40	10	right	right	1	15	15.259	983
16	20	4	40	10	right	left	0	22	15.152	1452
16	21	4	40	10	right	left	0	16	15.733	1017
16	22	4	40	10	right	right	1	14	15.59	898
16	23	4	40	10	right	right	1	27	15.446	1748
16	24	4	40	10	left	left	1	40	15.279	2618
16	25	4	40	10	right	right	1	33	15.214	2169
17	1	4	40	10	left	left	1	21	15.533	1352
17	2	4	40	10	left	left	1	49	15.175	3229
17	3	4	40	10	left	right	0	35	15.432	2268
17	4	4	40	10	left	left	1	31	15.233	2035
17	5	4	40	10	left	left	1	26	15.029	1730
17	6	4	40	10	left	left	1	20	15.42	1297
17	7	4	40	10	right	left	0	20	15.186	1317
17	8	4	40	10	right	right	1	11	16.012	687
17	9	4	40	10	left	right	0	28	15.538	1802
17	10	4	40	10	left	left	1	10	15.06	664
17	11	4	40	10	left	left	1	96	15.183	6323
17	12	4	40	10	right	left	0	32	15.267	2096
17	13	4	40	10	right	right	1	9	15.28	589
17	14	4	40	10	right	left	0	31	15.508	1999
17	15	4	40	10	right	right	1	11	15.068	730
17	16	4	40	10	left	right	0	58	15.36	3776
17	17	4	40	10	right	left	0	57	15.16	3760
17	18	4	40	10	left	right	0	10	16.234	616
17	19	4	40	10	right	left	0	5	14.881	336
17	20	4	40	10	right	left	0	76	15.152	5016
17	21	4	40	10	right	right	1	10	15.625	640
17	22	4	40	10	left	left	1	14	15.301	915
17	23	4	40	10	left	left	1	13	15.834	821
17	24	4	40	10	left	left	1	18	15.152	1188
18	1	4	40	10	left	left	1	42	15.251	2754
18	2	4	40	10	left	left	1	25	15.596	1603
18	3	4	40	10	left	left	1	22	15.714	1400
18	4	4	40	10	left	left	1	29	15.312	1894
18	5	4	40	10	right	right	1	26	15.107	1721
18	6	4	40	10	left	left	1	30	15.56	1928
18	7	4	40	10	left	left	1	70	15.204	4604
18	8	4	40	10	left	left	1	28	15.309	1829
18	9	4	40	10	left	left	1	26	15.196	1711
18	10	4	40	10	right	right	1	50	15.333	3261
18	11	4	40	10	right	right	1	48	15.137	3171
18	12	4	40	10	left	right	0	64	15.304	4182
18	13	4	40	10	right	right	1	37	15.41	2401
18	14	4	40	10	right	left	0	42	15.34	2738
18	15	4	40	10	left	left	1	42	15.441	2720
18	16	4	40	10	right	right	1	48	15.385	3120
18	17	4	40	10	right	right	1	44	15.477	2843
18	18	4	40	10	left	left	1	59	15.277	3862
18	19	4	40	10	left	right	0	54	15.186	3556
19	1	4	40	10	right	left	0	50	15.277	3273
19	2	4	40	10	left	right	0	66	15.183	4347
19	3	4	40	10	right	left	0	19	15.188	1251
19	4	4	40	10	left	left	1	34	15.219	2234
19	5	4	40	10	left	left	1	36	15.424	2334
19	6	4	40	10	left	right	0	38	15.498	2452
19	7	4	40	10	left	left	1	16	15.123	1058
19	8	4	40	10	left	left	1	43	15.221	2825
19	9	4	40	10	right	left	0	44	15.428	2852
19	10	4	40	10	right	right	1	34	15.26	2228
19	11	4	40	10	right	right	1	40	15.152	2640
19	12	4	40	10	left	left	1	40	15.209	2630
19	13	4	40	10	left	left	1	45	15.306	2940
19	14	4	40	10	left	left	1	71	15.164	4682
19	15	4	40	10	left	left	1	87	15.303	5685
19	16	4	40	10	right	left	0	66	15.214	4338
19	17	4	40	10	right	left	0	69	15.212	4536
20	1	4	40	10	left	left	1	38	15.51	2450
20	2	4	40	10	left	left	1	51	15.269	3340
20	3	4	40	10	right	right	1	48	15.132	3172
20	4	4	40	10	left	left	1	44	15.32	2872
20	5	4	40	10	right	left	0	45	15.265	2948
20	6	4	40	10	left	right	0	13	15.495	839
20	7	4	40	10	right	left	0	42	15.323	2741
20	8	4	40	10	right	right	1	33	15.551	2122
20	9	4	40	10	left	right	0	58	15.155	3827
20	10	4	40	10	right	left	0	37	15.283	2421
20	11	4	40	10	right	left	0	53	15.358	3451
20	12	4	40	10	right	right	1	41	15.107	2714
20	13	4	40	10	right	left	0	68	15.199	4474
20	14	4	40	10	right	right	1	10	16.103	621
20	15	4	40	10	right	right	1	17	15.858	1072
20	16	4	40	10	right	right	1	22	15.559	1414
20	17	4	40	10	right	right	1	48	15.365	3124
20	18	4	40	10	left	right	0	49	15.317	3199
20	19	4	40	10	right	left	0	12	15.936	753
20	20	4	40	10	right	right	1	5	16.234	308
21	1	4	40	10	left	left	1	48	15.09	3181
21	2	4	40	10	left	left	1	25	15.161	1649
21	3	4	40	10	right	left	0	33	15.529	2125
21	4	4	40	10	left	right	0	17	15.469	1099
21	5	4	40	10	left	left	1	12	15.171	791
21	6	4	40	10	right	left	0	76	15.279	4974
21	7	4	40	10	right	right	1	49	15.365	3189
21	8	4	40	10	left	left	1	44	15.23	2889
21	9	4	40	10	left	left	1	49	15.361	3190
21	10	4	40	10	left	left	1	48	15.331	3131
21	11	4	40	10	left	left	1	37	15.183	2437
21	12	4	40	10	right	left	0	43	15.451	2783
21	13	4	40	10	right	left	0	52	15.16	3430
21	14	4	40	10	left	right	0	35	15.378	2276
21	15	4	40	10	left	left	1	9	16.605	542
21	16	4	40	10	left	left	1	17	15.639	1087
21	17	4	40	10	right	right	1	56	15.326	3654
21	18	4	40	10	left	right	0	65	15.137	4294
21	19	4	40	10	right	left	0	9	15.734	572
21	20	4	40	10	right	right	1	8	16.064	498
22	1	4	40	10	right	left	0	60	15.186	3951
22	2	4	40	10	right	right	1	26	15.439	1684
22	3	4	40	10	right	right	1	35	15.178	2306
22	4	4	40	10	right	right	1	37	15.365	2408
22	5	4	40	10	right	right	1	34	15.179	2240
22	6	4	40	10	left	left	1	45	15.106	2979
22	7	4	40	10	right	right	1	30	15.416	1946
22	8	4	40	10	right	right	1	29	15.434	1879
22	9	4	40	10	left	left	1	48	15.414	3114
22	10	4	40	10	right	right	1	59	15.218	3877
22	11	4	40	10	left	right	0	60	15.201	3947
22	12	4	40	10	left	left	1	10	15.267	655
22	13	4	40	10	left	left	1	42	15.201	2763
22	14	4	40	10	left	left	1	40	15.192	2633
22	15	4	40	10	right	right	1	52	15.317	3395
22	16	4	40	10	left	right	0	69	15.195	4541
22	17	4	40	10	left	left	1	10	15.221	657
22	18	4	40	10	left	left	1	31	15.339	2021
22	19	4	40	10	left	left	1	34	15.546	2187
22	20	4	40	10	left	left	1	42	15.19	2765
23	1	4	40	10	right	right	1	46	15.257	3015
23	2	4	40	10	left	left	1	30	15.377	1951
23	3	4	40	10	right	right	1	32	15.534	2060
23	4	4	40	10	right	left	0	59	15.093	3909
23	5	4	40	10	right	right	1	27	15.571	1734
23	6	4	40	10	left	left	1	41	15.402	2662
23	7	4	40	10	right	right	1	36	15.126	2380
23	8	4	40	10	left	left	1	33	15.544	2123
23	9	4	40	10	right	left	0	34	15.426	2204
23	10	4	40	10	left	right	0	14	15.556	900
23	11	4	40	10	left	left	1	7	17.032	411
23	12	4	40	10	right	right	1	41	15.247	2689
23	13	4	40	10	right	right	1	30	15.306	1960
23	14	4	40	10	left	right	0	34	15.476	2197
23	15	4	40	10	left	left	1	10	16.313	613
23	16	4	40	10	left	left	1	25	15.557	1607
23	17	4	40	10	right	right	1	31	15.174	2043
23	18	4	40	10	right	right	1	29	15.336	1891
23	19	4	40	10	right	left	0	40	15.209	2630
23	20	4	40	10	left	right	0	12	15.769	761
23	21	4	40	10	left	left	1	9	16.423	548
23	22	4	40	10	left	left	1	21	15.385	1365
23	23	4	40	10	left	left	1	34	15.546	2187
23	24	4	40	10	left	left	1	40	15.215	2629
23	25	4	40	10	left	left	1	35	15.125	2314
24	1	4	40	10	left	left	1	34	15.385	2210
24	2	4	40	10	left	left	1	39	15.342	2542
24	3	4	40	10	right	right	1	44	15.267	2882
24	4	4	40	10	right	right	1	38	15.188	2502
24	5	4	40	10	right	right	1	42	15.256	2753
24	6	4	40	10	left	right	0	41	15.425	2658
24	7	4	40	10	left	left	1	35	15.311	2286
24	8	4	40	10	right	left	0	39	15.507	2515
24	9	4	40	10	right	right	1	10	14.993	667
24	10	4	40	10	left	left	1	35	15.473	2262
24	11	4	40	10	left	left	1	39	15.36	2539
24	12	4	40	10	left	left	1	37	15.27	2423
24	13	4	40	10	right	left	0	48	15.459	3105
24	14	4	40	10	left	right	0	21	15.453	1359
24	15	4	40	10	right	left	0	5	17.241	290
24	16	4	40	10	right	right	1	28	15.276	1833
24	17	4	40	10	right	left	0	38	15.51	2450
24	18	4	40	10	right	left	0	14	15.47	905
24	19	4	40	10	right	right	1	7	15.909	440
24	20	4	40	10	left	left	1	20	15.373	1301
24	21	4	40	10	right	left	0	58	15.159	3826
24	22	4	40	10	right	right	1	21	15.317	1371
24	23	4	40	10	left	left	1	25	15.385	1625
