
blkNum	trlNum	coherentDots	numberofDots	percentCoherence	winningDirection	response	correct	eventCount	averageFrameRate	RT
1	1	4	40	10	left	right	0	63	15.258	4129
1	2	4	40	10	right	left	0	15	15.593	962
1	3	4	40	10	right	right	1	20	15.314	1306
1	4	4	40	10	left	left	1	19	15.664	1213
1	5	4	40	10	left	left	1	30	15.377	1951
1	6	4	40	10	right	left	0	26	15.532	1674
1	7	4	40	10	left	right	0	14	15.695	892
1	8	4	40	10	left	left	1	12	15.564	771
1	9	4	40	10	right	left	0	25	15.385	1625
1	10	4	40	10	left	left	1	27	15.194	1777
1	11	4	40	10	right	right	1	23	15.447	1489
1	12	4	40	10	right	right	1	18	15.943	1129
1	13	4	40	10	left	left	1	20	15.711	1273
1	14	4	40	10	right	right	1	18	15.371	1171
1	15	4	40	10	left	right	0	28	15.59	1796
1	16	4	40	10	right	left	0	32	15.144	2113
1	17	4	40	10	right	left	0	21	15.648	1342
1	18	4	40	10	right	right	1	15	15.496	968
1	19	4	40	10	left	left	1	22	15.504	1419
1	20	4	40	10	left	left	1	37	15.559	2378
1	21	4	40	10	right	left	0	36	15.511	2321
1	22	4	40	10	left	right	0	13	15.7	828
1	23	4	40	10	right	right	1	27	15.698	1720
1	24	4	40	10	right	right	1	54	15.241	3543
1	25	4	40	10	left	left	1	15	15.432	972
1	26	4	40	10	left	left	1	15	15.385	975
1	27	4	40	10	left	left	1	31	15.547	1994
1	28	4	40	10	right	right	1	24	15.484	1550
2	1	4	40	10	left	left	1	36	15.537	2317
2	2	4	40	10	right	left	0	21	15.498	1355
2	3	4	40	10	left	right	0	10	14.948	669
2	4	4	40	10	right	right	1	32	15.348	2085
2	5	4	40	10	right	right	1	15	15.56	964
2	6	4	40	10	left	left	1	17	15.873	1071
2	7	4	40	10	left	left	1	18	15.345	1173
2	8	4	40	10	left	left	1	24	15.738	1525
2	9	4	40	10	right	right	1	30	15.512	1934
2	10	4	40	10	right	left	0	16	15.842	1010
2	11	4	40	10	right	right	1	18	15.584	1155
2	12	4	40	10	right	right	1	28	15.739	1779
2	13	4	40	10	left	right	0	30	15.472	1939
2	14	4	40	10	left	left	1	16	15.936	1004
2	15	4	40	10	left	left	1	22	15.714	1400
2	16	4	40	10	right	right	1	24	15.564	1542
2	17	4	40	10	right	left	0	18	15.972	1127
2	18	4	40	10	left	right	0	20	15.117	1323
2	19	4	40	10	left	left	1	38	15.2	2500
2	20	4	40	10	left	right	0	19	15.536	1223
2	21	4	40	10	left	left	1	19	15.677	1212
2	22	4	40	10	left	left	1	32	15.231	2101
2	23	4	40	10	left	left	1	19	15.664	1213
2	24	4	40	10	right	left	0	14	15.66	894
2	25	4	40	10	left	right	0	16	15.936	1004
2	26	4	40	10	right	left	0	13	16.291	798
2	27	4	40	10	left	right	0	28	15.547	1801
2	28	4	40	10	right	left	0	31	15.454	2006
2	29	4	40	10	right	right	1	20	15.528	1288
2	30	4	40	10	left	right	0	39	15.354	2540
3	1	4	40	10	right	right	1	16	15.209	1052
3	2	4	40	10	right	left	0	16	15.355	1042
3	3	4	40	10	right	right	1	14	15.573	899
3	4	4	40	10	left	right	0	28	15.251	1836
3	5	4	40	10	left	left	1	10	16.155	619
3	6	4	40	10	right	left	0	23	15.082	1525
3	7	4	40	10	left	right	0	12	15.248	787
3	8	4	40	10	left	right	0	28	15.234	1838
3	9	4	40	10	left	left	1	49	15.453	3171
3	10	4	40	10	right	right	1	19	15.044	1263
3	11	4	40	10	left	left	1	22	15.267	1441
3	12	4	40	10	left	right	0	29	15.167	1912
3	13	4	40	10	right	left	0	25	15.694	1593
3	14	4	40	10	right	right	1	38	15.176	2504
3	15	4	40	10	left	left	1	36	15.293	2354
3	16	4	40	10	left	left	1	28	15.209	1841
3	17	4	40	10	right	right	1	21	15.602	1346
3	18	4	40	10	left	right	0	20	15.349	1303
3	19	4	40	10	right	left	0	33	15.11	2184
3	20	4	40	10	left	left	1	33	15.515	2127
3	21	4	40	10	left	left	1	35	15.405	2272
3	22	4	40	10	right	left	0	26	15.222	1708
3	23	4	40	10	right	right	1	14	16.222	863
3	24	4	40	10	left	left	1	19	15.044	1263
3	25	4	40	10	left	left	1	26	15.249	1705
3	26	4	40	10	right	left	0	31	15.385	2015
3	27	4	40	10	left	right	0	13	16.209	802
3	28	4	40	10	right	left	0	19	15.447	1230
4	1	4	40	10	left	right	0	23	15.395	1494
4	2	4	40	10	left	left	1	10	16.584	603
4	3	4	40	10	left	left	1	28	15.184	1844
4	4	4	40	10	left	left	1	27	15.508	1741
4	5	4	40	10	right	left	0	26	15.513	1676
4	6	4	40	10	right	right	1	20	15.552	1286
4	7	4	40	10	right	left	0	52	15.182	3425
4	8	4	40	10	right	right	1	16	15.385	1040
4	9	4	40	10	left	left	1	30	15.144	1981
4	10	4	40	10	left	left	1	27	15.323	1762
4	11	4	40	10	left	left	1	36	15.248	2361
4	12	4	40	10	right	left	0	39	15.33	2544
4	13	4	40	10	left	left	1	16	16	1000
4	14	4	40	10	right	left	0	25	15.432	1620
4	15	4	40	10	right	left	0	12	15.385	780
4	16	4	40	10	right	right	1	11	15.449	712
4	17	4	40	10	right	right	1	31	15.408	2012
4	18	4	40	10	left	right	0	29	15.608	1858
4	19	4	40	10	left	left	1	12	15.625	768
4	20	4	40	10	left	left	1	20	15.175	1318
4	21	4	40	10	left	left	1	20	15.314	1306
4	22	4	40	10	left	left	1	22	15.482	1421
4	23	4	40	10	right	left	0	13	15.7	828
4	24	4	40	10	right	left	0	15	15.89	944
4	25	4	40	10	right	right	1	8	15.656	511
4	26	4	40	10	left	left	1	15	15.045	997
4	27	4	40	10	left	left	1	15	16.269	922
4	28	4	40	10	right	right	1	24	15.355	1563
4	29	4	40	10	right	right	1	18	15.345	1173
4	30	4	40	10	right	left	0	28	15.642	1790
5	1	4	40	10	right	right	1	19	15.587	1219
5	2	4	40	10	right	left	0	37	15.34	2412
5	3	4	40	10	right	right	1	22	15.526	1417
5	4	4	40	10	left	right	0	24	15.085	1591
5	5	4	40	10	left	left	1	55	15.181	3623
5	6	4	40	10	right	left	0	25	15.635	1599
5	7	4	40	10	left	left	1	28	15.634	1791
5	8	4	40	10	right	left	0	27	15.28	1767
5	9	4	40	10	right	right	1	12	15.113	794
5	10	4	40	10	right	right	1	19	15.833	1200
5	11	4	40	10	left	left	1	22	15.428	1426
5	12	4	40	10	left	left	1	17	15.611	1089
5	13	4	40	10	left	left	1	18	15.424	1167
5	14	4	40	10	left	left	1	23	15.808	1455
5	15	4	40	10	left	left	1	24	15.171	1582
5	16	4	40	10	right	left	0	20	15.232	1313
5	17	4	40	10	left	right	0	14	15.891	881
5	18	4	40	10	right	left	0	11	15.471	711
5	19	4	40	10	left	left	1	35	15.569	2248
5	20	4	40	10	left	left	1	20	15.674	1276
5	21	4	40	10	left	left	1	26	15.339	1695
5	22	4	40	10	left	left	1	30	15.4	1948
5	23	4	40	10	left	left	1	29	15.558	1864
5	24	4	40	10	left	left	1	24	15.852	1514
5	25	4	40	10	left	right	0	16	15.224	1051
5	26	4	40	10	left	right	0	13	15.99	813
5	27	4	40	10	right	right	1	14	15.47	905
5	28	4	40	10	left	right	0	24	15.676	1531
5	29	4	40	10	left	left	1	9	15.817	569
5	30	4	40	10	left	left	1	19	15.913	1194
6	1	4	40	10	left	left	1	16	15.385	1040
6	2	4	40	10	right	right	1	46	15.267	3013
6	3	4	40	10	left	left	1	18	15.451	1165
6	4	4	40	10	right	left	0	30	15.393	1949
6	5	4	40	10	right	right	1	35	15.48	2261
6	6	4	40	10	right	left	0	29	15.152	1914
6	7	4	40	10	left	right	0	17	15.947	1066
6	8	4	40	10	right	left	0	13	16.01	812
6	9	4	40	10	left	left	1	21	15.173	1384
6	10	4	40	10	left	left	1	28	15.504	1806
6	11	4	40	10	left	left	1	24	15.094	1590
6	12	4	40	10	left	left	1	26	15.467	1681
6	13	4	40	10	right	left	0	26	15.644	1662
6	14	4	40	10	right	right	1	25	15.328	1631
6	15	4	40	10	right	right	1	32	15.304	2091
6	16	4	40	10	right	right	1	28	15.53	1803
6	17	4	40	10	right	right	1	22	15.246	1443
6	18	4	40	10	left	right	0	17	15.814	1075
6	19	4	40	10	left	left	1	6	15.424	389
6	20	4	40	10	right	left	0	18	15.504	1161
6	21	4	40	10	right	right	1	12	15.345	782
6	22	4	40	10	right	right	1	16	15.224	1051
6	23	4	40	10	left	left	1	31	15.438	2008
6	24	4	40	10	left	left	1	33	15.179	2174
6	25	4	40	10	right	left	0	28	15.41	1817
6	26	4	40	10	right	left	0	19	15.98	1189
6	27	4	40	10	left	right	0	20	15.492	1291
6	28	4	40	10	right	left	0	15	15.576	963
6	29	4	40	10	left	left	1	13	15.421	843
7	1	4	40	10	right	left	0	26	15.71	1655
7	2	4	40	10	right	right	1	22	15.193	1448
7	3	4	40	10	right	right	1	17	15.399	1104
7	4	4	40	10	right	right	1	40	15.302	2614
7	5	4	40	10	left	right	0	28	15.669	1787
7	6	4	40	10	right	right	1	16	15.873	1008
7	7	4	40	10	left	right	0	37	15.449	2395
7	8	4	40	10	left	left	1	17	15.511	1096
7	9	4	40	10	left	left	1	22	15.471	1422
7	10	4	40	10	right	left	0	44	15.379	2861
7	11	4	40	10	right	left	0	31	14.059	2205
7	12	4	40	10	right	right	1	25	15.432	1620
7	13	4	40	10	right	right	1	51	15.215	3352
7	14	4	40	10	left	right	0	55	15.38	3576
7	15	4	40	10	right	left	0	34	15.267	2227
7	16	4	40	10	right	right	1	33	15.37	2147
7	17	4	40	10	right	right	1	26	15.588	1668
7	18	4	40	10	right	right	1	29	15.483	1873
7	19	4	40	10	left	right	0	27	15.376	1756
7	20	4	40	10	left	left	1	11	15.805	696
7	21	4	40	10	left	left	1	25	15.281	1636
7	22	4	40	10	left	left	1	20	15.337	1304
7	23	4	40	10	right	left	0	28	15.393	1819
7	24	4	40	10	right	left	0	27	15.482	1744
7	25	4	40	10	left	left	1	27	15.589	1732
8	1	4	40	10	left	left	1	13	15.385	845
8	2	4	40	10	right	right	1	12	15.686	765
8	3	4	40	10	left	right	0	14	15.301	915
8	4	4	40	10	right	left	0	9	16.484	546
8	5	4	40	10	right	right	1	19	15.847	1199
8	6	4	40	10	right	right	1	20	15.723	1272
8	7	4	40	10	left	left	1	15	15.322	979
8	8	4	40	10	left	left	1	12	15.345	782
8	9	4	40	10	left	right	0	17	15.683	1084
8	10	4	40	10	left	left	1	20	15.349	1303
8	11	4	40	10	left	right	0	38	15.158	2507
8	12	4	40	10	right	right	1	31	15.485	2002
8	13	4	40	10	left	left	1	18	15.306	1176
8	14	4	40	10	right	left	0	53	15.411	3439
8	15	4	40	10	left	left	1	34	15.192	2238
8	16	4	40	10	left	left	1	17	15.712	1082
8	17	4	40	10	right	left	0	23	15.212	1512
8	18	4	40	10	left	right	0	16	15.414	1038
8	19	4	40	10	right	right	1	23	15.222	1511
8	20	4	40	10	right	left	0	14	15.217	920
8	21	4	40	10	right	left	0	32	15.101	2119
8	22	4	40	10	right	right	1	31	15.286	2028
8	23	4	40	10	right	right	1	19	15.286	1243
8	24	4	40	10	left	right	0	41	15.501	2645
8	25	4	40	10	right	left	0	38	15.479	2455
8	26	4	40	10	right	left	0	12	16.349	734
8	27	4	40	10	left	right	0	23	15.467	1487
8	28	4	40	10	left	left	1	22	15.581	1412
8	29	4	40	10	left	right	0	39	15.458	2523
9	1	4	40	10	right	right	1	39	15.372	2537
9	2	4	40	10	right	right	1	15	15.432	972
9	3	4	40	10	left	right	0	28	15.168	1846
9	4	4	40	10	right	left	0	14	15.284	916
9	5	4	40	10	left	left	1	28	15.53	1803
9	6	4	40	10	right	left	0	37	15.397	2403
9	7	4	40	10	right	right	1	24	15.306	1568
9	8	4	40	10	right	right	1	30	15.609	1922
9	9	4	40	10	left	right	0	20	15.649	1278
9	10	4	40	10	right	left	0	25	15.188	1646
9	11	4	40	10	right	left	0	28	15.094	1855
9	12	4	40	10	right	right	1	36	15.222	2365
9	13	4	40	10	left	right	0	15	15.06	996
9	14	4	40	10	left	left	1	24	15.257	1573
9	15	4	40	10	right	left	0	19	15.335	1239
9	16	4	40	10	left	left	1	16	15.905	1006
9	17	4	40	10	right	left	0	31	15.362	2018
9	18	4	40	10	right	right	1	29	15.255	1901
9	19	4	40	10	left	right	0	36	15.411	2336
9	20	4	40	10	left	left	1	14	15.59	898
9	21	4	40	10	right	left	0	24	15.355	1563
9	22	4	40	10	right	right	1	15	15.464	970
9	23	4	40	10	left	right	0	45	15.427	2917
9	24	4	40	10	right	right	1	15	16.181	927
9	25	4	40	10	left	right	0	24	15.779	1521
9	26	4	40	10	left	left	1	32	15.159	2111
9	27	4	40	10	right	left	0	30	15.504	1935
10	1	4	40	10	left	right	0	15	15.136	991
10	2	4	40	10	left	left	1	16	15.764	1015
10	3	4	40	10	right	left	0	47	15.28	3076
10	4	4	40	10	right	right	1	17	15.152	1122
10	5	4	40	10	left	left	1	16	15.137	1057
10	6	4	40	10	right	right	1	21	15.742	1334
10	7	4	40	10	left	left	1	18	15.598	1154
10	8	4	40	10	left	left	1	20	15.601	1282
10	9	4	40	10	right	left	0	22	15.471	1422
10	10	4	40	10	right	right	1	11	16.153	681
10	11	4	40	10	right	left	0	24	15.335	1565
10	12	4	40	10	left	right	0	15	15.839	947
10	13	4	40	10	left	left	1	12	16.238	739
10	14	4	40	10	left	left	1	26	15.187	1712
10	15	4	40	10	left	left	1	26	15.644	1662
10	16	4	40	10	right	left	0	32	15.61	2050
10	17	4	40	10	right	left	0	19	15.966	1190
10	18	4	40	10	left	right	0	24	15.345	1564
10	19	4	40	10	left	right	0	24	15.686	1530
10	20	4	40	10	left	left	1	17	15.165	1121
10	21	4	40	10	left	left	1	33	15.449	2136
10	22	4	40	10	right	left	0	32	15.444	2072
10	23	4	40	10	left	right	0	22	15.31	1437
10	24	4	40	10	right	left	0	18	15.721	1145
10	25	4	40	10	right	left	0	46	15.152	3036
10	26	4	40	10	right	right	1	23	15.786	1457
10	27	4	40	10	right	right	1	44	15.315	2873
10	28	4	40	10	right	right	1	25	15.576	1605
11	1	4	40	10	right	right	1	34	15.219	2234
11	2	4	40	10	right	right	1	23	15.488	1485
11	3	4	40	10	left	right	0	43	15.418	2789
11	4	4	40	10	left	left	1	11	15.214	723
11	5	4	40	10	right	left	0	33	15.392	2144
11	6	4	40	10	right	right	1	15	15.924	942
11	7	4	40	10	right	right	1	54	15.376	3512
11	8	4	40	10	right	right	1	45	15.136	2973
11	9	4	40	10	left	right	0	42	15.201	2763
11	10	4	40	10	left	left	1	30	15.617	1921
11	11	4	40	10	left	left	1	16	15.671	1021
11	12	4	40	10	right	left	0	29	15.483	1873
11	13	4	40	10	right	right	1	16	15.267	1048
11	14	4	40	10	left	left	1	18	15.544	1158
11	15	4	40	10	left	left	1	27	15.725	1717
11	16	4	40	10	left	left	1	19	15.472	1228
11	17	4	40	10	right	left	0	21	15.567	1349
11	18	4	40	10	left	left	1	15	15.907	943
11	19	4	40	10	right	left	0	27	15.616	1729
11	20	4	40	10	right	right	1	15	16.234	924
11	21	4	40	10	left	left	1	18	15.762	1142
11	22	4	40	10	right	left	0	20	15.456	1294
11	23	4	40	10	right	left	0	16	15.195	1053
11	24	4	40	10	right	left	0	28	15.217	1840
11	25	4	40	10	right	right	1	17	15.329	1109
11	26	4	40	10	right	right	1	21	15.579	1348
11	27	4	40	10	left	right	0	32	15.504	2064
12	1	4	40	10	right	right	1	30	15.377	1951
12	2	4	40	10	right	right	1	28	15.66	1788
12	3	4	40	10	left	right	0	31	15.166	2044
12	4	4	40	10	left	left	1	9	16.334	551
12	5	4	40	10	right	left	0	36	15.358	2344
12	6	4	40	10	left	right	0	19	15.188	1251
12	7	4	40	10	left	left	1	17	15.582	1091
12	8	4	40	10	left	left	1	22	15.267	1441
12	9	4	40	10	right	left	0	18	15.734	1144
12	10	4	40	10	right	right	1	9	15.517	580
12	11	4	40	10	right	right	1	22	15.559	1414
12	12	4	40	10	right	right	1	20	15.773	1268
12	13	4	40	10	right	right	1	20	15.163	1319
12	14	4	40	10	right	right	1	24	15.277	1571
12	15	4	40	10	left	right	0	22	15.395	1429
12	16	4	40	10	right	left	0	15	15.244	984
12	17	4	40	10	right	right	1	17	15.274	1113
12	18	4	40	10	left	right	0	20	15.54	1287
12	19	4	40	10	left	left	1	14	15.642	895
12	20	4	40	10	left	left	1	21	15.262	1376
12	21	4	40	10	left	left	1	21	15.556	1350
12	22	4	40	10	left	left	1	19	15.69	1211
12	23	4	40	10	right	left	0	20	15.674	1276
12	24	4	40	10	right	left	0	17	15.455	1100
12	25	4	40	10	left	right	0	15	15.136	991
12	26	4	40	10	right	left	0	13	15.348	847
12	27	4	40	10	left	left	1	9	16.187	556
12	28	4	40	10	right	left	0	19	15.067	1261
12	29	4	40	10	left	left	1	13	15.7	828
12	30	4	40	10	left	left	1	21	15.317	1371
12	31	4	40	10	left	left	1	20	15.42	1297
12	32	4	40	10	right	left	0	16	15.094	1060
12	33	4	40	10	right	left	0	12	15.504	774
13	1	4	40	10	left	right	0	17	15.683	1084
13	2	4	40	10	left	left	1	14	15.66	894
13	3	4	40	10	right	left	0	24	15.625	1536
13	4	4	40	10	right	right	1	24	15.645	1534
13	5	4	40	10	right	right	1	28	15.625	1792
13	6	4	40	10	right	right	1	21	15.453	1359
13	7	4	40	10	left	right	0	20	15.385	1300
13	8	4	40	10	left	left	1	10	15.504	645
13	9	4	40	10	left	left	1	20	15.528	1288
13	10	4	40	10	right	left	0	25	15.518	1611
13	11	4	40	10	right	right	1	15	15.198	987
13	12	4	40	10	left	right	0	21	15.195	1382
13	13	4	40	10	left	left	1	11	15.625	704
13	14	4	40	10	left	left	1	38	15.145	2509
13	15	4	40	10	right	left	0	27	15.35	1759
13	16	4	40	10	right	right	1	13	15.421	843
13	17	4	40	10	left	right	0	24	15.355	1563
13	18	4	40	10	left	left	1	10	15.385	650
13	19	4	40	10	left	left	1	32	15.407	2077
13	20	4	40	10	right	left	0	20	15.373	1301
13	21	4	40	10	right	right	1	11	15.172	725
13	22	4	40	10	left	right	0	23	15.52	1482
13	23	4	40	10	left	left	1	10	16.26	615
13	24	4	40	10	right	left	0	35	15.562	2249
13	25	4	40	10	right	right	1	11	16.32	674
13	26	4	40	10	left	right	0	16	15.429	1037
13	27	4	40	10	left	left	1	10	16.722	598
13	28	4	40	10	left	left	1	22	15.714	1400
13	29	4	40	10	left	left	1	20	15.175	1318
13	30	4	40	10	right	left	0	19	15.807	1202
13	31	4	40	10	right	right	1	12	15.979	751
13	32	4	40	10	right	right	1	21	15.217	1380
13	33	4	40	10	left	right	0	22	15.515	1418
14	1	4	40	10	right	right	1	12	15.852	757
14	2	4	40	10	left	right	0	25	15.142	1651
14	3	4	40	10	right	left	0	9	16.917	532
14	4	4	40	10	left	left	1	21	15.613	1345
14	5	4	40	10	left	left	1	22	15.737	1398
14	6	4	40	10	left	left	1	20	15.576	1284
14	7	4	40	10	right	left	0	21	15.825	1327
14	8	4	40	10	right	right	1	9	16.544	544
14	9	4	40	10	left	right	0	21	15.351	1368
14	10	4	40	10	right	left	0	11	15.942	690
14	11	4	40	10	right	left	0	11	16.296	675
14	12	4	40	10	left	right	0	13	15.421	843
14	13	4	40	10	right	left	0	20	15.337	1304
14	14	4	40	10	right	left	0	10	15.244	656
14	15	4	40	10	right	right	1	14	16.055	872
14	16	4	40	10	left	right	0	23	15.364	1497
14	17	4	40	10	right	left	0	9	15.901	566
14	18	4	40	10	left	left	1	12	15.075	796
14	19	4	40	10	left	left	1	15	15.593	962
14	20	4	40	10	right	left	0	17	15.343	1108
14	21	4	40	10	left	right	0	10	15.823	632
14	22	4	40	10	left	left	1	12	16.304	736
14	23	4	40	10	left	left	1	20	15.674	1276
14	24	4	40	10	left	left	1	25	15.253	1639
14	25	4	40	10	right	left	0	21	15.59	1347
14	26	4	40	10	left	right	0	11	16.248	677
14	27	4	40	10	left	right	0	12	15.524	773
14	28	4	40	10	left	left	1	7	16.204	432
14	29	4	40	10	left	left	1	18	15.451	1165
14	30	4	40	10	right	tooFast	2	2	18.349	109
14	31	4	40	10	left	left	1	56	15.393	3638
14	32	4	40	10	left	left	1	29	15.247	1902
14	33	4	40	10	left	right	0	21	15.43	1361
14	34	4	40	10	left	right	0	14	15.301	915
15	1	4	40	10	left	left	1	22	15.278	1440
15	2	4	40	10	left	left	1	42	15.179	2767
15	3	4	40	10	left	left	1	59	15.329	3849
15	4	4	40	10	left	left	1	50	15.253	3278
15	5	4	40	10	left	left	1	32	15.595	2052
15	6	4	40	10	left	left	1	49	15.265	3210
15	7	4	40	10	right	right	1	34	15.357	2214
15	8	4	40	10	left	right	0	30	15.552	1929
15	9	4	40	10	right	left	0	18	15.491	1162
15	10	4	40	10	right	left	0	36	15.319	2350
15	11	4	40	10	left	right	0	31	15.423	2010
15	12	4	40	10	right	left	0	31	15.226	2036
15	13	4	40	10	right	right	1	33	15.515	2127
15	14	4	40	10	right	right	1	34	15.233	2232
15	15	4	40	10	left	left	1	29	15.271	1899
15	16	4	40	10	left	left	1	28	15.642	1790
15	17	4	40	10	right	left	0	29	15.312	1894
15	18	4	40	10	right	right	1	15	16.06	934
15	19	4	40	10	left	right	0	23	15.457	1488
15	20	4	40	10	right	left	0	18	15.557	1157
15	21	4	40	10	right	right	1	23	15.192	1514
15	22	4	40	10	right	right	1	21	15.683	1339
15	23	4	40	10	left	right	0	20	15.444	1295
15	24	4	40	10	left	left	1	35	15.191	2304
16	1	4	40	10	left	left	1	40	15.291	2616
16	2	4	40	10	right	left	0	36	15.537	2317
16	3	4	40	10	left	left	1	29	15.295	1896
16	4	4	40	10	left	left	1	42	15.251	2754
16	5	4	40	10	right	right	1	23	15.593	1475
16	6	4	40	10	right	right	1	28	15.127	1851
16	7	4	40	10	right	left	0	20	15.373	1301
16	8	4	40	10	left	right	0	15	15.806	949
16	9	4	40	10	left	left	1	14	15.267	917
16	10	4	40	10	left	right	0	38	15.188	2502
16	11	4	40	10	left	left	1	29	15.516	1869
16	12	4	40	10	right	left	0	48	15.385	3120
16	13	4	40	10	right	right	1	40	15.492	2582
16	14	4	40	10	right	right	1	15	15.576	963
16	15	4	40	10	left	left	1	19	15.347	1238
16	16	4	40	10	left	left	1	19	15.323	1240
16	17	4	40	10	left	right	0	22	15.603	1410
16	18	4	40	10	left	right	0	15	15.69	956
16	19	4	40	10	left	left	1	13	16.169	804
16	20	4	40	10	left	left	1	25	15.528	1610
16	21	4	40	10	right	left	0	42	15.407	2726
16	22	4	40	10	left	left	1	21	15.407	1363
16	23	4	40	10	right	right	1	19	15.612	1217
16	24	4	40	10	left	right	0	35	15.446	2266
16	25	4	40	10	left	left	1	13	15.276	851
16	26	4	40	10	left	left	1	44	15.395	2858
17	1	4	40	10	right	right	1	31	15.331	2022
17	2	4	40	10	right	right	1	23	15.416	1492
17	3	4	40	10	right	right	1	30	15.152	1980
17	4	4	40	10	left	right	0	43	15.44	2785
17	5	4	40	10	left	left	1	17	15.858	1072
17	6	4	40	10	right	left	0	15	15.674	957
17	7	4	40	10	right	left	0	46	15.431	2981
17	8	4	40	10	left	right	0	16	15.625	1024
17	9	4	40	10	left	left	1	26	15.691	1657
17	10	4	40	10	right	left	0	40	15.349	2606
17	11	4	40	10	right	right	1	41	15.118	2712
17	12	4	40	10	right	right	1	63	15.177	4151
17	13	4	40	10	right	left	0	40	15.504	2580
17	14	4	40	10	left	right	0	24	15.574	1541
17	15	4	40	10	right	right	1	37	15.494	2388
17	16	4	40	10	right	right	1	31	15.539	1995
17	17	4	40	10	right	left	0	17	15.611	1089
17	18	4	40	10	right	right	1	26	15.597	1667
17	19	4	40	10	right	right	1	38	15.273	2488
17	20	4	40	10	left	right	0	32	15.61	2050
17	21	4	40	10	right	left	0	28	15.436	1814
17	22	4	40	10	left	left	1	34	15.267	2227
17	23	4	40	10	right	right	1	20	15.175	1318
18	1	4	40	10	right	right	1	27	15.297	1765
18	2	4	40	10	right	right	1	47	15.28	3076
18	3	4	40	10	right	right	1	38	15.485	2454
18	4	4	40	10	right	right	1	32	15.159	2111
18	5	4	40	10	left	right	0	26	15.634	1663
18	6	4	40	10	left	left	1	14	15.086	928
18	7	4	40	10	right	left	0	30	15.221	1971
18	8	4	40	10	right	right	1	28	15.66	1788
18	9	4	40	10	right	right	1	30	15.593	1924
18	10	4	40	10	left	right	0	21	15.441	1360
18	11	4	40	10	left	left	1	15	16.129	930
18	12	4	40	10	left	left	1	18	16	1125
18	13	4	40	10	right	left	0	22	15.331	1435
18	14	4	40	10	right	right	1	12	16.151	743
18	15	4	40	10	left	right	0	24	15.267	1572
18	16	4	40	10	right	left	0	12	15.248	787
18	17	4	40	10	right	right	1	20	15.748	1270
18	18	4	40	10	left	right	0	23	15.282	1505
18	19	4	40	10	left	left	1	11	16.591	663
18	20	4	40	10	right	left	0	21	15.695	1338
18	21	4	40	10	right	right	1	14	16.298	859
18	22	4	40	10	left	left	1	16	15.34	1043
18	23	4	40	10	left	left	1	24	15.8	1519
18	24	4	40	10	right	left	0	19	15.625	1216
18	25	4	40	10	left	right	0	9	15.873	567
18	26	4	40	10	left	left	1	10	15.504	645
18	27	4	40	10	left	left	1	21	15.825	1327
18	28	4	40	10	right	left	0	21	15.228	1379
18	29	4	40	10	left	right	0	10	15.504	645
18	30	4	40	10	left	left	1	16	15.795	1013
18	31	4	40	10	left	left	1	17	15.611	1089
19	1	4	40	10	right	right	1	15	15.74	953
19	2	4	40	10	right	right	1	24	15.424	1556
19	3	4	40	10	right	right	1	14	16.092	870
19	4	4	40	10	right	left	0	13	15.796	823
19	5	4	40	10	left	left	1	9	15.986	563
19	6	4	40	10	right	left	0	17	15.469	1099
19	7	4	40	10	left	right	0	8	15.905	503
19	8	4	40	10	right	left	0	11	15.559	707
19	9	4	40	10	right	left	0	18	15.789	1140
19	10	4	40	10	left	right	0	12	15.957	752
19	11	4	40	10	right	left	0	13	15.892	818
19	12	4	40	10	right	left	0	14	15.521	902
19	13	4	40	10	left	right	0	6	15.789	380
19	14	4	40	10	left	left	1	39	15.397	2533
19	15	4	40	10	left	right	0	30	15.56	1928
19	16	4	40	10	left	left	1	12	15.625	768
19	17	4	40	10	left	left	1	19	15.055	1262
19	18	4	40	10	left	left	1	22	15.793	1393
19	19	4	40	10	right	left	0	18	15.748	1143
19	20	4	40	10	right	right	1	12	15.894	755
19	21	4	40	10	left	right	0	23	15.447	1489
19	22	4	40	10	right	left	0	13	16.129	806
19	23	4	40	10	right	left	0	22	15.692	1402
19	24	4	40	10	left	right	0	11	15.172	725
19	25	4	40	10	right	left	0	18	15.762	1142
19	26	4	40	10	left	left	1	37	15.346	2411
19	27	4	40	10	right	left	0	27	15.393	1754
19	28	4	40	10	left	left	1	29	15.575	1862
19	29	4	40	10	left	left	1	18	15.517	1160
19	30	4	40	10	right	left	0	36	15.517	2320
19	31	4	40	10	right	left	0	21	15.683	1339
19	32	4	40	10	left	right	0	20	15.106	1324
20	1	4	40	10	left	right	0	25	15.198	1645
20	2	4	40	10	left	left	1	11	16.012	687
20	3	4	40	10	right	left	0	21	15.778	1331
20	4	4	40	10	left	right	0	20	15.279	1309
20	5	4	40	10	left	left	1	25	15.347	1629
20	6	4	40	10	left	left	1	14	15.891	881
20	7	4	40	10	right	left	0	25	15.375	1626
20	8	4	40	10	left	left	1	25	15.528	1610
20	9	4	40	10	left	right	0	22	15.385	1430
20	10	4	40	10	left	left	1	20	15.911	1257
20	11	4	40	10	right	left	0	24	15.842	1515
20	12	4	40	10	left	left	1	22	15.342	1434
20	13	4	40	10	left	left	1	27	15.263	1769
20	14	4	40	10	right	left	0	31	15.316	2024
20	15	4	40	10	left	right	0	14	16.298	859
20	16	4	40	10	right	left	0	15	16.164	928
20	17	4	40	10	right	left	0	34	15.185	2239
20	18	4	40	10	left	right	0	12	15.645	767
20	19	4	40	10	right	left	0	30	15.167	1978
20	20	4	40	10	left	right	0	21	15.317	1371
20	21	4	40	10	left	left	1	20	15.86	1261
20	22	4	40	10	left	left	1	17	15.413	1103
20	23	4	40	10	right	left	0	23	15.323	1501
20	24	4	40	10	left	left	1	26	15.16	1715
20	25	4	40	10	right	left	0	25	15.309	1633
20	26	4	40	10	right	left	0	24	15.444	1554
20	27	4	40	10	right	right	1	15	15.106	993
20	28	4	40	10	right	right	1	24	15.267	1572
20	29	4	40	10	right	right	1	24	15.394	1559
21	1	4	40	10	left	right	0	16	15.857	1009
21	2	4	40	10	right	right	1	13	15.606	833
21	3	4	40	10	right	right	1	19	15.94	1192
21	4	4	40	10	right	right	1	19	15.715	1209
21	5	4	40	10	right	right	1	19	15.9	1195
21	6	4	40	10	right	right	1	26	15.522	1675
21	7	4	40	10	right	right	1	28	15.078	1857
21	8	4	40	10	right	right	1	36	15.287	2355
21	9	4	40	10	right	right	1	31	15.369	2017
21	10	4	40	10	left	right	0	39	15.336	2543
21	11	4	40	10	right	left	0	7	15.945	439
21	12	4	40	10	right	left	0	22	15.703	1401
21	13	4	40	10	left	left	1	28	15.73	1780
21	14	4	40	10	left	left	1	24	15.267	1572
21	15	4	40	10	right	left	0	23	15.818	1454
21	16	4	40	10	right	left	0	24	15.199	1579
21	17	4	40	10	left	right	0	9	16.245	554
21	18	4	40	10	left	left	1	19	15.323	1240
21	19	4	40	10	right	left	0	30	15.48	1938
21	20	4	40	10	left	left	1	20	15.129	1322
21	21	4	40	10	left	left	1	20	15.456	1294
21	22	4	40	10	left	left	1	22	15.782	1394
21	23	4	40	10	left	left	1	18	15.517	1160
21	24	4	40	10	left	left	1	20	15.152	1320
21	25	4	40	10	right	left	0	19	15.372	1236
21	26	4	40	10	right	right	1	9	15.544	579
21	27	4	40	10	left	right	0	20	15.48	1292
21	28	4	40	10	left	left	1	9	16.187	556
21	29	4	40	10	right	left	0	18	15.451	1165
21	30	4	40	10	left	left	1	16	15.733	1017
21	31	4	40	10	left	left	1	25	15.567	1606
21	32	4	40	10	right	left	0	28	15.41	1817
22	1	4	40	10	left	left	1	14	16.279	860
22	2	4	40	10	right	left	0	16	15.81	1012
22	3	4	40	10	right	right	1	11	16.248	677
22	4	4	40	10	left	left	1	23	15.202	1513
22	5	4	40	10	right	left	0	19	15.31	1241
22	6	4	40	10	right	left	0	15	15.756	952
22	7	4	40	10	right	right	1	10	15.823	632
22	8	4	40	10	right	right	1	15	15.091	994
22	9	4	40	10	left	right	0	19	15.651	1214
22	10	4	40	10	right	left	0	8	15.504	516
22	11	4	40	10	right	left	0	32	15.564	2056
22	12	4	40	10	left	right	0	19	15.886	1196
22	13	4	40	10	right	left	0	10	15.576	642
22	14	4	40	10	right	right	1	19	15.715	1209
22	15	4	40	10	left	right	0	20	15.492	1291
22	16	4	40	10	left	left	1	11	16.296	675
22	17	4	40	10	right	left	0	19	15.447	1230
22	18	4	40	10	right	left	0	20	15.86	1261
22	19	4	40	10	right	right	1	10	16.34	612
22	20	4	40	10	left	right	0	15	15.528	966
22	21	4	40	10	right	left	0	15	15.167	989
22	22	4	40	10	left	left	1	20	15.456	1294
22	23	4	40	10	left	left	1	20	15.232	1313
22	24	4	40	10	left	left	1	25	15.356	1628
22	25	4	40	10	left	left	1	17	15.165	1121
22	26	4	40	10	left	left	1	26	15.412	1687
22	27	4	40	10	left	left	1	20	15.186	1317
22	28	4	40	10	right	left	0	25	15.47	1616
22	29	4	40	10	left	right	0	13	16.23	801
22	30	4	40	10	right	right	1	15	15.957	940
22	31	4	40	10	right	right	1	22	15.548	1415
22	32	4	40	10	left	right	0	15	15.045	997
22	33	4	40	10	left	left	1	8	15.936	502
22	34	4	40	10	left	left	1	18	15.345	1173
22	35	4	40	10	right	left	0	23	15.082	1525
23	1	4	40	10	right	right	1	19	15.755	1206
23	2	4	40	10	left	right	0	15	15.512	967
23	3	4	40	10	left	left	1	9	16.1	559
23	4	4	40	10	right	left	0	15	15.244	984
23	5	4	40	10	right	left	0	24	15.464	1552
23	6	4	40	10	left	right	0	13	15.205	855
23	7	4	40	10	right	right	1	21	15.13	1388
23	8	4	40	10	right	right	1	22	15.439	1425
23	9	4	40	10	right	right	1	20	15.152	1320
23	10	4	40	10	right	right	1	25	15.207	1644
23	11	4	40	10	right	right	1	22	15.703	1401
23	12	4	40	10	right	right	1	24	15.727	1526
23	13	4	40	10	right	right	1	29	15.566	1863
23	14	4	40	10	left	right	0	26	15.249	1705
23	15	4	40	10	right	left	0	10	16.129	620
23	16	4	40	10	right	left	0	17	15.582	1091
23	17	4	40	10	right	left	0	19	15.347	1238
23	18	4	40	10	left	right	0	11	16.667	660
23	19	4	40	10	right	right	1	10	15.337	652
23	20	4	40	10	right	right	1	29	15.175	1911
23	21	4	40	10	left	right	0	25	15.605	1602
23	22	4	40	10	right	left	0	14	16.298	859
23	23	4	40	10	left	left	1	12	15.957	752
23	24	4	40	10	right	left	0	23	15.405	1493
23	25	4	40	10	left	left	1	20	15.601	1282
23	26	4	40	10	left	left	1	46	15.344	2998
23	27	4	40	10	right	left	0	40	15.45	2589
23	28	4	40	10	right	left	0	26	15.71	1655
23	29	4	40	10	left	right	0	13	15.644	831
23	30	4	40	10	left	left	1	49	15.18	3228
24	1	4	40	10	left	left	1	14	16.279	860
24	2	4	40	10	right	left	0	16	15.224	1051
24	3	4	40	10	left	left	1	13	15.99	813
24	4	4	40	10	right	left	0	18	15.901	1132
24	5	4	40	10	left	right	0	8	15.625	512
24	6	4	40	10	left	left	1	12	15.544	772
24	7	4	40	10	left	left	1	23	15.52	1482
24	8	4	40	10	left	left	1	17	15.697	1083
24	9	4	40	10	right	left	0	12	15.769	761
24	10	4	40	10	right	right	1	7	17.722	395
24	11	4	40	10	right	right	1	12	15.625	768
24	12	4	40	10	right	right	1	28	15.436	1814
24	13	4	40	10	right	right	1	28	15.436	1814
24	14	4	40	10	left	right	0	27	15.491	1743
24	15	4	40	10	left	left	1	16	15.34	1043
24	16	4	40	10	right	right	1	27	15.482	1744
24	17	4	40	10	right	left	0	20	15.54	1287
24	18	4	40	10	right	right	1	13	16.109	807
24	19	4	40	10	left	right	0	15	15.544	965
24	20	4	40	10	left	left	1	13	15.24	853
24	21	4	40	10	left	left	1	20	15.76	1269
24	22	4	40	10	right	left	0	28	15.351	1824
24	23	4	40	10	right	right	1	19	15.86	1198
24	24	4	40	10	right	right	1	25	15.489	1614
24	25	4	40	10	right	right	1	21	15.162	1385
24	26	4	40	10	right	right	1	21	15.625	1344
24	27	4	40	10	right	right	1	23	15.84	1452
24	28	4	40	10	left	right	0	22	15.504	1419
24	29	4	40	10	left	left	1	10	15.456	647
24	30	4	40	10	right	left	0	22	15.614	1409
24	31	4	40	10	left	left	1	11	15.515	709
24	32	4	40	10	left	left	1	17	15.385	1105
24	33	4	40	10	left	left	1	21	15.362	1367
24	34	4	40	10	left	left	1	24	15.494	1549
24	35	4	40	10	left	left	1	23	15.732	1462
