
blkNum	trlNum	coherentDots	numberofDots	percentCoherence	winningDirection	response	correct	eventCount	averageFrameRate	RT
1	1	4	40	10	right	right	1	138	15.228	9062
1	2	4	40	10	left	left	1	43	15.264	2817
1	3	4	40	10	left	left	1	35	15.331	2283
1	4	4	40	10	right	right	1	13	15.625	832
1	5	4	40	10	right	right	1	28	15.226	1839
1	6	4	40	10	right	left	0	11	15.11	728
1	7	4	40	10	left	left	1	42	15.168	2769
1	8	4	40	10	left	right	0	31	15.423	2010
1	9	4	40	10	right	right	1	116	15.159	7652
1	10	4	40	10	left	left	1	64	15.285	4187
1	11	4	40	10	right	right	1	53	15.3	3464
1	12	4	40	10	right	right	1	48	15.214	3155
1	13	4	40	10	right	left	0	19	15.435	1231
1	14	4	40	10	left	right	0	45	15.427	2917
1	15	4	40	10	right	right	1	128	15.168	8439
1	16	4	40	10	left	right	0	100	15.295	6538
1	17	4	40	10	right	left	0	71	15.305	4639
1	18	4	40	10	right	right	1	71	15.338	4629
1	19	4	40	10	right	left	0	69	15.272	4518
1	20	4	40	10	left	right	0	33	15.271	2161
1	21	4	40	10	left	right	0	27	15.625	1728
1	22	4	40	10	right	right	1	10	15.552	643
1	23	4	40	10	left	left	1	119	15.214	7822
1	24	4	40	10	left	left	1	43	15.396	2793
1	25	4	40	10	right	right	1	46	15.483	2971
1	26	4	40	10	right	right	1	81	15.177	5337
1	27	4	40	10	left	left	1	24	15.123	1587
1	28	4	40	10	left	left	1	31	15.578	1990
1	29	4	40	10	left	right	0	111	15.241	7283
1	30	4	40	10	right	right	1	63	15.302	4117
1	31	4	40	10	left	left	1	72	15.174	4745
1	32	4	40	10	left	right	0	35	15.378	2276
1	33	4	40	10	right	right	1	75	15.325	4894
1	34	4	40	10	right	left	0	84	15.248	5509
1	35	4	40	10	left	left	1	59	15.198	3882
1	36	4	40	10	left	left	1	108	15.19	7110
1	37	4	40	10	left	right	0	83	15.26	5439
1	38	4	40	10	left	right	0	68	15.284	4449
1	39	4	40	10	right	right	1	39	15.318	2546
1	40	4	40	10	right	right	1	126	15.265	8254
2	1	4	40	10	left	right	0	75	15.303	4901
2	2	4	40	10	right	left	0	116	15.181	7641
2	3	4	40	10	right	left	0	5	17.606	284
2	4	4	40	10	left	tooFast	2	1	38.462	26
2	5	4	40	10	right	right	1	67	15.335	4369
2	6	4	40	10	right	right	1	90	15.192	5924
2	7	4	40	10	left	left	1	26	15.205	1710
2	8	4	40	10	left	right	0	18	15.679	1148
2	9	4	40	10	right	right	1	90	15.203	5920
2	10	4	40	10	left	left	1	61	15.33	3979
2	11	4	40	10	right	right	1	34	15.546	2187
2	12	4	40	10	right	left	0	52	15.308	3397
2	13	4	40	10	left	left	1	135	15.198	8883
2	14	4	40	10	right	right	1	52	15.403	3376
2	15	4	40	10	right	right	1	70	15.188	4609
2	16	4	40	10	right	right	1	60	15.205	3946
2	17	4	40	10	left	left	1	28	15.616	1793
2	18	4	40	10	right	right	1	31	15.431	2009
2	19	4	40	10	left	left	1	25	15.567	1606
2	20	4	40	10	left	left	1	37	15.559	2378
2	21	4	40	10	right	right	1	25	15.694	1593
2	22	4	40	10	left	left	1	24	15.414	1557
2	23	4	40	10	left	left	1	29	15.434	1879
2	24	4	40	10	right	right	1	23	15.364	1497
2	25	4	40	10	left	left	1	39	15.372	2537
2	26	4	40	10	left	left	1	51	15.265	3341
2	27	4	40	10	left	right	0	106	15.169	6988
2	28	4	40	10	right	right	1	23	15.646	1470
2	29	4	40	10	right	left	0	71	15.308	4638
2	30	4	40	10	left	left	1	23	15.668	1468
2	31	4	40	10	right	right	1	25	15.432	1620
2	32	4	40	10	left	left	1	36	15.464	2328
2	33	4	40	10	right	right	1	30	15.322	1958
2	34	4	40	10	right	left	0	40	15.516	2578
2	35	4	40	10	left	left	1	84	15.251	5508
2	36	4	40	10	left	left	1	32	15.187	2107
2	37	4	40	10	right	right	1	34	15.322	2219
2	38	4	40	10	left	left	1	29	15.175	1911
2	39	4	40	10	left	right	0	48	15.414	3114
2	40	4	40	10	right	right	1	48	15.185	3161
3	1	4	40	10	right	right	1	28	15.402	1818
3	2	4	40	10	right	right	1	29	15.467	1875
3	3	4	40	10	right	left	0	41	15.402	2662
3	4	4	40	10	left	left	1	24	15.615	1537
3	5	4	40	10	left	left	1	49	15.265	3210
3	6	4	40	10	left	right	0	47	15.147	3103
3	7	4	40	10	left	left	1	101	15.254	6621
3	8	4	40	10	right	right	1	31	15.309	2025
3	9	4	40	10	right	left	0	42	15.223	2759
3	10	4	40	10	right	left	0	89	15.289	5821
3	11	4	40	10	right	left	0	25	15.385	1625
3	12	4	40	10	right	right	1	50	15.239	3281
3	13	4	40	10	left	left	1	37	15.22	2431
3	14	4	40	10	left	left	1	38	15.329	2479
3	15	4	40	10	right	right	1	33	15.5	2129
3	16	4	40	10	right	right	1	71	15.269	4650
3	17	4	40	10	right	right	1	92	15.162	6068
3	18	4	40	10	left	left	1	54	15.442	3497
3	19	4	40	10	right	right	1	40	15.355	2605
3	20	4	40	10	right	right	1	60	15.263	3931
3	21	4	40	10	right	right	1	111	15.195	7305
3	22	4	40	10	left	left	1	29	15.112	1919
3	23	4	40	10	right	right	1	42	15.162	2770
3	24	4	40	10	left	left	1	34	15.546	2187
3	25	4	40	10	right	right	1	33	15.471	2133
3	26	4	40	10	right	left	0	68	15.158	4486
3	27	4	40	10	right	right	1	30	15.182	1976
3	28	4	40	10	left	left	1	23	15.323	1501
3	29	4	40	10	left	left	1	85	15.23	5581
3	30	4	40	10	left	left	1	32	15.282	2094
3	31	4	40	10	left	right	0	49	15.133	3238
3	32	4	40	10	left	left	1	50	15.239	3281
3	33	4	40	10	left	left	1	29	15.434	1879
3	34	4	40	10	right	right	1	34	15.561	2185
3	35	4	40	10	left	left	1	62	15.241	4068
3	36	4	40	10	left	left	1	41	15.129	2710
3	37	4	40	10	left	right	0	98	15.243	6429
3	38	4	40	10	left	left	1	108	15.235	7089
3	39	4	40	10	right	right	1	31	15.309	2025
3	40	4	40	10	left	left	1	82	15.211	5391
4	1	4	40	10	right	right	1	41	15.367	2668
4	2	4	40	10	left	left	1	95	15.217	6243
4	3	4	40	10	right	right	1	125	15.19	8229
4	4	4	40	10	left	left	1	72	15.145	4754
4	5	4	40	10	left	right	0	63	15.299	4118
4	6	4	40	10	right	right	1	212	15.17	13975
4	7	4	40	10	right	right	1	101	15.303	6600
4	8	4	40	10	left	left	1	49	15.184	3227
4	9	4	40	10	left	right	0	51	15.399	3312
4	10	4	40	10	right	right	1	52	15.169	3428
4	11	4	40	10	right	right	1	58	15.34	3781
4	12	4	40	10	left	left	1	23	15.212	1512
4	13	4	40	10	right	right	1	23	15.364	1497
4	14	4	40	10	right	right	1	34	15.219	2234
4	15	4	40	10	left	left	1	18	15.887	1133
4	16	4	40	10	left	left	1	43	15.374	2797
4	17	4	40	10	left	left	1	37	15.579	2375
4	18	4	40	10	right	right	1	36	15.216	2366
4	19	4	40	10	right	left	0	55	15.291	3597
4	20	4	40	10	right	right	1	85	15.135	5616
4	21	4	40	10	left	left	1	52	15.245	3411
4	22	4	40	10	left	left	1	22	15.67	1404
4	23	4	40	10	left	right	0	29	15.467	1875
4	24	4	40	10	right	left	0	51	15.279	3338
4	25	4	40	10	left	left	1	19	15.548	1222
4	26	4	40	10	right	left	0	56	15.385	3640
4	27	4	40	10	left	right	0	63	15.34	4107
4	28	4	40	10	right	right	1	132	15.174	8699
4	29	4	40	10	left	right	0	52	15.344	3389
4	30	4	40	10	right	left	0	79	15.233	5186
4	31	4	40	10	left	left	1	67	15.258	4391
4	32	4	40	10	right	right	1	71	15.22	4665
4	33	4	40	10	right	right	1	60	15.263	3931
4	34	4	40	10	left	left	1	18	15.491	1162
4	35	4	40	10	left	right	0	28	15.608	1794
4	36	4	40	10	right	right	1	48	15.345	3128
4	37	4	40	10	right	left	0	79	15.331	5153
4	38	4	40	10	left	left	1	93	15.147	6140
4	39	4	40	10	right	right	1	21	15.13	1388
4	40	4	40	10	left	right	0	42	15.256	2753
5	1	4	40	10	left	right	0	20	15.302	1307
5	2	4	40	10	right	right	1	23	15.84	1452
5	3	4	40	10	right	right	1	23	15.262	1507
5	4	4	40	10	left	left	1	27	15.67	1723
5	5	4	40	10	left	left	1	23	15.112	1522
5	6	4	40	10	right	right	1	13	15.873	819
5	7	4	40	10	left	left	1	14	15.873	882
5	8	4	40	10	left	right	0	25	15.291	1635
5	9	4	40	10	left	left	1	32	15.534	2060
5	10	4	40	10	left	left	1	20	15.396	1299
5	11	4	40	10	right	left	0	25	15.635	1599
5	12	4	40	10	left	left	1	39	15.24	2559
5	13	4	40	10	right	right	1	20	15.302	1307
5	14	4	40	10	right	left	0	66	15.257	4326
5	15	4	40	10	right	right	1	23	15.344	1499
5	16	4	40	10	right	right	1	38	15.249	2492
5	17	4	40	10	right	left	0	22	15.214	1446
5	18	4	40	10	left	left	1	29	15.215	1906
5	19	4	40	10	left	right	0	43	15.324	2806
5	20	4	40	10	right	right	1	23	15.333	1500
5	21	4	40	10	right	right	1	38	13.704	2773
5	22	4	40	10	left	left	1	33	15.349	2150
5	23	4	40	10	left	left	1	33	15.335	2152
5	24	4	40	10	left	left	1	36	15.511	2321
5	25	4	40	10	right	right	1	34	15.295	2223
5	26	4	40	10	right	right	1	34	15.226	2233
5	27	4	40	10	right	right	1	32	15.587	2053
5	28	4	40	10	right	right	1	42	15.201	2763
5	29	4	40	10	left	left	1	31	15.278	2029
5	30	4	40	10	left	left	1	30	15.472	1939
5	31	4	40	10	right	right	1	17	15.888	1070
5	32	4	40	10	left	left	1	21	15.672	1340
5	33	4	40	10	left	left	1	29	15.167	1912
5	34	4	40	10	right	right	1	14	15.573	899
5	35	4	40	10	right	right	1	52	15.24	3412
5	36	4	40	10	left	left	1	16	15.549	1029
5	37	4	40	10	left	right	0	35	15.556	2250
5	38	4	40	10	right	right	1	40	15.32	2611
5	39	4	40	10	left	left	1	27	15.203	1776
5	40	4	40	10	right	right	1	27	15.625	1728
6	1	4	40	10	right	right	1	26	15.634	1663
6	2	4	40	10	right	right	1	32	15.534	2060
6	3	4	40	10	right	right	1	38	15.504	2451
6	4	4	40	10	left	left	1	20	15.106	1324
6	5	4	40	10	left	left	1	25	15.319	1632
6	6	4	40	10	left	left	1	40	15.504	2580
6	7	4	40	10	right	right	1	41	15.344	2672
6	8	4	40	10	right	right	1	45	15.416	2919
6	9	4	40	10	left	left	1	52	15.421	3372
6	10	4	40	10	left	right	0	24	15.18	1581
6	11	4	40	10	left	left	1	7	16.949	413
6	12	4	40	10	right	left	0	32	15.617	2049
6	13	4	40	10	left	right	0	30	15.267	1965
6	14	4	40	10	right	right	1	31	15.516	1998
6	15	4	40	10	left	right	0	28	15.453	1812
6	16	4	40	10	right	right	1	51	15.352	3322
6	17	4	40	10	left	left	1	57	15.318	3721
6	18	4	40	10	left	left	1	26	15.522	1675
6	19	4	40	10	left	left	1	24	15.228	1576
6	20	4	40	10	left	left	1	25	15.442	1619
6	21	4	40	10	right	right	1	40	15.355	2605
6	22	4	40	10	left	left	1	38	15.36	2474
6	23	4	40	10	left	left	1	30	15.593	1924
6	24	4	40	10	right	right	1	19	15.638	1215
6	25	4	40	10	left	left	1	30	15.244	1968
6	26	4	40	10	right	right	1	28	15.722	1781
6	27	4	40	10	left	left	1	25	15.198	1645
6	28	4	40	10	left	left	1	28	15.143	1849
6	29	4	40	10	right	right	1	12	15.564	771
6	30	4	40	10	left	left	1	21	15.801	1329
6	31	4	40	10	right	right	1	11	15.515	709
6	32	4	40	10	right	left	0	21	15.419	1362
6	33	4	40	10	right	right	1	25	15.133	1652
6	34	4	40	10	left	right	0	22	15.449	1424
6	35	4	40	10	left	right	0	39	15.306	2548
6	36	4	40	10	right	right	1	46	15.395	2988
6	37	4	40	10	right	right	1	21	15.498	1355
6	38	4	40	10	right	left	0	26	15.625	1664
6	39	4	40	10	right	right	1	18	15.504	1161
6	40	4	40	10	right	right	1	21	15.707	1337
7	1	4	40	10	right	right	1	13	15.606	833
7	2	4	40	10	left	right	0	10	15.823	632
7	3	4	40	10	right	right	1	15	15.259	983
7	4	4	40	10	left	right	0	15	15.448	971
7	5	4	40	10	left	right	0	13	15.421	843
7	6	4	40	10	left	left	1	7	17.544	399
7	7	4	40	10	right	right	1	6	15.152	396
7	8	4	40	10	right	right	1	17	15.858	1072
7	9	4	40	10	left	left	1	10	15.674	638
7	10	4	40	10	left	left	1	12	15.464	776
7	11	4	40	10	right	left	0	13	15.663	830
7	12	4	40	10	right	right	1	10	15.385	650
7	13	4	40	10	left	right	0	12	15.365	781
7	14	4	40	10	right	right	1	12	15.306	784
7	15	4	40	10	left	right	0	11	15.827	695
7	16	4	40	10	right	right	1	19	15.833	1200
7	17	4	40	10	left	left	1	21	15.262	1376
7	18	4	40	10	left	left	1	18	15.228	1182
7	19	4	40	10	left	left	1	15	15.136	991
7	20	4	40	10	right	left	0	15	15.723	954
7	21	4	40	10	left	left	1	24	15.132	1586
7	22	4	40	10	left	left	1	37	15.233	2429
7	23	4	40	10	left	left	1	18	15.666	1149
7	24	4	40	10	left	left	1	21	15.487	1356
7	25	4	40	10	right	right	1	26	15.55	1672
7	26	4	40	10	right	left	0	16	15.534	1030
7	27	4	40	10	left	right	0	22	15.204	1447
7	28	4	40	10	right	right	1	35	15.549	2251
7	29	4	40	10	right	right	1	17	15.302	1111
7	30	4	40	10	right	right	1	23	15.395	1494
7	31	4	40	10	left	left	1	13	16.291	798
7	32	4	40	10	right	right	1	15	15.167	989
7	33	4	40	10	right	right	1	12	15.625	768
7	34	4	40	10	left	left	1	16	15.296	1046
7	35	4	40	10	left	right	0	34	15.49	2195
7	36	4	40	10	right	right	1	26	15.597	1667
7	37	4	40	10	right	right	1	27	15.341	1760
7	38	4	40	10	right	left	0	39	15.482	2519
7	39	4	40	10	left	right	0	22	15.299	1438
7	40	4	40	10	right	tooFast	2	3	14.851	202
8	1	4	40	10	right	right	1	13	15.532	837
8	2	4	40	10	right	right	1	8	16.807	476
8	3	4	40	10	right	right	1	8	15.296	523
8	4	4	40	10	left	right	0	7	15.021	466
8	5	4	40	10	right	left	0	13	15.99	813
8	6	4	40	10	left	right	0	10	16.447	608
8	7	4	40	10	left	right	0	6	16.713	359
8	8	4	40	10	right	tooFast	2	3	16.393	183
8	9	4	40	10	right	right	1	10	15.748	635
8	10	4	40	10	left	left	1	20	15.094	1325
8	11	4	40	10	left	left	1	8	15.355	521
8	12	4	40	10	right	left	0	17	15.288	1112
8	13	4	40	10	right	right	1	26	15.597	1667
8	14	4	40	10	left	left	1	14	16.204	864
8	15	4	40	10	right	left	0	24	15.142	1585
8	16	4	40	10	right	right	1	18	15.625	1152
8	17	4	40	10	right	left	0	16	15.152	1056
8	18	4	40	10	right	right	1	11	15.942	690
8	19	4	40	10	right	right	1	14	15.385	910
8	20	4	40	10	right	right	1	12	16.327	735
8	21	4	40	10	left	right	0	11	15.515	709
8	22	4	40	10	left	left	1	11	15.152	726
8	23	4	40	10	left	left	1	15	16.112	931
8	24	4	40	10	left	right	0	10	16.103	621
8	25	4	40	10	left	left	1	12	15.727	763
8	26	4	40	10	left	left	1	12	15.625	768
8	27	4	40	10	left	left	1	11	15.32	718
8	28	4	40	10	left	left	1	16	15.968	1002
8	29	4	40	10	left	right	0	18	15.228	1182
8	30	4	40	10	right	right	1	18	15.789	1140
8	31	4	40	10	left	left	1	25	15.674	1595
8	32	4	40	10	right	right	1	21	15.362	1367
8	33	4	40	10	right	right	1	23	15.252	1508
8	34	4	40	10	right	right	1	23	15.743	1461
8	35	4	40	10	right	left	0	28	15.317	1828
8	36	4	40	10	left	left	1	12	15.267	786
8	37	4	40	10	right	right	1	16	15.733	1017
8	38	4	40	10	left	left	1	9	16.636	541
8	39	4	40	10	left	right	0	25	15.423	1621
8	40	4	40	10	left	right	0	11	15.32	718
9	1	4	40	10	right	right	1	14	16.26	861
9	2	4	40	10	left	tooFast	2	4	16.878	237
9	3	4	40	10	right	right	1	7	17.073	410
9	4	4	40	10	left	left	1	9	15.228	591
9	5	4	40	10	right	right	1	8	16.129	496
9	6	4	40	10	left	right	0	7	16.548	423
9	7	4	40	10	right	left	0	8	16.632	481
9	8	4	40	10	left	tooFast	2	3	15.957	188
9	9	4	40	10	left	right	0	7	16.548	423
9	10	4	40	10	right	left	0	6	15.915	377
9	11	4	40	10	left	tooFast	2	3	20.548	146
9	12	4	40	10	left	right	0	18	15.345	1173
9	13	4	40	10	right	right	1	14	15.608	897
9	14	4	40	10	right	left	0	22	15.246	1443
9	15	4	40	10	right	right	1	10	15.456	647
9	16	4	40	10	right	right	1	23	15.282	1505
9	17	4	40	10	left	right	0	17	15.947	1066
9	18	4	40	10	right	right	1	8	16.495	485
9	19	4	40	10	right	left	0	35	15.487	2260
9	20	4	40	10	right	right	1	5	16.234	308
9	21	4	40	10	right	right	1	9	16.364	550
9	22	4	40	10	left	right	0	7	17.199	407
9	23	4	40	10	left	left	1	13	15.625	832
9	24	4	40	10	left	left	1	8	16.129	496
9	25	4	40	10	left	right	0	5	16.949	295
9	26	4	40	10	left	left	1	20	15.76	1269
9	27	4	40	10	right	right	1	10	15.244	656
9	28	4	40	10	left	left	1	11	16.692	659
9	29	4	40	10	left	right	0	23	15.732	1462
9	30	4	40	10	right	left	0	26	15.597	1667
9	31	4	40	10	left	left	1	5	17.123	292
9	32	4	40	10	right	right	1	26	15.205	1710
9	33	4	40	10	right	left	0	13	16.189	803
9	34	4	40	10	right	right	1	11	15.493	710
9	35	4	40	10	right	right	1	9	15.332	587
9	36	4	40	10	left	right	0	11	15.537	708
9	37	4	40	10	left	right	0	15	15.544	965
9	38	4	40	10	left	right	0	13	15.532	837
9	39	4	40	10	right	right	1	5	16.393	305
9	40	4	40	10	left	right	0	17	15.247	1115
10	1	4	40	10	right	right	1	15	16.129	930
10	2	4	40	10	right	left	0	9	16.187	556
10	3	4	40	10	right	right	1	16	15.984	1001
10	4	4	40	10	left	right	0	24	15.748	1524
10	5	4	40	10	right	right	1	39	15.513	2514
10	6	4	40	10	left	left	1	14	16.11	869
10	7	4	40	10	right	right	1	12	15.686	765
10	8	4	40	10	left	left	1	11	15.737	699
10	9	4	40	10	left	left	1	15	16.181	927
10	10	4	40	10	right	right	1	8	15.355	521
10	11	4	40	10	right	right	1	8	16.632	481
10	12	4	40	10	right	left	0	16	15.282	1047
10	13	4	40	10	left	left	1	18	15.943	1129
10	14	4	40	10	right	right	1	18	15.721	1145
10	15	4	40	10	right	right	1	31	15.625	1984
10	16	4	40	10	right	left	0	25	15.198	1645
10	17	4	40	10	left	tooFast	2	4	16.736	239
10	18	4	40	10	left	left	1	30	15.536	1931
10	19	4	40	10	right	right	1	14	15.368	911
10	20	4	40	10	right	right	1	22	15.278	1440
10	21	4	40	10	left	left	1	25	15.547	1608
10	22	4	40	10	left	left	1	15	15.839	947
10	23	4	40	10	right	right	1	20	15.361	1302
10	24	4	40	10	left	left	1	13	16.069	809
10	25	4	40	10	right	right	1	19	15.625	1216
10	26	4	40	10	left	left	1	12	15.936	753
10	27	4	40	10	left	left	1	13	15.796	823
10	28	4	40	10	left	right	0	9	16.364	550
10	29	4	40	10	left	left	1	10	15.949	627
10	30	4	40	10	left	left	1	15	16.077	933
10	31	4	40	10	right	right	1	14	15.504	903
10	32	4	40	10	left	left	1	12	16.304	736
10	33	4	40	10	left	left	1	16	15.429	1037
10	34	4	40	10	left	left	1	10	15.773	634
10	35	4	40	10	right	left	0	10	16.129	620
10	36	4	40	10	left	left	1	14	16.279	860
10	37	4	40	10	right	right	1	9	15.306	588
10	38	4	40	10	left	left	1	14	16.11	869
10	39	4	40	10	right	right	1	21	15.475	1357
10	40	4	40	10	right	right	1	17	15.26	1114
11	1	4	40	10	left	right	0	19	15.768	1205
11	2	4	40	10	left	left	1	16	15.209	1052
11	3	4	40	10	left	left	1	19	15.612	1217
11	4	4	40	10	right	right	1	9	16.453	547
11	5	4	40	10	right	left	0	14	16.148	867
11	6	4	40	10	right	right	1	15	15.496	968
11	7	4	40	10	right	right	1	27	15.246	1771
11	8	4	40	10	left	left	1	15	16.251	923
11	9	4	40	10	left	left	1	14	15.677	893
11	10	4	40	10	left	left	1	10	15.48	646
11	11	4	40	10	right	right	1	13	15.476	840
11	12	4	40	10	left	left	1	11	15.625	704
11	13	4	40	10	left	left	1	11	15.193	724
11	14	4	40	10	left	left	1	15	15.873	945
11	15	4	40	10	left	right	0	22	15.759	1396
11	16	4	40	10	right	right	1	12	15.831	758
11	17	4	40	10	left	left	1	20	15.385	1300
11	18	4	40	10	right	right	1	31	15.263	2031
11	19	4	40	10	right	right	1	27	15.716	1718
11	20	4	40	10	right	right	1	17	15.683	1084
11	21	4	40	10	right	left	0	24	15.132	1586
11	22	4	40	10	right	right	1	10	16.639	601
11	23	4	40	10	right	right	1	12	15.248	787
11	24	4	40	10	right	right	1	38	15.466	2457
11	25	4	40	10	left	left	1	15	15.213	986
11	26	4	40	10	left	left	1	12	15.365	781
11	27	4	40	10	left	right	0	16	15.094	1060
11	28	4	40	10	left	left	1	20	15.083	1326
11	29	4	40	10	right	right	1	11	15.235	722
11	30	4	40	10	right	right	1	11	15.471	711
11	31	4	40	10	right	right	1	13	16.03	811
11	32	4	40	10	right	right	1	21	15.602	1346
11	33	4	40	10	left	left	1	11	15.131	727
11	34	4	40	10	left	left	1	10	16.556	604
11	35	4	40	10	right	right	1	10	15.106	662
11	36	4	40	10	right	right	1	22	15.614	1409
11	37	4	40	10	right	right	1	14	15.251	918
11	38	4	40	10	left	left	1	13	15.931	816
11	39	4	40	10	left	left	1	12	16.151	743
11	40	4	40	10	left	left	1	11	15.007	733
12	1	4	40	10	left	left	1	19	15.781	1204
12	2	4	40	10	right	right	1	10	15.898	629
12	3	4	40	10	left	left	1	11	15.299	719
12	4	4	40	10	left	left	1	11	15.896	692
12	5	4	40	10	right	right	1	11	15.449	712
12	6	4	40	10	left	left	1	13	15.258	852
12	7	4	40	10	right	right	1	11	15.193	724
12	8	4	40	10	right	right	1	11	15.257	721
12	9	4	40	10	right	right	1	28	15.368	1822
12	10	4	40	10	right	right	1	23	15.732	1462
12	11	4	40	10	right	right	1	14	16.092	870
12	12	4	40	10	right	left	0	11	15.85	694
12	13	4	40	10	left	left	1	23	15.467	1487
12	14	4	40	10	left	right	0	21	15.362	1367
12	15	4	40	10	left	left	1	13	16.23	801
12	16	4	40	10	left	left	1	11	16.566	664
12	17	4	40	10	left	left	1	19	15.385	1235
12	18	4	40	10	left	left	1	17	16.008	1062
12	19	4	40	10	left	left	1	34	15.378	2211
12	20	4	40	10	left	left	1	31	15.392	2014
12	21	4	40	10	right	right	1	12	15.228	788
12	22	4	40	10	right	right	1	31	15.181	2042
12	23	4	40	10	left	left	1	16	15.748	1016
12	24	4	40	10	left	left	1	22	15.235	1444
12	25	4	40	10	right	right	1	12	15.248	787
12	26	4	40	10	right	left	0	30	15.353	1954
12	27	4	40	10	left	right	0	8	15.779	507
12	28	4	40	10	right	right	1	23	15.467	1487
12	29	4	40	10	right	right	1	24	15.717	1527
12	30	4	40	10	left	left	1	13	15.33	848
12	31	4	40	10	right	right	1	13	16.25	800
12	32	4	40	10	left	left	1	27	15.707	1719
12	33	4	40	10	right	right	1	25	15.124	1653
12	34	4	40	10	right	right	1	23	15.604	1474
12	35	4	40	10	left	left	1	11	16.32	674
12	36	4	40	10	right	right	1	44	15.288	2878
12	37	4	40	10	left	right	0	42	15.43	2722
12	38	4	40	10	right	right	1	38	15.378	2471
12	39	4	40	10	left	left	1	18	15.957	1128
12	40	4	40	10	right	right	1	39	15.427	2528
13	1	4	40	10	left	left	1	14	15.521	902
13	2	4	40	10	right	right	1	15	15.528	966
13	3	4	40	10	left	left	1	11	15.581	706
13	4	4	40	10	left	left	1	22	15.385	1430
13	5	4	40	10	left	left	1	20	15.373	1301
13	6	4	40	10	left	left	1	22	15.614	1409
13	7	4	40	10	left	left	1	15	15.259	983
13	8	4	40	10	left	left	1	11	15.559	707
13	9	4	40	10	right	right	1	11	16.591	663
13	10	4	40	10	right	right	1	11	15.406	714
13	11	4	40	10	left	left	1	15	15.259	983
13	12	4	40	10	right	right	1	38	15.31	2482
13	13	4	40	10	right	right	1	34	15.426	2204
13	14	4	40	10	left	left	1	17	15.755	1079
13	15	4	40	10	left	left	1	37	15.592	2373
13	16	4	40	10	left	right	0	14	15.695	892
13	17	4	40	10	right	right	1	20	15.408	1298
13	18	4	40	10	right	right	1	54	15.42	3502
13	19	4	40	10	left	left	1	16	15.355	1042
13	20	4	40	10	right	right	1	17	15.413	1103
13	21	4	40	10	right	right	1	17	15.554	1093
13	22	4	40	10	left	left	1	15	15.957	940
13	23	4	40	10	right	right	1	15	15.789	950
13	24	4	40	10	left	left	1	17	15.497	1097
13	25	4	40	10	right	right	1	39	15.433	2527
13	26	4	40	10	right	right	1	28	15.342	1825
13	27	4	40	10	left	left	1	15	15.593	962
13	28	4	40	10	right	right	1	13	16.169	804
13	29	4	40	10	right	right	1	18	15.693	1147
13	30	4	40	10	right	right	1	14	15.301	915
13	31	4	40	10	right	left	0	32	15.648	2045
13	32	4	40	10	right	right	1	29	15.426	1880
13	33	4	40	10	left	left	1	12	15.113	794
13	34	4	40	10	right	left	0	33	15.508	2128
13	35	4	40	10	right	right	1	37	15.43	2398
13	36	4	40	10	right	right	1	26	15.653	1661
13	37	4	40	10	left	left	1	38	15.46	2458
13	38	4	40	10	left	left	1	32	15.187	2107
13	39	4	40	10	left	left	1	17	15.799	1076
13	40	4	40	10	left	left	1	17	15.26	1114
14	1	4	40	10	right	left	0	14	16.279	860
14	2	4	40	10	left	left	1	20	15.163	1319
14	3	4	40	10	left	left	1	26	15.231	1707
14	4	4	40	10	right	right	1	24	15.534	1545
14	5	4	40	10	right	right	1	16	15.34	1043
14	6	4	40	10	left	left	1	11	15.278	720
14	7	4	40	10	right	right	1	14	15.819	885
14	8	4	40	10	right	right	1	12	15.852	757
14	9	4	40	10	left	left	1	11	15.559	707
14	10	4	40	10	right	right	1	10	16.474	607
14	11	4	40	10	right	right	1	19	15.115	1257
14	12	4	40	10	left	left	1	12	15.404	779
14	13	4	40	10	right	right	1	10	16.611	602
14	14	4	40	10	right	right	1	12	15.727	763
14	15	4	40	10	left	left	1	11	16.541	665
14	16	4	40	10	left	left	1	11	16.272	676
14	17	4	40	10	right	right	1	11	15.647	703
14	18	4	40	10	right	right	1	34	15.315	2220
14	19	4	40	10	left	left	1	11	16.393	671
14	20	4	40	10	left	left	1	12	16.238	739
14	21	4	40	10	left	left	1	35	15.459	2264
14	22	4	40	10	right	right	1	24	15.831	1516
14	23	4	40	10	right	right	1	37	15.586	2374
14	24	4	40	10	left	left	1	15	15.94	941
14	25	4	40	10	left	right	0	41	15.35	2671
14	26	4	40	10	right	left	0	36	15.339	2347
14	27	4	40	10	right	right	1	46	15.385	2990
14	28	4	40	10	right	right	1	48	15.209	3156
14	29	4	40	10	left	left	1	14	16.073	871
14	30	4	40	10	left	left	1	12	15.789	760
14	31	4	40	10	left	right	0	19	15.067	1261
14	32	4	40	10	left	left	1	20	15.468	1293
14	33	4	40	10	left	left	1	49	15.236	3216
14	34	4	40	10	left	left	1	34	15.308	2221
14	35	4	40	10	right	right	1	12	16.304	736
14	36	4	40	10	right	right	1	34	15.145	2245
14	37	4	40	10	right	right	1	40	15.474	2585
14	38	4	40	10	left	left	1	29	15.45	1877
14	39	4	40	10	left	left	1	20	15.625	1280
14	40	4	40	10	right	right	1	13	15.276	851
15	1	4	40	10	right	right	1	12	15.345	782
15	2	4	40	10	left	left	1	11	15.007	733
15	3	4	40	10	right	right	1	12	16.107	745
15	4	4	40	10	right	right	1	9	15.437	583
15	5	4	40	10	left	left	1	21	15.625	1344
15	6	4	40	10	right	right	1	17	15.219	1117
15	7	4	40	10	right	right	1	37	15.245	2427
15	8	4	40	10	right	right	1	33	15.37	2147
15	9	4	40	10	left	left	1	10	16.556	604
15	10	4	40	10	right	right	1	12	15.365	781
15	11	4	40	10	left	left	1	13	15.258	852
15	12	4	40	10	right	right	1	25	15.664	1596
15	13	4	40	10	left	left	1	17	15.192	1119
15	14	4	40	10	left	right	0	18	15.652	1150
15	15	4	40	10	left	left	1	26	15.385	1690
15	16	4	40	10	right	right	1	49	15.467	3168
15	17	4	40	10	left	left	1	19	15.993	1188
15	18	4	40	10	right	right	1	20	15.576	1284
15	19	4	40	10	right	left	0	19	15.742	1207
15	20	4	40	10	right	right	1	18	16	1125
15	21	4	40	10	right	left	0	25	15.207	1644
15	22	4	40	10	left	left	1	41	15.129	2710
15	23	4	40	10	right	left	0	25	15.423	1621
15	24	4	40	10	right	right	1	63	15.152	4158
15	25	4	40	10	right	right	1	40	15.51	2579
15	26	4	40	10	left	left	1	18	15.748	1143
15	27	4	40	10	left	right	0	34	15.185	2239
15	28	4	40	10	left	left	1	29	15.312	1894
15	29	4	40	10	right	right	1	48	14.316	3353
15	30	4	40	10	left	left	1	11	16.743	657
15	31	4	40	10	left	right	0	30	15.528	1932
15	32	4	40	10	left	left	1	14	15.677	893
15	33	4	40	10	left	left	1	15	16.199	926
15	34	4	40	10	left	left	1	23	15.132	1520
15	35	4	40	10	left	left	1	14	15.334	913
15	36	4	40	10	right	right	1	30	15.601	1923
15	37	4	40	10	right	right	1	28	15.368	1822
15	38	4	40	10	left	left	1	31	15.633	1983
15	39	4	40	10	right	left	0	61	15.388	3964
15	40	4	40	10	left	right	0	34	15.226	2233
16	1	4	40	10	right	right	1	13	16.089	808
16	2	4	40	10	left	left	1	24	15.414	1557
16	3	4	40	10	left	left	1	26	15.196	1711
16	4	4	40	10	left	left	1	36	15.431	2333
16	5	4	40	10	right	right	1	16	15.826	1011
16	6	4	40	10	left	left	1	25	15.635	1599
16	7	4	40	10	left	right	0	20	15.601	1282
16	8	4	40	10	left	left	1	58	15.155	3827
16	9	4	40	10	right	right	1	17	15.539	1094
16	10	4	40	10	left	left	1	19	15.261	1245
16	11	4	40	10	right	right	1	32	15.572	2055
16	12	4	40	10	right	right	1	29	15.191	1909
16	13	4	40	10	left	left	1	25	15.694	1593
16	14	4	40	10	right	right	1	31	15.469	2004
16	15	4	40	10	right	right	1	27	15.194	1777
16	16	4	40	10	right	left	0	44	15.188	2897
16	17	4	40	10	left	left	1	27	15.254	1770
16	18	4	40	10	left	left	1	41	15.379	2666
16	19	4	40	10	right	right	1	38	15.479	2455
16	20	4	40	10	left	left	1	27	15.482	1744
16	21	4	40	10	right	right	1	18	15.859	1135
16	22	4	40	10	left	right	0	33	15.406	2142
16	23	4	40	10	right	left	0	57	15.372	3708
16	24	4	40	10	right	right	1	34	15.385	2210
16	25	4	40	10	left	left	1	37	15.133	2445
16	26	4	40	10	left	left	1	67	15.234	4398
16	27	4	40	10	left	right	0	27	15.194	1777
16	28	4	40	10	right	right	1	65	15.226	4269
16	29	4	40	10	right	right	1	55	15.16	3628
16	30	4	40	10	right	left	0	56	15.172	3691
16	31	4	40	10	left	right	0	10	16	625
16	32	4	40	10	left	right	0	73	15.336	4760
16	33	4	40	10	right	left	0	25	15.47	1616
16	34	4	40	10	left	left	1	51	15.174	3361
16	35	4	40	10	right	right	1	35	15.237	2297
16	36	4	40	10	right	left	0	56	15.359	3646
16	37	4	40	10	right	right	1	19	15.385	1235
16	38	4	40	10	right	right	1	51	15.408	3310
16	39	4	40	10	left	left	1	17	15.343	1108
16	40	4	40	10	left	left	1	24	15.123	1587
17	1	4	40	10	right	right	1	20	15.186	1317
17	2	4	40	10	right	right	1	19	15.702	1210
17	3	4	40	10	left	left	1	10	15.576	642
17	4	4	40	10	left	left	1	12	15.209	789
17	5	4	40	10	right	right	1	8	16	500
17	6	4	40	10	right	right	1	9	15.986	563
17	7	4	40	10	right	left	0	9	16.187	556
17	8	4	40	10	left	left	1	26	15.467	1681
17	9	4	40	10	left	left	1	15	15.167	989
17	10	4	40	10	right	right	1	9	15.203	592
17	11	4	40	10	left	left	1	9	16.014	562
17	12	4	40	10	left	left	1	40	15.373	2602
17	13	4	40	10	right	right	1	19	15.435	1231
17	14	4	40	10	left	left	1	29	15.608	1858
17	15	4	40	10	left	left	1	24	15.209	1578
17	16	4	40	10	left	left	1	17	15.329	1109
17	17	4	40	10	right	right	1	18	15.789	1140
17	18	4	40	10	left	right	0	18	15.571	1156
17	19	4	40	10	left	left	1	43	15.396	2793
17	20	4	40	10	left	left	1	65	15.291	4251
17	21	4	40	10	left	left	1	38	15.17	2505
17	22	4	40	10	left	left	1	24	15.113	1588
17	23	4	40	10	left	left	1	22	15.548	1415
17	24	4	40	10	left	left	1	21	15.475	1357
17	25	4	40	10	right	right	1	27	15.679	1722
17	26	4	40	10	right	right	1	12	15.152	792
17	27	4	40	10	right	left	0	15	15.152	990
17	28	4	40	10	right	right	1	42	15.223	2759
17	29	4	40	10	right	right	1	37	15.572	2376
17	30	4	40	10	right	right	1	17	15.888	1070
17	31	4	40	10	left	left	1	9	15.544	579
17	32	4	40	10	left	left	1	13	16.291	798
17	33	4	40	10	right	right	1	8	16.807	476
17	34	4	40	10	left	left	1	25	15.3	1634
17	35	4	40	10	right	right	1	24	15.564	1542
17	36	4	40	10	right	right	1	12	15.957	752
17	37	4	40	10	right	right	1	17	16.008	1062
17	38	4	40	10	right	right	1	17	15.247	1115
17	39	4	40	10	right	left	0	9	15.571	578
17	40	4	40	10	left	left	1	9	16.791	536
18	1	4	40	10	right	right	1	14	15.713	891
18	2	4	40	10	left	left	1	7	16.99	412
18	3	4	40	10	left	right	0	7	15.873	441
18	4	4	40	10	left	left	1	13	16.189	803
18	5	4	40	10	right	left	0	7	16.432	426
18	6	4	40	10	right	right	1	8	15.748	508
18	7	4	40	10	left	left	1	10	15.748	635
18	8	4	40	10	right	right	1	9	15.28	589
18	9	4	40	10	right	right	1	14	15.945	878
18	10	4	40	10	left	left	1	8	16.427	487
18	11	4	40	10	left	right	0	8	15.968	501
18	12	4	40	10	right	right	1	19	15.31	1241
18	13	4	40	10	right	left	0	6	18.072	332
18	14	4	40	10	right	right	1	9	16.917	532
18	15	4	40	10	left	left	1	11	15.737	699
18	16	4	40	10	left	left	1	11	15.827	695
18	17	4	40	10	left	right	0	11	16.492	667
18	18	4	40	10	right	left	0	9	15.762	571
18	19	4	40	10	left	tooFast	2	3	19.608	153
18	20	4	40	10	left	left	1	18	15.477	1163
18	21	4	40	10	right	right	1	14	16.018	874
18	22	4	40	10	right	right	1	8	15.296	523
18	23	4	40	10	right	left	0	10	16.393	610
18	24	4	40	10	right	right	1	10	15.221	657
18	25	4	40	10	right	right	1	17	15.455	1100
18	26	4	40	10	right	right	1	15	15.198	987
18	27	4	40	10	left	left	1	11	16.035	686
18	28	4	40	10	left	left	1	12	15.915	754
18	29	4	40	10	right	right	1	16	15.748	1016
18	30	4	40	10	left	left	1	8	16.529	484
18	31	4	40	10	left	right	0	9	16.949	531
18	32	4	40	10	right	right	1	10	15.432	648
18	33	4	40	10	left	left	1	13	16.03	811
18	34	4	40	10	left	left	1	10	16.181	618
18	35	4	40	10	left	left	1	10	16.779	596
18	36	4	40	10	right	right	1	14	16.11	869
18	37	4	40	10	right	right	1	13	16.291	798
18	38	4	40	10	right	right	1	23	15.829	1453
18	39	4	40	10	left	right	0	12	15.707	764
18	40	4	40	10	left	right	0	11	16.2	679
19	1	4	40	10	right	right	1	23	15.416	1492
19	2	4	40	10	left	left	1	9	15.734	572
19	3	4	40	10	left	left	1	10	16.75	597
19	4	4	40	10	right	right	1	13	16.291	798
19	5	4	40	10	right	right	1	8	16.771	477
19	6	4	40	10	right	left	0	11	15.027	732
19	7	4	40	10	right	left	0	17	15.668	1085
19	8	4	40	10	left	left	1	12	15.957	752
19	9	4	40	10	left	left	1	12	16.173	742
19	10	4	40	10	left	left	1	8	15.534	515
19	11	4	40	10	left	left	1	11	16.129	682
19	12	4	40	10	right	right	1	15	16.216	925
19	13	4	40	10	right	right	1	10	16.694	599
19	14	4	40	10	left	left	1	11	16.566	664
19	15	4	40	10	right	right	1	9	15.762	571
19	16	4	40	10	left	left	1	8	16	500
19	17	4	40	10	right	right	1	20	15.492	1291
19	18	4	40	10	left	right	0	9	15.901	566
19	19	4	40	10	right	right	1	16	15.444	1036
19	20	4	40	10	right	right	1	15	16.146	929
19	21	4	40	10	right	right	1	8	16.842	475
19	22	4	40	10	left	right	0	7	15.59	449
19	23	4	40	10	right	right	1	11	15.193	724
19	24	4	40	10	left	left	1	21	15.262	1376
19	25	4	40	10	left	left	1	10	16.287	614
19	26	4	40	10	left	left	1	14	16.204	864
19	27	4	40	10	left	left	1	9	15.177	593
19	28	4	40	10	left	right	0	22	15.692	1402
19	29	4	40	10	left	left	1	11	15.172	725
19	30	4	40	10	right	right	1	12	16.26	738
19	31	4	40	10	right	right	1	23	15.808	1455
19	32	4	40	10	left	left	1	9	16.822	535
19	33	4	40	10	left	right	0	8	15.656	511
19	34	4	40	10	right	left	0	5	16.722	299
19	35	4	40	10	right	right	1	8	15.123	529
19	36	4	40	10	right	right	1	13	15.606	833
19	37	4	40	10	left	left	1	10	16.447	608
19	38	4	40	10	right	right	1	12	15.748	762
19	39	4	40	10	left	left	1	9	15.228	591
19	40	4	40	10	right	right	1	25	15.538	1609
20	1	4	40	10	right	right	1	8	17.021	470
20	2	4	40	10	left	tooFast	2	4	17.467	229
20	3	4	40	10	left	right	0	5	16.026	312
20	4	4	40	10	left	left	1	5	16.949	295
20	5	4	40	10	right	right	1	5	16.835	297
20	6	4	40	10	left	tooFast	2	4	18.265	219
20	7	4	40	10	right	right	1	13	15.931	816
20	8	4	40	10	left	left	1	7	16.241	431
20	9	4	40	10	left	right	0	6	16.484	364
20	10	4	40	10	left	left	1	8	16.227	493
20	11	4	40	10	left	right	0	8	15.267	524
20	12	4	40	10	right	right	1	9	15.203	592
20	13	4	40	10	right	right	1	9	15.571	578
20	14	4	40	10	right	right	1	7	15.801	443
20	15	4	40	10	left	left	1	11	16.768	656
20	16	4	40	10	left	right	0	6	15.789	380
20	17	4	40	10	right	right	1	10	14.97	668
20	18	4	40	10	left	right	0	7	15.351	456
20	19	4	40	10	left	left	1	7	15.284	458
20	20	4	40	10	left	right	0	16	15.152	1056
20	21	4	40	10	right	right	1	18	15.598	1154
20	22	4	40	10	right	left	0	7	15.021	466
20	23	4	40	10	right	right	1	11	16.641	661
20	24	4	40	10	right	left	0	9	16.304	552
20	25	4	40	10	left	left	1	10	15.898	629
20	26	4	40	10	right	right	1	11	15.988	688
20	27	4	40	10	right	right	1	9	15.734	572
20	28	4	40	10	right	right	1	10	15.528	644
20	29	4	40	10	right	right	1	9	15.652	575
20	30	4	40	10	left	left	1	8	15.873	504
20	31	4	40	10	right	right	1	10	16.051	623
20	32	4	40	10	right	left	0	8	16.632	481
20	33	4	40	10	left	left	1	12	16.043	748
20	34	4	40	10	left	left	1	8	15.595	513
20	35	4	40	10	left	left	1	9	16.544	544
20	36	4	40	10	left	left	1	8	15.385	520
20	37	4	40	10	right	left	0	11	15.805	696
20	38	4	40	10	right	right	1	15	15.74	953
20	39	4	40	10	left	left	1	11	15.714	700
20	40	4	40	10	right	left	0	12	16.304	736
21	1	4	40	10	left	right	0	12	16.26	738
21	2	4	40	10	left	left	1	11	15.363	716
21	3	4	40	10	left	right	0	9	16.043	561
21	4	4	40	10	right	right	1	8	16.194	494
21	5	4	40	10	left	left	1	7	16.317	429
21	6	4	40	10	left	left	1	8	15.094	530
21	7	4	40	10	right	right	1	7	15.284	458
21	8	4	40	10	left	left	1	8	15.873	504
21	9	4	40	10	right	right	1	9	16.334	551
21	10	4	40	10	left	left	1	8	15.905	503
21	11	4	40	10	left	right	0	10	16.502	606
21	12	4	40	10	right	right	1	17	15.441	1101
21	13	4	40	10	right	right	1	11	16.296	675
21	14	4	40	10	left	left	1	9	15.652	575
21	15	4	40	10	left	left	1	14	15.504	903
21	16	4	40	10	right	right	1	8	16.949	472
21	17	4	40	10	right	right	1	14	15.801	886
21	18	4	40	10	right	right	1	14	15.368	911
21	19	4	40	10	right	left	0	12	15.936	753
21	20	4	40	10	right	left	0	8	16.842	475
21	21	4	40	10	right	right	1	17	15.426	1102
21	22	4	40	10	right	right	1	12	15.852	757
21	23	4	40	10	right	right	1	19	15.103	1258
21	24	4	40	10	left	left	1	10	16.75	597
21	25	4	40	10	right	left	0	10	16.722	598
21	26	4	40	10	right	right	1	12	16.021	749
21	27	4	40	10	right	right	1	16	15.474	1034
21	28	4	40	10	left	left	1	15	15.259	983
21	29	4	40	10	left	left	1	14	15.301	915
21	30	4	40	10	left	left	1	16	15.209	1052
21	31	4	40	10	left	left	1	11	15.406	714
21	32	4	40	10	left	left	1	12	15.345	782
21	33	4	40	10	left	right	0	20	15.773	1268
21	34	4	40	10	right	right	1	9	16.187	556
21	35	4	40	10	right	left	0	10	15.361	651
21	36	4	40	10	left	tooFast	2	2	14.388	139
21	37	4	40	10	left	right	0	6	15.424	389
21	38	4	40	10	left	left	1	4	15.267	262
21	39	4	40	10	right	right	1	28	15.359	1823
21	40	4	40	10	right	left	0	10	16.447	608
22	1	4	40	10	right	left	0	5	18.727	267
22	2	4	40	10	left	right	0	5	18.382	272
22	3	4	40	10	left	right	0	5	16.129	310
22	4	4	40	10	left	left	1	20	15.373	1301
22	5	4	40	10	left	left	1	12	15.605	769
22	6	4	40	10	right	right	1	12	15.979	751
22	7	4	40	10	right	right	1	13	16.149	805
22	8	4	40	10	left	left	1	9	15.986	563
22	9	4	40	10	right	right	1	13	15.258	852
22	10	4	40	10	left	left	1	8	15.748	508
22	11	4	40	10	right	right	1	8	16.563	483
22	12	4	40	10	right	left	0	9	16.76	537
22	13	4	40	10	right	right	1	14	15.801	886
22	14	4	40	10	right	left	0	9	16.822	535
22	15	4	40	10	left	left	1	13	16.169	804
22	16	4	40	10	left	left	1	10	15.748	635
22	17	4	40	10	left	left	1	9	16.393	549
22	18	4	40	10	left	left	1	9	15.254	590
22	19	4	40	10	left	left	1	10	16.694	599
22	20	4	40	10	right	right	1	12	15.957	752
22	21	4	40	10	left	left	1	8	15.936	502
22	22	4	40	10	right	left	0	8	15.474	517
22	23	4	40	10	right	right	1	7	16.129	434
22	24	4	40	10	left	left	1	7	16.241	431
22	25	4	40	10	left	left	1	11	15.896	692
22	26	4	40	10	left	left	1	11	16.369	672
22	27	4	40	10	right	right	1	11	15.193	724
22	28	4	40	10	right	right	1	11	15.471	711
22	29	4	40	10	right	right	1	23	15.509	1483
22	30	4	40	10	right	right	1	20	15.576	1284
22	31	4	40	10	right	right	1	9	16.1	559
22	32	4	40	10	right	right	1	16	15.385	1040
22	33	4	40	10	left	left	1	12	15.228	788
22	34	4	40	10	left	left	1	11	15.759	698
22	35	4	40	10	right	left	0	10	14.925	670
22	36	4	40	10	right	right	1	25	15.48	1615
22	37	4	40	10	right	left	0	14	16.298	859
22	38	4	40	10	left	left	1	27	15.482	1744
22	39	4	40	10	left	left	1	26	15.644	1662
22	40	4	40	10	left	left	1	12	15.248	787
23	1	4	40	10	left	left	1	16	15.549	1029
23	2	4	40	10	right	right	1	7	15.873	441
23	3	4	40	10	left	left	1	19	15.953	1191
23	4	4	40	10	left	left	1	8	15.414	519
23	5	4	40	10	left	right	0	13	16.27	799
23	6	4	40	10	right	left	0	8	15.066	531
23	7	4	40	10	right	tooFast	2	4	18.605	215
23	8	4	40	10	left	left	1	11	16.272	676
23	9	4	40	10	right	right	1	10	15.456	647
23	10	4	40	10	left	left	1	8	15.81	506
23	11	4	40	10	left	left	1	12	15.444	777
23	12	4	40	10	right	right	1	9	16.334	551
23	13	4	40	10	left	left	1	9	16.304	552
23	14	4	40	10	left	right	0	9	15.203	592
23	15	4	40	10	right	right	1	16	15.18	1054
23	16	4	40	10	right	right	1	11	16.492	667
23	17	4	40	10	left	right	0	22	15.827	1390
23	18	4	40	10	right	right	1	10	15.432	648
23	19	4	40	10	left	left	1	13	16.03	811
23	20	4	40	10	right	right	1	15	15.856	946
23	21	4	40	10	left	left	1	12	15.544	772
23	22	4	40	10	right	left	0	18	15.817	1138
23	23	4	40	10	right	tooFast	2	3	18.868	159
23	24	4	40	10	right	right	1	12	15.748	762
23	25	4	40	10	left	left	1	8	16.162	495
23	26	4	40	10	left	right	0	14	16.241	862
23	27	4	40	10	left	left	1	11	15.737	699
23	28	4	40	10	right	left	0	27	15.35	1759
23	29	4	40	10	left	left	1	16	15.826	1011
23	30	4	40	10	left	left	1	11	15.471	711
23	31	4	40	10	right	right	1	12	15.727	763
23	32	4	40	10	right	right	1	11	15.089	729
23	33	4	40	10	right	right	1	8	16.194	494
23	34	4	40	10	right	right	1	15	15.674	957
23	35	4	40	10	left	left	1	8	15.905	503
23	36	4	40	10	right	right	1	10	15.848	631
23	37	4	40	10	right	right	1	12	15.132	793
23	38	4	40	10	left	right	0	12	16.151	743
23	39	4	40	10	left	left	1	8	16.097	497
23	40	4	40	10	right	left	0	19	15.625	1216
24	1	4	40	10	right	right	1	17	15.525	1095
24	2	4	40	10	left	left	1	10	16.103	621
24	3	4	40	10	left	left	1	13	15.644	831
24	4	4	40	10	right	right	1	9	16.1	559
24	5	4	40	10	right	right	1	8	16.162	495
24	6	4	40	10	left	left	1	10	16.077	622
24	7	4	40	10	right	right	1	9	16.822	535
24	8	4	40	10	right	left	0	9	16.822	535
24	9	4	40	10	right	left	0	10	15.924	628
24	10	4	40	10	right	right	1	9	16.216	555
24	11	4	40	10	right	right	1	22	15.759	1396
24	12	4	40	10	left	left	1	11	15.759	698
24	13	4	40	10	right	right	1	11	15.493	710
24	14	4	40	10	right	left	0	11	15.068	730
24	15	4	40	10	right	right	1	45	15.348	2932
24	16	4	40	10	right	right	1	11	16.541	665
24	17	4	40	10	left	right	0	5	18.116	276
24	18	4	40	10	right	left	0	11	15.068	730
24	19	4	40	10	left	left	1	14	15.301	915
24	20	4	40	10	left	left	1	9	15.491	581
24	21	4	40	10	left	left	1	10	16.502	606
24	22	4	40	10	left	left	1	9	16.791	536
24	23	4	40	10	left	left	1	9	16.071	560
24	24	4	40	10	left	right	0	9	15.411	584
24	25	4	40	10	left	right	0	8	15.686	510
24	26	4	40	10	left	left	1	12	15.424	778
24	27	4	40	10	right	right	1	29	15.36	1888
24	28	4	40	10	left	left	1	11	16.492	667
24	29	4	40	10	right	left	0	10	16.722	598
24	30	4	40	10	left	left	1	9	16.187	556
24	31	4	40	10	left	left	1	20	15.76	1269
24	32	4	40	10	right	left	0	12	15.484	775
24	33	4	40	10	left	left	1	18	15.929	1130
24	34	4	40	10	left	left	1	12	16.26	738
24	35	4	40	10	left	left	1	19	15.435	1231
24	36	4	40	10	left	left	1	30	15.244	1968
24	37	4	40	10	right	right	1	19	15.664	1213
24	38	4	40	10	right	right	1	12	15.504	774
24	39	4	40	10	right	right	1	9	15.762	571
24	40	4	40	10	right	left	0	14	15.837	884
