
blkNum	trlNum	coherentDots	numberofDots	percentCoherence	winningDirection	response	correct	eventCount	averageFrameRate	RT
1	1	4	40	10	left	left	1	23	15.293	1504
1	2	4	40	10	right	right	1	11	15.278	720
1	3	4	40	10	left	left	1	9	15.28	589
1	4	4	40	10	left	left	1	9	15.464	582
1	5	4	40	10	right	right	1	10	16.474	607
1	6	4	40	10	right	right	1	8	15.842	505
1	7	4	40	10	left	left	1	11	16.369	672
1	8	4	40	10	right	right	1	7	15.251	459
1	9	4	40	10	left	left	1	7	15.054	465
1	10	4	40	10	right	right	1	7	15.625	448
1	11	4	40	10	right	left	0	7	16.317	429
1	12	4	40	10	right	right	1	8	16.162	495
1	13	4	40	10	right	right	1	9	16.605	542
1	14	4	40	10	left	left	1	12	15.504	774
1	15	4	40	10	left	right	0	8	16.529	484
1	16	4	40	10	left	left	1	8	15.385	520
1	17	4	40	10	right	right	1	8	16.427	487
1	18	4	40	10	left	right	0	10	16.077	622
1	19	4	40	10	right	right	1	11	16.641	661
1	20	4	40	10	right	left	0	19	15.728	1208
1	21	4	40	10	right	right	1	9	16.364	550
1	22	4	40	10	left	right	0	10	15.848	631
1	23	4	40	10	left	left	1	20	15.175	1318
1	24	4	40	10	right	right	1	10	16.611	602
1	25	4	40	10	right	right	1	10	15.361	651
1	26	4	40	10	left	left	1	11	15.873	693
1	27	4	40	10	right	right	1	9	16.014	562
1	28	4	40	10	left	left	1	10	15.974	626
1	29	4	40	10	right	right	1	7	15.766	444
1	30	4	40	10	right	left	0	12	15.915	754
1	31	4	40	10	left	left	1	15	15.432	972
1	32	4	40	10	left	left	1	10	15.625	640
1	33	4	40	10	left	left	1	12	15.564	771
1	34	4	40	10	left	left	1	9	15.411	584
1	35	4	40	10	right	right	1	9	15.385	585
1	36	4	40	10	left	right	0	12	16.086	746
1	37	4	40	10	right	right	1	12	16.043	748
1	38	4	40	10	left	left	1	13	16.049	810
1	39	4	40	10	right	left	0	11	15.625	704
1	40	4	40	10	left	left	1	11	15.257	721
2	1	4	40	10	right	right	1	20	15.552	1286
2	2	4	40	10	right	right	1	10	16.667	600
2	3	4	40	10	right	left	0	9	15.571	578
2	4	4	40	10	left	right	0	9	15.625	576
2	5	4	40	10	left	left	1	9	16.364	550
2	6	4	40	10	left	left	1	14	16.241	862
2	7	4	40	10	right	right	1	9	16.129	558
2	8	4	40	10	left	left	1	8	16.736	478
2	9	4	40	10	left	left	1	8	16.227	493
2	10	4	40	10	right	right	1	6	14.851	404
2	11	4	40	10	left	right	0	13	15.931	816
2	12	4	40	10	left	left	1	12	15.228	788
2	13	4	40	10	right	right	1	8	15.779	507
2	14	4	40	10	left	right	0	13	16.209	802
2	15	4	40	10	right	left	0	8	15.238	525
2	16	4	40	10	left	left	1	10	16.835	594
2	17	4	40	10	left	right	0	10	16.367	611
2	18	4	40	10	left	left	1	9	16.245	554
2	19	4	40	10	right	right	1	9	15.385	585
2	20	4	40	10	right	left	0	8	15.296	523
2	21	4	40	10	right	right	1	9	15.464	582
2	22	4	40	10	left	left	1	12	15.306	784
2	23	4	40	10	left	right	0	8	17.021	470
2	24	4	40	10	left	left	1	8	16.36	489
2	25	4	40	10	right	right	1	12	15.464	776
2	26	4	40	10	right	right	1	8	16.194	494
2	27	4	40	10	left	left	1	8	17.058	469
2	28	4	40	10	left	left	1	10	16.807	595
2	29	4	40	10	right	right	1	15	15.806	949
2	30	4	40	10	right	left	0	10	15.649	639
2	31	4	40	10	right	left	0	12	15.936	753
2	32	4	40	10	left	left	1	12	16.107	745
2	33	4	40	10	right	right	1	22	15.827	1390
2	34	4	40	10	right	right	1	11	16.641	661
2	35	4	40	10	right	right	1	10	16.779	596
2	36	4	40	10	right	left	0	11	16.345	673
2	37	4	40	10	left	right	0	7	15.59	449
2	38	4	40	10	right	right	1	18	15.254	1180
2	39	4	40	10	left	left	1	15	16.094	932
2	40	4	40	10	left	left	1	19	15.447	1230
3	1	4	40	10	left	right	0	13	15.796	823
3	2	4	40	10	left	left	1	9	15.332	587
3	3	4	40	10	left	right	0	22	15.57	1413
3	4	4	40	10	left	left	1	20	15.723	1272
3	5	4	40	10	right	right	1	21	15.778	1331
3	6	4	40	10	left	left	1	20	15.54	1287
3	7	4	40	10	right	right	1	10	15.601	641
3	8	4	40	10	left	left	1	10	16.779	596
3	9	4	40	10	right	right	1	23	15.395	1494
3	10	4	40	10	right	left	0	19	15.055	1262
3	11	4	40	10	left	left	1	31	15.641	1982
3	12	4	40	10	right	right	1	11	16.105	683
3	13	4	40	10	left	left	1	11	15.152	726
3	14	4	40	10	right	right	1	9	16.453	547
3	15	4	40	10	right	right	1	8	15.779	507
3	16	4	40	10	right	left	0	10	16.181	618
3	17	4	40	10	left	left	1	10	16.207	617
3	18	4	40	10	right	right	1	9	16.698	539
3	19	4	40	10	right	right	1	12	15.564	771
3	20	4	40	10	right	left	0	9	15.598	577
3	21	4	40	10	right	right	1	16	15.282	1047
3	22	4	40	10	left	right	0	15	15.432	972
3	23	4	40	10	left	left	1	22	15.581	1412
3	24	4	40	10	right	right	1	10	15.748	635
3	25	4	40	10	right	right	1	10	15.504	645
3	26	4	40	10	right	right	1	10	16.667	600
3	27	4	40	10	left	left	1	9	16.76	537
3	28	4	40	10	left	left	1	11	15.782	697
3	29	4	40	10	left	right	0	9	16.886	533
3	30	4	40	10	right	right	1	10	15.974	626
3	31	4	40	10	right	right	1	8	16.26	492
3	32	4	40	10	left	left	1	15	15.974	939
3	33	4	40	10	right	left	0	16	15.18	1054
3	34	4	40	10	right	right	1	8	15.905	503
3	35	4	40	10	left	left	1	10	16.474	607
3	36	4	40	10	right	right	1	8	16.129	496
3	37	4	40	10	left	left	1	9	16.575	543
3	38	4	40	10	left	left	1	11	15.471	711
3	39	4	40	10	left	left	1	10	15.949	627
3	40	4	40	10	left	right	0	8	15.238	525
4	1	4	40	10	right	right	1	13	15.24	853
4	2	4	40	10	left	left	1	11	16.248	677
4	3	4	40	10	right	right	1	8	16.36	489
4	4	4	40	10	left	left	1	8	16.667	480
4	5	4	40	10	left	right	0	8	16.461	486
4	6	4	40	10	left	left	1	11	15.759	698
4	7	4	40	10	right	right	1	11	15.493	710
4	8	4	40	10	left	left	1	9	16.245	554
4	9	4	40	10	left	left	1	7	15.837	442
4	10	4	40	10	right	right	1	7	15.909	440
4	11	4	40	10	right	left	0	9	15.679	574
4	12	4	40	10	right	right	1	7	16.092	435
4	13	4	40	10	right	right	1	16	15.625	1024
4	14	4	40	10	left	left	1	10	15.898	629
4	15	4	40	10	left	left	1	15	15.136	991
4	16	4	40	10	right	right	1	14	15.573	899
4	17	4	40	10	right	right	1	13	16.311	797
4	18	4	40	10	right	right	1	18	15.267	1179
4	19	4	40	10	right	right	1	11	16.492	667
4	20	4	40	10	left	left	1	14	15.66	894
4	21	4	40	10	left	left	1	24	15.464	1552
4	22	4	40	10	right	right	1	10	16.181	618
4	23	4	40	10	left	left	1	21	15.672	1340
4	24	4	40	10	right	left	0	20	15.432	1296
4	25	4	40	10	right	right	1	11	15.428	713
4	26	4	40	10	right	right	1	11	15.692	701
4	27	4	40	10	left	right	0	16	15.984	1001
4	28	4	40	10	right	right	1	11	16.32	674
4	29	4	40	10	left	left	1	8	15.444	518
4	30	4	40	10	left	left	1	8	15.474	517
4	31	4	40	10	left	left	1	15	16.094	932
4	32	4	40	10	right	right	1	12	15.666	766
4	33	4	40	10	right	left	0	9	15.957	564
4	34	4	40	10	left	right	0	11	16.541	665
4	35	4	40	10	right	right	1	18	15.929	1130
4	36	4	40	10	left	left	1	11	16.345	673
4	37	4	40	10	right	right	1	10	15.528	644
4	38	4	40	10	left	left	1	11	15.131	727
4	39	4	40	10	left	left	1	11	15.363	716
4	40	4	40	10	left	left	1	16	15.873	1008
5	1	4	40	10	left	right	0	18	15.776	1141
5	2	4	40	10	left	left	1	11	16.541	665
5	3	4	40	10	right	right	1	11	15.515	709
5	4	4	40	10	right	right	1	12	15.936	753
5	5	4	40	10	right	right	1	11	15.988	688
5	6	4	40	10	left	left	1	8	15.779	507
5	7	4	40	10	left	left	1	11	15.603	705
5	8	4	40	10	right	left	0	18	15.762	1142
5	9	4	40	10	right	right	1	10	15.385	650
5	10	4	40	10	right	left	0	10	15.898	629
5	11	4	40	10	right	right	1	9	15.517	580
5	12	4	40	10	right	right	1	9	16.129	558
5	13	4	40	10	left	left	1	14	16.11	869
5	14	4	40	10	right	right	1	9	16.129	558
5	15	4	40	10	left	right	0	23	15.646	1470
5	16	4	40	10	left	left	1	11	15.919	691
5	17	4	40	10	right	right	1	12	16.151	743
5	18	4	40	10	right	right	1	9	15.734	572
5	19	4	40	10	left	left	1	9	16.393	549
5	20	4	40	10	right	right	1	9	16.886	533
5	21	4	40	10	right	right	1	9	15.929	565
5	22	4	40	10	left	left	1	9	16.886	533
5	23	4	40	10	left	left	1	10	16.722	598
5	24	4	40	10	right	right	1	7	15.945	439
5	25	4	40	10	right	right	1	7	15.487	452
5	26	4	40	10	right	right	1	10	15.015	666
5	27	4	40	10	left	left	1	14	15.964	877
5	28	4	40	10	left	left	1	14	16.26	861
5	29	4	40	10	left	left	1	11	15.67	702
5	30	4	40	10	right	right	1	9	16.014	562
5	31	4	40	10	right	left	0	14	16.148	867
5	32	4	40	10	left	left	1	11	16.345	673
5	33	4	40	10	left	left	1	10	15.924	628
5	34	4	40	10	right	right	1	8	16.985	471
5	35	4	40	10	right	right	1	9	16.667	540
5	36	4	40	10	left	left	1	10	16.556	604
5	37	4	40	10	left	left	1	10	16.722	598
5	38	4	40	10	left	left	1	10	15.848	631
5	39	4	40	10	left	left	1	9	16.76	537
5	40	4	40	10	left	left	1	10	16.835	594
6	1	4	40	10	left	left	1	16	15.549	1029
6	2	4	40	10	right	right	1	9	15.571	578
6	3	4	40	10	right	right	1	9	16.917	532
6	4	4	40	10	left	left	1	8	15.779	507
6	5	4	40	10	left	left	1	9	16.014	562
6	6	4	40	10	right	right	1	7	17.032	411
6	7	4	40	10	left	left	1	8	15.873	504
6	8	4	40	10	right	right	1	7	15.66	447
6	9	4	40	10	left	left	1	11	15.172	725
6	10	4	40	10	right	right	1	7	16.129	434
6	11	4	40	10	left	left	1	14	16.222	863
6	12	4	40	10	right	right	1	11	15.299	719
6	13	4	40	10	left	left	1	8	15.748	508
6	14	4	40	10	left	left	1	11	15.559	707
6	15	4	40	10	right	left	0	8	15.152	528
6	16	4	40	10	left	left	1	11	16.667	660
6	17	4	40	10	left	left	1	10	15.649	639
6	18	4	40	10	left	left	1	10	16.207	617
6	19	4	40	10	left	left	1	9	15.957	564
6	20	4	40	10	left	right	0	7	14.957	468
6	21	4	40	10	right	left	0	10	16.694	599
6	22	4	40	10	right	left	0	11	15.152	726
6	23	4	40	10	right	left	0	14	15.784	887
6	24	4	40	10	right	right	1	9	15.517	580
6	25	4	40	10	left	left	1	24	15.81	1518
6	26	4	40	10	right	right	1	10	15.48	646
6	27	4	40	10	left	left	1	9	15.385	585
6	28	4	40	10	right	right	1	8	15.534	515
6	29	4	40	10	left	left	1	8	16.598	482
6	30	4	40	10	left	left	1	13	15.625	832
6	31	4	40	10	left	left	1	9	15.625	576
6	32	4	40	10	right	right	1	11	15.089	729
6	33	4	40	10	left	left	1	9	16.129	558
6	34	4	40	10	right	right	1	11	16.224	678
6	35	4	40	10	right	right	1	11	16.717	658
6	36	4	40	10	right	right	1	11	15.007	733
6	37	4	40	10	left	left	1	7	15.556	450
6	38	4	40	10	right	right	1	10	16.667	600
6	39	4	40	10	right	right	1	13	15.439	842
6	40	4	40	10	right	right	1	14	15.748	889
7	1	4	40	10	left	left	1	11	15.007	733
7	2	4	40	10	right	right	1	9	16.014	562
7	3	4	40	10	left	left	1	15	15.856	946
7	4	4	40	10	right	right	1	8	16.495	485
7	5	4	40	10	right	right	1	9	15.332	587
7	6	4	40	10	right	right	1	7	16.317	429
7	7	4	40	10	left	left	1	11	16.129	682
7	8	4	40	10	left	right	0	8	17.058	469
7	9	4	40	10	right	right	1	9	16.275	553
7	10	4	40	10	left	left	1	15	16.164	928
7	11	4	40	10	right	right	1	15	16.112	931
7	12	4	40	10	right	right	1	11	15.537	708
7	13	4	40	10	right	left	0	11	15.805	696
7	14	4	40	10	left	right	0	9	16.275	553
7	15	4	40	10	right	right	1	11	16.616	662
7	16	4	40	10	left	left	1	12	16.086	746
7	17	4	40	10	left	left	1	14	15.784	887
7	18	4	40	10	left	left	1	8	15.905	503
7	19	4	40	10	right	right	1	10	16.474	607
7	20	4	40	10	right	left	0	9	15.625	576
7	21	4	40	10	right	right	1	9	15.679	574
7	22	4	40	10	right	right	1	8	16.427	487
7	23	4	40	10	right	right	1	22	15.482	1421
7	24	4	40	10	left	left	1	11	16.467	668
7	25	4	40	10	left	right	0	11	15.805	696
7	26	4	40	10	right	right	1	18	15.734	1144
7	27	4	40	10	left	left	1	9	15.203	592
7	28	4	40	10	right	right	1	18	15.721	1145
7	29	4	40	10	left	left	1	10	16	625
7	30	4	40	10	left	left	1	25	15.518	1611
7	31	4	40	10	right	right	1	16	15.282	1047
7	32	4	40	10	left	left	1	19	15.286	1243
7	33	4	40	10	left	left	1	13	15.366	846
7	34	4	40	10	left	left	1	11	15.67	702
7	35	4	40	10	right	right	1	11	15.965	689
7	36	4	40	10	right	left	0	24	15.666	1532
7	37	4	40	10	left	left	1	12	15.894	755
7	38	4	40	10	left	right	0	24	15.385	1560
7	39	4	40	10	right	right	1	11	16.566	664
7	40	4	40	10	left	left	1	15	16.251	923
8	1	4	40	10	right	right	1	9	16.917	532
8	2	4	40	10	left	left	1	8	15.748	508
8	3	4	40	10	right	right	1	8	15.267	524
8	4	4	40	10	right	left	0	8	15.779	507
8	5	4	40	10	left	right	0	9	16.575	543
8	6	4	40	10	left	left	1	10	16.556	604
8	7	4	40	10	right	right	1	9	16.605	542
8	8	4	40	10	left	left	1	7	16.279	430
8	9	4	40	10	left	right	0	7	16.746	418
8	10	4	40	10	right	right	1	10	15.528	644
8	11	4	40	10	left	left	1	9	16.822	535
8	12	4	40	10	left	left	1	8	16.701	479
8	13	4	40	10	left	left	1	8	15.474	517
8	14	4	40	10	left	left	1	8	15.717	509
8	15	4	40	10	right	left	0	8	16.807	476
8	16	4	40	10	right	right	1	14	15.368	911
8	17	4	40	10	right	left	0	7	15.59	449
8	18	4	40	10	right	right	1	9	16.245	554
8	19	4	40	10	right	right	1	7	16.129	434
8	20	4	40	10	right	left	0	12	15.444	777
8	21	4	40	10	right	right	1	16	15.474	1034
8	22	4	40	10	left	left	1	12	15.326	783
8	23	4	40	10	left	left	1	19	15.651	1214
8	24	4	40	10	left	left	1	16	15.889	1007
8	25	4	40	10	left	left	1	18	15.267	1179
8	26	4	40	10	left	left	1	12	16.064	747
8	27	4	40	10	right	right	1	15	15.48	969
8	28	4	40	10	left	left	1	15	15.306	980
8	29	4	40	10	left	right	0	10	15.456	647
8	30	4	40	10	left	left	1	11	16.369	672
8	31	4	40	10	right	right	1	9	16.729	538
8	32	4	40	10	right	left	0	13	15.892	818
8	33	4	40	10	right	left	0	11	16.418	670
8	34	4	40	10	left	left	1	13	15.366	846
8	35	4	40	10	right	right	1	10	16.502	606
8	36	4	40	10	left	right	0	18	15.734	1144
8	37	4	40	10	right	right	1	17	15.455	1100
8	38	4	40	10	right	right	1	22	15.515	1418
8	39	4	40	10	right	right	1	17	15.962	1065
8	40	4	40	10	left	left	1	19	15.86	1198
9	1	4	40	10	right	right	1	10	16.34	612
9	2	4	40	10	left	left	1	17	15.888	1070
9	3	4	40	10	right	right	1	9	15.332	587
9	4	4	40	10	right	right	1	14	15.677	893
9	5	4	40	10	left	left	1	16	15.414	1038
9	6	4	40	10	right	right	1	19	16.007	1187
9	7	4	40	10	right	right	1	16	15.123	1058
9	8	4	40	10	left	left	1	13	15.931	816
9	9	4	40	10	left	left	1	11	15.647	703
9	10	4	40	10	left	left	1	13	16.03	811
9	11	4	40	10	left	left	1	13	15.892	818
9	12	4	40	10	left	left	1	11	15.406	714
9	13	4	40	10	left	right	0	9	15.464	582
9	14	4	40	10	left	left	1	15	15.957	940
9	15	4	40	10	right	left	0	12	16.151	743
9	16	4	40	10	right	right	1	9	15.385	585
9	17	4	40	10	left	left	1	9	16.729	538
9	18	4	40	10	left	left	1	11	15.759	698
9	19	4	40	10	right	right	1	10	16.722	598
9	20	4	40	10	right	right	1	9	16.791	536
9	21	4	40	10	right	right	1	23	15.222	1511
9	22	4	40	10	right	right	1	11	15.988	688
9	23	4	40	10	left	left	1	9	16.917	532
9	24	4	40	10	right	right	1	11	16.272	676
9	25	4	40	10	right	right	1	13	15.777	824
9	26	4	40	10	right	right	1	17	15.639	1087
9	27	4	40	10	left	left	1	11	15.692	701
9	28	4	40	10	left	left	1	10	16	625
9	29	4	40	10	left	left	1	12	16.216	740
9	30	4	40	10	left	right	0	12	15.769	761
9	31	4	40	10	right	right	1	11	16.492	667
9	32	4	40	10	left	left	1	11	16.616	662
9	33	4	40	10	right	left	0	11	15.581	706
9	34	4	40	10	right	right	1	11	15.048	731
9	35	4	40	10	left	left	1	17	15.399	1104
9	36	4	40	10	right	right	1	11	15.67	702
9	37	4	40	10	right	right	1	16	15.579	1027
9	38	4	40	10	left	left	1	9	16.1	559
9	39	4	40	10	left	right	0	18	15.216	1183
9	40	4	40	10	right	left	0	15	15.06	996
10	1	4	40	10	right	right	1	10	15.504	645
10	2	4	40	10	right	right	1	14	14.957	936
10	3	4	40	10	right	right	1	13	15.892	818
10	4	4	40	10	right	right	1	13	15.912	817
10	5	4	40	10	left	left	1	11	16.369	672
10	6	4	40	10	left	right	0	12	15.228	788
10	7	4	40	10	left	left	1	10	15.649	639
10	8	4	40	10	left	left	1	19	15.498	1226
10	9	4	40	10	left	left	1	12	16.064	747
10	10	4	40	10	left	left	1	11	16.369	672
10	11	4	40	10	right	left	0	9	16.667	540
10	12	4	40	10	left	right	0	11	16.153	681
10	13	4	40	10	left	left	1	11	16.541	665
10	14	4	40	10	right	right	1	9	15.707	573
10	15	4	40	10	left	left	1	9	15.929	565
10	16	4	40	10	left	left	1	11	15.32	718
10	17	4	40	10	right	right	1	11	16.492	667
10	18	4	40	10	left	left	1	8	15.686	510
10	19	4	40	10	right	right	1	10	16.103	621
10	20	4	40	10	left	left	1	8	16.985	471
10	21	4	40	10	left	left	1	13	16.291	798
10	22	4	40	10	left	left	1	9	16.423	548
10	23	4	40	10	right	right	1	8	15.238	525
10	24	4	40	10	right	right	1	11	16.272	676
10	25	4	40	10	left	left	1	9	15.845	568
10	26	4	40	10	right	right	1	8	15.625	512
10	27	4	40	10	right	right	1	9	16.334	551
10	28	4	40	10	right	right	1	9	15.625	576
10	29	4	40	10	right	right	1	12	15.132	793
10	30	4	40	10	left	right	0	9	16.1	559
10	31	4	40	10	left	left	1	22	15.406	1428
10	32	4	40	10	right	right	1	8	16.563	483
10	33	4	40	10	right	left	0	8	15.595	513
10	34	4	40	10	left	left	1	17	15.918	1068
10	35	4	40	10	right	right	1	15	15.991	938
10	36	4	40	10	right	left	0	10	15.314	653
10	37	4	40	10	left	left	1	16	15.444	1036
10	38	4	40	10	right	right	1	11	15.782	697
10	39	4	40	10	right	right	1	25	15.124	1653
10	40	4	40	10	left	left	1	12	15.584	770
11	1	4	40	10	left	left	1	11	16.345	673
11	2	4	40	10	right	right	1	7	17.677	396
11	3	4	40	10	left	left	1	14	15.891	881
11	4	4	40	10	left	left	1	14	15.608	897
11	5	4	40	10	left	left	1	11	16.692	659
11	6	4	40	10	right	right	1	10	15.48	646
11	7	4	40	10	left	left	1	8	15.355	521
11	8	4	40	10	left	left	1	8	16.949	472
11	9	4	40	10	right	right	1	9	15.901	566
11	10	4	40	10	left	left	1	10	16.502	606
11	11	4	40	10	right	right	1	9	15.845	568
11	12	4	40	10	right	right	1	9	15.385	585
11	13	4	40	10	right	right	1	10	16.611	602
11	14	4	40	10	left	left	1	8	16	500
11	15	4	40	10	left	left	1	10	16.155	619
11	16	4	40	10	left	left	1	9	16.393	549
11	17	4	40	10	right	right	1	9	16.187	556
11	18	4	40	10	left	left	1	7	17.632	397
11	19	4	40	10	right	right	1	8	15.595	513
11	20	4	40	10	left	left	1	7	16.509	424
11	21	4	40	10	right	right	1	9	15.707	573
11	22	4	40	10	right	right	1	13	15.366	846
11	23	4	40	10	left	left	1	9	15.679	574
11	24	4	40	10	left	right	0	7	16.548	423
11	25	4	40	10	right	right	1	8	15.842	505
11	26	4	40	10	right	right	1	21	15.813	1328
11	27	4	40	10	right	right	1	19	15.273	1244
11	28	4	40	10	left	left	1	11	16.616	662
11	29	4	40	10	right	right	1	9	15.358	586
11	30	4	40	10	left	left	1	10	15.552	643
11	31	4	40	10	right	right	1	9	15.464	582
11	32	4	40	10	left	left	1	8	16.427	487
11	33	4	40	10	right	right	1	16	15.18	1054
11	34	4	40	10	left	left	1	9	15.544	579
11	35	4	40	10	right	right	1	10	16.779	596
11	36	4	40	10	left	left	1	7	15.695	446
11	37	4	40	10	left	right	0	8	16.842	475
11	38	4	40	10	right	right	1	12	15.504	774
11	39	4	40	10	right	right	1	15	15.957	940
11	40	4	40	10	right	right	1	16	16	1000
12	1	4	40	10	left	left	1	11	15.406	714
12	2	4	40	10	left	left	1	16	15.779	1014
12	3	4	40	10	left	right	0	11	15.919	691
12	4	4	40	10	right	right	1	15	16.251	923
12	5	4	40	10	right	right	1	11	16.442	669
12	6	4	40	10	right	right	1	18	15.721	1145
12	7	4	40	10	left	left	1	14	15.217	920
12	8	4	40	10	left	left	1	16	15.238	1050
12	9	4	40	10	left	left	1	20	15.337	1304
12	10	4	40	10	left	left	1	17	15.469	1099
12	11	4	40	10	left	left	1	11	15.11	728
12	12	4	40	10	right	right	1	9	15.254	590
12	13	4	40	10	right	right	1	16	16.016	999
12	14	4	40	10	left	left	1	11	15.581	706
12	15	4	40	10	right	right	1	11	15.67	702
12	16	4	40	10	left	left	1	9	16.453	547
12	17	4	40	10	left	left	1	9	16.453	547
12	18	4	40	10	left	left	1	10	15.337	652
12	19	4	40	10	right	right	1	9	15.679	574
12	20	4	40	10	right	right	1	8	15.656	511
12	21	4	40	10	right	left	0	9	16.129	558
12	22	4	40	10	left	left	1	9	15.306	588
12	23	4	40	10	left	left	1	8	16	500
12	24	4	40	10	right	right	1	6	14.851	404
12	25	4	40	10	left	left	1	9	15.411	584
12	26	4	40	10	right	right	1	8	15.355	521
12	27	4	40	10	right	right	1	10	15.408	649
12	28	4	40	10	left	left	1	7	15.251	459
12	29	4	40	10	left	left	1	7	15.59	449
12	30	4	40	10	right	right	1	9	15.464	582
12	31	4	40	10	right	right	1	7	15.625	448
12	32	4	40	10	left	left	1	9	16.636	541
12	33	4	40	10	right	right	1	12	15.209	789
12	34	4	40	10	right	right	1	9	15.306	588
12	35	4	40	10	right	right	1	9	16.393	549
12	36	4	40	10	left	left	1	10	16.313	613
12	37	4	40	10	left	left	1	8	16.162	495
12	38	4	40	10	right	right	1	8	17.021	470
12	39	4	40	10	right	right	1	9	16.886	533
12	40	4	40	10	right	left	0	7	16.018	437
13	1	4	40	10	right	right	1	11	15.988	688
13	2	4	40	10	right	right	1	8	15.267	524
13	3	4	40	10	left	left	1	11	15.048	731
13	4	4	40	10	right	right	1	9	15.845	568
13	5	4	40	10	right	right	1	10	16.42	609
13	6	4	40	10	left	left	1	14	15.855	883
13	7	4	40	10	left	left	1	8	16.807	476
13	8	4	40	10	left	left	1	8	15.094	530
13	9	4	40	10	right	right	1	8	16.36	489
13	10	4	40	10	left	left	1	7	15.909	440
13	11	4	40	10	right	right	1	10	16.313	613
13	12	4	40	10	left	left	1	7	15.385	455
13	13	4	40	10	right	right	1	9	16.886	533
13	14	4	40	10	right	right	1	17	15.554	1093
13	15	4	40	10	right	right	1	17	15.469	1099
13	16	4	40	10	left	left	1	9	16.76	537
13	17	4	40	10	left	left	1	11	15.428	713
13	18	4	40	10	left	left	1	9	16.364	550
13	19	4	40	10	left	left	1	8	15.444	518
13	20	4	40	10	right	right	1	11	15.493	710
13	21	4	40	10	left	left	1	9	16.014	562
13	22	4	40	10	right	right	1	9	16.014	562
13	23	4	40	10	right	right	1	11	15.048	731
13	24	4	40	10	right	left	0	10	16.234	616
13	25	4	40	10	left	right	0	28	15.495	1807
13	26	4	40	10	left	left	1	10	16.779	596
13	27	4	40	10	left	right	0	17	15.668	1085
13	28	4	40	10	right	right	1	17	15.511	1096
13	29	4	40	10	left	left	1	11	16.012	687
13	30	4	40	10	left	left	1	21	15.228	1379
13	31	4	40	10	right	right	1	9	16.071	560
13	32	4	40	10	left	left	1	12	15.605	769
13	33	4	40	10	left	left	1	15	15.907	943
13	34	4	40	10	right	right	1	9	16.514	545
13	35	4	40	10	left	left	1	9	16.275	553
13	36	4	40	10	right	right	1	11	16.717	658
13	37	4	40	10	left	left	1	7	15.184	461
13	38	4	40	10	right	right	1	9	15.986	563
13	39	4	40	10	right	right	1	11	15.537	708
13	40	4	40	10	right	left	0	13	16.089	808
14	1	4	40	10	left	left	1	8	16.563	483
14	2	4	40	10	left	right	0	7	15.556	450
14	3	4	40	10	right	right	1	10	16.129	620
14	4	4	40	10	right	left	0	9	16.854	534
14	5	4	40	10	right	right	1	8	16.563	483
14	6	4	40	10	right	right	1	8	15.81	506
14	7	4	40	10	left	left	1	10	16.639	601
14	8	4	40	10	right	right	1	9	16.014	562
14	9	4	40	10	left	left	1	10	15.949	627
14	10	4	40	10	left	left	1	10	16.75	597
14	11	4	40	10	left	left	1	8	16.701	479
14	12	4	40	10	right	right	1	8	16.771	477
14	13	4	40	10	left	left	1	11	16.082	684
14	14	4	40	10	right	right	1	9	16.575	543
14	15	4	40	10	right	right	1	12	15.326	783
14	16	4	40	10	left	left	1	12	15.504	774
14	17	4	40	10	left	left	1	11	15.559	707
14	18	4	40	10	right	right	1	9	15.625	576
14	19	4	40	10	left	left	1	9	15.625	576
14	20	4	40	10	right	right	1	8	16.913	473
14	21	4	40	10	right	right	1	9	16.822	535
14	22	4	40	10	left	left	1	14	15.784	887
14	23	4	40	10	left	left	1	11	15.625	704
14	24	4	40	10	right	right	1	9	16.187	556
14	25	4	40	10	right	right	1	11	15.007	733
14	26	4	40	10	left	left	1	12	15.584	770
14	27	4	40	10	right	right	1	13	15.931	816
14	28	4	40	10	right	left	0	17	15.525	1095
14	29	4	40	10	left	left	1	11	15.559	707
14	30	4	40	10	right	right	1	7	15.982	438
14	31	4	40	10	left	left	1	11	15.193	724
14	32	4	40	10	left	left	1	9	16.043	561
14	33	4	40	10	right	right	1	8	15.355	521
14	34	4	40	10	left	right	0	11	16.541	665
14	35	4	40	10	right	right	1	16	16	1000
14	36	4	40	10	left	left	1	13	16.169	804
14	37	4	40	10	left	left	1	9	15.986	563
14	38	4	40	10	right	right	1	18	15.679	1148
14	39	4	40	10	right	left	0	21	15.396	1364
14	40	4	40	10	left	left	1	12	16.173	742
15	1	4	40	10	left	right	0	8	16.807	476
15	2	4	40	10	right	right	1	9	16.822	535
15	3	4	40	10	left	left	1	8	15.414	519
15	4	4	40	10	right	right	1	8	15.209	526
15	5	4	40	10	right	left	0	11	15.515	709
15	6	4	40	10	left	right	0	10	16.26	615
15	7	4	40	10	left	left	1	8	15.209	526
15	8	4	40	10	left	left	1	9	15.929	565
15	9	4	40	10	left	left	1	13	15.99	813
15	10	4	40	10	right	right	1	10	15.48	646
15	11	4	40	10	right	right	1	15	16.043	935
15	12	4	40	10	left	right	0	20	15.601	1282
15	13	4	40	10	right	left	0	21	15.328	1370
15	14	4	40	10	left	left	1	9	16.187	556
15	15	4	40	10	left	left	1	15	15.69	956
15	16	4	40	10	right	right	1	12	16.129	744
15	17	4	40	10	right	right	1	10	16.779	596
15	18	4	40	10	left	left	1	11	15.493	710
15	19	4	40	10	left	left	1	8	15.326	522
15	20	4	40	10	left	left	1	15	15.593	962
15	21	4	40	10	right	right	1	9	15.306	588
15	22	4	40	10	left	left	1	9	16.886	533
15	23	4	40	10	right	right	1	12	15.852	757
15	24	4	40	10	right	right	1	10	16.393	610
15	25	4	40	10	right	right	1	17	15.918	1068
15	26	4	40	10	left	left	1	11	16.129	682
15	27	4	40	10	right	right	1	10	15.291	654
15	28	4	40	10	left	left	1	9	15.625	576
15	29	4	40	10	left	left	1	8	15.123	529
15	30	4	40	10	right	right	1	13	16.23	801
15	31	4	40	10	left	left	1	8	15.625	512
15	32	4	40	10	right	right	1	19	15.335	1239
15	33	4	40	10	right	left	0	9	16.043	561
15	34	4	40	10	right	right	1	8	15.936	502
15	35	4	40	10	right	right	1	22	15.482	1421
15	36	4	40	10	left	left	1	17	15.799	1076
15	37	4	40	10	right	right	1	16	15.123	1058
15	38	4	40	10	right	right	1	13	16.291	798
15	39	4	40	10	left	left	1	10	16.34	612
15	40	4	40	10	left	left	1	18	15.424	1167
16	1	4	40	10	left	left	1	11	16.768	656
16	2	4	40	10	right	right	1	8	15.296	523
16	3	4	40	10	right	left	0	7	15.021	466
16	4	4	40	10	right	right	1	10	15.504	645
16	5	4	40	10	right	right	1	8	16.667	480
16	6	4	40	10	left	left	1	10	16.287	614
16	7	4	40	10	left	left	1	12	15.957	752
16	8	4	40	10	right	right	1	11	16.418	670
16	9	4	40	10	right	left	0	11	15.965	689
16	10	4	40	10	left	left	1	11	15.581	706
16	11	4	40	10	right	right	1	8	16.194	494
16	12	4	40	10	left	left	1	17	16.008	1062
16	13	4	40	10	right	right	1	9	15.762	571
16	14	4	40	10	right	right	1	14	16.298	859
16	15	4	40	10	left	left	1	11	15.214	723
16	16	4	40	10	right	right	1	9	16.071	560
16	17	4	40	10	left	left	1	8	15.873	504
16	18	4	40	10	right	right	1	8	15.385	520
16	19	4	40	10	left	left	1	19	15.536	1223
16	20	4	40	10	right	right	1	9	16.514	545
16	21	4	40	10	right	right	1	15	15.74	953
16	22	4	40	10	right	right	1	15	15.06	996
16	23	4	40	10	left	left	1	13	16.27	799
16	24	4	40	10	right	right	1	7	15.152	462
16	25	4	40	10	left	left	1	21	15.396	1364
16	26	4	40	10	right	right	1	8	16.36	489
16	27	4	40	10	left	left	1	12	15.957	752
16	28	4	40	10	left	left	1	19	15.98	1189
16	29	4	40	10	left	left	1	20	15.256	1311
16	30	4	40	10	right	right	1	10	15.949	627
16	31	4	40	10	left	left	1	10	15.723	636
16	32	4	40	10	left	left	1	9	16.334	551
16	33	4	40	10	left	right	0	30	15.377	1951
16	34	4	40	10	left	left	1	9	16.76	537
16	35	4	40	10	left	left	1	9	16.043	561
16	36	4	40	10	right	right	1	14	16.185	865
16	37	4	40	10	left	left	1	10	16.207	617
16	38	4	40	10	right	right	1	10	15.723	636
16	39	4	40	10	right	left	0	8	17.021	470
16	40	4	40	10	left	left	1	10	16	625
17	1	4	40	10	left	left	1	10	15.625	640
17	2	4	40	10	right	right	1	10	16.835	594
17	3	4	40	10	left	left	1	11	16.467	668
17	4	4	40	10	left	left	1	9	15.873	567
17	5	4	40	10	right	right	1	10	16.447	608
17	6	4	40	10	right	left	0	12	15.267	786
17	7	4	40	10	left	left	1	10	16.75	597
17	8	4	40	10	left	right	0	9	16.334	551
17	9	4	40	10	right	right	1	10	14.97	668
17	10	4	40	10	left	left	1	8	15.656	511
17	11	4	40	10	left	left	1	12	15.81	759
17	12	4	40	10	right	right	1	8	16.529	484
17	13	4	40	10	left	left	1	8	15.296	523
17	14	4	40	10	left	left	1	24	15.605	1538
17	15	4	40	10	right	right	1	9	15.306	588
17	16	4	40	10	right	left	0	15	15.674	957
17	17	4	40	10	left	left	1	12	15.524	773
17	18	4	40	10	left	left	1	12	15.248	787
17	19	4	40	10	right	right	1	9	16.275	553
17	20	4	40	10	right	left	0	12	15.936	753
17	21	4	40	10	right	right	1	13	15.854	820
17	22	4	40	10	left	left	1	19	15.794	1203
17	23	4	40	10	left	right	0	9	16.453	547
17	24	4	40	10	left	left	1	8	16.667	480
17	25	4	40	10	right	right	1	12	15.81	759
17	26	4	40	10	left	left	1	11	15.537	708
17	27	4	40	10	right	right	1	9	16.275	553
17	28	4	40	10	right	right	1	14	15.47	905
17	29	4	40	10	left	left	1	10	16.393	610
17	30	4	40	10	right	right	1	10	16.103	621
17	31	4	40	10	left	left	1	7	15.385	455
17	32	4	40	10	right	right	1	6	14.815	405
17	33	4	40	10	right	right	1	16	15.61	1025
17	34	4	40	10	left	left	1	15	15.94	941
17	35	4	40	10	left	right	0	10	16.447	608
17	36	4	40	10	right	left	0	7	15.419	454
17	37	4	40	10	right	right	1	9	16.043	561
17	38	4	40	10	left	left	1	10	15.974	626
17	39	4	40	10	right	right	1	10	15.552	643
17	40	4	40	10	right	right	1	12	15.171	791
18	1	4	40	10	right	right	1	13	15.931	816
18	2	4	40	10	right	right	1	9	15.652	575
18	3	4	40	10	left	left	1	14	15.909	880
18	4	4	40	10	right	right	1	9	15.817	569
18	5	4	40	10	left	left	1	8	15.123	529
18	6	4	40	10	left	left	1	9	16.76	537
18	7	4	40	10	right	right	1	9	16.275	553
18	8	4	40	10	left	left	1	11	15.428	713
18	9	4	40	10	right	right	1	8	15.968	501
18	10	4	40	10	right	right	1	14	15.677	893
18	11	4	40	10	right	right	1	11	15.32	718
18	12	4	40	10	right	right	1	11	16.105	683
18	13	4	40	10	left	left	1	9	16.605	542
18	14	4	40	10	left	left	1	13	16.291	798
18	15	4	40	10	right	right	1	8	15.238	525
18	16	4	40	10	left	left	1	11	15.873	693
18	17	4	40	10	left	left	1	8	16.097	497
18	18	4	40	10	left	left	1	8	16.667	480
18	19	4	40	10	right	left	0	9	15.679	574
18	20	4	40	10	left	left	1	11	16.692	659
18	21	4	40	10	left	left	1	13	15.815	822
18	22	4	40	10	left	left	1	11	15.172	725
18	23	4	40	10	right	right	1	10	15.974	626
18	24	4	40	10	left	left	1	8	16.807	476
18	25	4	40	10	left	left	1	12	15.727	763
18	26	4	40	10	left	left	1	9	15.845	568
18	27	4	40	10	left	left	1	9	15.817	569
18	28	4	40	10	right	right	1	8	15.094	530
18	29	4	40	10	right	right	1	8	16.327	490
18	30	4	40	10	left	left	1	12	15.464	776
18	31	4	40	10	right	right	1	9	16.854	534
18	32	4	40	10	right	right	1	9	16.605	542
18	33	4	40	10	right	right	1	8	15.18	527
18	34	4	40	10	right	right	1	10	15.48	646
18	35	4	40	10	right	right	1	20	15.711	1273
18	36	4	40	10	right	right	1	14	15.837	884
18	37	4	40	10	right	right	1	9	15.929	565
18	38	4	40	10	left	left	1	10	15.699	637
18	39	4	40	10	left	left	1	9	15.845	568
18	40	4	40	10	left	left	1	9	15.385	585
19	1	4	40	10	right	left	0	15	16.251	923
19	2	4	40	10	left	left	1	10	16.835	594
19	3	4	40	10	left	right	0	8	16.26	492
19	4	4	40	10	right	left	0	6	16.349	367
19	5	4	40	10	right	right	1	15	15.259	983
19	6	4	40	10	left	left	1	9	16.949	531
19	7	4	40	10	right	right	1	9	16.216	555
19	8	4	40	10	left	left	1	10	15.337	652
19	9	4	40	10	left	left	1	23	15.818	1454
19	10	4	40	10	right	right	1	12	16.194	741
19	11	4	40	10	right	right	1	11	15.559	707
19	12	4	40	10	left	left	1	12	15.152	792
19	13	4	40	10	right	right	1	10	15.674	638
19	14	4	40	10	left	left	1	8	15.152	528
19	15	4	40	10	right	right	1	8	16.701	479
19	16	4	40	10	left	left	1	8	15.968	501
19	17	4	40	10	right	right	1	9	16.917	532
19	18	4	40	10	left	left	1	8	16	500
19	19	4	40	10	right	right	1	8	15.534	515
19	20	4	40	10	left	left	1	8	15.534	515
19	21	4	40	10	right	right	1	7	15.021	466
19	22	4	40	10	right	left	0	9	15.385	585
19	23	4	40	10	left	left	1	17	15.888	1070
19	24	4	40	10	left	right	0	19	15.176	1252
19	25	4	40	10	left	left	1	10	15.949	627
19	26	4	40	10	right	right	1	14	15.819	885
19	27	4	40	10	right	right	1	11	15.85	694
19	28	4	40	10	left	left	1	7	15.021	466
19	29	4	40	10	left	left	1	7	15.086	464
19	30	4	40	10	right	right	1	10	15.106	662
19	31	4	40	10	left	left	1	10	16.207	617
19	32	4	40	10	right	right	1	12	16.238	739
19	33	4	40	10	left	left	1	9	16.275	553
19	34	4	40	10	left	left	1	11	15.603	705
19	35	4	40	10	left	left	1	14	15.385	910
19	36	4	40	10	right	right	1	11	16.012	687
19	37	4	40	10	right	left	0	18	15.584	1155
19	38	4	40	10	right	right	1	8	16.129	496
19	39	4	40	10	right	right	1	8	15.414	519
19	40	4	40	10	left	left	1	9	15.254	590
20	1	4	40	10	right	right	1	9	16.791	536
20	2	4	40	10	left	left	1	7	15.086	464
20	3	4	40	10	right	right	1	7	15.982	438
20	4	4	40	10	left	left	1	12	15.707	764
20	5	4	40	10	right	right	1	7	16.129	434
20	6	4	40	10	left	left	1	7	15.66	447
20	7	4	40	10	left	left	1	9	16.917	532
20	8	4	40	10	right	right	1	7	14.957	468
20	9	4	40	10	left	left	1	7	15.521	451
20	10	4	40	10	left	left	1	15	15.625	960
20	11	4	40	10	right	right	1	14	16	875
20	12	4	40	10	right	right	1	10	16.367	611
20	13	4	40	10	right	right	1	15	15.94	941
20	14	4	40	10	left	left	1	10	15.456	647
20	15	4	40	10	left	left	1	11	16.517	666
20	16	4	40	10	left	left	1	19	15.36	1237
20	17	4	40	10	left	left	1	10	15.625	640
20	18	4	40	10	right	right	1	26	15.312	1698
20	19	4	40	10	right	right	1	16	15.152	1056
20	20	4	40	10	left	left	1	10	16.103	621
20	21	4	40	10	left	left	1	28	15.495	1807
20	22	4	40	10	left	left	1	12	15.81	759
20	23	4	40	10	right	right	1	11	16.442	669
20	24	4	40	10	right	right	1	20	15.625	1280
20	25	4	40	10	left	left	1	11	16.667	660
20	26	4	40	10	left	left	1	12	15.171	791
20	27	4	40	10	right	right	1	20	15.662	1277
20	28	4	40	10	left	left	1	10	15.823	632
20	29	4	40	10	right	right	1	11	15.942	690
20	30	4	40	10	right	right	1	13	15.366	846
20	31	4	40	10	left	left	1	9	15.901	566
20	32	4	40	10	right	right	1	19	15.237	1247
20	33	4	40	10	right	right	1	18	15.19	1185
20	34	4	40	10	left	left	1	12	15.444	777
20	35	4	40	10	left	left	1	19	15.953	1191
20	36	4	40	10	right	right	1	13	15.625	832
20	37	4	40	10	right	left	0	19	15.523	1224
20	38	4	40	10	left	left	1	11	16.035	686
20	39	4	40	10	right	left	0	9	15.358	586
20	40	4	40	10	right	right	1	9	15.652	575
21	1	4	40	10	right	right	1	11	16.012	687
21	2	4	40	10	right	left	0	9	16.014	562
21	3	4	40	10	left	left	1	8	15.625	512
21	4	4	40	10	right	right	1	10	15.106	662
21	5	4	40	10	right	right	1	13	15.294	850
21	6	4	40	10	left	left	1	11	15.048	731
21	7	4	40	10	right	right	1	10	16.26	615
21	8	4	40	10	right	right	1	9	15.598	577
21	9	4	40	10	left	left	1	8	16.327	490
21	10	4	40	10	left	left	1	17	15.843	1073
21	11	4	40	10	right	right	1	10	16.722	598
21	12	4	40	10	right	right	1	9	16.071	560
21	13	4	40	10	right	right	1	8	16.129	496
21	14	4	40	10	right	left	0	11	16.393	671
21	15	4	40	10	left	right	0	6	17.91	335
21	16	4	40	10	left	left	1	26	15.71	1655
21	17	4	40	10	left	left	1	22	15.67	1404
21	18	4	40	10	left	left	1	15	15.337	978
21	19	4	40	10	right	right	1	10	15.504	645
21	20	4	40	10	right	right	1	11	16.566	664
21	21	4	40	10	right	left	0	12	15.727	763
21	22	4	40	10	left	left	1	22	15.31	1437
21	23	4	40	10	left	left	1	21	15.579	1348
21	24	4	40	10	right	right	1	11	15.089	729
21	25	4	40	10	left	left	1	23	15.232	1510
21	26	4	40	10	right	right	1	31	15.204	2039
21	27	4	40	10	left	left	1	22	15.395	1429
21	28	4	40	10	left	right	0	20	15.198	1316
21	29	4	40	10	right	right	1	11	16.667	660
21	30	4	40	10	left	left	1	17	15.992	1063
21	31	4	40	10	right	right	1	11	15.515	709
21	32	4	40	10	left	left	1	15	15.609	961
21	33	4	40	10	left	right	0	32	15.474	2068
21	34	4	40	10	right	right	1	12	15.957	752
21	35	4	40	10	left	left	1	9	15.707	573
21	36	4	40	10	left	left	1	30	15.448	1942
21	37	4	40	10	right	right	1	15	15.464	970
21	38	4	40	10	left	right	0	18	15.557	1157
21	39	4	40	10	left	left	1	10	15.974	626
21	40	4	40	10	right	right	1	17	15.903	1069
22	1	4	40	10	left	left	1	9	16.129	558
22	2	4	40	10	left	right	0	15	15.03	998
22	3	4	40	10	left	left	1	12	16.349	734
22	4	4	40	10	left	left	1	8	15.296	523
22	5	4	40	10	right	right	1	8	15.779	507
22	6	4	40	10	left	left	1	11	16.717	658
22	7	4	40	10	right	right	1	14	16.26	861
22	8	4	40	10	right	right	1	20	15.361	1302
22	9	4	40	10	left	left	1	12	16.282	737
22	10	4	40	10	right	right	1	14	16.073	871
22	11	4	40	10	left	left	1	13	15.951	815
22	12	4	40	10	right	right	1	10	15.314	653
22	13	4	40	10	left	left	1	10	16.234	616
22	14	4	40	10	right	right	1	9	16.729	538
22	15	4	40	10	right	right	1	16	15.595	1026
22	16	4	40	10	left	left	1	10	16.077	622
22	17	4	40	10	left	right	0	23	15.797	1456
22	18	4	40	10	right	right	1	11	15.515	709
22	19	4	40	10	left	left	1	7	15.054	465
22	20	4	40	10	right	right	1	9	15.437	583
22	21	4	40	10	right	left	0	11	15.449	712
22	22	4	40	10	left	left	1	11	15.965	689
22	23	4	40	10	right	right	1	9	16.886	533
22	24	4	40	10	right	right	1	7	15.453	453
22	25	4	40	10	right	right	1	8	15.296	523
22	26	4	40	10	right	right	1	27	15.385	1755
22	27	4	40	10	left	left	1	12	16.086	746
22	28	4	40	10	left	left	1	13	15.495	839
22	29	4	40	10	left	left	1	9	15.873	567
22	30	4	40	10	left	left	1	10	15.823	632
22	31	4	40	10	right	right	1	11	15.581	706
22	32	4	40	10	left	right	0	35	15.419	2270
22	33	4	40	10	right	left	0	9	15.203	592
22	34	4	40	10	right	right	1	18	15.228	1182
22	35	4	40	10	left	left	1	13	16.129	806
22	36	4	40	10	right	right	1	14	15.819	885
22	37	4	40	10	left	left	1	19	15.86	1198
22	38	4	40	10	right	right	1	13	15.644	831
22	39	4	40	10	left	left	1	11	16.035	686
22	40	4	40	10	right	right	1	15	15.593	962
23	1	4	40	10	left	left	1	10	16.474	607
23	2	4	40	10	right	right	1	11	15.625	704
23	3	4	40	10	right	right	1	10	15.699	637
23	4	4	40	10	left	left	1	9	16.1	559
23	5	4	40	10	right	right	1	7	15.909	440
23	6	4	40	10	right	right	1	10	15.699	637
23	7	4	40	10	left	left	1	16	15.519	1031
23	8	4	40	10	left	left	1	10	16.34	612
23	9	4	40	10	left	left	1	18	15.544	1158
23	10	4	40	10	right	right	1	8	16.736	478
23	11	4	40	10	left	left	1	8	15.748	508
23	12	4	40	10	right	left	0	8	15.779	507
23	13	4	40	10	right	right	1	33	15.515	2127
23	14	4	40	10	right	right	1	24	15.789	1520
23	15	4	40	10	left	left	1	17	15.611	1089
23	16	4	40	10	left	left	1	24	15.161	1583
23	17	4	40	10	right	right	1	12	15.267	786
23	18	4	40	10	left	left	1	9	15.625	576
23	19	4	40	10	right	right	1	9	15.177	593
23	20	4	40	10	left	right	0	13	15.294	850
23	21	4	40	10	left	left	1	10	16.26	615
23	22	4	40	10	right	right	1	13	15.758	825
23	23	4	40	10	left	left	1	11	15.782	697
23	24	4	40	10	left	left	1	17	15.903	1069
23	25	4	40	10	left	left	1	26	15.312	1698
23	26	4	40	10	right	right	1	10	15.625	640
23	27	4	40	10	left	left	1	20	15.686	1275
23	28	4	40	10	right	right	1	12	15.365	781
23	29	4	40	10	left	left	1	16	15.579	1027
23	30	4	40	10	left	left	1	11	15.278	720
23	31	4	40	10	left	left	1	8	15.534	515
23	32	4	40	10	right	right	1	11	16.492	667
23	33	4	40	10	right	right	1	13	15.366	846
23	34	4	40	10	left	left	1	11	16.012	687
23	35	4	40	10	right	right	1	9	15.789	570
23	36	4	40	10	right	right	1	10	16.835	594
23	37	4	40	10	right	right	1	25	15.133	1652
23	38	4	40	10	left	left	1	12	16.129	744
23	39	4	40	10	right	right	1	18	15.666	1149
23	40	4	40	10	right	left	0	13	16.149	805
24	1	4	40	10	left	left	1	11	15.493	710
24	2	4	40	10	left	left	1	11	15.737	699
24	3	4	40	10	right	right	1	14	16.222	863
24	4	4	40	10	right	right	1	9	16.822	535
24	5	4	40	10	left	left	1	8	16.985	471
24	6	4	40	10	left	left	1	15	15.924	942
24	7	4	40	10	left	left	1	8	15.385	520
24	8	4	40	10	right	left	0	11	16.176	680
24	9	4	40	10	left	left	1	8	15.385	520
24	10	4	40	10	right	left	0	7	15.086	464
24	11	4	40	10	right	right	1	11	15.942	690
24	12	4	40	10	right	right	1	11	16.012	687
24	13	4	40	10	right	right	1	11	15.737	699
24	14	4	40	10	right	right	1	8	15.444	518
24	15	4	40	10	left	left	1	11	15.493	710
24	16	4	40	10	left	right	0	9	16.014	562
24	17	4	40	10	left	left	1	8	15.152	528
24	18	4	40	10	right	right	1	10	14.903	671
24	19	4	40	10	right	right	1	23	15.262	1507
24	20	4	40	10	left	left	1	14	16.298	859
24	21	4	40	10	right	right	1	9	16.667	540
24	22	4	40	10	left	left	1	15	16.094	932
24	23	4	40	10	left	left	1	20	15.279	1309
24	24	4	40	10	right	right	1	9	15.358	586
24	25	4	40	10	left	left	1	8	16.064	498
24	26	4	40	10	right	right	1	10	16.835	594
24	27	4	40	10	left	left	1	9	15.789	570
24	28	4	40	10	left	right	0	8	16.293	491
24	29	4	40	10	right	right	1	13	15.495	839
24	30	4	40	10	right	right	1	12	16.327	735
24	31	4	40	10	left	left	1	9	16.917	532
24	32	4	40	10	left	left	1	8	16.563	483
24	33	4	40	10	left	left	1	28	15.201	1842
24	34	4	40	10	left	left	1	15	15.69	956
24	35	4	40	10	right	right	1	15	15.385	975
24	36	4	40	10	right	right	1	18	15.293	1177
24	37	4	40	10	left	left	1	14	16.018	874
24	38	4	40	10	right	right	1	11	15.048	731
24	39	4	40	10	right	right	1	11	15.805	696
24	40	4	40	10	right	left	0	13	15.719	827
