
blkNum	trlNum	coherentDots	numberofDots	percentCoherence	winningDirection	response	correct	eventCount	averageFrameRate	RT
1	1	4	40	10	left	left	1	41	15.18	2701
1	2	4	40	10	left	left	1	21	15.754	1333
1	3	4	40	10	left	right	0	13	15.758	825
1	4	4	40	10	right	right	1	33	15.186	2173
1	5	4	40	10	left	left	1	42	15.362	2734
1	6	4	40	10	right	right	1	36	15.209	2367
1	7	4	40	10	left	left	1	18	15.762	1142
1	8	4	40	10	left	right	0	45	15.469	2909
1	9	4	40	10	right	right	1	24	15.474	1551
1	10	4	40	10	left	left	1	24	15.142	1585
1	11	4	40	10	right	right	1	41	15.466	2651
1	12	4	40	10	left	left	1	24	15.697	1529
1	13	4	40	10	left	left	1	41	15.236	2691
1	14	4	40	10	left	right	0	60	15.298	3922
1	15	4	40	10	right	right	1	45	15.464	2910
1	16	4	40	10	right	left	0	16	15.826	1011
1	17	4	40	10	right	right	1	44	15.385	2860
1	18	4	40	10	left	right	0	34	15.185	2239
1	19	4	40	10	left	left	1	36	15.524	2319
1	20	4	40	10	right	right	1	18	15.557	1157
1	21	4	40	10	right	right	1	19	15.067	1261
1	22	4	40	10	left	left	1	13	15.796	823
1	23	4	40	10	left	right	0	25	15.337	1630
1	24	4	40	10	left	left	1	17	15.873	1071
1	25	4	40	10	left	right	0	53	15.278	3469
2	1	4	40	10	right	right	1	90	15.146	5942
2	2	4	40	10	left	left	1	21	15.173	1384
2	3	4	40	10	left	left	1	14	16.26	861
2	4	4	40	10	left	right	0	12	16.173	742
2	5	4	40	10	left	right	0	47	15.142	3104
2	6	4	40	10	right	right	1	30	15.448	1942
2	7	4	40	10	left	left	1	13	15.276	851
2	8	4	40	10	left	right	0	15	16.009	937
2	9	4	40	10	right	right	1	27	15.698	1720
2	10	4	40	10	left	left	1	14	15.642	895
2	11	4	40	10	right	right	1	61	15.342	3976
2	12	4	40	10	left	left	1	31	15.377	2016
2	13	4	40	10	right	right	1	23	15.818	1454
2	14	4	40	10	right	right	1	18	15.652	1150
2	15	4	40	10	right	left	0	26	15.644	1662
2	16	4	40	10	left	right	0	40	15.534	2575
2	17	4	40	10	right	right	1	41	15.253	2688
2	18	4	40	10	left	left	1	12	15.979	751
2	19	4	40	10	right	right	1	61	15.292	3989
2	20	4	40	10	left	left	1	28	13.855	2021
2	21	4	40	10	left	left	1	12	16.238	739
2	22	4	40	10	left	left	1	16	15.282	1047
2	23	4	40	10	left	right	0	11	14.986	734
2	24	4	40	10	right	right	1	19	15.536	1223
2	25	4	40	10	left	left	1	10	15.798	633
2	26	4	40	10	left	left	1	17	15.357	1107
2	27	4	40	10	left	left	1	14	15.73	890
3	1	4	40	10	right	right	1	47	15.39	3054
3	2	4	40	10	left	left	1	17	15.426	1102
3	3	4	40	10	left	left	1	11	15.515	709
3	4	4	40	10	left	left	1	21	15.43	1361
3	5	4	40	10	left	left	1	13	16.129	806
3	6	4	40	10	right	right	1	11	16.641	661
3	7	4	40	10	left	left	1	8	15.385	520
3	8	4	40	10	left	right	0	9	16.544	544
3	9	4	40	10	left	left	1	21	15.206	1381
3	10	4	40	10	left	left	1	22	15.172	1450
3	11	4	40	10	left	right	0	33	15.271	2161
3	12	4	40	10	right	right	1	12	15.789	760
3	13	4	40	10	left	left	1	9	15.254	590
3	14	4	40	10	left	left	1	26	15.412	1687
3	15	4	40	10	left	right	0	16	15.094	1060
3	16	4	40	10	left	left	1	12	16.327	735
3	17	4	40	10	right	right	1	19	15.587	1219
3	18	4	40	10	left	left	1	12	16.021	749
3	19	4	40	10	right	right	1	21	15.789	1330
3	20	4	40	10	right	right	1	14	15.368	911
3	21	4	40	10	right	right	1	16	15.748	1016
3	22	4	40	10	left	left	1	10	15.314	653
3	23	4	40	10	left	left	1	19	15.523	1224
3	24	4	40	10	left	left	1	10	15.601	641
3	25	4	40	10	left	left	1	11	16.272	676
3	26	4	40	10	left	right	0	30	15.625	1920
3	27	4	40	10	right	right	1	13	15.777	824
3	28	4	40	10	left	left	1	11	15.827	695
3	29	4	40	10	right	right	1	12	16.064	747
3	30	4	40	10	left	left	1	9	16.514	545
3	31	4	40	10	left	left	1	11	15.11	728
3	32	4	40	10	left	left	1	26	15.43	1685
3	33	4	40	10	right	right	1	10	15.015	666
3	34	4	40	10	left	left	1	10	15.291	654
3	35	4	40	10	right	right	1	22	15.714	1400
3	36	4	40	10	right	right	1	18	15.873	1134
3	37	4	40	10	left	left	1	14	16.092	870
3	38	4	40	10	right	right	1	14	15.945	878
3	39	4	40	10	right	left	0	9	16.334	551
3	40	4	40	10	right	right	1	9	15.306	588
3	41	4	40	10	left	right	0	22	15.581	1412
4	1	4	40	10	left	right	0	48	15.331	3131
4	2	4	40	10	right	right	1	22	15.342	1434
4	3	4	40	10	right	right	1	34	15.504	2193
4	4	4	40	10	left	right	0	9	16.698	539
4	5	4	40	10	right	left	0	10	16.026	624
4	6	4	40	10	left	left	1	47	15.147	3103
4	7	4	40	10	right	right	1	30	15.488	1937
4	8	4	40	10	right	right	1	16	15.08	1061
4	9	4	40	10	left	left	1	10	15.385	650
4	10	4	40	10	right	right	1	10	16.529	605
4	11	4	40	10	left	left	1	8	15.414	519
4	12	4	40	10	left	right	0	35	15.204	2302
4	13	4	40	10	left	left	1	13	15.931	816
4	14	4	40	10	right	left	0	16	15.748	1016
4	15	4	40	10	right	right	1	12	16.282	737
4	16	4	40	10	left	left	1	9	15.28	589
4	17	4	40	10	right	right	1	11	16.616	662
4	18	4	40	10	left	left	1	11	15.235	722
4	19	4	40	10	right	right	1	12	15.504	774
4	20	4	40	10	right	right	1	15	15.167	989
4	21	4	40	10	right	right	1	26	15.625	1664
4	22	4	40	10	left	left	1	17	16.008	1062
4	23	4	40	10	right	right	1	59	15.194	3883
4	24	4	40	10	right	right	1	14	15.217	920
4	25	4	40	10	left	left	1	10	16.779	596
4	26	4	40	10	right	right	1	22	15.581	1412
4	27	4	40	10	right	right	1	20	15.314	1306
4	28	4	40	10	left	left	1	17	15.315	1110
4	29	4	40	10	left	left	1	9	16.667	540
4	30	4	40	10	right	right	1	12	15.385	780
4	31	4	40	10	right	right	1	16	15.702	1019
4	32	4	40	10	right	right	1	51	15.366	3319
4	33	4	40	10	left	left	1	29	15.5	1871
4	34	4	40	10	left	left	1	18	15.721	1145
5	1	4	40	10	right	right	1	58	15.183	3820
5	2	4	40	10	right	right	1	12	15.152	792
5	3	4	40	10	right	right	1	15	15.641	959
5	4	4	40	10	right	right	1	41	15.112	2713
5	5	4	40	10	left	left	1	12	16.304	736
5	6	4	40	10	left	left	1	9	15.901	566
5	7	4	40	10	right	right	1	10	16.26	615
5	8	4	40	10	right	right	1	23	15.625	1472
5	9	4	40	10	right	right	1	11	15.11	728
5	10	4	40	10	left	left	1	8	16.495	485
5	11	4	40	10	left	right	0	8	16.529	484
5	12	4	40	10	right	right	1	10	15.625	640
5	13	4	40	10	right	right	1	13	16.049	810
5	14	4	40	10	left	left	1	8	15.123	529
5	15	4	40	10	right	right	1	9	15.177	593
5	16	4	40	10	right	right	1	29	15.409	1882
5	17	4	40	10	left	left	1	10	16.556	604
5	18	4	40	10	left	left	1	11	15.493	710
5	19	4	40	10	left	left	1	11	15.235	722
5	20	4	40	10	left	left	1	12	15.645	767
5	21	4	40	10	right	right	1	14	15.677	893
5	22	4	40	10	right	right	1	20	15.456	1294
5	23	4	40	10	left	left	1	10	16.639	601
5	24	4	40	10	left	left	1	23	15.262	1507
5	25	4	40	10	right	right	1	16	15.34	1043
5	26	4	40	10	right	left	0	11	16.566	664
5	27	4	40	10	right	right	1	10	15.848	631
5	28	4	40	10	right	right	1	11	16.692	659
5	29	4	40	10	right	right	1	13	15.385	845
5	30	4	40	10	right	right	1	13	15.385	845
5	31	4	40	10	left	left	1	11	15.692	701
5	32	4	40	10	left	left	1	27	15.689	1721
5	33	4	40	10	left	left	1	19	15.139	1255
5	34	4	40	10	left	left	1	16	15.842	1010
5	35	4	40	10	right	right	1	10	16.077	622
5	36	4	40	10	left	left	1	60	15.182	3952
5	37	4	40	10	right	right	1	19	15.422	1232
5	38	4	40	10	left	left	1	9	15.385	585
5	39	4	40	10	right	right	1	10	15.361	651
5	40	4	40	10	left	left	1	30	15.33	1957
6	1	4	40	10	left	left	1	13	15.644	831
6	2	4	40	10	right	right	1	27	15.716	1718
6	3	4	40	10	right	right	1	79	15.251	5180
6	4	4	40	10	right	right	1	16	15.564	1028
6	5	4	40	10	right	right	1	12	15.152	792
6	6	4	40	10	right	right	1	20	15.748	1270
6	7	4	40	10	right	right	1	12	16.129	744
6	8	4	40	10	left	left	1	14	15.521	902
6	9	4	40	10	left	left	1	10	16.051	623
6	10	4	40	10	right	right	1	13	15.606	833
6	11	4	40	10	right	right	1	42	15.217	2760
6	12	4	40	10	right	right	1	54	15.194	3554
6	13	4	40	10	right	left	0	13	16.27	799
6	14	4	40	10	right	right	1	13	15.421	843
6	15	4	40	10	left	left	1	12	16.064	747
6	16	4	40	10	left	left	1	18	15.845	1136
6	17	4	40	10	right	left	0	11	15.299	719
6	18	4	40	10	left	right	0	77	15.323	5025
6	19	4	40	10	left	left	1	15	15.609	961
6	20	4	40	10	right	left	0	54	15.152	3564
6	21	4	40	10	right	right	1	23	15.478	1486
6	22	4	40	10	right	right	1	28	15.226	1839
6	23	4	40	10	right	right	1	21	15.637	1343
6	24	4	40	10	left	left	1	11	15.714	700
6	25	4	40	10	right	right	1	7	15.351	456
6	26	4	40	10	right	left	0	11	16.616	662
6	27	4	40	10	right	right	1	9	15.464	582
6	28	4	40	10	right	right	1	38	15.485	2454
6	29	4	40	10	left	left	1	12	15.957	752
6	30	4	40	10	left	left	1	46	15.267	3013
7	1	4	40	10	left	right	0	14	15.927	879
7	2	4	40	10	left	left	1	60	15.194	3949
7	3	4	40	10	left	right	0	15	16.077	933
7	4	4	40	10	right	right	1	43	15.292	2812
7	5	4	40	10	left	left	1	28	15.102	1854
7	6	4	40	10	right	left	0	55	15.21	3616
7	7	4	40	10	left	left	1	12	15.584	770
7	8	4	40	10	left	left	1	36	15.306	2352
7	9	4	40	10	right	right	1	36	15.471	2327
7	10	4	40	10	left	left	1	59	15.155	3893
7	11	4	40	10	left	left	1	53	15.182	3491
7	12	4	40	10	left	left	1	42	15.267	2751
7	13	4	40	10	left	left	1	40	15.522	2577
7	14	4	40	10	right	right	1	15	15.69	956
7	15	4	40	10	right	right	1	18	15.873	1134
7	16	4	40	10	right	right	1	15	16.06	934
7	17	4	40	10	right	right	1	16	15.748	1016
7	18	4	40	10	left	left	1	12	15.544	772
7	19	4	40	10	left	right	0	79	15.21	5194
7	20	4	40	10	left	left	1	26	15.653	1661
7	21	4	40	10	left	left	1	13	16.049	810
7	22	4	40	10	left	left	1	12	15.748	762
7	23	4	40	10	left	left	1	15	15.496	968
7	24	4	40	10	right	left	0	28	15.267	1834
8	1	4	40	10	left	left	1	52	15.236	3413
8	2	4	40	10	left	left	1	54	15.241	3543
8	3	4	40	10	right	right	1	12	15.707	764
8	4	4	40	10	left	left	1	28	15.201	1842
8	5	4	40	10	left	left	1	14	15.837	884
8	6	4	40	10	right	right	1	18	15.776	1141
8	7	4	40	10	left	right	0	44	15.471	2844
8	8	4	40	10	left	right	0	83	15.224	5452
8	9	4	40	10	right	right	1	23	15.467	1487
8	10	4	40	10	right	right	1	11	15.988	688
8	11	4	40	10	right	right	1	12	16.043	748
8	12	4	40	10	left	left	1	13	16.089	808
8	13	4	40	10	right	right	1	12	16.151	743
8	14	4	40	10	left	left	1	9	15.306	588
8	15	4	40	10	left	right	0	10	16.103	621
8	16	4	40	10	right	right	1	11	15.193	724
8	17	4	40	10	right	left	0	14	15.748	889
8	18	4	40	10	left	left	1	44	15.455	2847
8	19	4	40	10	left	left	1	16	15.355	1042
8	20	4	40	10	right	right	1	14	15.927	879
8	21	4	40	10	right	right	1	24	15.625	1536
8	22	4	40	10	right	right	1	24	15.534	1545
8	23	4	40	10	left	left	1	14	15.713	891
8	24	4	40	10	right	right	1	23	15.416	1492
8	25	4	40	10	right	right	1	23	15.488	1485
8	26	4	40	10	right	right	1	15	15.416	973
8	27	4	40	10	left	right	0	56	15.184	3688
8	28	4	40	10	left	left	1	16	15.296	1046
8	29	4	40	10	right	right	1	13	15.421	843
8	30	4	40	10	left	left	1	19	15.286	1243
9	1	4	40	10	right	right	1	12	16.327	735
9	2	4	40	10	right	right	1	16	15.686	1020
9	3	4	40	10	right	right	1	9	15.411	584
9	4	4	40	10	left	left	1	25	15.694	1593
9	5	4	40	10	left	left	1	11	15.363	716
9	6	4	40	10	right	right	1	11	16.345	673
9	7	4	40	10	right	right	1	13	15.854	820
9	8	4	40	10	left	right	0	19	15.677	1212
9	9	4	40	10	right	right	1	18	15.491	1162
9	10	4	40	10	left	left	1	14	15.873	882
9	11	4	40	10	left	left	1	13	15.719	827
9	12	4	40	10	left	left	1	11	16.517	666
9	13	4	40	10	right	right	1	11	15.515	709
9	14	4	40	10	right	right	1	19	15.715	1209
9	15	4	40	10	left	left	1	21	15.59	1347
9	16	4	40	10	left	left	1	13	15.205	855
9	17	4	40	10	left	left	1	34	15.35	2215
9	18	4	40	10	right	right	1	11	16.296	675
9	19	4	40	10	left	left	1	10	15.291	654
9	20	4	40	10	left	left	1	49	15.232	3217
9	21	4	40	10	right	right	1	12	16	750
9	22	4	40	10	left	right	0	14	15.837	884
9	23	4	40	10	left	left	1	30	15.552	1929
9	24	4	40	10	left	left	1	11	16.641	661
9	25	4	40	10	right	left	0	11	15.988	688
9	26	4	40	10	left	left	1	19	15.422	1232
9	27	4	40	10	right	right	1	10	16.584	603
9	28	4	40	10	right	right	1	10	16.556	604
9	29	4	40	10	right	right	1	11	15.692	701
9	30	4	40	10	right	right	1	12	15.113	794
9	31	4	40	10	right	right	1	13	16.089	808
9	32	4	40	10	right	right	1	20	15.637	1279
9	33	4	40	10	left	left	1	9	16.245	554
9	34	4	40	10	right	right	1	10	16.181	618
9	35	4	40	10	left	left	1	18	15.789	1140
9	36	4	40	10	right	left	0	53	15.425	3436
9	37	4	40	10	right	right	1	11	15.737	699
9	38	4	40	10	left	right	0	24	15.085	1591
9	39	4	40	10	right	right	1	54	15.207	3551
10	1	4	40	10	left	left	1	52	15.385	3380
10	2	4	40	10	left	left	1	24	15.18	1581
10	3	4	40	10	left	left	1	19	15.728	1208
10	4	4	40	10	left	right	0	12	15.444	777
10	5	4	40	10	left	right	0	19	15.69	1211
10	6	4	40	10	right	right	1	13	15.777	824
10	7	4	40	10	right	right	1	12	15.152	792
10	8	4	40	10	left	left	1	23	15.232	1510
10	9	4	40	10	right	right	1	15	15.259	983
10	10	4	40	10	left	left	1	14	15.436	907
10	11	4	40	10	right	right	1	11	15.537	708
10	12	4	40	10	right	right	1	17	15.611	1089
10	13	4	40	10	right	right	1	11	15.131	727
10	14	4	40	10	right	right	1	15	15.075	995
10	15	4	40	10	right	right	1	17	15.992	1063
10	16	4	40	10	left	left	1	11	16.667	660
10	17	4	40	10	left	right	0	24	15.228	1576
10	18	4	40	10	left	left	1	40	15.343	2607
10	19	4	40	10	left	left	1	11	15.896	692
10	20	4	40	10	left	left	1	13	15.606	833
10	21	4	40	10	left	left	1	12	15.306	784
10	22	4	40	10	right	right	1	14	16.073	871
10	23	4	40	10	right	right	1	12	15.484	775
10	24	4	40	10	right	right	1	24	15.414	1557
10	25	4	40	10	left	left	1	19	15.237	1247
10	26	4	40	10	right	left	0	12	15.936	753
10	27	4	40	10	right	right	1	16	15.702	1019
10	28	4	40	10	left	left	1	22	15.278	1440
10	29	4	40	10	left	left	1	21	15.544	1351
10	30	4	40	10	right	right	1	23	15.753	1460
10	31	4	40	10	right	right	1	23	15.689	1466
10	32	4	40	10	right	right	1	19	15.498	1226
10	33	4	40	10	left	left	1	11	16.272	676
10	34	4	40	10	right	right	1	10	15.649	639
10	35	4	40	10	left	left	1	11	16.32	674
10	36	4	40	10	left	left	1	17	15.315	1110
10	37	4	40	10	right	right	1	15	15.306	980
10	38	4	40	10	right	right	1	13	16.25	800
11	1	4	40	10	right	right	1	14	16.279	860
11	2	4	40	10	left	left	1	10	15.699	637
11	3	4	40	10	left	right	0	12	15.484	775
11	4	4	40	10	right	right	1	11	15.068	730
11	5	4	40	10	left	left	1	13	16.27	799
11	6	4	40	10	left	left	1	9	15.901	566
11	7	4	40	10	left	left	1	10	16.694	599
11	8	4	40	10	left	left	1	12	16.129	744
11	9	4	40	10	right	right	1	11	15.515	709
11	10	4	40	10	left	left	1	28	15.608	1794
11	11	4	40	10	left	left	1	41	15.425	2658
11	12	4	40	10	left	left	1	13	15.912	817
11	13	4	40	10	left	left	1	10	16.447	608
11	14	4	40	10	left	right	0	12	15.424	778
11	15	4	40	10	right	right	1	11	15.363	716
11	16	4	40	10	right	right	1	8	15.152	528
11	17	4	40	10	left	left	1	28	15.359	1823
11	18	4	40	10	left	left	1	11	15.805	696
11	19	4	40	10	left	left	1	12	15.873	756
11	20	4	40	10	left	left	1	9	15.789	570
11	21	4	40	10	left	left	1	10	15.974	626
11	22	4	40	10	left	left	1	11	16.248	677
11	23	4	40	10	right	right	1	11	15.988	688
11	24	4	40	10	right	right	1	18	15.254	1180
11	25	4	40	10	right	right	1	9	15.491	581
11	26	4	40	10	right	right	1	28	15.368	1822
11	27	4	40	10	right	right	1	37	15.127	2446
11	28	4	40	10	left	left	1	11	15.131	727
11	29	4	40	10	left	left	1	9	15.306	588
11	30	4	40	10	right	left	0	8	15.717	509
11	31	4	40	10	left	left	1	21	15.251	1377
11	32	4	40	10	right	right	1	23	15.222	1511
11	33	4	40	10	right	right	1	26	15.33	1696
11	34	4	40	10	left	left	1	11	16.248	677
11	35	4	40	10	left	left	1	15	16.164	928
11	36	4	40	10	right	right	1	24	15.524	1546
11	37	4	40	10	left	left	1	31	15.469	2004
11	38	4	40	10	right	right	1	14	16.166	866
11	39	4	40	10	left	left	1	18	15.177	1186
11	40	4	40	10	right	right	1	11	16.105	683
11	41	4	40	10	left	left	1	15	15.789	950
11	42	4	40	10	right	right	1	14	16.204	864
12	1	4	40	10	left	left	1	29	15.491	1872
12	2	4	40	10	left	right	0	54	15.332	3522
12	3	4	40	10	right	right	1	10	15.361	651
12	4	4	40	10	right	left	0	14	15.385	910
12	5	4	40	10	right	right	1	10	15.504	645
12	6	4	40	10	right	right	1	13	16.27	799
12	7	4	40	10	left	right	0	11	15.32	718
12	8	4	40	10	right	right	1	40	15.385	2600
12	9	4	40	10	left	left	1	12	15.365	781
12	10	4	40	10	right	right	1	11	16.296	675
12	11	4	40	10	right	right	1	35	15.311	2286
12	12	4	40	10	left	left	1	11	15.737	699
12	13	4	40	10	right	right	1	10	15.649	639
12	14	4	40	10	right	right	1	21	15.152	1386
12	15	4	40	10	right	left	0	16	15.519	1031
12	16	4	40	10	left	left	1	22	15.439	1425
12	17	4	40	10	left	left	1	57	15.393	3703
12	18	4	40	10	left	left	1	19	15.728	1208
12	19	4	40	10	left	left	1	15	15.74	953
12	20	4	40	10	left	left	1	25	15.432	1620
12	21	4	40	10	right	right	1	28	15.284	1832
12	22	4	40	10	right	right	1	11	15.603	705
12	23	4	40	10	left	left	1	12	15.209	789
12	24	4	40	10	left	right	0	62	15.396	4027
12	25	4	40	10	left	left	1	50	15.309	3266
12	26	4	40	10	left	right	0	23	15.541	1480
12	27	4	40	10	right	left	0	52	15.308	3397
12	28	4	40	10	right	right	1	29	15.533	1867
13	1	4	40	10	right	right	1	12	15.727	763
13	2	4	40	10	right	right	1	13	15.758	825
13	3	4	40	10	right	right	1	16	15.748	1016
13	4	4	40	10	left	left	1	14	15.267	917
13	5	4	40	10	left	left	1	17	15.654	1086
13	6	4	40	10	left	left	1	8	15.267	524
13	7	4	40	10	right	right	1	11	16.296	675
13	8	4	40	10	left	left	1	15	15.512	967
13	9	4	40	10	left	right	0	24	15.605	1538
13	10	4	40	10	left	left	1	13	15.458	841
13	11	4	40	10	left	left	1	11	15.278	720
13	12	4	40	10	left	right	0	24	15.335	1565
13	13	4	40	10	right	right	1	13	15.7	828
13	14	4	40	10	right	right	1	10	15.748	635
13	15	4	40	10	right	right	1	33	15.186	2173
13	16	4	40	10	right	right	1	9	15.411	584
13	17	4	40	10	right	right	1	9	15.845	568
13	18	4	40	10	left	right	0	9	15.598	577
13	19	4	40	10	right	left	0	10	15.267	655
13	20	4	40	10	left	right	0	20	15.349	1303
13	21	4	40	10	right	right	1	15	15.658	958
13	22	4	40	10	left	left	1	12	15.936	753
13	23	4	40	10	right	right	1	10	16.051	623
13	24	4	40	10	left	left	1	14	15.351	912
13	25	4	40	10	right	right	1	10	15.773	634
13	26	4	40	10	left	left	1	9	16.393	549
13	27	4	40	10	right	right	1	12	16.327	735
13	28	4	40	10	right	right	1	8	16.064	498
13	29	4	40	10	right	right	1	8	15.842	505
13	30	4	40	10	right	right	1	9	16.071	560
13	31	4	40	10	left	right	0	20	15.516	1289
13	32	4	40	10	right	left	0	47	15.176	3097
13	33	4	40	10	left	right	0	22	15.726	1399
13	34	4	40	10	right	right	1	24	15.287	1570
13	35	4	40	10	left	left	1	14	15.538	901
13	36	4	40	10	left	left	1	81	15.231	5318
13	37	4	40	10	left	left	1	15	15.121	992
13	38	4	40	10	right	right	1	16	15.936	1004
14	1	4	40	10	left	left	1	32	15.451	2071
14	2	4	40	10	right	right	1	56	15.259	3670
14	3	4	40	10	left	left	1	15	15.789	950
14	4	4	40	10	right	right	1	11	16.369	672
14	5	4	40	10	left	left	1	14	15.837	884
14	6	4	40	10	right	right	1	11	16.248	677
14	7	4	40	10	right	right	1	22	15.805	1392
14	8	4	40	10	right	right	1	8	15.209	526
14	9	4	40	10	left	left	1	12	15.19	790
14	10	4	40	10	right	right	1	11	15.714	700
14	11	4	40	10	left	left	1	18	15.957	1128
14	12	4	40	10	right	right	1	67	15.172	4416
14	13	4	40	10	right	left	0	59	15.163	3891
14	14	4	40	10	left	right	0	15	16.06	934
14	15	4	40	10	right	right	1	28	15.376	1821
14	16	4	40	10	right	right	1	9	16.129	558
14	17	4	40	10	left	left	1	9	16.364	550
14	18	4	40	10	left	right	0	8	15.209	526
14	19	4	40	10	left	left	1	15	15.075	995
14	20	4	40	10	left	left	1	9	16.129	558
14	21	4	40	10	right	right	1	8	15.18	527
14	22	4	40	10	left	left	1	44	15.246	2886
14	23	4	40	10	left	left	1	9	15.544	579
14	24	4	40	10	right	right	1	9	16.698	539
14	25	4	40	10	right	right	1	33	15.2	2171
14	26	4	40	10	left	right	0	55	15.325	3589
14	27	4	40	10	right	right	1	36	15.464	2328
14	28	4	40	10	right	left	0	12	15.666	766
14	29	4	40	10	right	right	1	11	15.603	705
14	30	4	40	10	left	right	0	23	15.313	1502
14	31	4	40	10	right	right	1	17	15.582	1091
14	32	4	40	10	right	right	1	14	15.73	890
15	1	4	40	10	left	left	1	27	15.228	1773
15	2	4	40	10	left	left	1	13	15.834	821
15	3	4	40	10	left	left	1	12	16.043	748
15	4	4	40	10	right	right	1	24	15.219	1577
15	5	4	40	10	left	left	1	10	16.34	612
15	6	4	40	10	left	left	1	12	15.345	782
15	7	4	40	10	right	left	0	12	15.707	764
15	8	4	40	10	right	right	1	12	15.171	791
15	9	4	40	10	right	right	1	9	15.254	590
15	10	4	40	10	left	right	0	13	16.27	799
15	11	4	40	10	left	left	1	21	15.801	1329
15	12	4	40	10	left	left	1	14	16.11	869
15	13	4	40	10	right	right	1	17	15.426	1102
15	14	4	40	10	right	right	1	10	15.528	644
15	15	4	40	10	right	right	1	21	15.556	1350
15	16	4	40	10	left	left	1	13	15.873	819
15	17	4	40	10	left	left	1	47	15.21	3090
15	18	4	40	10	right	left	0	11	16.272	676
15	19	4	40	10	left	left	1	19	15.067	1261
15	20	4	40	10	left	left	1	14	15.234	919
15	21	4	40	10	left	right	0	14	15.334	913
15	22	4	40	10	left	left	1	28	15.292	1831
15	23	4	40	10	left	left	1	14	16.055	872
15	24	4	40	10	right	right	1	9	15.625	576
15	25	4	40	10	left	left	1	17	15.843	1073
15	26	4	40	10	right	right	1	10	16.474	607
15	27	4	40	10	left	left	1	18	15.306	1176
15	28	4	40	10	right	right	1	9	15.385	585
15	29	4	40	10	left	right	0	9	16.484	546
15	30	4	40	10	right	right	1	12	15.326	783
15	31	4	40	10	left	left	1	35	15.204	2302
15	32	4	40	10	left	left	1	11	15.385	715
15	33	4	40	10	right	right	1	15	15.136	991
15	34	4	40	10	left	left	1	11	16.717	658
15	35	4	40	10	left	right	0	8	15.238	525
15	36	4	40	10	right	right	1	31	15.431	2009
15	37	4	40	10	left	left	1	18	15.216	1183
15	38	4	40	10	left	left	1	91	15.271	5959
16	1	4	40	10	left	left	1	60	15.349	3909
16	2	4	40	10	right	right	1	11	16.272	676
16	3	4	40	10	left	left	1	10	16.051	623
16	4	4	40	10	right	right	1	14	15.891	881
16	5	4	40	10	right	right	1	12	15.748	762
16	6	4	40	10	left	left	1	12	16.151	743
16	7	4	40	10	right	right	1	14	15.538	901
16	8	4	40	10	left	left	1	9	16.364	550
16	9	4	40	10	left	left	1	14	15.801	886
16	10	4	40	10	right	left	0	10	15.083	663
16	11	4	40	10	left	left	1	17	15.525	1095
16	12	4	40	10	right	right	1	10	16.313	613
16	13	4	40	10	left	left	1	8	15.873	504
16	14	4	40	10	left	left	1	11	15.647	703
16	15	4	40	10	right	right	1	11	16.296	675
16	16	4	40	10	right	right	1	15	15.924	942
16	17	4	40	10	left	left	1	26	15.55	1672
16	18	4	40	10	right	right	1	77	15.19	5069
16	19	4	40	10	left	left	1	11	15.406	714
16	20	4	40	10	right	right	1	9	15.679	574
16	21	4	40	10	right	right	1	19	15.742	1207
16	22	4	40	10	right	right	1	13	15.476	840
16	23	4	40	10	right	right	1	11	15.625	704
16	24	4	40	10	left	left	1	10	15.337	652
16	25	4	40	10	right	right	1	11	15.471	711
16	26	4	40	10	left	left	1	9	16.423	548
16	27	4	40	10	left	left	1	10	15.337	652
16	28	4	40	10	left	left	1	9	16.575	543
16	29	4	40	10	left	left	1	25	15.635	1599
16	30	4	40	10	right	left	0	9	15.789	570
16	31	4	40	10	left	left	1	49	15.356	3191
16	32	4	40	10	left	left	1	16	15.109	1059
16	33	4	40	10	left	right	0	14	15.891	881
16	34	4	40	10	right	right	1	54	15.25	3541
16	35	4	40	10	right	right	1	19	15.587	1219
16	36	4	40	10	left	right	0	11	16.667	660
16	37	4	40	10	right	right	1	18	15.571	1156
16	38	4	40	10	right	right	1	25	15.356	1628
17	1	4	40	10	left	right	0	11	16.035	686
17	2	4	40	10	left	left	1	17	15.77	1078
17	3	4	40	10	left	left	1	10	16.393	610
17	4	4	40	10	right	right	1	11	16.32	674
17	5	4	40	10	right	left	0	9	16.605	542
17	6	4	40	10	left	left	1	32	15.304	2091
17	7	4	40	10	right	right	1	18	15.584	1155
17	8	4	40	10	right	right	1	9	15.544	579
17	9	4	40	10	right	right	1	12	15.385	780
17	10	4	40	10	left	left	1	19	15.103	1258
17	11	4	40	10	right	right	1	9	15.491	581
17	12	4	40	10	right	right	1	17	15.539	1094
17	13	4	40	10	right	right	1	15	15.06	996
17	14	4	40	10	right	right	1	21	15.441	1360
17	15	4	40	10	right	right	1	10	15.898	629
17	16	4	40	10	right	right	1	10	15.432	648
17	17	4	40	10	right	right	1	13	15.588	834
17	18	4	40	10	left	left	1	11	16.743	657
17	19	4	40	10	right	right	1	13	16.311	797
17	20	4	40	10	right	right	1	27	15.517	1740
17	21	4	40	10	right	right	1	20	15.686	1275
17	22	4	40	10	left	left	1	9	16.917	532
17	23	4	40	10	left	right	0	14	15.982	876
17	24	4	40	10	right	right	1	12	15.748	762
17	25	4	40	10	left	left	1	9	15.437	583
17	26	4	40	10	left	left	1	15	16.164	928
17	27	4	40	10	left	left	1	15	15.091	994
17	28	4	40	10	right	right	1	11	16.616	662
17	29	4	40	10	right	right	1	22	15.793	1393
17	30	4	40	10	left	right	0	9	15.652	575
17	31	4	40	10	right	right	1	39	15.3	2549
17	32	4	40	10	right	right	1	11	16.345	673
17	33	4	40	10	right	right	1	16	15.444	1036
17	34	4	40	10	left	left	1	17	15.274	1113
17	35	4	40	10	left	left	1	10	16.667	600
17	36	4	40	10	right	right	1	9	15.598	577
17	37	4	40	10	right	right	1	12	15.113	794
17	38	4	40	10	left	left	1	35	15.291	2289
17	39	4	40	10	right	left	0	43	15.194	2830
17	40	4	40	10	right	right	1	21	15.66	1341
17	41	4	40	10	right	right	1	13	16.209	802
18	1	4	40	10	left	right	0	14	16.055	872
18	2	4	40	10	right	right	1	12	15.544	772
18	3	4	40	10	left	left	1	24	15.686	1530
18	4	4	40	10	left	left	1	10	16.34	612
18	5	4	40	10	left	left	1	19	15.447	1230
18	6	4	40	10	left	left	1	7	15.909	440
18	7	4	40	10	right	left	0	8	15.968	501
18	8	4	40	10	right	right	1	20	15.232	1313
18	9	4	40	10	right	right	1	8	16.495	485
18	10	4	40	10	left	right	0	8	15.267	524
18	11	4	40	10	right	left	0	64	15.238	4200
18	12	4	40	10	left	left	1	46	15.157	3035
18	13	4	40	10	left	right	0	8	16.032	499
18	14	4	40	10	right	right	1	10	16.051	623
18	15	4	40	10	left	left	1	9	16.76	537
18	16	4	40	10	right	right	1	32	15.087	2121
18	17	4	40	10	left	right	0	16	15.717	1018
18	18	4	40	10	left	left	1	44	15.22	2891
18	19	4	40	10	right	right	1	15	15.756	952
18	20	4	40	10	right	right	1	8	15.534	515
18	21	4	40	10	left	right	0	7	15.284	458
18	22	4	40	10	left	left	1	29	15.385	1885
18	23	4	40	10	right	right	1	11	16.224	678
18	24	4	40	10	right	left	0	11	15.581	706
18	25	4	40	10	left	left	1	41	15.513	2643
18	26	4	40	10	left	left	1	16	15.733	1017
18	27	4	40	10	left	right	0	22	15.395	1429
18	28	4	40	10	right	right	1	75	15.341	4889
18	29	4	40	10	right	right	1	20	15.625	1280
18	30	4	40	10	left	right	0	33	15.306	2156
18	31	4	40	10	left	left	1	16	15.123	1058
19	1	4	40	10	left	left	1	17	15.206	1118
19	2	4	40	10	right	right	1	9	16.158	557
19	3	4	40	10	left	left	1	9	16.158	557
19	4	4	40	10	left	left	1	27	15.437	1749
19	5	4	40	10	left	left	1	59	15.353	3843
19	6	4	40	10	left	left	1	29	15.55	1865
19	7	4	40	10	left	left	1	21	15.695	1338
19	8	4	40	10	left	left	1	18	15.986	1126
19	9	4	40	10	left	left	1	10	15.898	629
19	10	4	40	10	right	right	1	14	15.487	904
19	11	4	40	10	right	left	0	12	16.282	737
19	12	4	40	10	right	right	1	13	15.276	851
19	13	4	40	10	left	right	0	10	15.949	627
19	14	4	40	10	left	left	1	47	15.329	3066
19	15	4	40	10	right	right	1	22	15.592	1411
19	16	4	40	10	right	right	1	27	15.689	1721
19	17	4	40	10	right	right	1	29	15.368	1887
19	18	4	40	10	left	left	1	19	15.397	1234
19	19	4	40	10	right	right	1	29	15.591	1860
19	20	4	40	10	right	right	1	12	15.666	766
19	21	4	40	10	right	right	1	20	15.198	1316
19	22	4	40	10	right	left	0	12	15.464	776
19	23	4	40	10	right	left	0	47	15.166	3099
19	24	4	40	10	right	right	1	13	16.049	810
19	25	4	40	10	right	left	0	53	15.376	3447
19	26	4	40	10	right	right	1	17	15.755	1079
19	27	4	40	10	right	right	1	19	15.067	1261
19	28	4	40	10	right	right	1	10	16.26	615
19	29	4	40	10	right	left	0	18	15.398	1169
19	30	4	40	10	left	right	0	9	16.364	550
19	31	4	40	10	right	right	1	16	15.209	1052
19	32	4	40	10	left	left	1	13	16.069	809
20	1	4	40	10	right	right	1	14	15.59	898
20	2	4	40	10	right	right	1	8	15.779	507
20	3	4	40	10	right	left	0	19	15.2	1250
20	4	4	40	10	left	right	0	9	15.817	569
20	5	4	40	10	left	left	1	19	15.847	1199
20	6	4	40	10	left	left	1	9	15.203	592
20	7	4	40	10	right	right	1	16	15.253	1049
20	8	4	40	10	left	left	1	10	16.077	622
20	9	4	40	10	right	right	1	26	15.187	1712
20	10	4	40	10	right	right	1	9	16.364	550
20	11	4	40	10	left	left	1	12	15.979	751
20	12	4	40	10	right	right	1	14	15.284	916
20	13	4	40	10	left	left	1	11	15.85	694
20	14	4	40	10	right	right	1	12	16.086	746
20	15	4	40	10	left	left	1	10	16.474	607
20	16	4	40	10	left	left	1	12	15.464	776
20	17	4	40	10	right	right	1	16	15.195	1053
20	18	4	40	10	right	right	1	17	15.712	1082
20	19	4	40	10	right	right	1	11	15.805	696
20	20	4	40	10	left	left	1	8	15.504	516
20	21	4	40	10	right	right	1	10	15.924	628
20	22	4	40	10	right	right	1	14	15.521	902
20	23	4	40	10	right	right	1	12	15.957	752
20	24	4	40	10	right	right	1	15	15.416	973
20	25	4	40	10	right	right	1	13	15.931	816
20	26	4	40	10	right	right	1	28	15.495	1807
20	27	4	40	10	right	right	1	13	16.25	800
20	28	4	40	10	right	left	0	11	16.2	679
20	29	4	40	10	left	right	0	37	15.475	2391
20	30	4	40	10	left	left	1	19	15.176	1252
20	31	4	40	10	right	right	1	10	16.502	606
20	32	4	40	10	right	right	1	28	15.487	1808
20	33	4	40	10	right	right	1	11	15.625	704
20	34	4	40	10	left	left	1	15	15.823	948
20	35	4	40	10	left	left	1	12	16.173	742
20	36	4	40	10	right	right	1	9	16.698	539
20	37	4	40	10	right	right	1	10	16.807	595
20	38	4	40	10	left	left	1	20	15.773	1268
20	39	4	40	10	right	right	1	11	15.471	711
20	40	4	40	10	left	left	1	12	15.564	771
20	41	4	40	10	left	left	1	11	15.257	721
20	42	4	40	10	left	left	1	10	15.291	654
20	43	4	40	10	right	left	0	15	15.89	944
20	44	4	40	10	left	right	0	12	15.345	782
20	45	4	40	10	left	left	1	16	15.123	1058
21	1	4	40	10	right	right	1	15	16.043	935
21	2	4	40	10	right	right	1	7	15.317	457
21	3	4	40	10	right	left	0	11	16.393	671
21	4	4	40	10	right	right	1	9	15.652	575
21	5	4	40	10	right	right	1	14	15.217	920
21	6	4	40	10	right	right	1	19	15.913	1194
21	7	4	40	10	left	left	1	62	15.335	4043
21	8	4	40	10	right	right	1	9	15.28	589
21	9	4	40	10	right	right	1	24	15.326	1566
21	10	4	40	10	left	left	1	11	15.089	729
21	11	4	40	10	right	right	1	18	15.544	1158
21	12	4	40	10	right	right	1	12	15.345	782
21	13	4	40	10	left	left	1	13	16.169	804
21	14	4	40	10	left	left	1	14	15.301	915
21	15	4	40	10	right	right	1	15	16.077	933
21	16	4	40	10	right	left	0	18	15.859	1135
21	17	4	40	10	right	right	1	12	16.064	747
21	18	4	40	10	left	left	1	12	15.625	768
21	19	4	40	10	left	left	1	24	15.404	1558
21	20	4	40	10	right	right	1	13	15.476	840
21	21	4	40	10	right	right	1	17	15.413	1103
21	22	4	40	10	left	right	0	45	15.301	2941
21	23	4	40	10	right	right	1	46	15.298	3007
21	24	4	40	10	left	left	1	12	15.345	782
21	25	4	40	10	left	left	1	11	15.342	717
21	26	4	40	10	right	right	1	18	15.504	1161
21	27	4	40	10	right	right	1	21	15.707	1337
21	28	4	40	10	right	right	1	28	15.168	1846
21	29	4	40	10	right	right	1	31	15.263	2031
21	30	4	40	10	right	right	1	17	15.315	1110
21	31	4	40	10	right	right	1	20	15.662	1277
21	32	4	40	10	right	right	1	36	15.209	2367
21	33	4	40	10	left	left	1	12	15.504	774
21	34	4	40	10	left	left	1	10	16.779	596
21	35	4	40	10	right	right	1	9	15.901	566
21	36	4	40	10	left	left	1	9	15.437	583
21	37	4	40	10	left	left	1	15	15.625	960
22	1	4	40	10	right	right	1	14	15.66	894
22	2	4	40	10	right	right	1	11	15.11	728
22	3	4	40	10	right	left	0	9	15.734	572
22	4	4	40	10	left	left	1	21	15.521	1353
22	5	4	40	10	left	left	1	8	15.686	510
22	6	4	40	10	left	left	1	11	15.363	716
22	7	4	40	10	right	right	1	15	15.106	993
22	8	4	40	10	right	right	1	10	15.504	645
22	9	4	40	10	left	left	1	8	16.985	471
22	10	4	40	10	left	left	1	14	15.801	886
22	11	4	40	10	right	right	1	9	16.575	543
22	12	4	40	10	right	left	0	15	16.181	927
22	13	4	40	10	left	left	1	25	15.413	1622
22	14	4	40	10	left	left	1	11	15.257	721
22	15	4	40	10	right	right	1	14	15.945	878
22	16	4	40	10	right	right	1	21	15.637	1343
22	17	4	40	10	left	left	1	24	15.424	1556
22	18	4	40	10	right	right	1	17	16.008	1062
22	19	4	40	10	left	left	1	14	15.573	899
22	20	4	40	10	left	left	1	24	15.104	1589
22	21	4	40	10	right	right	1	15	15.512	967
22	22	4	40	10	right	right	1	12	15.584	770
22	23	4	40	10	left	left	1	16	16	1000
22	24	4	40	10	right	right	1	9	16.423	548
22	25	4	40	10	right	right	1	25	15.499	1613
22	26	4	40	10	left	left	1	12	15.306	784
22	27	4	40	10	left	left	1	14	16.092	870
22	28	4	40	10	right	right	1	13	15.513	838
22	29	4	40	10	left	left	1	13	15.682	829
22	30	4	40	10	left	left	1	61	15.174	4020
22	31	4	40	10	right	right	1	46	15.142	3038
22	32	4	40	10	left	left	1	77	15.308	5030
22	33	4	40	10	right	right	1	22	15.267	1441
22	34	4	40	10	left	left	1	13	16.25	800
22	35	4	40	10	right	left	0	18	15.319	1175
22	36	4	40	10	left	left	1	74	15.201	4868
23	1	4	40	10	left	left	1	34	15.469	2198
23	2	4	40	10	left	left	1	12	15.464	776
23	3	4	40	10	right	left	0	12	16.173	742
23	4	4	40	10	left	right	0	25	15.625	1600
23	5	4	40	10	left	left	1	26	15.55	1672
23	6	4	40	10	left	right	0	38	15.491	2453
23	7	4	40	10	right	right	1	25	15.528	1610
23	8	4	40	10	right	right	1	37	15.127	2446
23	9	4	40	10	right	right	1	16	15.166	1055
23	10	4	40	10	left	right	0	14	15.695	892
23	11	4	40	10	left	left	1	104	15.236	6826
23	12	4	40	10	right	right	1	15	16.112	931
23	13	4	40	10	right	right	1	10	15.504	645
23	14	4	40	10	right	left	0	12	15.464	776
23	15	4	40	10	right	right	1	10	15.748	635
23	16	4	40	10	left	left	1	15	15.045	997
23	17	4	40	10	right	right	1	8	15.355	521
23	18	4	40	10	left	left	1	12	15.936	753
23	19	4	40	10	right	right	1	9	16.854	534
23	20	4	40	10	left	left	1	9	16.364	550
23	21	4	40	10	right	right	1	8	15.209	526
23	22	4	40	10	right	right	1	8	15.936	502
23	23	4	40	10	left	left	1	14	15.538	901
23	24	4	40	10	left	right	0	9	15.901	566
23	25	4	40	10	left	left	1	12	15.707	764
23	26	4	40	10	left	left	1	17	15.962	1065
23	27	4	40	10	left	left	1	11	16.2	679
23	28	4	40	10	left	left	1	11	16.692	659
23	29	4	40	10	left	left	1	13	15.99	813
23	30	4	40	10	right	right	1	13	16.311	797
23	31	4	40	10	right	right	1	9	15.332	587
23	32	4	40	10	right	left	0	10	14.97	668
23	33	4	40	10	left	right	0	18	15.571	1156
23	34	4	40	10	right	right	1	22	15.526	1417
23	35	4	40	10	right	right	1	15	15.773	951
23	36	4	40	10	right	right	1	11	15.235	722
23	37	4	40	10	left	left	1	15	16.043	935
24	1	4	40	10	left	left	1	35	15.364	2278
24	2	4	40	10	right	left	0	45	15.395	2923
24	3	4	40	10	left	left	1	51	15.375	3317
24	4	4	40	10	right	right	1	10	16.313	613
24	5	4	40	10	right	right	1	13	15.644	831
24	6	4	40	10	left	left	1	11	16.418	670
24	7	4	40	10	left	left	1	27	15.402	1753
24	8	4	40	10	left	left	1	13	15.606	833
24	9	4	40	10	left	left	1	14	15.487	904
24	10	4	40	10	left	left	1	12	16.107	745
24	11	4	40	10	right	right	1	21	15.362	1367
24	12	4	40	10	left	left	1	15	15.448	971
24	13	4	40	10	right	right	1	21	15.195	1382
24	14	4	40	10	left	left	1	12	15.544	772
24	15	4	40	10	left	left	1	38	15.51	2450
24	16	4	40	10	left	left	1	29	15.271	1899
24	17	4	40	10	right	right	1	26	15.644	1662
24	18	4	40	10	left	left	1	11	16.296	675
24	19	4	40	10	left	left	1	21	15.556	1350
24	20	4	40	10	right	right	1	11	15.737	699
24	21	4	40	10	right	right	1	11	16.393	671
24	22	4	40	10	left	left	1	12	15.894	755
24	23	4	40	10	right	right	1	15	15.756	952
24	24	4	40	10	left	left	1	10	16.367	611
24	25	4	40	10	right	right	1	9	15.707	573
24	26	4	40	10	right	right	1	25	15.489	1614
24	27	4	40	10	left	left	1	10	16.207	617
24	28	4	40	10	right	right	1	21	15.317	1371
24	29	4	40	10	right	left	0	13	15.606	833
24	30	4	40	10	right	right	1	37	15.488	2389
24	31	4	40	10	left	left	1	13	15.682	829
24	32	4	40	10	left	left	1	12	15.544	772
24	33	4	40	10	left	left	1	16	15.968	1002
24	34	4	40	10	left	left	1	15	15.167	989
24	35	4	40	10	left	left	1	41	15.157	2705
24	36	4	40	10	left	left	1	43	15.178	2833
