
blkNum	trlNum	coherentDots	numberofDots	percentCoherence	winningDirection	response	correct	eventCount	averageFrameRate	RT
1	1	4	40	10	left	left	1	40	15.256	2622
1	2	4	40	10	right	right	1	15	15.432	972
1	3	4	40	10	right	right	1	17	15.873	1071
1	4	4	40	10	left	left	1	15	16.077	933
1	5	4	40	10	left	left	1	19	15.953	1191
1	6	4	40	10	right	right	1	12	15.979	751
1	7	4	40	10	left	left	1	11	16.058	685
1	8	4	40	10	right	left	0	18	15.504	1161
1	9	4	40	10	left	left	1	15	15.674	957
1	10	4	40	10	left	left	1	11	16.176	680
1	11	4	40	10	left	left	1	10	15.924	628
1	12	4	40	10	right	right	1	9	16.364	550
1	13	4	40	10	right	right	1	9	15.652	575
1	14	4	40	10	right	right	1	15	15.89	944
1	15	4	40	10	right	right	1	17	15.712	1082
1	16	4	40	10	left	left	1	12	15.306	784
1	17	4	40	10	left	right	0	10	16.502	606
1	18	4	40	10	right	right	1	14	15.677	893
1	19	4	40	10	right	right	1	22	15.471	1422
1	20	4	40	10	left	left	1	11	16.248	677
1	21	4	40	10	right	right	1	11	15.603	705
1	22	4	40	10	left	left	1	9	15.28	589
1	23	4	40	10	right	right	1	10	16.287	614
1	24	4	40	10	left	left	1	9	16.544	544
1	25	4	40	10	right	right	1	9	16.791	536
1	26	4	40	10	left	left	1	10	16.234	616
1	27	4	40	10	right	right	1	11	16.129	682
1	28	4	40	10	left	left	1	10	16.287	614
1	29	4	40	10	right	right	1	10	15.432	648
1	30	4	40	10	left	left	1	11	15.406	714
1	31	4	40	10	right	right	1	8	15.209	526
1	32	4	40	10	right	right	1	15	16.216	925
1	33	4	40	10	right	right	1	14	15.504	903
1	34	4	40	10	right	right	1	17	15.611	1089
1	35	4	40	10	left	left	1	10	15.48	646
1	36	4	40	10	left	right	0	12	16.107	745
1	37	4	40	10	left	right	0	24	15.123	1587
1	38	4	40	10	right	right	1	26	15.24	1706
1	39	4	40	10	left	left	1	9	16.071	560
1	40	4	40	10	left	right	0	10	16.639	601
2	1	4	40	10	right	right	1	19	15.261	1245
2	2	4	40	10	right	left	0	9	15.652	575
2	3	4	40	10	left	right	0	9	16.886	533
2	4	4	40	10	left	right	0	20	15.601	1282
2	5	4	40	10	right	right	1	27	15.464	1746
2	6	4	40	10	right	right	1	15	15.609	961
2	7	4	40	10	left	left	1	10	15.949	627
2	8	4	40	10	right	right	1	9	15.679	574
2	9	4	40	10	right	right	1	14	15.234	919
2	10	4	40	10	right	right	1	11	16.566	664
2	11	4	40	10	left	left	1	12	15.404	779
2	12	4	40	10	left	right	0	10	15.601	641
2	13	4	40	10	left	left	1	11	15.089	729
2	14	4	40	10	right	right	1	13	15.532	837
2	15	4	40	10	right	left	0	12	15.209	789
2	16	4	40	10	left	left	1	21	15.173	1384
2	17	4	40	10	left	right	0	8	16.461	486
2	18	4	40	10	right	right	1	14	15.625	896
2	19	4	40	10	left	left	1	10	15.408	649
2	20	4	40	10	left	right	0	13	16.311	797
2	21	4	40	10	right	right	1	13	15.33	848
2	22	4	40	10	right	right	1	16	15.625	1024
2	23	4	40	10	left	left	1	16	15.444	1036
2	24	4	40	10	right	right	1	15	15.48	969
2	25	4	40	10	left	right	0	19	15.372	1236
2	26	4	40	10	right	right	1	14	15.301	915
2	27	4	40	10	right	left	0	11	15.342	717
2	28	4	40	10	left	left	1	25	15.263	1638
2	29	4	40	10	left	left	1	24	15.365	1562
2	30	4	40	10	left	left	1	21	15.206	1381
2	31	4	40	10	right	right	1	13	15.873	819
2	32	4	40	10	right	left	0	14	15.73	890
2	33	4	40	10	right	right	1	27	15.698	1720
2	34	4	40	10	right	right	1	19	15.651	1214
2	35	4	40	10	left	left	1	19	15.237	1247
2	36	4	40	10	left	left	1	16	15.984	1001
2	37	4	40	10	right	left	0	17	15.539	1094
2	38	4	40	10	left	left	1	20	15.613	1281
2	39	4	40	10	left	left	1	21	15.579	1348
2	40	4	40	10	left	right	0	13	16.069	809
3	1	4	40	10	right	right	1	13	15.169	857
3	2	4	40	10	left	left	1	16	15.857	1009
3	3	4	40	10	left	left	1	26	15.504	1677
3	4	4	40	10	right	right	1	12	15.248	787
3	5	4	40	10	left	left	1	13	16.23	801
3	6	4	40	10	right	right	1	18	15.734	1144
3	7	4	40	10	right	right	1	19	15.51	1225
3	8	4	40	10	right	right	1	12	15.132	793
3	9	4	40	10	left	left	1	12	15.464	776
3	10	4	40	10	left	right	0	11	15.67	702
3	11	4	40	10	right	left	0	13	16.27	799
3	12	4	40	10	right	right	1	18	15.929	1130
3	13	4	40	10	left	left	1	16	15.968	1002
3	14	4	40	10	left	right	0	11	15.85	694
3	15	4	40	10	right	right	1	13	16.27	799
3	16	4	40	10	right	left	0	12	16.194	741
3	17	4	40	10	left	right	0	8	16.701	479
3	18	4	40	10	right	right	1	20	15.117	1323
3	19	4	40	10	right	left	0	24	15.085	1591
3	20	4	40	10	left	right	0	16	15.779	1014
3	21	4	40	10	left	left	1	17	15.741	1080
3	22	4	40	10	left	left	1	21	15.464	1358
3	23	4	40	10	right	right	1	10	15.361	651
3	24	4	40	10	left	left	1	12	15.666	766
3	25	4	40	10	left	left	1	15	15.182	988
3	26	4	40	10	right	right	1	12	15.171	791
3	27	4	40	10	left	left	1	19	15.561	1221
3	28	4	40	10	left	left	1	21	15.284	1374
3	29	4	40	10	right	left	0	15	16.094	932
3	30	4	40	10	right	right	1	15	15.091	994
3	31	4	40	10	right	right	1	19	15.347	1238
3	32	4	40	10	left	left	1	14	16.204	864
3	33	4	40	10	left	right	0	15	15.244	984
3	34	4	40	10	right	right	1	16	15.61	1025
3	35	4	40	10	right	right	1	27	15.716	1718
3	36	4	40	10	right	left	0	18	15.789	1140
3	37	4	40	10	left	right	0	6	15	400
3	38	4	40	10	right	right	1	14	16.185	865
3	39	4	40	10	left	left	1	12	15.936	753
3	40	4	40	10	left	left	1	14	15.368	911
4	1	4	40	10	right	right	1	13	15.348	847
4	2	4	40	10	right	right	1	12	15.326	783
4	3	4	40	10	right	right	1	13	15.99	813
4	4	4	40	10	right	right	1	12	15.686	765
4	5	4	40	10	left	left	1	12	15.248	787
4	6	4	40	10	left	left	1	15	15.609	961
4	7	4	40	10	left	left	1	13	15.403	844
4	8	4	40	10	left	left	1	13	15.403	844
4	9	4	40	10	left	left	1	12	15.707	764
4	10	4	40	10	left	right	0	12	16.086	746
4	11	4	40	10	left	left	1	10	16.556	604
4	12	4	40	10	right	right	1	15	15.674	957
4	13	4	40	10	left	left	1	14	15.909	880
4	14	4	40	10	right	right	1	12	15.957	752
4	15	4	40	10	right	right	1	13	16.129	806
4	16	4	40	10	right	right	1	13	16.332	796
4	17	4	40	10	left	left	1	13	15.569	835
4	18	4	40	10	left	left	1	12	15.564	771
4	19	4	40	10	left	left	1	19	15.41	1233
4	20	4	40	10	right	right	1	13	15.276	851
4	21	4	40	10	left	left	1	24	15.514	1547
4	22	4	40	10	right	right	1	9	15.491	581
4	23	4	40	10	left	right	0	14	15.251	918
4	24	4	40	10	right	right	1	15	15.806	949
4	25	4	40	10	left	left	1	12	16.151	743
4	26	4	40	10	left	left	1	17	15.918	1068
4	27	4	40	10	right	right	1	10	16.835	594
4	28	4	40	10	right	right	1	12	15.404	779
4	29	4	40	10	right	right	1	14	15.748	889
4	30	4	40	10	left	left	1	13	16.03	811
4	31	4	40	10	left	right	0	12	16.282	737
4	32	4	40	10	right	right	1	14	15.573	899
4	33	4	40	10	right	right	1	21	15.66	1341
4	34	4	40	10	right	right	1	14	15.891	881
4	35	4	40	10	right	right	1	14	15.873	882
4	36	4	40	10	left	left	1	11	15.214	723
4	37	4	40	10	left	left	1	22	15.363	1432
4	38	4	40	10	right	right	1	24	15.564	1542
4	39	4	40	10	right	right	1	11	16.369	672
4	40	4	40	10	left	left	1	12	15.894	755
5	1	4	40	10	right	right	1	13	15.33	848
5	2	4	40	10	left	left	1	11	15.278	720
5	3	4	40	10	right	right	1	11	16.248	677
5	4	4	40	10	left	left	1	12	16.129	744
5	5	4	40	10	right	right	1	12	15.686	765
5	6	4	40	10	left	left	1	12	15.727	763
5	7	4	40	10	left	left	1	11	15.449	712
5	8	4	40	10	right	right	1	17	16.008	1062
5	9	4	40	10	right	left	0	18	15.817	1138
5	10	4	40	10	left	left	1	16	16	1000
5	11	4	40	10	left	left	1	20	15.686	1275
5	12	4	40	10	right	right	1	10	15.898	629
5	13	4	40	10	left	left	1	11	16.566	664
5	14	4	40	10	left	left	1	21	15.141	1387
5	15	4	40	10	left	right	0	11	15.449	712
5	16	4	40	10	left	left	1	10	15.408	649
5	17	4	40	10	right	right	1	13	15.258	852
5	18	4	40	10	left	left	1	16	15.326	1044
5	19	4	40	10	right	right	1	13	15.312	849
5	20	4	40	10	right	left	0	12	16.107	745
5	21	4	40	10	left	left	1	13	16.189	803
5	22	4	40	10	right	right	1	18	15.28	1178
5	23	4	40	10	right	right	1	14	15.873	882
5	24	4	40	10	right	right	1	13	15.569	835
5	25	4	40	10	left	left	1	12	16.064	747
5	26	4	40	10	left	right	0	11	16.369	672
5	27	4	40	10	right	right	1	11	15.449	712
5	28	4	40	10	right	right	1	12	16.021	749
5	29	4	40	10	right	right	1	14	15.301	915
5	30	4	40	10	left	left	1	10	15.337	652
5	31	4	40	10	left	left	1	16	15.519	1031
5	32	4	40	10	right	right	1	14	15.837	884
5	33	4	40	10	left	left	1	18	15.887	1133
5	34	4	40	10	left	left	1	22	15.32	1436
5	35	4	40	10	left	left	1	15	15.856	946
5	36	4	40	10	right	right	1	9	15.734	572
5	37	4	40	10	right	left	0	28	15.651	1789
5	38	4	40	10	left	left	1	16	15.459	1035
5	39	4	40	10	right	right	1	15	15.259	983
5	40	4	40	10	right	right	1	30	15.345	1955
6	1	4	40	10	right	right	1	13	15.912	817
6	2	4	40	10	left	left	1	17	15.741	1080
6	3	4	40	10	right	right	1	11	15.32	718
6	4	4	40	10	right	right	1	10	16.367	611
6	5	4	40	10	left	left	1	10	16.529	605
6	6	4	40	10	right	left	0	11	15.131	727
6	7	4	40	10	left	left	1	13	15.187	856
6	8	4	40	10	left	left	1	11	16.369	672
6	9	4	40	10	left	left	1	11	15.363	716
6	10	4	40	10	right	right	1	11	15.449	712
6	11	4	40	10	right	right	1	14	15.267	917
6	12	4	40	10	left	left	1	11	15.85	694
6	13	4	40	10	left	left	1	13	15.294	850
6	14	4	40	10	left	left	1	11	16.717	658
6	15	4	40	10	right	left	0	10	16.529	605
6	16	4	40	10	left	left	1	13	16.169	804
6	17	4	40	10	right	right	1	12	15.267	786
6	18	4	40	10	left	left	1	9	16.514	545
6	19	4	40	10	right	right	1	11	15.257	721
6	20	4	40	10	left	left	1	9	15.929	565
6	21	4	40	10	left	left	1	26	15.71	1655
6	22	4	40	10	right	right	1	10	16.155	619
6	23	4	40	10	right	right	1	15	16.077	933
6	24	4	40	10	left	left	1	10	15.674	638
6	25	4	40	10	right	right	1	13	16.209	802
6	26	4	40	10	right	left	0	14	15.642	895
6	27	4	40	10	right	right	1	9	16.636	541
6	28	4	40	10	right	left	0	11	15.692	701
6	29	4	40	10	right	right	1	10	16.26	615
6	30	4	40	10	right	right	1	12	15.957	752
6	31	4	40	10	left	left	1	10	16.077	622
6	32	4	40	10	left	left	1	9	15.845	568
6	33	4	40	10	right	right	1	19	15.523	1224
6	34	4	40	10	right	right	1	18	15.28	1178
6	35	4	40	10	left	left	1	10	16.611	602
6	36	4	40	10	left	left	1	10	15.152	660
6	37	4	40	10	left	left	1	11	16.2	679
6	38	4	40	10	left	left	1	10	15.748	635
6	39	4	40	10	right	left	0	10	16.103	621
6	40	4	40	10	left	right	0	19	15.372	1236
7	1	4	40	10	left	right	0	16	15.656	1022
7	2	4	40	10	left	left	1	9	16.071	560
7	3	4	40	10	right	right	1	12	16.129	744
7	4	4	40	10	right	right	1	23	15.572	1477
7	5	4	40	10	left	left	1	9	16.393	549
7	6	4	40	10	right	right	1	9	15.929	565
7	7	4	40	10	right	right	1	10	14.925	670
7	8	4	40	10	left	left	1	12	15.936	753
7	9	4	40	10	left	left	1	23	15.721	1463
7	10	4	40	10	left	left	1	14	15.945	878
7	11	4	40	10	right	right	1	13	15.348	847
7	12	4	40	10	right	right	1	24	15.717	1527
7	13	4	40	10	left	left	1	13	15.796	823
7	14	4	40	10	right	right	1	17	15.888	1070
7	15	4	40	10	left	left	1	12	15.365	781
7	16	4	40	10	right	right	1	12	16.086	746
7	17	4	40	10	right	left	0	21	15.637	1343
7	18	4	40	10	left	left	1	14	15.47	905
7	19	4	40	10	left	right	0	20	16	1250
7	20	4	40	10	left	left	1	13	16.049	810
7	21	4	40	10	right	left	0	14	15.351	912
7	22	4	40	10	left	left	1	10	16.694	599
7	23	4	40	10	left	left	1	26	15.187	1712
7	24	4	40	10	right	right	1	20	15.649	1278
7	25	4	40	10	right	right	1	15	15.873	945
7	26	4	40	10	right	right	1	19	15.176	1252
7	27	4	40	10	right	right	1	23	15.232	1510
7	28	4	40	10	right	right	1	26	15.569	1670
7	29	4	40	10	left	left	1	20	15.48	1292
7	30	4	40	10	right	right	1	35	15.304	2287
7	31	4	40	10	left	right	0	19	15.781	1204
7	32	4	40	10	left	left	1	15	15.337	978
7	33	4	40	10	left	left	1	29	15.45	1877
7	34	4	40	10	right	left	0	24	15.544	1544
7	35	4	40	10	left	left	1	11	15.493	710
7	36	4	40	10	left	left	1	16	15.474	1034
7	37	4	40	10	right	right	1	9	15.679	574
7	38	4	40	10	right	left	0	11	15.471	711
7	39	4	40	10	left	left	1	19	15.728	1208
7	40	4	40	10	right	right	1	12	15.936	753
8	1	4	40	10	right	right	1	13	15.758	825
8	2	4	40	10	left	left	1	13	16.25	800
8	3	4	40	10	left	left	1	11	15.299	719
8	4	4	40	10	right	left	0	11	15.027	732
8	5	4	40	10	left	left	1	9	15.491	581
8	6	4	40	10	left	left	1	19	15.055	1262
8	7	4	40	10	left	left	1	8	15.355	521
8	8	4	40	10	right	right	1	21	15.441	1360
8	9	4	40	10	right	left	0	10	15.504	645
8	10	4	40	10	right	right	1	23	15.743	1461
8	11	4	40	10	right	right	1	21	15.217	1380
8	12	4	40	10	left	left	1	11	15.759	698
8	13	4	40	10	right	right	1	9	15.254	590
8	14	4	40	10	left	left	1	11	16.012	687
8	15	4	40	10	left	left	1	18	15.915	1131
8	16	4	40	10	left	left	1	15	15.337	978
8	17	4	40	10	right	right	1	12	16.173	742
8	18	4	40	10	right	right	1	14	16.148	867
8	19	4	40	10	right	left	0	15	16.112	931
8	20	4	40	10	right	right	1	16	15.474	1034
8	21	4	40	10	right	left	0	10	15.649	639
8	22	4	40	10	right	right	1	16	15.534	1030
8	23	4	40	10	right	right	1	15	15.593	962
8	24	4	40	10	left	left	1	25	15.272	1637
8	25	4	40	10	left	right	0	20	15.232	1313
8	26	4	40	10	left	right	0	18	15.598	1154
8	27	4	40	10	left	left	1	14	15.251	918
8	28	4	40	10	right	left	0	12	15.152	792
8	29	4	40	10	left	right	0	12	16.064	747
8	30	4	40	10	left	left	1	13	15.385	845
8	31	4	40	10	left	left	1	34	15.145	2245
8	32	4	40	10	right	left	0	19	15.82	1201
8	33	4	40	10	left	right	0	14	14.989	934
8	34	4	40	10	right	left	0	16	15.08	1061
8	35	4	40	10	left	right	0	21	15.184	1383
8	36	4	40	10	right	right	1	16	15.37	1041
8	37	4	40	10	left	left	1	12	15.345	782
8	38	4	40	10	right	right	1	12	15.852	757
8	39	4	40	10	left	left	1	13	15.439	842
8	40	4	40	10	right	right	1	18	15.177	1186
9	1	4	40	10	left	left	1	18	15.789	1140
9	2	4	40	10	left	left	1	19	15.993	1188
9	3	4	40	10	right	right	1	14	16.279	860
9	4	4	40	10	right	right	1	10	16.313	613
9	5	4	40	10	right	left	0	10	15.267	655
9	6	4	40	10	right	right	1	10	16.077	622
9	7	4	40	10	left	left	1	24	15.385	1560
9	8	4	40	10	left	left	1	24	15.524	1546
9	9	4	40	10	left	left	1	25	15.207	1644
9	10	4	40	10	left	left	1	18	15.625	1152
9	11	4	40	10	left	left	1	18	15.734	1144
9	12	4	40	10	right	right	1	25	15.547	1608
9	13	4	40	10	left	left	1	19	16.007	1187
9	14	4	40	10	left	left	1	15	15.182	988
9	15	4	40	10	left	left	1	16	15.152	1056
9	16	4	40	10	left	left	1	12	16.194	741
9	17	4	40	10	right	right	1	15	15.723	954
9	18	4	40	10	left	right	0	15	15.291	981
9	19	4	40	10	left	left	1	15	15.416	973
9	20	4	40	10	right	right	1	19	15.523	1224
9	21	4	40	10	left	left	1	14	15.47	905
9	22	4	40	10	right	right	1	12	16.064	747
9	23	4	40	10	right	left	0	11	15.625	704
9	24	4	40	10	right	right	1	10	15.408	649
9	25	4	40	10	right	right	1	10	16.34	612
9	26	4	40	10	right	right	1	13	15.971	814
9	27	4	40	10	left	left	1	19	15.664	1213
9	28	4	40	10	right	right	1	13	15.366	846
9	29	4	40	10	right	right	1	13	15.663	830
9	30	4	40	10	left	left	1	13	16.149	805
9	31	4	40	10	left	right	0	21	15.396	1364
9	32	4	40	10	right	right	1	11	15.515	709
9	33	4	40	10	right	right	1	13	15.294	850
9	34	4	40	10	left	right	0	12	16.086	746
9	35	4	40	10	right	right	1	18	16	1125
9	36	4	40	10	left	left	1	16	15.109	1059
9	37	4	40	10	left	right	0	14	16.055	872
9	38	4	40	10	right	right	1	25	15.124	1653
9	39	4	40	10	right	right	1	14	15.873	882
9	40	4	40	10	right	left	0	22	15.504	1419
10	1	4	40	10	right	right	1	10	15.773	634
10	2	4	40	10	right	right	1	9	15.957	564
10	3	4	40	10	left	left	1	15	16.077	933
10	4	4	40	10	left	left	1	21	15.637	1343
10	5	4	40	10	left	left	1	11	16.667	660
10	6	4	40	10	left	left	1	10	15.267	655
10	7	4	40	10	right	left	0	14	15.73	890
10	8	4	40	10	right	right	1	9	15.411	584
10	9	4	40	10	right	right	1	19	15.702	1210
10	10	4	40	10	left	right	0	16	15.34	1043
10	11	4	40	10	left	left	1	13	15.55	836
10	12	4	40	10	right	right	1	13	15.258	852
10	13	4	40	10	right	right	1	19	15.677	1212
10	14	4	40	10	left	left	1	18	15.776	1141
10	15	4	40	10	left	left	1	32	15.526	2061
10	16	4	40	10	right	right	1	14	16.279	860
10	17	4	40	10	left	right	0	15	15.674	957
10	18	4	40	10	left	right	0	14	16.279	860
10	19	4	40	10	left	left	1	11	15.428	713
10	20	4	40	10	left	right	0	18	15.451	1165
10	21	4	40	10	left	left	1	12	16.086	746
10	22	4	40	10	left	left	1	11	16.012	687
10	23	4	40	10	right	right	1	15	15.707	955
10	24	4	40	10	left	left	1	19	15.347	1238
10	25	4	40	10	left	left	1	22	15.449	1424
10	26	4	40	10	right	right	1	13	16.109	807
10	27	4	40	10	right	right	1	16	15.549	1029
10	28	4	40	10	left	right	0	22	15.692	1402
10	29	4	40	10	left	left	1	14	15.677	893
10	30	4	40	10	right	left	0	14	15.66	894
10	31	4	40	10	right	right	1	11	15.363	716
10	32	4	40	10	right	right	1	12	16.304	736
10	33	4	40	10	right	right	1	12	16.327	735
10	34	4	40	10	right	right	1	19	15.385	1235
10	35	4	40	10	right	right	1	10	15.528	644
10	36	4	40	10	right	right	1	10	15.267	655
10	37	4	40	10	left	left	1	14	16.166	866
10	38	4	40	10	right	left	0	32	15.429	2074
10	39	4	40	10	left	left	1	16	15.18	1054
10	40	4	40	10	right	right	1	22	15.67	1404
11	1	4	40	10	left	left	1	13	16.25	800
11	2	4	40	10	left	left	1	21	15.544	1351
11	3	4	40	10	left	left	1	12	15.228	788
11	4	4	40	10	left	left	1	19	15.31	1241
11	5	4	40	10	right	right	1	12	15.404	779
11	6	4	40	10	right	right	1	11	15.068	730
11	7	4	40	10	left	right	0	24	15.8	1519
11	8	4	40	10	left	left	1	9	15.929	565
11	9	4	40	10	right	right	1	21	15.66	1341
11	10	4	40	10	right	right	1	13	15.588	834
11	11	4	40	10	right	right	1	20	15.711	1273
11	12	4	40	10	right	left	0	14	15.419	908
11	13	4	40	10	right	right	1	19	15.9	1195
11	14	4	40	10	right	right	1	13	15.258	852
11	15	4	40	10	left	left	1	15	15.957	940
11	16	4	40	10	right	left	0	20	15.267	1310
11	17	4	40	10	left	right	0	8	15.444	518
11	18	4	40	10	right	right	1	12	15.094	795
11	19	4	40	10	right	left	0	21	15.521	1353
11	20	4	40	10	right	right	1	19	15.794	1203
11	21	4	40	10	right	right	1	20	15.588	1283
11	22	4	40	10	right	right	1	12	15.504	774
11	23	4	40	10	left	left	1	11	16.082	684
11	24	4	40	10	right	left	0	19	15.82	1201
11	25	4	40	10	left	right	0	9	16.158	557
11	26	4	40	10	right	right	1	13	16.049	810
11	27	4	40	10	left	left	1	11	15.385	715
11	28	4	40	10	left	left	1	15	15.658	958
11	29	4	40	10	right	right	1	14	15.47	905
11	30	4	40	10	right	right	1	19	15.286	1243
11	31	4	40	10	right	right	1	15	15.045	997
11	32	4	40	10	left	left	1	19	15.833	1200
11	33	4	40	10	right	right	1	22	15.439	1425
11	34	4	40	10	left	left	1	16	15.385	1040
11	35	4	40	10	left	right	0	16	15.795	1013
11	36	4	40	10	left	left	1	14	15.801	886
11	37	4	40	10	left	left	1	16	15.414	1038
11	38	4	40	10	left	left	1	17	15.138	1123
11	39	4	40	10	left	left	1	19	16.02	1186
11	40	4	40	10	left	left	1	16	15.224	1051
12	1	4	40	10	right	right	1	13	15.439	842
12	2	4	40	10	left	left	1	15	15.593	962
12	3	4	40	10	left	left	1	14	15.538	901
12	4	4	40	10	left	left	1	17	15.192	1119
12	5	4	40	10	left	left	1	16	15.549	1029
12	6	4	40	10	left	left	1	17	15.712	1082
12	7	4	40	10	right	left	0	16	15.519	1031
12	8	4	40	10	right	right	1	9	15.598	577
12	9	4	40	10	left	right	0	13	16.049	810
12	10	4	40	10	right	right	1	16	15.671	1021
12	11	4	40	10	left	left	1	17	15.596	1090
12	12	4	40	10	left	left	1	21	15.719	1336
12	13	4	40	10	left	left	1	16	15.444	1036
12	14	4	40	10	right	right	1	14	15.748	889
12	15	4	40	10	right	left	0	17	15.947	1066
12	16	4	40	10	left	left	1	19	15.261	1245
12	17	4	40	10	left	left	1	19	15.237	1247
12	18	4	40	10	left	left	1	27	15.271	1768
12	19	4	40	10	right	right	1	17	15.288	1112
12	20	4	40	10	left	left	1	22	15.816	1391
12	21	4	40	10	left	left	1	23	15.242	1509
12	22	4	40	10	right	left	0	26	15.205	1710
12	23	4	40	10	right	right	1	27	15.625	1728
12	24	4	40	10	right	right	1	18	15.531	1159
12	25	4	40	10	right	right	1	17	15.755	1079
12	26	4	40	10	left	left	1	12	15.686	765
12	27	4	40	10	left	left	1	15	16.112	931
12	28	4	40	10	right	right	1	18	15.451	1165
12	29	4	40	10	right	right	1	16	15.08	1061
12	30	4	40	10	right	right	1	22	15.331	1435
12	31	4	40	10	right	right	1	15	15.228	985
12	32	4	40	10	left	left	1	13	16.311	797
12	33	4	40	10	right	left	0	14	16.26	861
12	34	4	40	10	right	left	0	12	15.152	792
12	35	4	40	10	right	right	1	15	15.075	995
12	36	4	40	10	right	right	1	16	16	1000
12	37	4	40	10	right	right	1	17	15.582	1091
12	38	4	40	10	left	right	0	16	15.984	1001
12	39	4	40	10	left	left	1	10	16	625
12	40	4	40	10	left	left	1	16	15.209	1052
13	1	4	40	10	left	left	1	21	15.707	1337
13	2	4	40	10	right	right	1	18	15.451	1165
13	3	4	40	10	right	right	1	24	15.414	1557
13	4	4	40	10	right	right	1	13	15.205	855
13	5	4	40	10	left	left	1	16	15.889	1007
13	6	4	40	10	left	left	1	15	15.075	995
13	7	4	40	10	left	left	1	11	15.827	695
13	8	4	40	10	right	right	1	14	15.301	915
13	9	4	40	10	left	left	1	20	15.106	1324
13	10	4	40	10	left	left	1	23	15.457	1488
13	11	4	40	10	left	left	1	19	15.115	1257
13	12	4	40	10	left	left	1	12	16.064	747
13	13	4	40	10	left	right	0	16	16	1000
13	14	4	40	10	right	left	0	32	15.385	2080
13	15	4	40	10	left	left	1	16	15.549	1029
13	16	4	40	10	right	right	1	12	15.444	777
13	17	4	40	10	right	left	0	13	16.109	807
13	18	4	40	10	right	right	1	13	15.569	835
13	19	4	40	10	right	right	1	15	15.593	962
13	20	4	40	10	left	left	1	11	16.248	677
13	21	4	40	10	right	right	1	23	15.293	1504
13	22	4	40	10	right	right	1	27	15.194	1777
13	23	4	40	10	left	left	1	17	8.161	2083
13	24	4	40	10	left	left	1	20	15.221	1314
13	25	4	40	10	left	left	1	17	15.654	1086
13	26	4	40	10	right	left	0	16	15.326	1044
13	27	4	40	10	right	left	0	11	16.058	685
13	28	4	40	10	right	right	1	13	16.291	798
13	29	4	40	10	right	right	1	19	15.768	1205
13	30	4	40	10	right	left	0	12	15.504	774
13	31	4	40	10	left	right	0	4	15.094	265
13	32	4	40	10	left	left	1	16	15.64	1023
13	33	4	40	10	left	left	1	19	15.587	1219
13	34	4	40	10	left	left	1	16	15.92	1005
13	35	4	40	10	right	right	1	24	15.454	1553
13	36	4	40	10	right	left	0	17	15.247	1115
13	37	4	40	10	right	right	1	16	15.282	1047
13	38	4	40	10	left	right	0	21	15.228	1379
13	39	4	40	10	right	right	1	19	15.261	1245
13	40	4	40	10	left	left	1	20	15.337	1304
14	1	4	40	10	left	left	1	15	15.337	978
14	2	4	40	10	right	right	1	14	16.092	870
14	3	4	40	10	left	left	1	14	15.521	902
14	4	4	40	10	left	left	1	14	15.234	919
14	5	4	40	10	left	left	1	17	15.858	1072
14	6	4	40	10	right	right	1	21	15.195	1382
14	7	4	40	10	left	right	0	55	15.295	3596
14	8	4	40	10	left	left	1	16	15.166	1055
14	9	4	40	10	left	right	0	14	16.129	868
14	10	4	40	10	right	right	1	13	15.312	849
14	11	4	40	10	left	left	1	17	15.843	1073
14	12	4	40	10	left	left	1	15	15.641	959
14	13	4	40	10	right	right	1	15	15.873	945
14	14	4	40	10	right	left	0	16	15.81	1012
14	15	4	40	10	left	left	1	19	15.46	1229
14	16	4	40	10	right	right	1	15	15.4	974
14	17	4	40	10	right	left	0	19	15.913	1194
14	18	4	40	10	left	left	1	19	15.347	1238
14	19	4	40	10	left	left	1	19	15.728	1208
14	20	4	40	10	left	left	1	19	15.926	1193
14	21	4	40	10	right	left	0	18	15.385	1170
14	22	4	40	10	right	left	0	15	15.385	975
14	23	4	40	10	right	right	1	6	15.038	399
14	24	4	40	10	right	right	1	23	15.753	1460
14	25	4	40	10	left	left	1	13	15.569	835
14	26	4	40	10	left	left	1	17	15.357	1107
14	27	4	40	10	right	right	1	13	15.294	850
14	28	4	40	10	right	right	1	14	16.037	873
14	29	4	40	10	left	left	1	15	16.269	922
14	30	4	40	10	left	right	0	28	15.59	1796
14	31	4	40	10	left	left	1	15	15.106	993
14	32	4	40	10	right	right	1	21	15.385	1365
14	33	4	40	10	right	left	0	15	15.991	938
14	34	4	40	10	left	right	0	28	15.616	1793
14	35	4	40	10	right	right	1	13	15.513	838
14	36	4	40	10	right	right	1	14	15.538	901
14	37	4	40	10	right	right	1	19	15.139	1255
14	38	4	40	10	left	left	1	15	15.609	961
14	39	4	40	10	right	right	1	19	15.677	1212
14	40	4	40	10	right	right	1	18	15.241	1181
15	1	4	40	10	right	right	1	12	15.248	787
15	2	4	40	10	right	right	1	25	15.309	1633
15	3	4	40	10	left	left	1	20	15.094	1325
15	4	4	40	10	right	right	1	15	15.213	986
15	5	4	40	10	left	left	1	13	15.385	845
15	6	4	40	10	left	left	1	15	15.674	957
15	7	4	40	10	left	left	1	14	15.351	912
15	8	4	40	10	left	left	1	14	15.608	897
15	9	4	40	10	left	right	0	19	15.397	1234
15	10	4	40	10	left	left	1	17	15.497	1097
15	11	4	40	10	left	left	1	11	15.471	711
15	12	4	40	10	right	right	1	13	16.169	804
15	13	4	40	10	right	right	1	21	15.317	1371
15	14	4	40	10	left	left	1	12	15.789	760
15	15	4	40	10	right	right	1	18	15.451	1165
15	16	4	40	10	right	right	1	20	15.564	1285
15	17	4	40	10	right	right	1	17	15.165	1121
15	18	4	40	10	right	right	1	15	15.641	959
15	19	4	40	10	left	left	1	10	15.974	626
15	20	4	40	10	left	left	1	11	15.363	716
15	21	4	40	10	left	left	1	10	16.639	601
15	22	4	40	10	left	left	1	13	15.588	834
15	23	4	40	10	right	left	0	15	16.129	930
15	24	4	40	10	right	right	1	10	15.408	649
15	25	4	40	10	left	right	0	11	15.896	692
15	26	4	40	10	left	left	1	13	15.7	828
15	27	4	40	10	left	right	0	18	15.358	1172
15	28	4	40	10	left	right	0	19	15.715	1209
15	29	4	40	10	right	right	1	36	15.319	2350
15	30	4	40	10	right	right	1	13	15.854	820
15	31	4	40	10	right	right	1	15	15.306	980
15	32	4	40	10	right	left	0	14	15.368	911
15	33	4	40	10	right	right	1	12	16.349	734
15	34	4	40	10	left	left	1	28	15.599	1795
15	35	4	40	10	right	left	0	36	15.557	2314
15	36	4	40	10	left	right	0	32	15.289	2093
15	37	4	40	10	left	right	0	11	15.406	714
15	38	4	40	10	right	right	1	11	15.737	699
15	39	4	40	10	right	right	1	12	15.645	767
15	40	4	40	10	right	right	1	20	15.662	1277
16	1	4	40	10	right	right	1	21	15.73	1335
16	2	4	40	10	right	right	1	29	15.144	1915
16	3	4	40	10	right	right	1	21	15.373	1366
16	4	4	40	10	left	left	1	12	15.267	786
16	5	4	40	10	right	right	1	13	16.209	802
16	6	4	40	10	left	left	1	13	15.476	840
16	7	4	40	10	right	right	1	12	15.645	767
16	8	4	40	10	left	left	1	15	16.216	925
16	9	4	40	10	right	right	1	11	16.2	679
16	10	4	40	10	right	left	0	13	16.189	803
16	11	4	40	10	right	right	1	13	16.109	807
16	12	4	40	10	left	left	1	17	15.219	1117
16	13	4	40	10	left	left	1	21	15.13	1388
16	14	4	40	10	right	right	1	16	15.968	1002
16	15	4	40	10	left	left	1	11	16.035	686
16	16	4	40	10	right	right	1	13	15.294	850
16	17	4	40	10	left	left	1	11	15.068	730
16	18	4	40	10	left	right	0	14	16.241	862
16	19	4	40	10	left	left	1	10	16.129	620
16	20	4	40	10	right	right	1	14	16.11	869
16	21	4	40	10	left	right	0	26	15.276	1702
16	22	4	40	10	right	right	1	10	16.234	616
16	23	4	40	10	left	left	1	13	15.892	818
16	24	4	40	10	right	right	1	22	15.428	1426
16	25	4	40	10	left	right	0	17	15.625	1088
16	26	4	40	10	right	right	1	10	15.949	627
16	27	4	40	10	left	left	1	15	16.06	934
16	28	4	40	10	right	right	1	19	15.523	1224
16	29	4	40	10	left	left	1	12	15.287	785
16	30	4	40	10	left	left	1	16	15.152	1056
16	31	4	40	10	right	left	0	15	15.957	940
16	32	4	40	10	left	left	1	12	15.228	788
16	33	4	40	10	left	right	0	35	15.344	2281
16	34	4	40	10	right	right	1	10	15.949	627
16	35	4	40	10	right	right	1	14	15.402	909
16	36	4	40	10	left	right	0	13	15.796	823
16	37	4	40	10	left	left	1	13	15.276	851
16	38	4	40	10	left	left	1	12	15.894	755
16	39	4	40	10	right	left	0	21	15.251	1377
16	40	4	40	10	right	right	1	11	16.492	667
17	1	4	40	10	left	left	1	32	15.466	2069
17	2	4	40	10	right	right	1	10	15.699	637
17	3	4	40	10	right	right	1	16	15.889	1007
17	4	4	40	10	left	left	1	10	16.807	595
17	5	4	40	10	left	right	0	14	15.677	893
17	6	4	40	10	left	left	1	12	15.564	771
17	7	4	40	10	right	right	1	12	15.957	752
17	8	4	40	10	right	right	1	11	15.515	709
17	9	4	40	10	right	right	1	12	15.248	787
17	10	4	40	10	right	right	1	12	15.306	784
17	11	4	40	10	left	left	1	11	16.393	671
17	12	4	40	10	right	left	0	14	16.018	874
17	13	4	40	10	left	left	1	19	15.523	1224
17	14	4	40	10	left	left	1	18	15.177	1186
17	15	4	40	10	left	left	1	21	15.789	1330
17	16	4	40	10	left	left	1	15	15.641	959
17	17	4	40	10	left	left	1	11	15.759	698
17	18	4	40	10	right	left	0	13	15.366	846
17	19	4	40	10	right	right	1	23	15.436	1490
17	20	4	40	10	left	right	0	13	16.189	803
17	21	4	40	10	left	left	1	11	16.224	678
17	22	4	40	10	right	right	1	11	16.129	682
17	23	4	40	10	right	right	1	11	15.32	718
17	24	4	40	10	left	left	1	12	16.26	738
17	25	4	40	10	left	left	1	12	16.304	736
17	26	4	40	10	right	right	1	14	15.819	885
17	27	4	40	10	right	right	1	13	15.513	838
17	28	4	40	10	left	left	1	13	15.682	829
17	29	4	40	10	right	left	0	15	16.077	933
17	30	4	40	10	right	left	0	14	15.695	892
17	31	4	40	10	right	right	1	10	15.385	650
17	32	4	40	10	left	left	1	11	15.007	733
17	33	4	40	10	left	left	1	12	15.132	793
17	34	4	40	10	right	right	1	13	16.109	807
17	35	4	40	10	left	left	1	13	15.366	846
17	36	4	40	10	left	left	1	25	15.489	1614
17	37	4	40	10	right	right	1	14	15.73	890
17	38	4	40	10	right	right	1	24	15.132	1586
17	39	4	40	10	left	left	1	15	15.167	989
17	40	4	40	10	right	right	1	19	15.422	1232
18	1	4	40	10	right	right	1	12	15.979	751
18	2	4	40	10	left	left	1	12	15.852	757
18	3	4	40	10	right	right	1	15	15.091	994
18	4	4	40	10	left	left	1	10	15.674	638
18	5	4	40	10	left	left	1	11	15.988	688
18	6	4	40	10	left	left	1	11	16.082	684
18	7	4	40	10	left	left	1	10	16.447	608
18	8	4	40	10	left	right	0	8	15.564	514
18	9	4	40	10	right	left	0	9	15.901	566
18	10	4	40	10	right	right	1	8	15.748	508
18	11	4	40	10	left	left	1	12	15.564	771
18	12	4	40	10	right	right	1	12	15.132	793
18	13	4	40	10	right	right	1	17	15.413	1103
18	14	4	40	10	left	right	0	16	15.671	1021
18	15	4	40	10	right	left	0	11	15.827	695
18	16	4	40	10	right	right	1	16	15.64	1023
18	17	4	40	10	left	right	0	22	15.493	1420
18	18	4	40	10	left	left	1	11	16.566	664
18	19	4	40	10	left	left	1	22	15.771	1395
18	20	4	40	10	right	left	0	18	15.19	1185
18	21	4	40	10	right	right	1	12	15.686	765
18	22	4	40	10	right	right	1	18	15.803	1139
18	23	4	40	10	left	left	1	19	15.372	1236
18	24	4	40	10	right	right	1	23	15.818	1454
18	25	4	40	10	left	left	1	20	15.106	1324
18	26	4	40	10	right	right	1	44	15.493	2840
18	27	4	40	10	left	right	0	17	15.814	1075
18	28	4	40	10	left	right	0	14	15.801	886
18	29	4	40	10	right	right	1	11	15.385	715
18	30	4	40	10	left	left	1	13	15.931	816
18	31	4	40	10	left	left	1	13	15.205	855
18	32	4	40	10	left	left	1	13	15.205	855
18	33	4	40	10	right	right	1	14	16.222	863
18	34	4	40	10	left	left	1	11	15.471	711
18	35	4	40	10	right	right	1	12	15.544	772
18	36	4	40	10	right	left	0	12	15.113	794
18	37	4	40	10	right	right	1	14	15.677	893
18	38	4	40	10	right	left	0	16	15.656	1022
18	39	4	40	10	right	right	1	11	15.647	703
18	40	4	40	10	left	left	1	17	15.343	1108
19	1	4	40	10	right	right	1	19	15.847	1199
19	2	4	40	10	right	right	1	18	15.957	1128
19	3	4	40	10	left	right	0	10	15.456	647
19	4	4	40	10	right	left	0	14	15.385	910
19	5	4	40	10	left	right	0	11	15.515	709
19	6	4	40	10	right	left	0	17	15.554	1093
19	7	4	40	10	right	right	1	13	15.777	824
19	8	4	40	10	left	right	0	12	16.129	744
19	9	4	40	10	left	left	1	9	16.014	562
19	10	4	40	10	left	left	1	22	15.342	1434
19	11	4	40	10	left	left	1	7	17.073	410
19	12	4	40	10	right	left	0	6	17.544	342
19	13	4	40	10	left	right	0	5	16.129	310
19	14	4	40	10	right	tooFast	2	3	18.182	165
19	15	4	40	10	left	right	0	21	15.262	1376
19	16	4	40	10	right	right	1	19	15.397	1234
19	17	4	40	10	left	right	0	14	15.284	916
19	18	4	40	10	right	left	0	14	16.166	866
19	19	4	40	10	right	right	1	10	15.848	631
19	20	4	40	10	left	left	1	11	15.581	706
19	21	4	40	10	right	right	1	11	15.85	694
19	22	4	40	10	left	left	1	11	16.129	682
19	23	4	40	10	right	right	1	10	16.287	614
19	24	4	40	10	left	left	1	11	15.449	712
19	25	4	40	10	left	right	0	10	16.779	596
19	26	4	40	10	left	right	0	19	15.69	1211
19	27	4	40	10	right	right	1	13	15.458	841
19	28	4	40	10	right	right	1	14	15.217	920
19	29	4	40	10	left	left	1	10	16.181	618
19	30	4	40	10	right	right	1	11	15.027	732
19	31	4	40	10	right	right	1	12	15.936	753
19	32	4	40	10	left	left	1	15	15.641	959
19	33	4	40	10	left	left	1	11	15.759	698
19	34	4	40	10	left	left	1	14	15.385	910
19	35	4	40	10	right	left	0	12	15.81	759
19	36	4	40	10	right	right	1	13	15.312	849
19	37	4	40	10	right	right	1	11	16.176	680
19	38	4	40	10	right	right	1	12	15.707	764
19	39	4	40	10	left	left	1	11	16.717	658
19	40	4	40	10	left	left	1	12	16.194	741
20	1	4	40	10	right	right	1	18	15.679	1148
20	2	4	40	10	right	left	0	9	16.886	533
20	3	4	40	10	left	left	1	11	15.257	721
20	4	4	40	10	left	left	1	10	15.699	637
20	5	4	40	10	right	right	1	9	15.411	584
20	6	4	40	10	left	right	0	12	16.282	737
20	7	4	40	10	right	right	1	15	15.075	995
20	8	4	40	10	right	left	0	16	15.656	1022
20	9	4	40	10	right	left	0	11	16.012	687
20	10	4	40	10	left	left	1	11	15.449	712
20	11	4	40	10	left	left	1	15	15.167	989
20	12	4	40	10	left	left	1	12	15.306	784
20	13	4	40	10	left	left	1	10	15.848	631
20	14	4	40	10	right	right	1	16	15.857	1009
20	15	4	40	10	right	right	1	11	16.442	669
20	16	4	40	10	left	left	1	12	15.625	768
20	17	4	40	10	right	right	1	10	15.873	630
20	18	4	40	10	left	left	1	9	15.845	568
20	19	4	40	10	left	right	0	12	16.282	737
20	20	4	40	10	left	left	1	23	15.593	1475
20	21	4	40	10	right	right	1	14	16.166	866
20	22	4	40	10	left	right	0	24	15.842	1515
20	23	4	40	10	left	right	0	18	15.957	1128
20	24	4	40	10	right	right	1	10	15.528	644
20	25	4	40	10	right	left	0	22	15.816	1391
20	26	4	40	10	left	right	0	14	16.298	859
20	27	4	40	10	right	right	1	12	15.645	767
20	28	4	40	10	left	left	1	10	15.699	637
20	29	4	40	10	right	right	1	15	16.026	936
20	30	4	40	10	left	left	1	12	15.584	770
20	31	4	40	10	right	right	1	11	15.988	688
20	32	4	40	10	right	right	1	13	15.403	844
20	33	4	40	10	left	left	1	24	15.424	1556
20	34	4	40	10	left	left	1	13	15.366	846
20	35	4	40	10	right	right	1	19	15.347	1238
20	36	4	40	10	right	left	0	17	15.511	1096
20	37	4	40	10	left	right	0	13	15.403	844
20	38	4	40	10	right	right	1	11	16.768	656
20	39	4	40	10	right	right	1	16	15.444	1036
20	40	4	40	10	left	right	0	21	15.351	1368
21	1	4	40	10	right	right	1	17	15.413	1103
21	2	4	40	10	right	right	1	18	15.666	1149
21	3	4	40	10	left	right	0	15	16.234	924
21	4	4	40	10	right	right	1	11	16.105	683
21	5	4	40	10	left	left	1	11	16.616	662
21	6	4	40	10	left	left	1	13	15.134	859
21	7	4	40	10	left	left	1	14	16.018	874
21	8	4	40	10	right	right	1	10	15.949	627
21	9	4	40	10	left	left	1	8	15.238	525
21	10	4	40	10	right	right	1	14	15.837	884
21	11	4	40	10	left	left	1	46	15.349	2997
21	12	4	40	10	left	right	0	21	15.754	1333
21	13	4	40	10	right	right	1	12	16.173	742
21	14	4	40	10	right	right	1	25	15.596	1603
21	15	4	40	10	left	right	0	19	15.86	1198
21	16	4	40	10	left	right	0	39	15.258	2556
21	17	4	40	10	right	right	1	34	15.483	2196
21	18	4	40	10	right	right	1	19	15.966	1190
21	19	4	40	10	left	left	1	15	16.181	927
21	20	4	40	10	right	left	0	16	15.489	1033
21	21	4	40	10	right	left	0	23	15.344	1499
21	22	4	40	10	right	right	1	16	15.748	1016
21	23	4	40	10	left	right	0	25	15.499	1613
21	24	4	40	10	right	right	1	13	16.149	805
21	25	4	40	10	right	left	0	16	15.81	1012
21	26	4	40	10	left	right	0	9	15.28	589
21	27	4	40	10	right	right	1	11	16.717	658
21	28	4	40	10	left	right	0	16	15.549	1029
21	29	4	40	10	left	right	0	10	16.694	599
21	30	4	40	10	right	right	1	14	15.538	901
21	31	4	40	10	left	left	1	16	15.414	1038
21	32	4	40	10	left	left	1	14	15.855	883
21	33	4	40	10	right	right	1	10	16.155	619
21	34	4	40	10	left	left	1	11	16.248	677
21	35	4	40	10	right	right	1	13	16.23	801
21	36	4	40	10	right	right	1	14	15.784	887
21	37	4	40	10	right	right	1	21	15.441	1360
21	38	4	40	10	left	left	1	25	15.263	1638
21	39	4	40	10	left	left	1	24	15.365	1562
21	40	4	40	10	left	left	1	11	15.714	700
22	1	4	40	10	left	left	1	15	15.907	943
22	2	4	40	10	right	right	1	13	16.069	809
22	3	4	40	10	left	left	1	17	15.741	1080
22	4	4	40	10	right	right	1	14	15.385	910
22	5	4	40	10	left	left	1	11	15.988	688
22	6	4	40	10	left	left	1	15	16.234	924
22	7	4	40	10	left	left	1	15	15.789	950
22	8	4	40	10	right	right	1	13	15.187	856
22	9	4	40	10	right	right	1	14	15.625	896
22	10	4	40	10	left	right	0	15	15.48	969
22	11	4	40	10	right	right	1	13	15.758	825
22	12	4	40	10	right	right	1	15	15.89	944
22	13	4	40	10	left	left	1	13	15.421	843
22	14	4	40	10	right	left	0	12	15.267	786
22	15	4	40	10	left	right	0	9	15.28	589
22	16	4	40	10	right	right	1	14	15.573	899
22	17	4	40	10	left	right	0	19	15.781	1204
22	18	4	40	10	left	left	1	14	15.873	882
22	19	4	40	10	right	left	0	15	15.576	963
22	20	4	40	10	right	right	1	13	15.276	851
22	21	4	40	10	right	right	1	20	15.588	1283
22	22	4	40	10	right	right	1	12	16.194	741
22	23	4	40	10	right	right	1	17	15.933	1067
22	24	4	40	10	left	left	1	12	15.306	784
22	25	4	40	10	left	left	1	12	15.19	790
22	26	4	40	10	left	left	1	12	15.365	781
22	27	4	40	10	right	left	0	16	15.826	1011
22	28	4	40	10	left	left	1	14	15.419	908
22	29	4	40	10	right	right	1	20	15.748	1270
22	30	4	40	10	left	right	0	21	15.521	1353
22	31	4	40	10	right	right	1	13	15.294	850
22	32	4	40	10	right	right	1	14	15.873	882
22	33	4	40	10	right	right	1	16	15.702	1019
22	34	4	40	10	right	right	1	16	15.889	1007
22	35	4	40	10	left	right	0	15	15.974	939
22	36	4	40	10	left	left	1	18	15.707	1146
22	37	4	40	10	left	left	1	12	15.132	793
22	38	4	40	10	left	left	1	13	16.25	800
22	39	4	40	10	right	left	0	11	15.299	719
22	40	4	40	10	left	left	1	11	16.345	673
23	1	4	40	10	left	left	1	25	15.48	1615
23	2	4	40	10	left	left	1	11	16.32	674
23	3	4	40	10	right	left	0	13	15.663	830
23	4	4	40	10	left	left	1	11	15.581	706
23	5	4	40	10	right	right	1	23	15.721	1463
23	6	4	40	10	right	right	1	12	15.831	758
23	7	4	40	10	left	right	0	15	15.69	956
23	8	4	40	10	left	left	1	13	15.55	836
23	9	4	40	10	left	left	1	17	15.138	1123
23	10	4	40	10	left	left	1	30	15.167	1978
23	11	4	40	10	right	right	1	34	15.518	2191
23	12	4	40	10	left	right	0	20	15.699	1274
23	13	4	40	10	right	right	1	13	15.606	833
23	14	4	40	10	left	right	0	33	15.214	2169
23	15	4	40	10	left	right	0	14	16.204	864
23	16	4	40	10	left	left	1	22	15.57	1413
23	17	4	40	10	left	left	1	21	15.152	1386
23	18	4	40	10	left	left	1	13	16.23	801
23	19	4	40	10	right	right	1	25	15.328	1631
23	20	4	40	10	right	left	0	20	15.314	1306
23	21	4	40	10	right	right	1	13	16.189	803
23	22	4	40	10	right	right	1	21	15.789	1330
23	23	4	40	10	left	right	0	15	15.924	942
23	24	4	40	10	right	right	1	11	16.248	677
23	25	4	40	10	right	right	1	16	15.984	1001
23	26	4	40	10	left	right	0	19	15.46	1229
23	27	4	40	10	right	right	1	17	15.799	1076
23	28	4	40	10	left	left	1	14	16.037	873
23	29	4	40	10	left	right	0	16	15.842	1010
23	30	4	40	10	left	left	1	19	16.007	1187
23	31	4	40	10	right	right	1	17	15.455	1100
23	32	4	40	10	left	left	1	14	16.166	866
23	33	4	40	10	right	right	1	14	16.148	867
23	34	4	40	10	right	right	1	19	15.794	1203
23	35	4	40	10	right	left	0	34	15.364	2213
23	36	4	40	10	right	right	1	9	15.517	580
23	37	4	40	10	left	right	0	16	15.92	1005
23	38	4	40	10	right	left	0	23	15.478	1486
23	39	4	40	10	right	right	1	24	15.595	1539
23	40	4	40	10	right	left	0	20	15.186	1317
24	1	4	40	10	left	right	0	12	15.645	767
24	2	4	40	10	left	left	1	15	16.146	929
24	3	4	40	10	right	right	1	13	15.719	827
24	4	4	40	10	right	left	0	20	15.785	1267
24	5	4	40	10	right	right	1	10	15.748	635
24	6	4	40	10	right	right	1	18	15.451	1165
24	7	4	40	10	left	left	1	31	15.4	2013
24	8	4	40	10	left	right	0	19	15.794	1203
24	9	4	40	10	right	left	0	13	15.169	857
24	10	4	40	10	left	left	1	15	15.152	990
24	11	4	40	10	left	left	1	15	16.251	923
24	12	4	40	10	left	left	1	18	16	1125
24	13	4	40	10	right	right	1	11	15.385	715
24	14	4	40	10	left	right	0	12	15.171	791
24	15	4	40	10	left	left	1	13	15.719	827
24	16	4	40	10	right	right	1	29	15.279	1898
24	17	4	40	10	right	right	1	14	15.538	901
24	18	4	40	10	right	right	1	16	15.414	1038
24	19	4	40	10	right	left	0	16	15.459	1035
24	20	4	40	10	right	left	0	11	15.692	701
24	21	4	40	10	left	right	0	11	15.007	733
24	22	4	40	10	right	right	1	17	15.288	1112
24	23	4	40	10	right	right	1	16	15.519	1031
24	24	4	40	10	left	right	0	16	15.444	1036
24	25	4	40	10	right	right	1	11	15.007	733
24	26	4	40	10	right	right	1	17	15.843	1073
24	27	4	40	10	right	right	1	18	15.639	1151
24	28	4	40	10	left	right	0	32	15.152	2112
24	29	4	40	10	left	left	1	13	15.854	820
24	30	4	40	10	right	right	1	16	15.459	1035
24	31	4	40	10	right	right	1	18	15.734	1144
24	32	4	40	10	right	right	1	16	15.873	1008
24	33	4	40	10	left	right	0	19	15.886	1196
24	34	4	40	10	right	right	1	20	15.326	1305
24	35	4	40	10	left	right	0	22	15.658	1405
24	36	4	40	10	left	left	1	16	15.385	1040
24	37	4	40	10	left	right	0	18	15.451	1165
24	38	4	40	10	left	left	1	15	16.287	921
24	39	4	40	10	left	right	0	24	15.514	1547
24	40	4	40	10	left	left	1	14	16.166	866
