
blkNum	trlNum	coherentDots	numberofDots	percentCoherence	winningDirection	response	correct	eventCount	averageFrameRate	RT
1	1	4	40	10	right	right	1	58	15.34	3781
1	2	4	40	10	right	right	1	60	15.213	3944
1	3	4	40	10	right	right	1	78	15.258	5112
1	4	4	40	10	left	right	0	35	15.158	2309
1	5	4	40	10	right	left	0	29	15.368	1887
1	6	4	40	10	left	right	0	60	15.345	3910
1	7	4	40	10	left	right	0	63	15.228	4137
1	8	4	40	10	left	right	0	60	15.361	3906
1	9	4	40	10	left	left	1	77	15.214	5061
1	10	4	40	10	left	left	1	48	15.262	3145
1	11	4	40	10	right	right	1	37	15.289	2420
1	12	4	40	10	right	left	0	29	15.393	1884
1	13	4	40	10	right	right	1	30	15.221	1971
1	14	4	40	10	left	left	1	33	15.221	2168
1	15	4	40	10	left	right	0	32	15.311	2090
1	16	4	40	10	right	left	0	52	15.417	3373
2	1	4	40	10	right	right	1	48	15.326	3132
2	2	4	40	10	left	left	1	37	15.127	2446
2	3	4	40	10	right	left	0	48	15.272	3143
2	4	4	40	10	left	left	1	76	15.179	5007
2	5	4	40	10	left	left	1	46	15.287	3009
2	6	4	40	10	right	left	0	41	15.437	2656
2	7	4	40	10	left	right	0	37	15.404	2402
2	8	4	40	10	left	right	0	58	15.267	3799
2	9	4	40	10	left	right	0	49	15.351	3192
2	10	4	40	10	right	right	1	73	15.231	4793
2	11	4	40	10	left	right	0	42	15.317	2742
2	12	4	40	10	right	right	1	50	15.38	3251
2	13	4	40	10	left	right	0	61	15.369	3969
2	14	4	40	10	left	left	1	23	15.732	1462
2	15	4	40	10	right	left	0	30	15.205	1973
2	16	4	40	10	left	right	0	51	15.188	3358
3	1	4	40	10	right	right	1	59	15.179	3887
3	2	4	40	10	right	left	0	50	15.188	3292
3	3	4	40	10	right	right	1	80	15.314	5224
3	4	4	40	10	left	left	1	19	15.94	1192
3	5	4	40	10	left	left	1	25	15.694	1593
3	6	4	40	10	left	left	1	18	15.789	1140
3	7	4	40	10	left	left	1	15	15.06	996
3	8	4	40	10	right	left	0	15	15.773	951
3	9	4	40	10	right	right	1	14	16.073	871
3	10	4	40	10	right	left	0	13	15.495	839
3	11	4	40	10	right	right	1	13	15.854	820
3	12	4	40	10	left	left	1	28	13.139	2131
3	13	4	40	10	right	right	1	27	15.455	1747
3	14	4	40	10	left	left	1	25	15.3	1634
3	15	4	40	10	left	left	1	41	15.495	2646
3	16	4	40	10	right	left	0	30	15.601	1923
3	17	4	40	10	left	right	0	67	15.241	4396
3	18	4	40	10	left	left	1	17	15.933	1067
3	19	4	40	10	left	left	1	32	15.437	2073
3	20	4	40	10	right	right	1	32	15.209	2104
3	21	4	40	10	left	left	1	30	15.244	1968
3	22	4	40	10	left	left	1	38	15.441	2461
3	23	4	40	10	left	left	1	28	15.642	1790
3	24	4	40	10	left	left	1	47	15.27	3078
4	1	4	40	10	right	right	1	64	15.296	4184
4	2	4	40	10	right	left	0	36	15.326	2349
4	3	4	40	10	left	left	1	69	15.316	4505
4	4	4	40	10	left	left	1	35	15.364	2278
4	5	4	40	10	right	right	1	47	15.245	3083
4	6	4	40	10	left	left	1	33	15.537	2124
4	7	4	40	10	left	left	1	32	15.231	2101
4	8	4	40	10	left	right	0	27	15.228	1773
4	9	4	40	10	right	right	1	19	15.103	1258
4	10	4	40	10	left	right	0	31	15.408	2012
4	11	4	40	10	left	left	1	37	15.226	2430
4	12	4	40	10	left	right	0	27	15.358	1758
4	13	4	40	10	right	right	1	58	15.287	3794
4	14	4	40	10	left	left	1	23	15.829	1453
4	15	4	40	10	right	right	1	32	15.466	2069
4	16	4	40	10	right	left	0	59	15.253	3868
4	17	4	40	10	right	right	1	19	15.966	1190
4	18	4	40	10	left	left	1	24	15.085	1591
4	19	4	40	10	left	right	0	43	15.479	2778
4	20	4	40	10	left	left	1	25	15.694	1593
4	21	4	40	10	right	right	1	19	15.794	1203
5	1	4	40	10	left	left	1	19	15.212	1249
5	2	4	40	10	right	right	1	19	15.385	1235
5	3	4	40	10	left	left	1	44	15.422	2853
5	4	4	40	10	right	right	1	29	15.303	1895
5	5	4	40	10	right	left	0	31	15.181	2042
5	6	4	40	10	right	right	1	21	15.475	1357
5	7	4	40	10	left	right	0	49	15.341	3194
5	8	4	40	10	left	left	1	48	15.414	3114
5	9	4	40	10	right	left	0	25	15.281	1636
5	10	4	40	10	left	left	1	41	15.454	2653
5	11	4	40	10	left	left	1	50	15.188	3292
5	12	4	40	10	right	right	1	29	15.6	1859
5	13	4	40	10	right	right	1	54	15.216	3549
5	14	4	40	10	right	right	1	63	15.166	4154
5	15	4	40	10	left	right	0	54	15.276	3535
5	16	4	40	10	left	left	1	11	15.131	727
5	17	4	40	10	right	right	1	19	15.993	1188
5	18	4	40	10	left	left	1	16	15.444	1036
5	19	4	40	10	right	right	1	14	16.037	873
5	20	4	40	10	left	right	0	16	15.355	1042
5	21	4	40	10	right	right	1	15	15.69	956
5	22	4	40	10	right	left	0	20	15.649	1278
5	23	4	40	10	left	left	1	21	15.648	1342
5	24	4	40	10	left	right	0	46	15.237	3019
6	1	4	40	10	right	right	1	48	15.335	3130
6	2	4	40	10	left	left	1	29	15.393	1884
6	3	4	40	10	left	right	0	52	15.303	3398
6	4	4	40	10	left	left	1	17	15.455	1100
6	5	4	40	10	right	right	1	31	15.241	2034
6	6	4	40	10	left	left	1	48	15.19	3160
6	7	4	40	10	right	right	1	31	15.233	2035
6	8	4	40	10	left	right	0	31	15.301	2026
6	9	4	40	10	right	right	1	44	15.294	2877
6	10	4	40	10	right	right	1	20	15.14	1321
6	11	4	40	10	right	right	1	21	15.579	1348
6	12	4	40	10	left	left	1	18	15.943	1129
6	13	4	40	10	right	right	1	19	15.742	1207
6	14	4	40	10	left	left	1	18	15.517	1160
6	15	4	40	10	left	left	1	72	15.228	4728
6	16	4	40	10	right	left	0	25	15.133	1652
6	17	4	40	10	left	left	1	62	15.177	4085
6	18	4	40	10	right	right	1	19	15.127	1256
6	19	4	40	10	right	right	1	19	15.485	1227
6	20	4	40	10	right	right	1	15	15.69	956
6	21	4	40	10	left	left	1	12	15.484	775
6	22	4	40	10	left	left	1	27	15.58	1733
6	23	4	40	10	left	right	0	50	15.188	3292
6	24	4	40	10	left	left	1	15	16.043	935
6	25	4	40	10	right	right	1	13	15.912	817
7	1	4	40	10	left	right	0	12	15.504	774
7	2	4	40	10	right	right	1	47	15.255	3081
7	3	4	40	10	right	right	1	30	15.416	1946
7	4	4	40	10	left	left	1	32	15.572	2055
7	5	4	40	10	left	right	0	46	15.187	3029
7	6	4	40	10	right	right	1	32	15.61	2050
7	7	4	40	10	right	left	0	24	15.779	1521
7	8	4	40	10	left	right	0	26	15.267	1703
7	9	4	40	10	right	right	1	59	15.23	3874
7	10	4	40	10	left	right	0	47	15.26	3080
7	11	4	40	10	left	left	1	53	15.239	3478
7	12	4	40	10	left	left	1	21	15.613	1345
7	13	4	40	10	right	right	1	15	16.077	933
7	14	4	40	10	right	right	1	11	15.131	727
7	15	4	40	10	left	right	0	10	15.337	652
7	16	4	40	10	right	right	1	8	16.842	475
7	17	4	40	10	left	left	1	10	15.576	642
7	18	4	40	10	right	left	0	45	15.39	2924
7	19	4	40	10	left	right	0	10	15.873	630
7	20	4	40	10	left	left	1	29	15.385	1885
7	21	4	40	10	right	left	0	27	15.271	1768
7	22	4	40	10	left	left	1	27	15.589	1732
7	23	4	40	10	left	left	1	11	15.385	715
7	24	4	40	10	right	right	1	18	15.625	1152
7	25	4	40	10	right	right	1	10	16.26	615
7	26	4	40	10	right	left	0	8	15.595	513
7	27	4	40	10	right	right	1	9	16.636	541
7	28	4	40	10	right	left	0	9	16.158	557
8	1	4	40	10	right	right	1	12	15.769	761
8	2	4	40	10	left	left	1	12	15.979	751
8	3	4	40	10	right	right	1	14	16.11	869
8	4	4	40	10	right	left	0	18	15.887	1133
8	5	4	40	10	left	left	1	11	15.257	721
8	6	4	40	10	right	right	1	28	15.111	1853
8	7	4	40	10	left	left	1	15	15.907	943
8	8	4	40	10	left	right	0	32	15.377	2081
8	9	4	40	10	left	left	1	9	15.929	565
8	10	4	40	10	left	left	1	17	15.654	1086
8	11	4	40	10	left	left	1	17	15.455	1100
8	12	4	40	10	left	left	1	18	15.803	1139
8	13	4	40	10	right	right	1	16	15.968	1002
8	14	4	40	10	right	right	1	16	15.296	1046
8	15	4	40	10	left	left	1	13	15.7	828
8	16	4	40	10	right	right	1	11	16.296	675
8	17	4	40	10	right	right	1	11	15.131	727
8	18	4	40	10	left	left	1	9	15.957	564
8	19	4	40	10	left	left	1	14	15.819	885
8	20	4	40	10	right	right	1	10	15.699	637
8	21	4	40	10	left	left	1	10	16.26	615
8	22	4	40	10	right	right	1	8	15.355	521
8	23	4	40	10	right	right	1	15	16.146	929
8	24	4	40	10	right	right	1	12	15.894	755
8	25	4	40	10	left	left	1	10	15.625	640
8	26	4	40	10	left	left	1	13	16.03	811
8	27	4	40	10	left	left	1	12	15.444	777
8	28	4	40	10	left	left	1	10	16.447	608
8	29	4	40	10	right	right	1	11	16.743	657
8	30	4	40	10	right	right	1	12	15.385	780
8	31	4	40	10	left	left	1	19	15.599	1218
8	32	4	40	10	right	right	1	10	15.337	652
8	33	4	40	10	left	left	1	10	16.051	623
8	34	4	40	10	left	left	1	21	15.441	1360
8	35	4	40	10	right	right	1	14	15.538	901
8	36	4	40	10	left	left	1	13	16.291	798
8	37	4	40	10	left	left	1	10	16.103	621
8	38	4	40	10	left	left	1	11	15.647	703
8	39	4	40	10	left	left	1	10	16.155	619
8	40	4	40	10	right	right	1	13	15.24	853
8	41	4	40	10	left	left	1	11	16.058	685
8	42	4	40	10	right	right	1	9	16.76	537
8	43	4	40	10	left	left	1	8	15.123	529
8	44	4	40	10	right	right	1	8	15.385	520
8	45	4	40	10	left	left	1	9	15.845	568
8	46	4	40	10	right	right	1	10	16.42	609
8	47	4	40	10	left	left	1	9	15.986	563
8	48	4	40	10	left	left	1	22	15.493	1420
9	1	4	40	10	left	left	1	12	15.915	754
9	2	4	40	10	left	left	1	14	15.927	879
9	3	4	40	10	left	left	1	9	15.625	576
9	4	4	40	10	left	right	0	9	15.177	593
9	5	4	40	10	right	right	1	9	15.228	591
9	6	4	40	10	right	right	1	15	16.146	929
9	7	4	40	10	right	right	1	9	15.762	571
9	8	4	40	10	left	left	1	14	15.419	908
9	9	4	40	10	right	right	1	11	16.058	685
9	10	4	40	10	left	left	1	9	15.598	577
9	11	4	40	10	right	right	1	8	16.878	474
9	12	4	40	10	right	left	0	7	15.909	440
9	13	4	40	10	right	right	1	7	17.766	394
9	14	4	40	10	left	left	1	8	15.444	518
9	15	4	40	10	right	right	1	10	16.722	598
9	16	4	40	10	right	right	1	12	16.129	744
9	17	4	40	10	right	right	1	12	15.365	781
9	18	4	40	10	right	right	1	10	15.974	626
9	19	4	40	10	left	left	1	105	15.215	6901
9	20	4	40	10	right	right	1	9	16.544	544
9	21	4	40	10	left	left	1	26	15.7	1656
9	22	4	40	10	left	left	1	29	15.128	1917
9	23	4	40	10	right	right	1	11	15.278	720
9	24	4	40	10	right	right	1	10	15.129	661
9	25	4	40	10	left	left	1	16	15.889	1007
9	26	4	40	10	right	right	1	11	15.214	723
9	27	4	40	10	right	right	1	11	15.988	688
9	28	4	40	10	right	right	1	15	15.06	996
9	29	4	40	10	left	left	1	26	15.187	1712
9	30	4	40	10	right	right	1	11	15.152	726
9	31	4	40	10	left	left	1	16	15.717	1018
9	32	4	40	10	left	right	0	19	15.237	1247
9	33	4	40	10	right	right	1	10	16.722	598
9	34	4	40	10	right	right	1	9	15.873	567
9	35	4	40	10	left	left	1	9	15.411	584
9	36	4	40	10	left	left	1	19	15.926	1193
9	37	4	40	10	left	left	1	31	15.547	1994
9	38	4	40	10	left	right	0	18	15.859	1135
9	39	4	40	10	left	right	0	36	15.451	2330
9	40	4	40	10	right	right	1	11	16.082	684
9	41	4	40	10	right	right	1	18	15.734	1144
10	1	4	40	10	left	left	1	14	15.819	885
10	2	4	40	10	right	right	1	9	16.364	550
10	3	4	40	10	left	left	1	7	16.241	431
10	4	4	40	10	right	right	1	8	16	500
10	5	4	40	10	left	left	1	9	15.332	587
10	6	4	40	10	right	right	1	7	15.217	460
10	7	4	40	10	left	left	1	9	15.358	586
10	8	4	40	10	left	left	1	12	16.238	739
10	9	4	40	10	right	right	1	12	15.444	777
10	10	4	40	10	left	left	1	14	15.642	895
10	11	4	40	10	left	right	0	10	16.234	616
10	12	4	40	10	left	right	0	10	15.674	638
10	13	4	40	10	right	right	1	13	15.513	838
10	14	4	40	10	right	left	0	18	15.887	1133
10	15	4	40	10	left	left	1	28	15.342	1825
10	16	4	40	10	left	right	0	35	15.171	2307
10	17	4	40	10	left	left	1	14	15.538	901
10	18	4	40	10	left	left	1	52	15.231	3414
10	19	4	40	10	right	right	1	29	15.312	1894
10	20	4	40	10	right	right	1	41	15.524	2641
10	21	4	40	10	right	right	1	47	15.344	3063
10	22	4	40	10	right	right	1	51	15.361	3320
10	23	4	40	10	left	left	1	50	15.432	3240
10	24	4	40	10	right	right	1	29	15.516	1869
10	25	4	40	10	right	right	1	31	15.446	2007
10	26	4	40	10	left	left	1	39	15.501	2516
10	27	4	40	10	right	right	1	45	15.459	2911
10	28	4	40	10	right	right	1	31	15.408	2012
10	29	4	40	10	right	right	1	26	15.169	1714
10	30	4	40	10	right	right	1	18	15.203	1184
11	1	4	40	10	right	right	1	19	15.079	1260
11	2	4	40	10	right	right	1	20	15.552	1286
11	3	4	40	10	right	right	1	12	15.936	753
11	4	4	40	10	left	left	1	21	15.273	1375
11	5	4	40	10	left	left	1	18	15.571	1156
11	6	4	40	10	left	left	1	11	16.467	668
11	7	4	40	10	left	right	0	13	16.27	799
11	8	4	40	10	right	right	1	11	16.105	683
11	9	4	40	10	left	left	1	39	15.246	2558
11	10	4	40	10	right	right	1	15	16.129	930
11	11	4	40	10	left	left	1	15	16.234	924
11	12	4	40	10	left	left	1	13	16.129	806
11	13	4	40	10	right	right	1	11	16.248	677
11	14	4	40	10	left	left	1	13	15.458	841
11	15	4	40	10	left	right	0	41	15.524	2641
11	16	4	40	10	right	right	1	10	16.367	611
11	17	4	40	10	left	left	1	13	16.149	805
11	18	4	40	10	right	right	1	13	16.169	804
11	19	4	40	10	left	left	1	15	15.974	939
11	20	4	40	10	left	left	1	40	15.215	2629
11	21	4	40	10	left	left	1	11	16.105	683
11	22	4	40	10	left	left	1	9	16.364	550
11	23	4	40	10	left	right	0	18	15.216	1183
11	24	4	40	10	left	left	1	10	16.129	620
11	25	4	40	10	left	left	1	13	16.291	798
11	26	4	40	10	right	right	1	11	16.082	684
11	27	4	40	10	left	left	1	9	15.228	591
11	28	4	40	10	right	right	1	11	16.176	680
11	29	4	40	10	left	left	1	9	16.886	533
11	30	4	40	10	left	left	1	10	16.779	596
11	31	4	40	10	right	right	1	11	15.493	710
11	32	4	40	10	left	left	1	7	15.021	466
11	33	4	40	10	left	left	1	9	16.334	551
11	34	4	40	10	right	right	1	10	16.026	624
11	35	4	40	10	right	right	1	10	15.773	634
11	36	4	40	10	right	right	1	11	16.641	661
11	37	4	40	10	right	right	1	32	15.385	2080
11	38	4	40	10	right	right	1	12	16.327	735
11	39	4	40	10	right	right	1	10	16.529	605
11	40	4	40	10	left	left	1	10	16.077	622
11	41	4	40	10	left	left	1	14	16.204	864
11	42	4	40	10	left	left	1	9	15.598	577
11	43	4	40	10	right	right	1	11	15.257	721
11	44	4	40	10	left	left	1	10	16.287	614
11	45	4	40	10	left	left	1	13	15.777	824
12	1	4	40	10	right	right	1	12	15.852	757
12	2	4	40	10	left	left	1	7	15.284	458
12	3	4	40	10	right	right	1	8	15.152	528
12	4	4	40	10	left	left	1	8	16.667	480
12	5	4	40	10	right	right	1	7	15.184	461
12	6	4	40	10	right	right	1	13	15.55	836
12	7	4	40	10	right	right	1	11	15.919	691
12	8	4	40	10	left	left	1	8	16.162	495
12	9	4	40	10	left	left	1	8	15.474	517
12	10	4	40	10	right	right	1	8	15.238	525
12	11	4	40	10	right	right	1	8	15.474	517
12	12	4	40	10	left	right	0	8	15.968	501
12	13	4	40	10	left	left	1	6	14.963	401
12	14	4	40	10	left	left	1	9	16.667	540
12	15	4	40	10	right	right	1	10	16.129	620
12	16	4	40	10	right	right	1	11	16.035	686
12	17	4	40	10	right	right	1	10	15.576	642
12	18	4	40	10	left	left	1	13	15.682	829
12	19	4	40	10	right	right	1	13	15.24	853
12	20	4	40	10	right	right	1	8	15.474	517
12	21	4	40	10	right	right	1	8	15.504	516
12	22	4	40	10	left	left	1	9	16.187	556
12	23	4	40	10	right	right	1	10	15.723	636
12	24	4	40	10	right	right	1	9	16.822	535
12	25	4	40	10	right	right	1	8	16.162	495
12	26	4	40	10	left	right	0	10	16.75	597
12	27	4	40	10	right	right	1	7	17.032	411
12	28	4	40	10	left	left	1	7	15.625	448
12	29	4	40	10	right	left	0	11	15.67	702
12	30	4	40	10	right	right	1	8	16.985	471
12	31	4	40	10	right	right	1	9	15.929	565
12	32	4	40	10	right	right	1	9	15.491	581
12	33	4	40	10	right	right	1	9	15.254	590
12	34	4	40	10	left	left	1	11	16.176	680
12	35	4	40	10	left	left	1	10	15.949	627
12	36	4	40	10	left	left	1	10	16.077	622
12	37	4	40	10	right	right	1	10	15.823	632
12	38	4	40	10	right	right	1	9	15.571	578
12	39	4	40	10	left	left	1	8	15.296	523
12	40	4	40	10	right	right	1	11	16.517	666
12	41	4	40	10	right	right	1	9	16.854	534
12	42	4	40	10	right	right	1	10	15.291	654
12	43	4	40	10	right	right	1	23	15.786	1457
12	44	4	40	10	right	right	1	11	16.369	672
12	45	4	40	10	left	left	1	12	15.873	756
12	46	4	40	10	left	left	1	12	15.464	776
12	47	4	40	10	left	left	1	8	15.209	526
12	48	4	40	10	left	left	1	9	16.364	550
12	49	4	40	10	left	left	1	12	15.504	774
12	50	4	40	10	right	right	1	9	16.667	540
12	51	4	40	10	right	right	1	8	16.807	476
12	52	4	40	10	left	left	1	9	15.789	570
12	53	4	40	10	left	right	0	7	15.251	459
12	54	4	40	10	right	left	0	6	15.113	397
12	55	4	40	10	right	right	1	8	16.736	478
12	56	4	40	10	left	left	1	8	16.807	476
12	57	4	40	10	left	left	1	14	16.148	867
12	58	4	40	10	left	left	1	9	15.986	563
13	1	4	40	10	right	right	1	16	15.399	1039
13	2	4	40	10	right	left	0	8	16	500
13	3	4	40	10	right	right	1	8	15.625	512
13	4	4	40	10	right	left	0	16	15.64	1023
13	5	4	40	10	left	left	1	12	15.464	776
13	6	4	40	10	right	right	1	12	16	750
13	7	4	40	10	left	left	1	13	15.258	852
13	8	4	40	10	right	right	1	12	15.873	756
13	9	4	40	10	left	left	1	11	15.581	706
13	10	4	40	10	right	right	1	11	16.035	686
13	11	4	40	10	left	left	1	11	15.235	722
13	12	4	40	10	right	right	1	9	16.334	551
13	13	4	40	10	left	left	1	10	16.26	615
13	14	4	40	10	right	right	1	9	15.385	585
13	15	4	40	10	right	left	0	10	16.181	618
13	16	4	40	10	left	right	0	14	16.037	873
13	17	4	40	10	left	left	1	15	15.528	966
13	18	4	40	10	right	right	1	10	16.42	609
13	19	4	40	10	right	right	1	20	15.798	1266
13	20	4	40	10	left	left	1	21	15.206	1381
13	21	4	40	10	left	right	0	17	15.247	1115
13	22	4	40	10	left	left	1	26	15.569	1670
13	23	4	40	10	right	right	1	16	15.702	1019
13	24	4	40	10	right	right	1	22	15.278	1440
13	25	4	40	10	left	right	0	25	15.328	1631
13	26	4	40	10	right	right	1	16	15.267	1048
13	27	4	40	10	right	right	1	10	15.898	629
13	28	4	40	10	right	right	1	9	16.071	560
13	29	4	40	10	left	right	0	8	16.949	472
13	30	4	40	10	right	right	1	21	15.141	1387
13	31	4	40	10	left	left	1	14	15.891	881
13	32	4	40	10	right	right	1	24	15.296	1569
13	33	4	40	10	right	right	1	16	15.209	1052
13	34	4	40	10	right	right	1	11	16.541	665
13	35	4	40	10	right	right	1	10	16.779	596
13	36	4	40	10	right	right	1	12	15.831	758
13	37	4	40	10	left	left	1	10	15.748	635
13	38	4	40	10	left	left	1	10	15.48	646
13	39	4	40	10	left	left	1	21	15.251	1377
13	40	4	40	10	left	left	1	19	15.86	1198
13	41	4	40	10	right	right	1	10	15.267	655
13	42	4	40	10	right	right	1	12	15.936	753
13	43	4	40	10	left	left	1	14	15.234	919
13	44	4	40	10	right	right	1	9	15.203	592
14	1	4	40	10	right	right	1	13	16.209	802
14	2	4	40	10	right	left	0	7	15.59	449
14	3	4	40	10	left	left	1	9	15.332	587
14	4	4	40	10	left	left	1	26	15.588	1668
14	5	4	40	10	left	right	0	13	15.912	817
14	6	4	40	10	left	left	1	13	15.682	829
14	7	4	40	10	right	right	1	11	16.082	684
14	8	4	40	10	right	right	1	10	15.625	640
14	9	4	40	10	right	right	1	9	15.544	579
14	10	4	40	10	right	right	1	13	16.01	812
14	11	4	40	10	right	right	1	10	16.807	595
14	12	4	40	10	left	left	1	11	16.058	685
14	13	4	40	10	right	right	1	13	15.777	824
14	14	4	40	10	right	right	1	13	15.348	847
14	15	4	40	10	right	right	1	13	15.951	815
14	16	4	40	10	right	right	1	12	15.81	759
14	17	4	40	10	left	left	1	10	15.528	644
14	18	4	40	10	right	right	1	12	15.484	775
14	19	4	40	10	left	left	1	9	15.28	589
14	20	4	40	10	right	right	1	9	16.364	550
14	21	4	40	10	right	right	1	13	16.109	807
14	22	4	40	10	left	left	1	9	15.901	566
14	23	4	40	10	left	right	0	15	16.199	926
14	24	4	40	10	left	left	1	8	16.771	477
14	25	4	40	10	left	left	1	12	15.404	779
14	26	4	40	10	left	right	0	10	16.639	601
14	27	4	40	10	right	right	1	11	16.566	664
14	28	4	40	10	left	left	1	9	16.667	540
14	29	4	40	10	left	left	1	13	15.276	851
14	30	4	40	10	right	right	1	9	15.789	570
14	31	4	40	10	left	left	1	12	16.238	739
14	32	4	40	10	right	right	1	10	15.798	633
14	33	4	40	10	right	right	1	12	15.564	771
14	34	4	40	10	right	right	1	9	16.514	545
14	35	4	40	10	right	right	1	11	15.11	728
14	36	4	40	10	right	right	1	10	16.529	605
14	37	4	40	10	right	right	1	10	15.456	647
14	38	4	40	10	left	left	1	13	16.209	802
14	39	4	40	10	right	right	1	10	15.408	649
14	40	4	40	10	left	left	1	8	15.779	507
14	41	4	40	10	right	right	1	13	15.276	851
14	42	4	40	10	right	right	1	15	15.322	979
14	43	4	40	10	right	right	1	12	15.666	766
14	44	4	40	10	right	right	1	14	16.279	860
14	45	4	40	10	right	right	1	9	16.187	556
14	46	4	40	10	left	left	1	9	15.306	588
14	47	4	40	10	left	left	1	21	15.464	1358
14	48	4	40	10	left	left	1	9	16.698	539
14	49	4	40	10	left	left	1	11	15.559	707
14	50	4	40	10	right	right	1	10	15.456	647
14	51	4	40	10	left	left	1	9	16.484	546
14	52	4	40	10	left	left	1	20	15.504	1290
15	1	4	40	10	left	left	1	14	16.166	866
15	2	4	40	10	left	right	0	9	15.789	570
15	3	4	40	10	right	right	1	20	15.625	1280
15	4	4	40	10	left	left	1	11	15.385	715
15	5	4	40	10	left	right	0	10	15.267	655
15	6	4	40	10	right	left	0	13	15.644	831
15	7	4	40	10	right	right	1	22	15.246	1443
15	8	4	40	10	right	right	1	16	15.717	1018
15	9	4	40	10	left	left	1	20	15.444	1295
15	10	4	40	10	right	right	1	34	15.165	2242
15	11	4	40	10	right	right	1	22	15.214	1446
15	12	4	40	10	right	right	1	14	15.964	877
15	13	4	40	10	left	left	1	11	15.493	710
15	14	4	40	10	left	left	1	9	15.571	578
15	15	4	40	10	left	left	1	16	15.826	1011
15	16	4	40	10	left	left	1	28	15.226	1839
15	17	4	40	10	left	left	1	43	15.401	2792
15	18	4	40	10	right	right	1	11	15.581	706
15	19	4	40	10	right	right	1	26	15.634	1663
15	20	4	40	10	right	right	1	23	15.764	1459
15	21	4	40	10	right	right	1	20	15.492	1291
15	22	4	40	10	right	left	0	13	15.513	838
15	23	4	40	10	left	left	1	12	15.584	770
15	24	4	40	10	left	left	1	19	15.224	1248
15	25	4	40	10	right	right	1	49	15.147	3235
15	26	4	40	10	right	right	1	10	15.848	631
15	27	4	40	10	left	left	1	10	15.625	640
15	28	4	40	10	right	right	1	14	15.713	891
15	29	4	40	10	right	right	1	15	15.674	957
15	30	4	40	10	right	right	1	12	15.484	775
15	31	4	40	10	left	left	1	10	16.103	621
15	32	4	40	10	left	left	1	10	15.649	639
15	33	4	40	10	right	left	0	9	16.245	554
15	34	4	40	10	right	right	1	17	15.302	1111
15	35	4	40	10	right	right	1	13	15.663	830
15	36	4	40	10	right	left	0	21	15.648	1342
15	37	4	40	10	left	right	0	10	15.823	632
15	38	4	40	10	left	left	1	9	16.822	535
16	1	4	40	10	left	left	1	19	15.385	1235
16	2	4	40	10	right	right	1	13	16.149	805
16	3	4	40	10	right	right	1	15	15.823	948
16	4	4	40	10	left	left	1	12	16.349	734
16	5	4	40	10	right	right	1	14	15.436	907
16	6	4	40	10	right	right	1	11	15.515	709
16	7	4	40	10	right	right	1	18	15.721	1145
16	8	4	40	10	right	right	1	12	15.605	769
16	9	4	40	10	right	right	1	17	15.639	1087
16	10	4	40	10	left	left	1	15	15.167	989
16	11	4	40	10	right	right	1	11	15.603	705
16	12	4	40	10	left	left	1	18	15.345	1173
16	13	4	40	10	left	right	0	40	15.492	2582
16	14	4	40	10	left	right	0	31	15.516	1998
16	15	4	40	10	left	right	0	44	15.278	2880
16	16	4	40	10	right	right	1	12	15.769	761
16	17	4	40	10	left	left	1	10	15.873	630
16	18	4	40	10	left	right	0	36	15.145	2377
16	19	4	40	10	right	right	1	12	16.021	749
16	20	4	40	10	right	right	1	41	15.152	2706
16	21	4	40	10	right	right	1	31	15.547	1994
16	22	4	40	10	right	right	1	18	15.216	1183
16	23	4	40	10	left	left	1	19	15.323	1240
16	24	4	40	10	left	right	0	19	15.397	1234
16	25	4	40	10	right	right	1	13	15.169	857
16	26	4	40	10	right	right	1	18	15.293	1177
16	27	4	40	10	right	right	1	45	15.491	2905
16	28	4	40	10	left	left	1	20	15.649	1278
16	29	4	40	10	left	left	1	39	15.228	2561
16	30	4	40	10	right	right	1	13	16.169	804
16	31	4	40	10	right	right	1	10	15.949	627
16	32	4	40	10	right	right	1	14	15.402	909
16	33	4	40	10	left	left	1	36	15.418	2335
17	1	4	40	10	right	right	1	12	15.936	753
17	2	4	40	10	right	right	1	11	15.493	710
17	3	4	40	10	left	left	1	11	15.559	707
17	4	4	40	10	left	right	0	28	15.094	1855
17	5	4	40	10	left	left	1	19	15.966	1190
17	6	4	40	10	right	right	1	14	16.222	863
17	7	4	40	10	left	left	1	20	15.256	1311
17	8	4	40	10	right	right	1	10	16.584	603
17	9	4	40	10	left	left	1	23	15.743	1461
17	10	4	40	10	left	left	1	20	15.576	1284
17	11	4	40	10	right	right	1	9	15.845	568
17	12	4	40	10	right	right	1	10	16.667	600
17	13	4	40	10	left	left	1	15	16.251	923
17	14	4	40	10	left	left	1	16	15.094	1060
17	15	4	40	10	right	right	1	10	15.038	665
17	16	4	40	10	left	left	1	16	15.094	1060
17	17	4	40	10	left	left	1	11	15.068	730
17	18	4	40	10	left	left	1	9	16.575	543
17	19	4	40	10	right	right	1	11	16.035	686
17	20	4	40	10	left	left	1	17	15.26	1114
17	21	4	40	10	left	left	1	17	15.962	1065
17	22	4	40	10	right	right	1	10	16.287	614
17	23	4	40	10	left	left	1	12	15.152	792
17	24	4	40	10	left	left	1	12	15.666	766
17	25	4	40	10	left	left	1	10	16.779	596
17	26	4	40	10	right	right	1	17	15.426	1102
17	27	4	40	10	right	right	1	11	15.193	724
17	28	4	40	10	right	right	1	4	2.723	1469
17	29	4	40	10	right	right	1	21	8.099	2593
17	30	4	40	10	right	right	1	11	15.85	694
17	31	4	40	10	right	right	1	11	15.406	714
17	32	4	40	10	left	left	1	10	15.48	646
17	33	4	40	10	left	left	1	11	16.345	673
17	34	4	40	10	right	right	1	8	15.267	524
17	35	4	40	10	left	left	1	8	16.529	484
17	36	4	40	10	right	right	1	7	15.521	451
17	37	4	40	10	right	left	0	7	17.157	408
17	38	4	40	10	left	left	1	8	16.327	490
17	39	4	40	10	right	right	1	8	16.632	481
17	40	4	40	10	left	left	1	11	15.471	711
17	41	4	40	10	right	right	1	8	16.807	476
17	42	4	40	10	left	left	1	8	15.094	530
17	43	4	40	10	left	left	1	11	16.153	681
17	44	4	40	10	right	right	1	10	15.504	645
17	45	4	40	10	left	left	1	14	15.625	896
17	46	4	40	10	right	right	1	14	15.201	921
17	47	4	40	10	right	right	1	12	15.564	771
17	48	4	40	10	left	left	1	10	16.207	617
18	1	4	40	10	left	right	0	33	15.32	2154
18	2	4	40	10	right	right	1	11	16.345	673
18	3	4	40	10	left	left	1	23	15.84	1452
18	4	4	40	10	right	right	1	14	16.129	868
18	5	4	40	10	left	left	1	11	16.667	660
18	6	4	40	10	right	right	1	8	15.18	527
18	7	4	40	10	left	left	1	8	16.985	471
18	8	4	40	10	right	right	1	10	15.314	653
18	9	4	40	10	right	right	1	11	15.827	695
18	10	4	40	10	right	right	1	8	16.26	492
18	11	4	40	10	left	left	1	8	16.293	491
18	12	4	40	10	left	left	1	12	15.584	770
18	13	4	40	10	right	right	1	8	16.461	486
18	14	4	40	10	right	right	1	12	16.021	749
18	15	4	40	10	left	left	1	13	15.7	828
18	16	4	40	10	right	right	1	7	15.284	458
18	17	4	40	10	right	right	1	9	15.845	568
18	18	4	40	10	right	right	1	9	15.571	578
18	19	4	40	10	right	right	1	8	16.878	474
18	20	4	40	10	right	right	1	11	15.603	705
18	21	4	40	10	left	left	1	13	15.532	837
18	22	4	40	10	left	left	1	8	16.771	477
18	23	4	40	10	right	left	0	7	16.092	435
18	24	4	40	10	right	right	1	11	16.442	669
18	25	4	40	10	left	left	1	9	15.203	592
18	26	4	40	10	left	left	1	10	15.385	650
18	27	4	40	10	left	left	1	8	15.474	517
18	28	4	40	10	right	right	1	10	15.337	652
18	29	4	40	10	left	left	1	9	16.575	543
18	30	4	40	10	right	right	1	10	15.848	631
18	31	4	40	10	left	left	1	9	15.789	570
18	32	4	40	10	right	right	1	12	15.564	771
18	33	4	40	10	right	right	1	10	15.408	649
18	34	4	40	10	right	right	1	14	16.298	859
18	35	4	40	10	right	right	1	10	15.528	644
18	36	4	40	10	left	left	1	10	16.051	623
18	37	4	40	10	right	right	1	13	15.912	817
18	38	4	40	10	right	right	1	8	16.129	496
18	39	4	40	10	right	right	1	8	15.936	502
18	40	4	40	10	left	right	0	8	17.058	469
18	41	4	40	10	right	right	1	9	16.514	545
18	42	4	40	10	left	left	1	8	15.842	505
18	43	4	40	10	left	left	1	10	16.667	600
18	44	4	40	10	right	right	1	16	15.717	1018
18	45	4	40	10	right	right	1	12	15.19	790
18	46	4	40	10	right	right	1	12	15.564	771
18	47	4	40	10	left	left	1	12	15.132	793
18	48	4	40	10	left	left	1	9	15.411	584
18	49	4	40	10	left	left	1	10	16.835	594
18	50	4	40	10	right	right	1	9	16.917	532
18	51	4	40	10	right	right	1	11	16.492	667
18	52	4	40	10	left	left	1	10	16.077	622
18	53	4	40	10	right	right	1	10	15.432	648
18	54	4	40	10	left	left	1	9	15.986	563
18	55	4	40	10	right	right	1	10	16.129	620
19	1	4	40	10	left	left	1	9	16.822	535
19	2	4	40	10	right	right	1	8	15.656	511
19	3	4	40	10	left	left	1	7	15.152	462
19	4	4	40	10	right	right	1	10	16.34	612
19	5	4	40	10	right	right	1	13	15.815	822
19	6	4	40	10	left	left	1	10	15.504	645
19	7	4	40	10	left	left	1	13	15.33	848
19	8	4	40	10	left	left	1	11	16.768	656
19	9	4	40	10	left	left	1	9	16.949	531
19	10	4	40	10	left	left	1	7	15.487	452
19	11	4	40	10	left	right	0	16	15.733	1017
19	12	4	40	10	left	left	1	8	15.094	530
19	13	4	40	10	right	right	1	9	16.729	538
19	14	4	40	10	right	right	1	12	15.424	778
19	15	4	40	10	right	right	1	13	16.129	806
19	16	4	40	10	left	left	1	11	16.224	678
19	17	4	40	10	left	left	1	9	15.571	578
19	18	4	40	10	left	right	0	17	15.26	1114
19	19	4	40	10	left	left	1	9	15.901	566
19	20	4	40	10	right	right	1	9	16.822	535
19	21	4	40	10	right	right	1	57	15.393	3703
19	22	4	40	10	right	right	1	11	16.768	656
19	23	4	40	10	right	right	1	14	16	875
19	24	4	40	10	left	right	0	46	15.354	2996
19	25	4	40	10	left	right	0	22	15.537	1416
19	26	4	40	10	right	right	1	11	16.105	683
19	27	4	40	10	left	left	1	63	15.265	4127
19	28	4	40	10	right	right	1	58	15.381	3771
19	29	4	40	10	left	left	1	26	15.421	1686
19	30	4	40	10	right	left	0	67	15.269	4388
19	31	4	40	10	right	right	1	24	15.524	1546
19	32	4	40	10	right	right	1	17	15.233	1116
19	33	4	40	10	right	right	1	9	16.216	555
19	34	4	40	10	right	left	0	18	15.789	1140
19	35	4	40	10	left	left	1	71	15.197	4672
20	1	4	40	10	right	right	1	40	15.534	2575
20	2	4	40	10	left	left	1	9	15.762	571
20	3	4	40	10	right	right	1	11	15.537	708
20	4	4	40	10	right	right	1	10	15.798	633
20	5	4	40	10	right	right	1	11	16.692	659
20	6	4	40	10	left	left	1	8	15.686	510
20	7	4	40	10	left	left	1	14	16.11	869
20	8	4	40	10	left	left	1	9	15.464	582
20	9	4	40	10	left	right	0	9	16.1	559
20	10	4	40	10	right	right	1	9	16.917	532
20	11	4	40	10	right	right	1	8	15.504	516
20	12	4	40	10	right	right	1	9	16.453	547
20	13	4	40	10	right	right	1	9	15.517	580
20	14	4	40	10	right	right	1	10	15.924	628
20	15	4	40	10	right	right	1	11	16.035	686
20	16	4	40	10	left	left	1	21	15.683	1339
20	17	4	40	10	right	right	1	11	16.393	671
20	18	4	40	10	right	right	1	12	16.086	746
20	19	4	40	10	left	left	1	11	15.299	719
20	20	4	40	10	right	right	1	10	16.779	596
20	21	4	40	10	left	left	1	13	15.513	838
20	22	4	40	10	right	right	1	11	15.692	701
20	23	4	40	10	right	right	1	11	15.068	730
20	24	4	40	10	left	left	1	10	15.649	639
20	25	4	40	10	left	left	1	9	16.76	537
20	26	4	40	10	left	left	1	10	16.207	617
20	27	4	40	10	left	left	1	28	15.53	1803
20	28	4	40	10	right	right	1	14	16.148	867
20	29	4	40	10	right	right	1	15	15.182	988
20	30	4	40	10	left	right	0	12	15.979	751
20	31	4	40	10	left	left	1	10	16.42	609
20	32	4	40	10	left	left	1	16	15.579	1027
20	33	4	40	10	left	right	0	32	15.152	2112
20	34	4	40	10	right	right	1	13	15.532	837
20	35	4	40	10	right	right	1	15	16.094	932
20	36	4	40	10	right	right	1	14	16.241	862
20	37	4	40	10	left	left	1	14	15.784	887
20	38	4	40	10	right	right	1	14	15.642	895
20	39	4	40	10	left	right	0	33	15.172	2175
20	40	4	40	10	left	right	0	9	15.464	582
20	41	4	40	10	right	right	1	12	15.852	757
20	42	4	40	10	left	left	1	15	16.251	923
20	43	4	40	10	left	left	1	22	15.581	1412
20	44	4	40	10	right	right	1	38	15.261	2490
21	1	4	40	10	right	right	1	29	15.6	1859
21	2	4	40	10	left	left	1	13	15.24	853
21	3	4	40	10	right	left	0	19	15.768	1205
21	4	4	40	10	right	right	1	25	15.442	1619
21	5	4	40	10	left	left	1	36	15.365	2343
21	6	4	40	10	right	right	1	16	15.795	1013
21	7	4	40	10	left	left	1	24	15.534	1545
21	8	4	40	10	right	right	1	57	15.41	3699
21	9	4	40	10	right	right	1	30	15.205	1973
21	10	4	40	10	left	left	1	37	15.566	2377
21	11	4	40	10	left	left	1	28	15.276	1833
21	12	4	40	10	left	left	1	32	15.08	2122
21	13	4	40	10	right	left	0	66	15.214	4338
21	14	4	40	10	right	right	1	18	15.517	1160
21	15	4	40	10	right	right	1	13	15.931	816
21	16	4	40	10	right	right	1	12	15.484	775
21	17	4	40	10	left	left	1	17	15.219	1117
21	18	4	40	10	right	right	1	18	15.254	1180
21	19	4	40	10	left	left	1	10	15.924	628
21	20	4	40	10	right	right	1	10	15.649	639
21	21	4	40	10	right	right	1	10	15.798	633
21	22	4	40	10	left	left	1	10	15.949	627
21	23	4	40	10	left	left	1	9	16.393	549
21	24	4	40	10	right	right	1	13	15.971	814
21	25	4	40	10	left	left	1	9	15.464	582
21	26	4	40	10	left	right	0	28	15.704	1783
21	27	4	40	10	right	right	1	23	15.333	1500
21	28	4	40	10	right	right	1	10	16.529	605
21	29	4	40	10	left	left	1	13	16.291	798
21	30	4	40	10	left	left	1	15	15.167	989
21	31	4	40	10	left	left	1	9	15.598	577
21	32	4	40	10	left	left	1	20	15.504	1290
21	33	4	40	10	left	left	1	11	16.467	668
21	34	4	40	10	left	left	1	9	16.071	560
22	1	4	40	10	left	right	0	18	15.437	1166
22	2	4	40	10	left	left	1	12	15.584	770
22	3	4	40	10	left	left	1	11	16.393	671
22	4	4	40	10	right	right	1	13	15.421	843
22	5	4	40	10	right	right	1	10	16.807	595
22	6	4	40	10	right	right	1	12	15.209	789
22	7	4	40	10	right	right	1	11	16.692	659
22	8	4	40	10	right	right	1	9	15.254	590
22	9	4	40	10	right	right	1	16	15.873	1008
22	10	4	40	10	right	right	1	11	16.272	676
22	11	4	40	10	left	left	1	63	15.325	4111
22	12	4	40	10	right	right	1	10	15.552	643
22	13	4	40	10	right	right	1	15	15.658	958
22	14	4	40	10	right	right	1	8	15.595	513
22	15	4	40	10	right	right	1	8	15.873	504
22	16	4	40	10	right	right	1	7	16.241	431
22	17	4	40	10	left	right	0	9	16.917	532
22	18	4	40	10	left	right	0	7	15.317	457
22	19	4	40	10	left	left	1	11	15.363	716
22	20	4	40	10	left	left	1	10	15.823	632
22	21	4	40	10	left	left	1	9	16.453	547
22	22	4	40	10	left	left	1	8	15.296	523
22	23	4	40	10	right	right	1	10	16.584	603
22	24	4	40	10	right	right	1	12	15.873	756
22	25	4	40	10	right	right	1	10	16.611	602
22	26	4	40	10	right	right	1	14	15.436	907
22	27	4	40	10	right	right	1	13	16.169	804
22	28	4	40	10	left	left	1	10	15.748	635
22	29	4	40	10	right	right	1	11	16.616	662
22	30	4	40	10	right	right	1	12	16.129	744
22	31	4	40	10	left	left	1	8	15.968	501
22	32	4	40	10	left	right	0	24	15.748	1524
22	33	4	40	10	left	left	1	8	16.327	490
22	34	4	40	10	right	right	1	10	15.601	641
22	35	4	40	10	right	right	1	13	16.169	804
22	36	4	40	10	left	left	1	11	15.214	723
22	37	4	40	10	left	left	1	10	16.026	624
22	38	4	40	10	right	right	1	12	15.915	754
22	39	4	40	10	left	left	1	27	15.28	1767
22	40	4	40	10	right	right	1	17	15.525	1095
22	41	4	40	10	left	left	1	11	15.515	709
22	42	4	40	10	right	right	1	10	15.798	633
22	43	4	40	10	left	left	1	31	15.354	2019
22	44	4	40	10	left	left	1	19	15.212	1249
22	45	4	40	10	right	right	1	9	15.734	572
22	46	4	40	10	right	left	0	10	15.898	629
22	47	4	40	10	left	right	0	36	15.332	2348
23	1	4	40	10	left	left	1	13	15.796	823
23	2	4	40	10	right	right	1	8	15.936	502
23	3	4	40	10	left	left	1	16	15.795	1013
23	4	4	40	10	left	right	0	13	15.912	817
23	5	4	40	10	left	right	0	10	15.337	652
23	6	4	40	10	left	left	1	23	15.678	1467
23	7	4	40	10	right	right	1	14	16.279	860
23	8	4	40	10	left	left	1	11	15.919	691
23	9	4	40	10	left	left	1	17	15.873	1071
23	10	4	40	10	right	right	1	18	15.345	1173
23	11	4	40	10	left	left	1	15	15.291	981
23	12	4	40	10	left	right	0	13	15.912	817
23	13	4	40	10	right	right	1	11	16.058	685
23	14	4	40	10	left	left	1	11	15.449	712
23	15	4	40	10	left	left	1	13	15.682	829
23	16	4	40	10	left	left	1	20	15.198	1316
23	17	4	40	10	right	right	1	11	16.369	672
23	18	4	40	10	left	left	1	13	15.854	820
23	19	4	40	10	left	left	1	19	15.993	1188
23	20	4	40	10	right	right	1	17	15.814	1075
23	21	4	40	10	left	left	1	11	16.345	673
23	22	4	40	10	right	right	1	46	15.39	2989
23	23	4	40	10	left	left	1	19	15.176	1252
23	24	4	40	10	left	left	1	12	15.504	774
23	25	4	40	10	left	left	1	16	15.326	1044
23	26	4	40	10	left	left	1	14	15.748	889
23	27	4	40	10	left	left	1	13	16.049	810
23	28	4	40	10	left	left	1	11	15.782	697
23	29	4	40	10	left	left	1	10	16.313	613
23	30	4	40	10	right	left	0	10	15.649	639
23	31	4	40	10	left	left	1	13	16.291	798
23	32	4	40	10	left	left	1	21	15.579	1348
23	33	4	40	10	right	left	0	28	15.41	1817
23	34	4	40	10	right	right	1	25	15.188	1646
23	35	4	40	10	left	left	1	16	15.123	1058
23	36	4	40	10	right	right	1	18	15.859	1135
23	37	4	40	10	right	right	1	15	16.181	927
23	38	4	40	10	right	left	0	9	15.598	577
23	39	4	40	10	right	right	1	9	15.652	575
23	40	4	40	10	left	left	1	11	16.566	664
23	41	4	40	10	right	left	0	15	15.322	979
23	42	4	40	10	left	left	1	16	15.952	1003
24	1	4	40	10	left	left	1	34	15.302	2222
24	2	4	40	10	right	right	1	10	15.408	649
24	3	4	40	10	right	right	1	11	16.082	684
24	4	4	40	10	right	left	0	8	16.393	488
24	5	4	40	10	right	right	1	17	15.247	1115
24	6	4	40	10	left	left	1	36	15.398	2338
24	7	4	40	10	left	left	1	11	16.768	656
24	8	4	40	10	left	left	1	9	16.949	531
24	9	4	40	10	right	right	1	9	16.949	531
24	10	4	40	10	right	right	1	9	15.306	588
24	11	4	40	10	right	right	1	13	15.682	829
24	12	4	40	10	left	left	1	10	15.152	660
24	13	4	40	10	left	left	1	10	15.649	639
24	14	4	40	10	left	right	0	16	15.137	1057
24	15	4	40	10	left	left	1	12	15.564	771
24	16	4	40	10	left	left	1	53	15.296	3465
24	17	4	40	10	right	right	1	13	15.532	837
24	18	4	40	10	right	right	1	38	15.347	2476
24	19	4	40	10	left	left	1	15	16.077	933
24	20	4	40	10	right	right	1	12	16.304	736
24	21	4	40	10	left	left	1	15	15.94	941
24	22	4	40	10	right	right	1	11	16.012	687
24	23	4	40	10	right	right	1	23	15.764	1459
24	24	4	40	10	right	right	1	10	14.993	667
24	25	4	40	10	left	left	1	15	16.199	926
24	26	4	40	10	right	right	1	48	15.385	3120
24	27	4	40	10	left	right	0	42	15.206	2762
24	28	4	40	10	left	left	1	11	15.625	704
24	29	4	40	10	left	left	1	13	15.7	828
24	30	4	40	10	left	left	1	12	16.043	748
24	31	4	40	10	right	right	1	12	16.107	745
24	32	4	40	10	right	right	1	10	15.873	630
24	33	4	40	10	left	right	0	11	16.369	672
24	34	4	40	10	left	left	1	13	15.169	857
24	35	4	40	10	left	left	1	15	15.121	992
24	36	4	40	10	right	right	1	11	16.492	667
24	37	4	40	10	right	right	1	9	15.228	591
24	38	4	40	10	right	right	1	30	15.182	1976
24	39	4	40	10	right	right	1	11	15.896	692
