
blkNum	trlNum	coherentDots	numberofDots	percentCoherence	winningDirection	response	correct	eventCount	averageFrameRate	RT
1	1	4	40	10	right	left	0	241	15.16	15897
1	2	4	40	10	right	right	1	222	15.171	14633
1	3	4	40	10	left	right	0	62	15.245	4067
1	4	4	40	10	right	right	1	485	15.178	31954
1	5	4	40	10	right	left	0	608	15.17	40079
1	6	4	40	10	right	right	1	117	15.244	7675
1	7	4	40	10	right	right	1	693	15.149	45745
1	8	4	40	10	left	left	1	222	15.162	14642
1	9	4	40	10	right	left	0	493	15.152	32538
1	10	4	40	10	left	left	1	25	15.198	1645
1	11	4	40	10	right	right	1	65	15.327	4241
1	12	4	40	10	left	right	0	49	15.308	3201
1	13	4	40	10	right	right	1	38	15.403	2467
1	14	4	40	10	left	left	1	40	15.261	2621
1	15	4	40	10	right	right	1	28	15.193	1843
1	16	4	40	10	left	right	0	57	15.208	3748
1	17	4	40	10	left	left	1	95	15.215	6244
1	18	4	40	10	right	left	0	35	15.521	2255
1	19	4	40	10	right	right	1	50	15.356	3256
1	20	4	40	10	left	right	0	232	15.162	15301
1	21	4	40	10	left	left	1	600	15.153	39596
1	22	4	40	10	left	left	1	137	15.183	9023
1	23	4	40	10	left	right	0	97	15.192	6385
1	24	4	40	10	left	right	0	28	15.376	1821
1	25	4	40	10	right	left	0	34	15.378	2211
1	26	4	40	10	right	right	1	215	15.173	14170
1	27	4	40	10	left	right	0	322	15.154	21248
1	28	4	40	10	right	right	1	23	15.541	1480
1	29	4	40	10	right	right	1	22	15.526	1417
1	30	4	40	10	left	right	0	40	15.528	2576
1	31	4	40	10	left	right	0	39	15.513	2514
1	32	4	40	10	right	right	1	57	15.314	3722
1	33	4	40	10	right	left	0	153	15.21	10059
1	34	4	40	10	right	right	1	32	15.231	2101
1	35	4	40	10	left	left	1	70	15.171	4614
1	36	4	40	10	left	left	1	60	15.341	3911
1	37	4	40	10	left	left	1	175	15.163	11541
1	38	4	40	10	right	left	0	38	15.323	2480
1	39	4	40	10	left	left	1	41	15.163	2704
1	40	4	40	10	left	left	1	50	15.323	3263
2	1	4	40	10	left	left	1	49	15.265	3210
2	2	4	40	10	left	left	1	24	15.238	1575
2	3	4	40	10	left	left	1	36	15.139	2378
2	4	4	40	10	right	right	1	185	15.173	12193
2	5	4	40	10	right	right	1	30	15.152	1980
2	6	4	40	10	right	right	1	98	15.159	6465
2	7	4	40	10	left	right	0	57	15.216	3746
2	8	4	40	10	left	left	1	61	15.152	4026
2	9	4	40	10	left	right	0	214	15.144	14131
2	10	4	40	10	right	left	0	75	15.253	4917
2	11	4	40	10	left	right	0	9	16.216	555
2	12	4	40	10	right	right	1	7	15.317	457
2	13	4	40	10	left	right	0	6	15.345	391
2	14	4	40	10	right	left	0	8	16.097	497
2	15	4	40	10	left	right	0	9	15.491	581
2	16	4	40	10	right	right	1	15	15.839	947
2	17	4	40	10	left	left	1	93	15.201	6118
2	18	4	40	10	left	left	1	135	15.247	8854
2	19	4	40	10	left	left	1	78	15.131	5155
2	20	4	40	10	right	right	1	142	15.22	9330
2	21	4	40	10	right	left	0	85	15.214	5587
2	22	4	40	10	right	right	1	81	15.197	5330
2	23	4	40	10	left	left	1	84	15.179	5534
2	24	4	40	10	right	right	1	54	15.254	3540
2	25	4	40	10	left	left	1	64	15.144	4226
2	26	4	40	10	left	right	0	89	15.279	5825
2	27	4	40	10	right	left	0	158	15.172	10414
2	28	4	40	10	right	right	1	11	16.369	672
2	29	4	40	10	left	left	1	24	15.104	1589
2	30	4	40	10	left	left	1	35	15.405	2272
2	31	4	40	10	left	left	1	35	15.317	2285
2	32	4	40	10	right	right	1	57	15.156	3761
2	33	4	40	10	left	right	0	22	15.57	1413
2	34	4	40	10	right	right	1	34	15.504	2193
2	35	4	40	10	right	right	1	102	15.172	6723
2	36	4	40	10	right	left	0	57	15.314	3722
2	37	4	40	10	right	right	1	34	15.281	2225
2	38	4	40	10	right	right	1	31	15.218	2037
2	39	4	40	10	left	left	1	34	15.539	2188
2	40	4	40	10	right	right	1	32	15.216	2103
3	1	4	40	10	right	right	1	63	15.328	4110
3	2	4	40	10	right	right	1	19	15.702	1210
3	3	4	40	10	left	right	0	16	15.444	1036
3	4	4	40	10	left	right	0	18	15.437	1166
3	5	4	40	10	left	left	1	40	15.175	2636
3	6	4	40	10	left	right	0	117	15.248	7673
3	7	4	40	10	left	left	1	79	15.269	5174
3	8	4	40	10	right	right	1	29	15.45	1877
3	9	4	40	10	right	left	0	32	15.152	2112
3	10	4	40	10	right	right	1	168	15.233	11029
3	11	4	40	10	right	right	1	28	15.461	1811
3	12	4	40	10	right	right	1	56	15.368	3644
3	13	4	40	10	left	left	1	59	15.191	3884
3	14	4	40	10	left	left	1	68	15.226	4466
3	15	4	40	10	right	right	1	77	15.184	5071
3	16	4	40	10	right	left	0	150	15.176	9884
3	17	4	40	10	left	right	0	74	15.186	4873
3	18	4	40	10	right	left	0	35	15.317	2285
3	19	4	40	10	right	right	1	21	15.441	1360
3	20	4	40	10	left	right	0	15	15.045	997
3	21	4	40	10	left	left	1	18	15.216	1183
3	22	4	40	10	left	left	1	40	15.528	2576
3	23	4	40	10	right	left	0	54	15.289	3532
3	24	4	40	10	right	right	1	41	15.174	2702
3	25	4	40	10	left	left	1	66	15.342	4302
3	26	4	40	10	left	right	0	44	15.449	2848
3	27	4	40	10	right	right	1	60	15.186	3951
3	28	4	40	10	left	right	0	38	15.378	2471
3	29	4	40	10	left	left	1	18	15.873	1134
3	30	4	40	10	right	right	1	59	15.152	3894
3	31	4	40	10	right	right	1	33	15.193	2172
3	32	4	40	10	left	left	1	26	15.196	1711
3	33	4	40	10	left	left	1	36	15.274	2357
3	34	4	40	10	right	left	0	48	15.365	3124
3	35	4	40	10	left	left	1	16	15.686	1020
3	36	4	40	10	left	right	0	24	15.544	1544
3	37	4	40	10	right	right	1	57	15.389	3704
3	38	4	40	10	left	left	1	38	15.517	2449
3	39	4	40	10	right	right	1	28	15.53	1803
3	40	4	40	10	right	right	1	42	15.152	2772
4	1	4	40	10	left	right	0	43	15.479	2778
4	2	4	40	10	left	left	1	16	15.253	1049
4	3	4	40	10	left	right	0	16	15.519	1031
4	4	4	40	10	right	right	1	18	15.088	1193
4	5	4	40	10	left	left	1	53	15.438	3433
4	6	4	40	10	left	left	1	30	15.275	1964
4	7	4	40	10	right	left	0	79	15.233	5186
4	8	4	40	10	right	right	1	61	15.381	3966
4	9	4	40	10	left	right	0	86	15.297	5622
4	10	4	40	10	left	left	1	15	15.03	998
4	11	4	40	10	right	left	0	20	15.798	1266
4	12	4	40	10	right	right	1	8	16.878	474
4	13	4	40	10	left	right	0	6	15.584	385
4	14	4	40	10	left	left	1	5	14.749	339
4	15	4	40	10	left	left	1	5	17.483	286
4	16	4	40	10	right	right	1	6	17.442	344
4	17	4	40	10	right	tooFast	2	3	17.442	172
4	18	4	40	10	left	left	1	35	15.466	2263
4	19	4	40	10	left	left	1	19	15.574	1220
4	20	4	40	10	right	left	0	20	15.748	1270
4	21	4	40	10	right	left	0	27	15.16	1781
4	22	4	40	10	left	right	0	48	15.142	3170
4	23	4	40	10	left	left	1	27	15.315	1763
4	24	4	40	10	left	left	1	18	15.358	1172
4	25	4	40	10	left	left	1	18	15.901	1132
4	26	4	40	10	right	left	0	17	15.343	1108
4	27	4	40	10	right	left	0	42	15.396	2728
4	28	4	40	10	right	right	1	25	15.263	1638
4	29	4	40	10	right	left	0	20	15.408	1298
4	30	4	40	10	right	right	1	12	15.894	755
4	31	4	40	10	right	left	0	18	15.721	1145
4	32	4	40	10	left	left	1	84	15.289	5494
4	33	4	40	10	left	left	1	40	15.302	2614
4	34	4	40	10	right	left	0	91	15.304	5946
4	35	4	40	10	left	left	1	44	15.178	2899
4	36	4	40	10	right	left	0	27	15.411	1752
4	37	4	40	10	right	right	1	65	15.345	4236
4	38	4	40	10	right	right	1	16	15.094	1060
4	39	4	40	10	left	right	0	28	15.201	1842
4	40	4	40	10	right	right	1	16	15.253	1049
5	1	4	40	10	left	right	0	35	15.412	2271
5	2	4	40	10	left	left	1	40	15.438	2591
5	3	4	40	10	right	left	0	88	15.286	5757
5	4	4	40	10	left	left	1	102	15.161	6728
5	5	4	40	10	left	left	1	39	15.187	2568
5	6	4	40	10	right	right	1	74	15.305	4835
5	7	4	40	10	right	left	0	139	15.158	9170
5	8	4	40	10	right	right	1	108	15.211	7100
5	9	4	40	10	right	right	1	85	15.184	5598
5	10	4	40	10	right	right	1	171	15.204	11247
5	11	4	40	10	right	right	1	130	15.224	8539
5	12	4	40	10	right	right	1	115	15.146	7593
5	13	4	40	10	left	left	1	184	15.164	12134
5	14	4	40	10	right	right	1	63	15.351	4104
5	15	4	40	10	right	left	0	73	15.326	4763
5	16	4	40	10	left	left	1	67	15.265	4389
5	17	4	40	10	right	left	0	75	15.269	4912
5	18	4	40	10	left	right	0	155	15.212	10189
5	19	4	40	10	right	right	1	23	15.262	1507
5	20	4	40	10	right	right	1	18	16.014	1124
5	21	4	40	10	left	right	0	19	15.472	1228
5	22	4	40	10	right	right	1	20	15.588	1283
5	23	4	40	10	right	right	1	84	15.201	5526
5	24	4	40	10	left	right	0	43	15.457	2782
5	25	4	40	10	left	left	1	33	15.413	2141
5	26	4	40	10	left	left	1	22	15.12	1455
5	27	4	40	10	left	left	1	16	15.166	1055
5	28	4	40	10	left	left	1	17	15.918	1068
5	29	4	40	10	left	right	0	60	15.33	3914
5	30	4	40	10	left	left	1	22	15.636	1407
5	31	4	40	10	left	left	1	43	15.205	2828
5	32	4	40	10	right	left	0	19	15.523	1224
5	33	4	40	10	left	left	1	24	15.316	1567
5	34	4	40	10	right	left	0	16	15.238	1050
5	35	4	40	10	left	left	1	31	15.166	2044
5	36	4	40	10	right	left	0	16	15.34	1043
5	37	4	40	10	left	left	1	19	15.651	1214
5	38	4	40	10	right	left	0	16	15.873	1008
5	39	4	40	10	left	left	1	18	15.611	1153
5	40	4	40	10	right	left	0	21	15.801	1329
6	1	4	40	10	left	left	1	30	15.228	1970
6	2	4	40	10	right	right	1	51	15.325	3328
6	3	4	40	10	left	left	1	77	15.16	5079
6	4	4	40	10	left	left	1	144	15.235	9452
6	5	4	40	10	left	left	1	70	15.241	4593
6	6	4	40	10	right	left	0	57	15.351	3713
6	7	4	40	10	right	right	1	24	15.152	1584
6	8	4	40	10	left	right	0	17	15.799	1076
6	9	4	40	10	right	left	0	22	15.204	1447
6	10	4	40	10	left	right	0	17	15.918	1068
6	11	4	40	10	right	right	1	24	15.085	1591
6	12	4	40	10	right	right	1	20	15.699	1274
6	13	4	40	10	left	right	0	27	15.092	1789
6	14	4	40	10	right	right	1	21	15.51	1354
6	15	4	40	10	right	right	1	15	15.244	984
6	16	4	40	10	left	right	0	23	15.668	1468
6	17	4	40	10	left	right	0	39	15.324	2545
6	18	4	40	10	left	left	1	20	15.221	1314
6	19	4	40	10	right	right	1	76	15.133	5022
6	20	4	40	10	right	right	1	27	15.263	1769
6	21	4	40	10	right	right	1	102	15.14	6737
6	22	4	40	10	left	left	1	50	15.202	3289
6	23	4	40	10	right	right	1	65	15.183	4281
6	24	4	40	10	left	left	1	202	15.147	13336
6	25	4	40	10	right	right	1	229	15.153	15113
6	26	4	40	10	right	right	1	75	15.17	4944
6	27	4	40	10	left	left	1	153	15.201	10065
6	28	4	40	10	right	right	1	81	15.277	5302
6	29	4	40	10	right	right	1	80	15.288	5233
6	30	4	40	10	right	left	0	68	15.202	4473
6	31	4	40	10	left	left	1	231	15.146	15252
6	32	4	40	10	left	left	1	57	15.335	3717
6	33	4	40	10	right	left	0	118	15.255	7735
6	34	4	40	10	left	right	0	68	15.271	4453
6	35	4	40	10	right	right	1	201	15.137	13279
6	36	4	40	10	right	right	1	20	15.291	1308
6	37	4	40	10	left	left	1	60	15.152	3960
6	38	4	40	10	left	left	1	123	15.206	8089
6	39	4	40	10	left	left	1	80	15.215	5258
6	40	4	40	10	left	left	1	50	15.375	3252
7	1	4	40	10	left	right	0	35	15.391	2274
7	2	4	40	10	right	right	1	70	15.129	4627
7	3	4	40	10	left	left	1	15	15.306	980
7	4	4	40	10	left	left	1	167	15.16	11016
7	5	4	40	10	right	left	0	55	15.257	3605
7	6	4	40	10	left	right	0	26	15.249	1705
7	7	4	40	10	left	left	1	98	15.189	6452
7	8	4	40	10	right	right	1	72	15.187	4741
7	9	4	40	10	right	right	1	99	15.221	6504
7	10	4	40	10	right	right	1	106	15.243	6954
7	11	4	40	10	right	right	1	38	15.422	2464
7	12	4	40	10	left	right	0	31	15.241	2034
7	13	4	40	10	right	right	1	209	15.157	13789
7	14	4	40	10	right	right	1	104	15.185	6849
7	15	4	40	10	left	left	1	73	15.224	4795
7	16	4	40	10	left	left	1	99	15.257	6489
7	17	4	40	10	left	left	1	48	15.214	3155
7	18	4	40	10	left	left	1	29	15.575	1862
7	19	4	40	10	left	left	1	58	15.295	3792
7	20	4	40	10	right	left	0	90	15.296	5884
7	21	4	40	10	left	left	1	100	15.218	6571
7	22	4	40	10	right	left	0	36	15.326	2349
7	23	4	40	10	right	right	1	12	16.282	737
7	24	4	40	10	right	right	1	41	15.304	2679
7	25	4	40	10	right	right	1	43	15.152	2838
7	26	4	40	10	left	right	0	18	15.491	1162
7	27	4	40	10	left	left	1	30	15.633	1919
7	28	4	40	10	right	left	0	69	15.178	4546
7	29	4	40	10	left	right	0	13	14.925	871
7	30	4	40	10	left	right	0	8	15.717	509
7	31	4	40	10	right	right	1	6	16.62	361
7	32	4	40	10	right	right	1	13	16.149	805
7	33	4	40	10	left	left	1	18	15.679	1148
7	34	4	40	10	right	left	0	13	15.55	836
7	35	4	40	10	left	right	0	8	15.595	513
7	36	4	40	10	right	right	1	19	15.055	1262
7	37	4	40	10	left	right	0	15	15.873	945
7	38	4	40	10	left	left	1	8	15.123	529
7	39	4	40	10	right	right	1	18	15.707	1146
7	40	4	40	10	right	right	1	17	15.497	1097
8	1	4	40	10	left	left	1	28	15.359	1823
8	2	4	40	10	right	right	1	14	15.217	920
8	3	4	40	10	left	right	0	12	15.894	755
8	4	4	40	10	right	right	1	12	16.173	742
8	5	4	40	10	right	right	1	13	15.276	851
8	6	4	40	10	right	right	1	18	15.789	1140
8	7	4	40	10	left	right	0	12	16.216	740
8	8	4	40	10	left	left	1	7	15.184	461
8	9	4	40	10	right	left	0	13	15.854	820
8	10	4	40	10	right	right	1	8	15.625	512
8	11	4	40	10	right	right	1	16	15.385	1040
8	12	4	40	10	left	right	0	12	15.19	790
8	13	4	40	10	right	left	0	6	16.997	353
8	14	4	40	10	left	right	0	7	16.432	426
8	15	4	40	10	left	right	0	7	16.355	428
8	16	4	40	10	left	left	1	6	16.349	367
8	17	4	40	10	right	right	1	34	15.378	2211
8	18	4	40	10	right	right	1	16	15.534	1030
8	19	4	40	10	right	right	1	22	15.331	1435
8	20	4	40	10	left	right	0	40	15.373	2602
8	21	4	40	10	right	right	1	12	16.216	740
8	22	4	40	10	right	right	1	17	15.483	1098
8	23	4	40	10	left	right	0	15	15.106	993
8	24	4	40	10	left	right	0	19	15.498	1226
8	25	4	40	10	right	left	0	13	15.312	849
8	26	4	40	10	right	right	1	5	14.97	334
8	27	4	40	10	left	left	1	26	15.467	1681
8	28	4	40	10	left	right	0	93	15.161	6134
8	29	4	40	10	right	left	0	6	16.901	355
8	30	4	40	10	right	left	0	8	15.267	524
8	31	4	40	10	right	left	0	5	15.576	321
8	32	4	40	10	right	right	1	5	16.026	312
8	33	4	40	10	right	right	1	12	16.064	747
8	34	4	40	10	left	right	0	15	15.873	945
8	35	4	40	10	left	left	1	6	16.26	369
8	36	4	40	10	left	left	1	7	15.73	445
8	37	4	40	10	left	left	1	8	16.563	483
8	38	4	40	10	left	left	1	8	16.878	474
8	39	4	40	10	left	left	1	15	16.009	937
8	40	4	40	10	left	left	1	11	16.082	684
9	1	4	40	10	right	right	1	44	15.379	2861
9	2	4	40	10	right	right	1	18	15.611	1153
9	3	4	40	10	right	right	1	12	16.086	746
9	4	4	40	10	right	left	0	16	15.385	1040
9	5	4	40	10	right	right	1	22	15.782	1394
9	6	4	40	10	right	right	1	13	15.625	832
9	7	4	40	10	left	left	1	53	15.269	3471
9	8	4	40	10	right	right	1	15	15.075	995
9	9	4	40	10	right	right	1	63	15.232	4136
9	10	4	40	10	left	left	1	47	15.395	3053
9	11	4	40	10	right	left	0	57	15.2	3750
9	12	4	40	10	left	right	0	13	16.149	805
9	13	4	40	10	right	right	1	16	15.123	1058
9	14	4	40	10	right	right	1	21	15.648	1342
9	15	4	40	10	left	left	1	30	15.275	1964
9	16	4	40	10	right	left	0	36	15.196	2369
9	17	4	40	10	left	right	0	9	15.464	582
9	18	4	40	10	left	left	1	8	16	500
9	19	4	40	10	right	left	0	11	15.027	732
9	20	4	40	10	right	left	0	18	15.025	1198
9	21	4	40	10	left	right	0	8	15.474	517
9	22	4	40	10	left	right	0	26	15.682	1658
9	23	4	40	10	right	left	0	25	15.432	1620
9	24	4	40	10	left	right	0	8	15.267	524
9	25	4	40	10	left	left	1	7	16.787	417
9	26	4	40	10	left	left	1	8	16.461	486
9	27	4	40	10	right	left	0	9	15.929	565
9	28	4	40	10	left	right	0	5	16.722	299
9	29	4	40	10	left	left	1	5	16.287	307
9	30	4	40	10	left	left	1	8	16.771	477
9	31	4	40	10	right	left	0	7	15.453	453
9	32	4	40	10	right	tooFast	2	1	166.667	6
9	33	4	40	10	left	right	0	7	15.73	445
9	34	4	40	10	right	left	0	6	15.957	376
9	35	4	40	10	left	left	1	5	14.881	336
9	36	4	40	10	left	left	1	7	15.487	452
9	37	4	40	10	left	left	1	9	15.571	578
9	38	4	40	10	right	left	0	23	15.583	1476
9	39	4	40	10	left	right	0	8	15.123	529
9	40	4	40	10	left	right	0	5	14.97	334
10	1	4	40	10	right	left	0	14	15.909	880
10	2	4	40	10	left	tooFast	2	4	17.937	223
10	3	4	40	10	left	right	0	15	15.593	962
10	4	4	40	10	right	right	1	9	15.152	594
10	5	4	40	10	left	right	0	21	15.579	1348
10	6	4	40	10	left	right	0	12	15.504	774
10	7	4	40	10	left	right	0	9	15.817	569
10	8	4	40	10	right	right	1	7	15.625	448
10	9	4	40	10	left	right	0	16	15.296	1046
10	10	4	40	10	right	left	0	7	15.625	448
10	11	4	40	10	right	left	0	14	15.855	883
10	12	4	40	10	right	left	0	15	15.873	945
10	13	4	40	10	right	right	1	18	15.721	1145
10	14	4	40	10	left	left	1	16	15.748	1016
10	15	4	40	10	left	left	1	20	15.094	1325
10	16	4	40	10	right	left	0	16	15.61	1025
10	17	4	40	10	right	left	0	27	15.376	1756
10	18	4	40	10	right	left	0	47	15.181	3096
10	19	4	40	10	left	right	0	19	15.435	1231
10	20	4	40	10	right	left	0	22	15.737	1398
10	21	4	40	10	right	right	1	64	15.206	4209
10	22	4	40	10	right	right	1	16	15.267	1048
10	23	4	40	10	right	right	1	27	15.58	1733
10	24	4	40	10	left	left	1	17	15.219	1117
10	25	4	40	10	left	left	1	29	15.136	1916
10	26	4	40	10	left	left	1	17	15.625	1088
10	27	4	40	10	left	left	1	23	15.152	1518
10	28	4	40	10	left	left	1	19	15.625	1216
10	29	4	40	10	right	right	1	37	15.201	2434
10	30	4	40	10	right	right	1	97	15.187	6387
10	31	4	40	10	left	left	1	46	15.127	3041
10	32	4	40	10	left	left	1	19	15.397	1234
10	33	4	40	10	left	left	1	18	15.666	1149
10	34	4	40	10	left	left	1	18	15.451	1165
10	35	4	40	10	left	left	1	36	15.171	2373
10	36	4	40	10	right	right	1	23	15.405	1493
10	37	4	40	10	right	left	0	43	15.374	2797
10	38	4	40	10	right	right	1	16	15.564	1028
10	39	4	40	10	right	left	0	42	15.256	2753
10	40	4	40	10	left	left	1	19	15.032	1264
11	1	4	40	10	left	right	0	98	15.272	6417
11	2	4	40	10	left	left	1	33	15.471	2133
11	3	4	40	10	left	left	1	19	15.548	1222
11	4	4	40	10	left	left	1	25	15.704	1592
11	5	4	40	10	left	left	1	18	15.358	1172
11	6	4	40	10	left	right	0	29	15.199	1908
11	7	4	40	10	right	left	0	14	15.402	909
11	8	4	40	10	left	left	1	38	15.158	2507
11	9	4	40	10	left	left	1	17	15.525	1095
11	10	4	40	10	right	right	1	44	15.417	2854
11	11	4	40	10	left	right	0	74	15.183	4874
11	12	4	40	10	right	left	0	9	15.679	574
11	13	4	40	10	right	left	0	18	15.464	1164
11	14	4	40	10	right	left	0	14	15.73	890
11	15	4	40	10	left	right	0	7	15.086	464
11	16	4	40	10	left	left	1	18	15.915	1131
11	17	4	40	10	right	right	1	23	15.593	1475
11	18	4	40	10	left	right	0	19	15.794	1203
11	19	4	40	10	left	left	1	35	15.556	2250
11	20	4	40	10	left	right	0	60	15.217	3943
11	21	4	40	10	left	left	1	15	15.091	994
11	22	4	40	10	right	right	1	28	15.16	1847
11	23	4	40	10	right	right	1	32	15.318	2089
11	24	4	40	10	right	left	0	94	15.218	6177
11	25	4	40	10	left	right	0	16	15.64	1023
11	26	4	40	10	right	left	0	15	16.009	937
11	27	4	40	10	right	right	1	22	15.714	1400
11	28	4	40	10	right	right	1	29	15.434	1879
11	29	4	40	10	right	right	1	37	15.152	2442
11	30	4	40	10	left	left	1	79	15.278	5171
11	31	4	40	10	right	right	1	28	15.267	1834
11	32	4	40	10	right	right	1	66	15.32	4308
11	33	4	40	10	left	left	1	16	15.671	1021
11	34	4	40	10	right	right	1	54	15.371	3513
11	35	4	40	10	left	left	1	41	15.264	2686
11	36	4	40	10	left	left	1	19	15.447	1230
11	37	4	40	10	right	left	0	59	15.202	3881
11	38	4	40	10	right	left	0	35	15.324	2284
11	39	4	40	10	right	right	1	28	15.111	1853
11	40	4	40	10	right	right	1	26	15.625	1664
12	1	4	40	10	left	left	1	41	15.321	2676
12	2	4	40	10	left	left	1	45	15.228	2955
12	3	4	40	10	left	left	1	117	15.201	7697
12	4	4	40	10	left	right	0	62	15.282	4057
12	5	4	40	10	right	right	1	81	15.292	5297
12	6	4	40	10	left	left	1	36	15.385	2340
12	7	4	40	10	right	right	1	82	15.18	5402
12	8	4	40	10	right	right	1	33	15.228	2167
12	9	4	40	10	left	right	0	70	15.317	4570
12	10	4	40	10	right	right	1	16	15.64	1023
12	11	4	40	10	right	right	1	16	15.81	1012
12	12	4	40	10	left	left	1	19	15.422	1232
12	13	4	40	10	left	left	1	21	15.328	1370
12	14	4	40	10	left	left	1	25	15.17	1648
12	15	4	40	10	left	left	1	18	15.666	1149
12	16	4	40	10	right	left	0	23	15.488	1485
12	17	4	40	10	right	left	0	39	15.217	2563
12	18	4	40	10	right	left	0	16	15.094	1060
12	19	4	40	10	left	left	1	19	15.237	1247
12	20	4	40	10	right	right	1	21	15.695	1338
12	21	4	40	10	left	left	1	16	15.282	1047
12	22	4	40	10	right	right	1	16	15.81	1012
12	23	4	40	10	left	left	1	53	15.407	3440
12	24	4	40	10	right	right	1	61	15.269	3995
12	25	4	40	10	right	right	1	16	15.549	1029
12	26	4	40	10	right	right	1	18	15.385	1170
12	27	4	40	10	right	right	1	25	15.518	1611
12	28	4	40	10	right	right	1	20	15.256	1311
12	29	4	40	10	left	right	0	171	15.18	11265
12	30	4	40	10	left	left	1	55	15.168	3626
12	31	4	40	10	left	left	1	160	15.173	10545
12	32	4	40	10	right	right	1	29	15.215	1906
12	33	4	40	10	right	left	0	41	15.264	2686
12	34	4	40	10	right	right	1	21	15.141	1387
12	35	4	40	10	left	right	0	35	15.297	2288
12	36	4	40	10	left	left	1	61	15.269	3995
12	37	4	40	10	right	right	1	71	15.236	4660
12	38	4	40	10	left	right	0	97	15.256	6358
12	39	4	40	10	left	left	1	59	15.333	3848
12	40	4	40	10	right	right	1	79	15.222	5190
13	1	4	40	10	left	right	0	27	15.385	1755
13	2	4	40	10	right	right	1	13	15.187	856
13	3	4	40	10	right	right	1	14	15.334	913
13	4	4	40	10	right	right	1	15	15.707	955
13	5	4	40	10	right	right	1	23	15.232	1510
13	6	4	40	10	right	right	1	48	15.118	3175
13	7	4	40	10	right	right	1	17	15.918	1068
13	8	4	40	10	left	left	1	44	15.141	2906
13	9	4	40	10	left	left	1	73	15.215	4798
13	10	4	40	10	right	right	1	103	15.264	6748
13	11	4	40	10	right	right	1	48	15.444	3108
13	12	4	40	10	left	left	1	59	15.214	3878
13	13	4	40	10	left	right	0	83	15.269	5436
13	14	4	40	10	left	left	1	21	15.453	1359
13	15	4	40	10	right	left	0	30	15.213	1972
13	16	4	40	10	left	right	0	11	16.035	686
13	17	4	40	10	left	right	0	5	15.244	328
13	18	4	40	10	left	right	0	8	15.625	512
13	19	4	40	10	left	right	0	5	15.385	325
13	20	4	40	10	left	right	0	5	15.015	333
13	21	4	40	10	right	right	1	7	15.73	445
13	22	4	40	10	right	right	1	23	15.426	1491
13	23	4	40	10	left	right	0	21	15.407	1363
13	24	4	40	10	right	left	0	9	15.075	597
13	25	4	40	10	right	right	1	10	15.723	636
13	26	4	40	10	left	right	0	13	16.27	799
13	27	4	40	10	right	left	0	7	16.706	419
13	28	4	40	10	left	right	0	7	15.695	446
13	29	4	40	10	right	left	0	15	15.48	969
13	30	4	40	10	right	left	0	7	16.471	425
13	31	4	40	10	right	left	0	6	16.129	372
13	32	4	40	10	left	left	1	5	16.181	309
13	33	4	40	10	right	left	0	14	15.766	888
13	34	4	40	10	left	left	1	6	16.76	358
13	35	4	40	10	right	left	0	8	16.327	490
13	36	4	40	10	right	left	0	5	17.483	286
13	37	4	40	10	left	tooFast	2	4	17.544	228
13	38	4	40	10	left	right	0	8	15.355	521
13	39	4	40	10	left	left	1	7	15.695	446
13	40	4	40	10	left	left	1	7	16.99	412
14	1	4	40	10	right	right	1	44	15.172	2900
14	2	4	40	10	left	left	1	18	15.598	1154
14	3	4	40	10	left	left	1	18	15.28	1178
14	4	4	40	10	left	right	0	63	15.314	4114
14	5	4	40	10	right	right	1	23	15.416	1492
14	6	4	40	10	right	left	0	23	15.333	1500
14	7	4	40	10	right	left	0	31	15.477	2003
14	8	4	40	10	left	left	1	70	15.122	4629
14	9	4	40	10	right	left	0	57	15.103	3774
14	10	4	40	10	right	left	0	18	15.531	1159
14	11	4	40	10	right	right	1	8	16.807	476
14	12	4	40	10	right	left	0	32	15.362	2083
14	13	4	40	10	left	right	0	18	15.845	1136
14	14	4	40	10	left	left	1	14	15.538	901
14	15	4	40	10	left	left	1	17	15.302	1111
14	16	4	40	10	left	right	0	37	15.378	2406
14	17	4	40	10	right	left	0	22	15.681	1403
14	18	4	40	10	left	left	1	13	15.366	846
14	19	4	40	10	left	left	1	19	15.152	1254
14	20	4	40	10	left	left	1	20	15.232	1313
14	21	4	40	10	right	right	1	33	15.464	2134
14	22	4	40	10	left	right	0	17	15.525	1095
14	23	4	40	10	right	right	1	16	15.459	1035
14	24	4	40	10	left	right	0	12	15.152	792
14	25	4	40	10	left	left	1	8	16	500
14	26	4	40	10	right	left	0	14	15.837	884
14	27	4	40	10	right	right	1	9	15.789	570
14	28	4	40	10	right	right	1	10	14.993	667
14	29	4	40	10	right	right	1	16	15.889	1007
14	30	4	40	10	left	left	1	18	15.267	1179
14	31	4	40	10	right	left	0	15	15.182	988
14	32	4	40	10	right	right	1	86	15.149	5677
14	33	4	40	10	right	right	1	15	15.106	993
14	34	4	40	10	left	right	0	27	15.508	1741
14	35	4	40	10	right	right	1	89	15.24	5840
14	36	4	40	10	left	left	1	22	15.703	1401
14	37	4	40	10	right	right	1	23	15.052	1528
14	38	4	40	10	left	left	1	105	15.257	6882
14	39	4	40	10	left	left	1	71	15.126	4694
14	40	4	40	10	left	left	1	40	15.285	2617
15	1	4	40	10	right	left	0	26	15.276	1702
15	2	4	40	10	left	left	1	54	15.13	3569
15	3	4	40	10	left	right	0	72	15.203	4736
15	4	4	40	10	right	right	1	17	15.511	1096
15	5	4	40	10	right	right	1	18	15.424	1167
15	6	4	40	10	left	left	1	24	15.385	1560
15	7	4	40	10	right	right	1	115	15.174	7579
15	8	4	40	10	left	right	0	156	15.212	10255
15	9	4	40	10	right	left	0	90	15.187	5926
15	10	4	40	10	right	left	0	10	15.674	638
15	11	4	40	10	left	right	0	5	17.007	294
15	12	4	40	10	right	right	1	6	15.748	381
15	13	4	40	10	left	right	0	56	15.38	3641
15	14	4	40	10	left	left	1	51	15.152	3366
15	15	4	40	10	left	left	1	27	15.491	1743
15	16	4	40	10	right	right	1	50	15.328	3262
15	17	4	40	10	right	right	1	37	15.334	2413
15	18	4	40	10	left	right	0	29	15.385	1885
15	19	4	40	10	left	left	1	49	15.213	3221
15	20	4	40	10	left	right	0	38	15.41	2466
15	21	4	40	10	right	left	0	21	15.34	1369
15	22	4	40	10	left	right	0	15	15.56	964
15	23	4	40	10	left	right	0	7	16.667	420
15	24	4	40	10	left	right	0	5	14.577	343
15	25	4	40	10	right	right	1	12	16.151	743
15	26	4	40	10	left	left	1	17	15.668	1085
15	27	4	40	10	left	left	1	20	15.209	1315
15	28	4	40	10	right	left	0	26	15.258	1704
15	29	4	40	10	right	right	1	13	15.439	842
15	30	4	40	10	right	right	1	21	15.487	1356
15	31	4	40	10	left	right	0	16	15.282	1047
15	32	4	40	10	left	left	1	10	15.038	665
15	33	4	40	10	left	left	1	15	15.544	965
15	34	4	40	10	left	right	0	14	15.891	881
15	35	4	40	10	right	left	0	8	16.701	479
15	36	4	40	10	right	left	0	11	16.32	674
15	37	4	40	10	right	left	0	10	15.949	627
15	38	4	40	10	right	right	1	9	14.95	602
15	39	4	40	10	right	right	1	17	15.455	1100
15	40	4	40	10	right	right	1	15	15.322	979
16	1	4	40	10	right	right	1	36	15.12	2381
16	2	4	40	10	left	right	0	18	16	1125
16	3	4	40	10	left	right	0	15	15.228	985
16	4	4	40	10	left	left	1	9	16.484	546
16	5	4	40	10	right	right	1	33	15.32	2154
16	6	4	40	10	left	right	0	120	15.144	7924
16	7	4	40	10	left	left	1	8	15.905	503
16	8	4	40	10	right	right	1	26	15.125	1719
16	9	4	40	10	left	right	0	27	15.499	1742
16	10	4	40	10	right	left	0	61	15.216	4009
16	11	4	40	10	right	right	1	21	15.533	1352
16	12	4	40	10	left	right	0	18	15.241	1181
16	13	4	40	10	right	left	0	7	15.251	459
16	14	4	40	10	right	left	0	8	16.194	494
16	15	4	40	10	left	right	0	5	16.34	306
16	16	4	40	10	right	right	1	5	17.73	282
16	17	4	40	10	right	right	1	8	16.807	476
16	18	4	40	10	left	right	0	7	16.432	426
16	19	4	40	10	right	left	0	9	15.075	597
16	20	4	40	10	right	right	1	5	15.06	332
16	21	4	40	10	left	right	0	9	16.1	559
16	22	4	40	10	right	left	0	5	17.544	285
16	23	4	40	10	right	left	0	6	17.291	347
16	24	4	40	10	left	tooFast	2	3	16.043	187
16	25	4	40	10	left	right	0	8	16.427	487
16	26	4	40	10	right	right	1	5	14.749	339
16	27	4	40	10	right	right	1	8	15.414	519
16	28	4	40	10	left	right	0	6	15.038	399
16	29	4	40	10	left	tooFast	2	1	15.625	64
16	30	4	40	10	right	left	0	14	16.185	865
16	31	4	40	10	left	right	0	9	16.334	551
16	32	4	40	10	right	right	1	5	15.823	316
16	33	4	40	10	left	right	0	7	15.945	439
16	34	4	40	10	left	right	0	5	18.248	274
16	35	4	40	10	right	right	1	7	16.204	432
16	36	4	40	10	left	right	0	6	16.043	374
16	37	4	40	10	right	right	1	5	17.921	279
16	38	4	40	10	right	right	1	5	15.198	329
16	39	4	40	10	left	right	0	5	14.706	340
16	40	4	40	10	left	right	0	6	16.484	364
17	1	4	40	10	left	right	0	43	15.237	2822
17	2	4	40	10	right	left	0	15	15.806	949
17	3	4	40	10	left	left	1	74	15.198	4869
17	4	4	40	10	left	left	1	23	15.162	1517
17	5	4	40	10	right	right	1	38	15.329	2479
17	6	4	40	10	left	left	1	17	15.274	1113
17	7	4	40	10	right	right	1	33	15.508	2128
17	8	4	40	10	left	left	1	101	15.227	6633
17	9	4	40	10	left	left	1	70	15.251	4590
17	10	4	40	10	left	left	1	35	15.204	2302
17	11	4	40	10	left	left	1	19	15.176	1252
17	12	4	40	10	left	right	0	78	15.166	5143
17	13	4	40	10	right	right	1	24	15.296	1569
17	14	4	40	10	left	left	1	21	15.396	1364
17	15	4	40	10	right	right	1	57	15.216	3746
17	16	4	40	10	left	right	0	29	15.583	1861
17	17	4	40	10	right	right	1	23	15.252	1508
17	18	4	40	10	right	left	0	80	15.203	5262
17	19	4	40	10	right	right	1	56	15.406	3635
17	20	4	40	10	left	right	0	18	15.371	1171
17	21	4	40	10	right	right	1	18	15.611	1153
17	22	4	40	10	left	right	0	37	15.152	2442
17	23	4	40	10	right	left	0	160	15.176	10543
17	24	4	40	10	left	left	1	61	15.323	3981
17	25	4	40	10	right	left	0	43	15.237	2822
17	26	4	40	10	right	right	1	11	16.224	678
17	27	4	40	10	right	left	0	16	15.238	1050
17	28	4	40	10	right	right	1	16	15.671	1021
17	29	4	40	10	right	right	1	14	15.054	930
17	30	4	40	10	left	right	0	37	15.245	2427
17	31	4	40	10	left	left	1	12	16.107	745
17	32	4	40	10	left	left	1	15	15.773	951
17	33	4	40	10	left	left	1	15	15.464	970
17	34	4	40	10	left	left	1	14	15.521	902
17	35	4	40	10	left	right	0	19	15.422	1232
17	36	4	40	10	right	left	0	13	15.205	855
17	37	4	40	10	right	right	1	21	15.754	1333
17	38	4	40	10	right	left	0	32	15.429	2074
17	39	4	40	10	right	left	0	13	15.951	815
17	40	4	40	10	right	right	1	14	15.573	899
18	1	4	40	10	right	right	1	37	15.327	2414
18	2	4	40	10	left	right	0	17	15.315	1110
18	3	4	40	10	left	left	1	14	15.453	906
18	4	4	40	10	left	left	1	13	16.311	797
18	5	4	40	10	right	left	0	15	15.957	940
18	6	4	40	10	right	left	0	12	15.727	763
18	7	4	40	10	left	left	1	10	15.267	655
18	8	4	40	10	right	right	1	21	15.789	1330
18	9	4	40	10	right	left	0	14	16.092	870
18	10	4	40	10	left	right	0	25	15.509	1612
18	11	4	40	10	right	right	1	29	15.128	1917
18	12	4	40	10	left	left	1	18	15.943	1129
18	13	4	40	10	left	left	1	29	15.223	1905
18	14	4	40	10	left	left	1	19	15.664	1213
18	15	4	40	10	left	left	1	24	15.564	1542
18	16	4	40	10	left	left	1	16	15.489	1033
18	17	4	40	10	left	right	0	18	15.437	1166
18	18	4	40	10	right	left	0	33	15.37	2147
18	19	4	40	10	left	left	1	22	15.526	1417
18	20	4	40	10	left	left	1	22	15.614	1409
18	21	4	40	10	right	right	1	17	15.977	1064
18	22	4	40	10	right	right	1	31	15.093	2054
18	23	4	40	10	left	left	1	13	15.834	821
18	24	4	40	10	left	right	0	23	15.323	1501
18	25	4	40	10	right	left	0	69	15.148	4555
18	26	4	40	10	right	right	1	18	15.126	1190
18	27	4	40	10	right	right	1	14	15.217	920
18	28	4	40	10	left	right	0	13	15.294	850
18	29	4	40	10	left	right	0	19	15.638	1215
18	30	4	40	10	left	left	1	18	15.424	1167
18	31	4	40	10	right	right	1	16	15.18	1054
18	32	4	40	10	right	right	1	14	15.855	883
18	33	4	40	10	left	left	1	35	15.385	2275
18	34	4	40	10	right	right	1	32	15.437	2073
18	35	4	40	10	right	right	1	33	15.214	2169
18	36	4	40	10	right	left	0	65	15.319	4243
18	37	4	40	10	right	right	1	14	15.351	912
18	38	4	40	10	left	left	1	12	15.915	754
18	39	4	40	10	right	right	1	15	15.89	944
18	40	4	40	10	right	right	1	43	15.254	2819
19	1	4	40	10	right	left	0	25	15.625	1600
19	2	4	40	10	left	right	0	15	15.873	945
19	3	4	40	10	left	left	1	336	15.179	22136
19	4	4	40	10	right	right	1	16	15.826	1011
19	5	4	40	10	right	right	1	29	15.491	1872
19	6	4	40	10	left	left	1	31	15.362	2018
19	7	4	40	10	left	right	0	43	15.184	2832
19	8	4	40	10	left	left	1	93	15.137	6144
19	9	4	40	10	right	left	0	37	15.308	2417
19	10	4	40	10	right	right	1	28	15.292	1831
19	11	4	40	10	left	right	0	17	15.843	1073
19	12	4	40	10	left	left	1	20	15.492	1291
19	13	4	40	10	right	right	1	40	15.391	2599
19	14	4	40	10	right	right	1	33	15.537	2124
19	15	4	40	10	right	right	1	42	15.407	2726
19	16	4	40	10	left	left	1	166	15.172	10941
19	17	4	40	10	right	right	1	13	15.606	833
19	18	4	40	10	right	right	1	13	16.23	801
19	19	4	40	10	left	left	1	13	15.931	816
19	20	4	40	10	right	left	0	18	15.101	1192
19	21	4	40	10	left	left	1	22	15.048	1462
19	22	4	40	10	right	right	1	12	15.831	758
19	23	4	40	10	left	left	1	39	15.354	2540
19	24	4	40	10	right	right	1	22	15.363	1432
19	25	4	40	10	left	right	0	25	15.394	1624
19	26	4	40	10	right	left	0	15	15.496	968
19	27	4	40	10	right	right	1	12	16.107	745
19	28	4	40	10	left	right	0	15	15.773	951
19	29	4	40	10	right	left	0	13	15.951	815
19	30	4	40	10	right	left	0	18	15.584	1155
19	31	4	40	10	left	left	1	18	15.943	1129
19	32	4	40	10	right	left	0	14	15.625	896
19	33	4	40	10	right	left	0	13	15.348	847
19	34	4	40	10	left	right	0	10	15.723	636
19	35	4	40	10	right	right	1	9	16.667	540
19	36	4	40	10	left	right	0	11	15.714	700
19	37	4	40	10	left	left	1	12	15.19	790
19	38	4	40	10	left	left	1	13	15.258	852
19	39	4	40	10	left	right	0	27	15.376	1756
19	40	4	40	10	left	left	1	15	16.009	937
20	1	4	40	10	right	right	1	27	15.271	1768
20	2	4	40	10	right	right	1	29	15.426	1880
20	3	4	40	10	right	right	1	16	15.459	1035
20	4	4	40	10	right	right	1	23	15.293	1504
20	5	4	40	10	left	left	1	31	15.07	2057
20	6	4	40	10	right	right	1	14	15.217	920
20	7	4	40	10	left	left	1	26	15.16	1715
20	8	4	40	10	right	right	1	12	15.267	786
20	9	4	40	10	right	right	1	25	15.235	1641
20	10	4	40	10	left	left	1	25	15.347	1629
20	11	4	40	10	left	left	1	14	15.184	922
20	12	4	40	10	right	right	1	20	15.106	1324
20	13	4	40	10	left	left	1	43	15.264	2817
20	14	4	40	10	right	right	1	78	15.178	5139
20	15	4	40	10	left	right	0	73	15.152	4818
20	16	4	40	10	left	left	1	16	15.795	1013
20	17	4	40	10	left	right	0	18	15.929	1130
20	18	4	40	10	left	left	1	13	15.951	815
20	19	4	40	10	right	right	1	40	15.256	2622
20	20	4	40	10	left	left	1	56	15.338	3651
20	21	4	40	10	left	right	0	57	15.372	3708
20	22	4	40	10	right	right	1	17	15.138	1123
20	23	4	40	10	left	right	0	50	15.235	3282
20	24	4	40	10	left	left	1	32	15.166	2110
20	25	4	40	10	left	right	0	56	15.193	3686
20	26	4	40	10	left	left	1	49	15.37	3188
20	27	4	40	10	left	left	1	33	15.385	2145
20	28	4	40	10	right	right	1	16	15.595	1026
20	29	4	40	10	right	right	1	18	15.306	1176
20	30	4	40	10	right	right	1	26	15.178	1713
20	31	4	40	10	right	left	0	109	15.243	7151
20	32	4	40	10	left	left	1	201	15.165	13254
20	33	4	40	10	left	left	1	96	15.257	6292
20	34	4	40	10	right	right	1	25	15.704	1592
20	35	4	40	10	left	right	0	18	15.679	1148
20	36	4	40	10	right	right	1	10	15.038	665
20	37	4	40	10	right	right	1	14	15.419	908
20	38	4	40	10	right	right	1	19	15.347	1238
20	39	4	40	10	right	right	1	15	15.873	945
20	40	4	40	10	left	left	1	27	15.101	1788
21	1	4	40	10	right	right	1	29	15.575	1862
21	2	4	40	10	left	right	0	74	15.189	4872
21	3	4	40	10	right	right	1	14	15.267	917
21	4	4	40	10	right	right	1	29	15.566	1863
21	5	4	40	10	left	left	1	37	15.404	2402
21	6	4	40	10	left	right	0	69	15.289	4513
21	7	4	40	10	right	right	1	13	16.311	797
21	8	4	40	10	left	right	0	25	15.207	1644
21	9	4	40	10	right	right	1	18	15.762	1142
21	10	4	40	10	right	right	1	15	15.03	998
21	11	4	40	10	left	left	1	48	15.335	3130
21	12	4	40	10	left	right	0	35	15.106	2317
21	13	4	40	10	left	left	1	44	15.493	2840
21	14	4	40	10	left	left	1	32	15.245	2099
21	15	4	40	10	right	right	1	38	15.255	2491
21	16	4	40	10	right	right	1	33	15.292	2158
21	17	4	40	10	left	left	1	19	15.323	1240
21	18	4	40	10	right	right	1	43	15.254	2819
21	19	4	40	10	left	right	0	60	15.349	3909
21	20	4	40	10	left	right	0	59	15.269	3864
21	21	4	40	10	left	left	1	28	15.53	1803
21	22	4	40	10	right	right	1	110	15.185	7244
21	23	4	40	10	left	left	1	35	15.453	2265
21	24	4	40	10	left	right	0	72	15.238	4725
21	25	4	40	10	right	right	1	53	15.416	3438
21	26	4	40	10	left	right	0	55	15.308	3593
21	27	4	40	10	right	right	1	14	15.005	933
21	28	4	40	10	left	left	1	15	15.756	952
21	29	4	40	10	right	left	0	44	15.347	2867
21	30	4	40	10	right	right	1	12	15.228	788
21	31	4	40	10	right	right	1	50	15.161	3298
21	32	4	40	10	right	right	1	28	15.276	1833
21	33	4	40	10	right	right	1	17	15.469	1099
21	34	4	40	10	left	right	0	28	15.538	1802
21	35	4	40	10	left	left	1	8	15.873	504
21	36	4	40	10	left	left	1	45	15.332	2935
21	37	4	40	10	right	left	0	45	15.146	2971
21	38	4	40	10	right	left	0	8	16.701	479
21	39	4	40	10	right	right	1	5	18.182	275
21	40	4	40	10	left	right	0	13	15.385	845
22	1	4	40	10	right	right	1	85	15.299	5556
22	2	4	40	10	right	right	1	23	15.242	1509
22	3	4	40	10	right	left	0	24	15.474	1551
22	4	4	40	10	left	right	0	12	15.345	782
22	5	4	40	10	left	right	0	27	15.332	1761
22	6	4	40	10	left	right	0	22	15.214	1446
22	7	4	40	10	right	left	0	19	15.485	1227
22	8	4	40	10	left	right	0	14	15.59	898
22	9	4	40	10	right	right	1	12	15.287	785
22	10	4	40	10	right	right	1	13	16.27	799
22	11	4	40	10	left	right	0	14	15.119	926
22	12	4	40	10	left	left	1	8	15.238	525
22	13	4	40	10	left	left	1	17	15.668	1085
22	14	4	40	10	right	right	1	17	15.455	1100
22	15	4	40	10	right	left	0	13	15.719	827
22	16	4	40	10	right	right	1	13	15.495	839
22	17	4	40	10	right	left	0	14	15.351	912
22	18	4	40	10	left	right	0	12	15.645	767
22	19	4	40	10	left	right	0	11	15.581	706
22	20	4	40	10	left	right	0	10	16.34	612
22	21	4	40	10	left	left	1	12	15.727	763
22	22	4	40	10	left	left	1	28	15.556	1800
22	23	4	40	10	left	left	1	47	15.176	3097
22	24	4	40	10	left	left	1	25	15.366	1627
22	25	4	40	10	right	right	1	42	15.13	2776
22	26	4	40	10	right	left	0	60	15.144	3962
22	27	4	40	10	right	right	1	18	15.216	1183
22	28	4	40	10	left	left	1	21	15.707	1337
22	29	4	40	10	right	right	1	27	15.297	1765
22	30	4	40	10	right	right	1	31	15.586	1989
22	31	4	40	10	left	right	0	32	15.253	2098
22	32	4	40	10	right	right	1	25	15.547	1608
22	33	4	40	10	right	right	1	48	15.287	3140
22	34	4	40	10	left	right	0	25	15.635	1599
22	35	4	40	10	left	right	0	20	15.244	1312
22	36	4	40	10	left	right	0	35	15.351	2280
22	37	4	40	10	right	left	0	31	15.122	2050
22	38	4	40	10	right	right	1	35	15.528	2254
22	39	4	40	10	right	right	1	25	15.596	1603
22	40	4	40	10	left	right	0	43	15.457	2782
23	1	4	40	10	right	right	1	35	15.317	2285
23	2	4	40	10	right	left	0	21	15.328	1370
23	3	4	40	10	left	left	1	17	15.668	1085
23	4	4	40	10	left	left	1	19	15.273	1244
23	5	4	40	10	right	right	1	35	15.311	2286
23	6	4	40	10	right	right	1	19	15.574	1220
23	7	4	40	10	left	left	1	16	15.779	1014
23	8	4	40	10	left	left	1	17	15.483	1098
23	9	4	40	10	left	left	1	15	15.228	985
23	10	4	40	10	right	left	0	17	15.219	1117
23	11	4	40	10	left	right	0	14	15.201	921
23	12	4	40	10	left	right	0	9	14.803	608
23	13	4	40	10	right	left	0	6	16.713	359
23	14	4	40	10	left	left	1	17	15.977	1064
23	15	4	40	10	right	right	1	14	14.989	934
23	16	4	40	10	right	right	1	19	15.51	1225
23	17	4	40	10	left	left	1	20	15.209	1315
23	18	4	40	10	right	right	1	15	15.385	975
23	19	4	40	10	left	left	1	15	15.576	963
23	20	4	40	10	right	right	1	16	15.656	1022
23	21	4	40	10	right	left	0	24	15.277	1571
23	22	4	40	10	right	left	0	14	16.298	859
23	23	4	40	10	left	left	1	12	15.306	784
23	24	4	40	10	left	left	1	16	15.519	1031
23	25	4	40	10	left	left	1	17	15.918	1068
23	26	4	40	10	left	left	1	46	15.323	3002
23	27	4	40	10	right	right	1	15	15.464	970
23	28	4	40	10	left	right	0	20	15.267	1310
23	29	4	40	10	right	right	1	13	15.348	847
23	30	4	40	10	right	right	1	15	15.512	967
23	31	4	40	10	right	right	1	16	15.702	1019
23	32	4	40	10	right	right	1	15	15.625	960
23	33	4	40	10	left	left	1	17	15.933	1067
23	34	4	40	10	left	right	0	18	15.306	1176
23	35	4	40	10	right	left	0	29	15.312	1894
23	36	4	40	10	left	right	0	17	16.008	1062
23	37	4	40	10	left	left	1	14	15.47	905
23	38	4	40	10	right	left	0	36	15.287	2355
23	39	4	40	10	right	right	1	18	15.531	1159
23	40	4	40	10	left	left	1	26	15.196	1711
24	1	4	40	10	left	right	0	32	15.333	2087
24	2	4	40	10	left	left	1	11	15.515	709
24	3	4	40	10	right	left	0	16	15.842	1010
24	4	4	40	10	right	right	1	13	15.421	843
24	5	4	40	10	left	left	1	16	15.686	1020
24	6	4	40	10	left	left	1	13	15.169	857
24	7	4	40	10	right	right	1	14	15.201	921
24	8	4	40	10	left	right	0	64	15.256	4195
24	9	4	40	10	right	right	1	17	15.426	1102
24	10	4	40	10	right	left	0	30	15.267	1965
24	11	4	40	10	right	right	1	14	15.504	903
24	12	4	40	10	right	right	1	35	15.132	2313
24	13	4	40	10	left	right	0	34	15.399	2208
24	14	4	40	10	right	right	1	14	16.055	872
24	15	4	40	10	left	left	1	13	15.606	833
24	16	4	40	10	right	right	1	21	15.162	1385
24	17	4	40	10	right	right	1	39	15.439	2526
24	18	4	40	10	right	right	1	30	15.48	1938
24	19	4	40	10	left	left	1	35	15.099	2318
24	20	4	40	10	left	right	0	17	15.233	1116
24	21	4	40	10	left	left	1	14	16.037	873
24	22	4	40	10	right	right	1	21	15.695	1338
24	23	4	40	10	left	left	1	21	15.362	1367
24	24	4	40	10	right	right	1	15	15.167	989
24	25	4	40	10	right	right	1	16	15.857	1009
24	26	4	40	10	left	left	1	38	15.391	2469
24	27	4	40	10	left	right	0	17	15.539	1094
24	28	4	40	10	left	left	1	15	15.337	978
24	29	4	40	10	right	right	1	11	15.32	718
24	30	4	40	10	left	left	1	19	15.794	1203
24	31	4	40	10	left	left	1	14	15.964	877
24	32	4	40	10	right	right	1	17	15.888	1070
24	33	4	40	10	left	left	1	14	15.419	908
24	34	4	40	10	right	right	1	31	15.516	1998
24	35	4	40	10	left	right	0	18	16.014	1124
24	36	4	40	10	right	right	1	16	15.857	1009
24	37	4	40	10	right	right	1	23	15.488	1485
24	38	4	40	10	right	right	1	15	15.291	981
24	39	4	40	10	left	left	1	13	16.069	809
24	40	4	40	10	left	right	0	21	15.801	1329
