
blkNum	trlNum	coherentDots	numberofDots	percentCoherence	winningDirection	response	correct	eventCount	averageFrameRate	RT
1	1	4	40	10	left	left	1	24	15.625	1536
1	2	4	40	10	right	right	1	13	15.169	857
1	3	4	40	10	right	left	0	13	16.049	810
1	4	4	40	10	left	left	1	17	15.873	1071
1	5	4	40	10	right	right	1	16	15.92	1005
1	6	4	40	10	left	left	1	16	15.137	1057
1	7	4	40	10	left	left	1	31	15.271	2030
1	8	4	40	10	right	right	1	11	15.342	717
1	9	4	40	10	left	left	1	16	15.717	1018
1	10	4	40	10	right	right	1	24	15.385	1560
1	11	4	40	10	left	left	1	12	15.424	778
1	12	4	40	10	right	left	0	18	15.831	1137
1	13	4	40	10	left	left	1	19	15.46	1229
1	14	4	40	10	left	left	1	34	15.399	2208
1	15	4	40	10	left	left	1	13	15.873	819
1	16	4	40	10	left	right	0	31	15.415	2011
1	17	4	40	10	right	right	1	28	15.234	1838
1	18	4	40	10	left	left	1	15	15.244	984
1	19	4	40	10	left	right	0	22	15.152	1452
1	20	4	40	10	right	right	1	24	15.365	1562
1	21	4	40	10	right	left	0	20	15.674	1276
1	22	4	40	10	left	left	1	33	15.306	2156
1	23	4	40	10	left	left	1	30	15.322	1958
1	24	4	40	10	right	right	1	13	14.994	867
1	25	4	40	10	left	left	1	20	15.576	1284
1	26	4	40	10	left	left	1	14	15.927	879
1	27	4	40	10	right	right	1	11	15.257	721
1	28	4	40	10	right	left	0	9	14.851	606
1	29	4	40	10	right	left	0	12	15.544	772
1	30	4	40	10	left	right	0	8	15.656	511
1	31	4	40	10	right	left	0	13	15.258	852
1	32	4	40	10	left	right	0	20	15.232	1313
1	33	4	40	10	right	right	1	13	16.189	803
1	34	4	40	10	right	left	0	10	15.385	650
1	35	4	40	10	right	right	1	12	16.086	746
1	36	4	40	10	left	left	1	17	15.625	1088
1	37	4	40	10	right	left	0	37	15.176	2438
1	38	4	40	10	left	left	1	10	14.97	668
1	39	4	40	10	right	right	1	13	15.625	832
1	40	4	40	10	right	right	1	19	15.127	1256
2	1	4	40	10	right	right	1	18	15.986	1126
2	2	4	40	10	right	right	1	15	15.789	950
2	3	4	40	10	right	left	0	13	15.606	833
2	4	4	40	10	left	right	0	20	15.083	1326
2	5	4	40	10	right	left	0	23	15.636	1471
2	6	4	40	10	right	right	1	13	16.311	797
2	7	4	40	10	left	left	1	30	15.213	1972
2	8	4	40	10	left	left	1	26	15.616	1665
2	9	4	40	10	left	right	0	13	16.129	806
2	10	4	40	10	right	left	0	32	15.195	2106
2	11	4	40	10	left	left	1	21	15.453	1359
2	12	4	40	10	right	right	1	18	15.887	1133
2	13	4	40	10	left	left	1	14	15.284	916
2	14	4	40	10	left	right	0	11	15.32	718
2	15	4	40	10	right	left	0	12	15.957	752
2	16	4	40	10	left	left	1	22	15.417	1427
2	17	4	40	10	left	left	1	34	15.546	2187
2	18	4	40	10	right	right	1	15	15.806	949
2	19	4	40	10	left	left	1	20	15.42	1297
2	20	4	40	10	right	right	1	10	15.314	653
2	21	4	40	10	right	left	0	9	15.411	584
2	22	4	40	10	left	right	0	13	15.644	831
2	23	4	40	10	right	left	0	29	15.458	1876
2	24	4	40	10	right	left	0	11	15.385	715
2	25	4	40	10	left	left	1	19	15.261	1245
2	26	4	40	10	left	right	0	31	15.256	2032
2	27	4	40	10	left	left	1	10	15.924	628
2	28	4	40	10	left	left	1	13	16.109	807
2	29	4	40	10	right	left	0	11	16.035	686
2	30	4	40	10	left	left	1	12	16.327	735
2	31	4	40	10	right	left	0	13	15.532	837
2	32	4	40	10	left	left	1	36	15.254	2360
2	33	4	40	10	right	right	1	13	15.606	833
2	34	4	40	10	right	right	1	22	15.625	1408
2	35	4	40	10	right	right	1	33	15.515	2127
2	36	4	40	10	left	left	1	14	15.766	888
2	37	4	40	10	right	right	1	15	15.48	969
2	38	4	40	10	right	left	0	14	15.538	901
2	39	4	40	10	left	left	1	16	15.326	1044
2	40	4	40	10	left	left	1	24	15.605	1538
3	1	4	40	10	left	left	1	13	15.588	834
3	2	4	40	10	left	left	1	23	15.52	1482
3	3	4	40	10	left	right	0	21	15.152	1386
3	4	4	40	10	right	right	1	16	15.18	1054
3	5	4	40	10	left	left	1	10	15.949	627
3	6	4	40	10	left	left	1	21	15.464	1358
3	7	4	40	10	left	left	1	30	15.464	1940
3	8	4	40	10	right	left	0	37	15.114	2448
3	9	4	40	10	right	left	0	12	15.484	775
3	10	4	40	10	right	right	1	13	15.892	818
3	11	4	40	10	right	right	1	30	15.236	1969
3	12	4	40	10	left	left	1	12	16.151	743
3	13	4	40	10	left	left	1	40	15.134	2643
3	14	4	40	10	left	left	1	29	15.541	1866
3	15	4	40	10	right	right	1	20	15.385	1300
3	16	4	40	10	right	right	1	26	15.249	1705
3	17	4	40	10	right	right	1	15	15.369	976
3	18	4	40	10	right	right	1	19	15.472	1228
3	19	4	40	10	left	left	1	10	15.873	630
3	20	4	40	10	right	right	1	14	15.625	896
3	21	4	40	10	right	right	1	17	15.152	1122
3	22	4	40	10	left	left	1	24	15.132	1586
3	23	4	40	10	left	right	0	13	15.682	829
3	24	4	40	10	left	left	1	21	15.695	1338
3	25	4	40	10	right	right	1	25	15.337	1630
3	26	4	40	10	right	right	1	19	15.485	1227
3	27	4	40	10	right	left	0	16	15.311	1045
3	28	4	40	10	right	right	1	9	16.1	559
3	29	4	40	10	right	right	1	15	15.353	977
3	30	4	40	10	right	right	1	12	15.385	780
3	31	4	40	10	right	left	0	31	15.354	2019
3	32	4	40	10	left	left	1	10	15.291	654
3	33	4	40	10	left	left	1	12	15.267	786
3	34	4	40	10	right	right	1	13	16.23	801
3	35	4	40	10	left	left	1	16	15.873	1008
3	36	4	40	10	left	left	1	13	15.403	844
3	37	4	40	10	right	right	1	10	15.699	637
3	38	4	40	10	left	left	1	9	14.827	607
3	39	4	40	10	left	left	1	13	15.912	817
3	40	4	40	10	left	left	1	15	16.009	937
4	1	4	40	10	left	left	1	22	15.152	1452
4	2	4	40	10	left	left	1	20	15.106	1324
4	3	4	40	10	right	right	1	9	16.043	561
4	4	4	40	10	left	left	1	9	16.245	554
4	5	4	40	10	right	right	1	14	15.301	915
4	6	4	40	10	left	left	1	10	15.314	653
4	7	4	40	10	right	right	1	15	15.48	969
4	8	4	40	10	right	right	1	19	15.574	1220
4	9	4	40	10	right	right	1	18	15.873	1134
4	10	4	40	10	right	left	0	13	15.513	838
4	11	4	40	10	right	right	1	11	15.048	731
4	12	4	40	10	right	right	1	15	16.009	937
4	13	4	40	10	left	left	1	22	15.759	1396
4	14	4	40	10	left	left	1	11	15.406	714
4	15	4	40	10	left	right	0	14	15.102	927
4	16	4	40	10	right	left	0	9	15.228	591
4	17	4	40	10	right	right	1	11	15.515	709
4	18	4	40	10	left	right	0	17	15.152	1122
4	19	4	40	10	right	left	0	9	14.827	607
4	20	4	40	10	left	right	0	12	15.831	758
4	21	4	40	10	left	left	1	19	15.212	1249
4	22	4	40	10	left	left	1	17	15.683	1084
4	23	4	40	10	right	right	1	11	15.942	690
4	24	4	40	10	left	left	1	12	15.504	774
4	25	4	40	10	right	right	1	13	15.385	845
4	26	4	40	10	left	left	1	16	15.686	1020
4	27	4	40	10	left	left	1	25	15.538	1609
4	28	4	40	10	left	left	1	27	15.228	1773
4	29	4	40	10	right	right	1	17	15.903	1069
4	30	4	40	10	right	left	0	19	15.69	1211
4	31	4	40	10	right	left	0	14	15.59	898
4	32	4	40	10	right	right	1	11	15.625	704
4	33	4	40	10	right	left	0	15	15.674	957
4	34	4	40	10	left	left	1	14	15.402	909
4	35	4	40	10	left	left	1	21	15.544	1351
4	36	4	40	10	left	left	1	16	15.209	1052
4	37	4	40	10	right	right	1	12	15.584	770
4	38	4	40	10	left	left	1	18	15.734	1144
4	39	4	40	10	left	left	1	16	15.267	1048
4	40	4	40	10	right	right	1	14	14.989	934
5	1	4	40	10	left	left	1	20	15.117	1323
5	2	4	40	10	left	left	1	12	15.957	752
5	3	4	40	10	right	right	1	9	15.254	590
5	4	4	40	10	left	left	1	8	15.873	504
5	5	4	40	10	right	left	0	10	15.848	631
5	6	4	40	10	right	left	0	12	16.173	742
5	7	4	40	10	left	left	1	12	15.132	793
5	8	4	40	10	left	left	1	16	15.748	1016
5	9	4	40	10	right	right	1	10	14.948	669
5	10	4	40	10	right	right	1	13	15.169	857
5	11	4	40	10	left	left	1	11	16.129	682
5	12	4	40	10	right	left	0	21	15.295	1373
5	13	4	40	10	left	left	1	11	16.176	680
5	14	4	40	10	left	left	1	13	15.99	813
5	15	4	40	10	right	left	0	22	15.759	1396
5	16	4	40	10	right	right	1	17	15.302	1111
5	17	4	40	10	left	left	1	13	15.796	823
5	18	4	40	10	left	right	0	13	15.663	830
5	19	4	40	10	left	right	0	14	15.038	931
5	20	4	40	10	right	left	0	19	15.498	1226
5	21	4	40	10	right	left	0	25	15.309	1633
5	22	4	40	10	left	right	0	23	15.272	1506
5	23	4	40	10	left	left	1	13	16.089	808
5	24	4	40	10	right	right	1	13	15.931	816
5	25	4	40	10	left	left	1	8	15.625	512
5	26	4	40	10	left	right	0	11	15.278	720
5	27	4	40	10	right	right	1	19	15.807	1202
5	28	4	40	10	left	left	1	12	16.238	739
5	29	4	40	10	right	right	1	14	15.748	889
5	30	4	40	10	right	right	1	17	15.138	1123
5	31	4	40	10	left	left	1	11	15.235	722
5	32	4	40	10	left	left	1	18	15.216	1183
5	33	4	40	10	right	right	1	11	15.603	705
5	34	4	40	10	left	left	1	8	15.504	516
5	35	4	40	10	right	right	1	12	15.544	772
5	36	4	40	10	right	left	0	9	15.762	571
5	37	4	40	10	right	right	1	17	15.165	1121
5	38	4	40	10	left	left	1	11	16.345	673
5	39	4	40	10	right	right	1	9	15.707	573
5	40	4	40	10	right	right	1	14	14.989	934
6	1	4	40	10	left	left	1	19	15.212	1249
6	2	4	40	10	left	left	1	22	15.068	1460
6	3	4	40	10	right	right	1	11	16.272	676
6	4	4	40	10	left	left	1	10	15.823	632
6	5	4	40	10	left	left	1	12	15.564	771
6	6	4	40	10	right	right	1	10	16.42	609
6	7	4	40	10	left	left	1	9	14.901	604
6	8	4	40	10	right	right	1	10	16.077	622
6	9	4	40	10	left	left	1	14	15.766	888
6	10	4	40	10	right	right	1	9	15.152	594
6	11	4	40	10	left	left	1	9	15.306	588
6	12	4	40	10	left	right	0	12	15.504	774
6	13	4	40	10	right	right	1	10	16	625
6	14	4	40	10	right	right	1	14	15.982	876
6	15	4	40	10	right	left	0	10	15.129	661
6	16	4	40	10	left	left	1	15	15.544	965
6	17	4	40	10	left	right	0	9	15.411	584
6	18	4	40	10	right	right	1	13	16.129	806
6	19	4	40	10	right	left	0	26	15.644	1662
6	20	4	40	10	right	left	0	12	15.464	776
6	21	4	40	10	left	left	1	13	16.332	796
6	22	4	40	10	right	right	1	12	15.248	787
6	23	4	40	10	left	left	1	18	15.831	1137
6	24	4	40	10	right	right	1	13	15.758	825
6	25	4	40	10	left	left	1	24	15.219	1577
6	26	4	40	10	left	right	0	13	15.24	853
6	27	4	40	10	right	right	1	18	15.177	1186
6	28	4	40	10	right	right	1	18	15.371	1171
6	29	4	40	10	right	right	1	18	15.254	1180
6	30	4	40	10	right	right	1	12	15.365	781
6	31	4	40	10	left	right	0	13	15.134	859
6	32	4	40	10	left	left	1	15	15.873	945
6	33	4	40	10	right	right	1	19	15.079	1260
6	34	4	40	10	right	right	1	19	15.335	1239
6	35	4	40	10	left	right	0	17	15.371	1106
6	36	4	40	10	right	right	1	11	16.035	686
6	37	4	40	10	left	right	0	15	15.213	986
6	38	4	40	10	left	right	0	9	16.949	531
6	39	4	40	10	left	left	1	16	15.873	1008
6	40	4	40	10	right	right	1	18	15.887	1133
7	1	4	40	10	right	right	1	23	15.467	1487
7	2	4	40	10	right	left	0	8	15.656	511
7	3	4	40	10	right	left	0	15	15.182	988
7	4	4	40	10	right	right	1	9	15.707	573
7	5	4	40	10	right	left	0	9	15.254	590
7	6	4	40	10	right	right	1	8	16.771	477
7	7	4	40	10	left	right	0	18	15.464	1164
7	8	4	40	10	right	right	1	9	16.275	553
7	9	4	40	10	right	left	0	9	14.95	602
7	10	4	40	10	left	right	0	8	16.097	497
7	11	4	40	10	right	right	1	12	15.524	773
7	12	4	40	10	right	right	1	20	15.117	1323
7	13	4	40	10	left	left	1	17	15.858	1072
7	14	4	40	10	right	right	1	20	15.736	1271
7	15	4	40	10	left	left	1	18	15.491	1162
7	16	4	40	10	left	left	1	19	15.587	1219
7	17	4	40	10	left	left	1	20	15.279	1309
7	18	4	40	10	right	right	1	16	15.137	1057
7	19	4	40	10	left	right	0	28	15.292	1831
7	20	4	40	10	left	left	1	19	15.768	1205
7	21	4	40	10	left	right	0	13	15.796	823
7	22	4	40	10	right	right	1	16	15.109	1059
7	23	4	40	10	right	right	1	20	15.14	1321
7	24	4	40	10	left	left	1	10	16.287	614
7	25	4	40	10	left	left	1	17	15.525	1095
7	26	4	40	10	right	right	1	21	15.284	1374
7	27	4	40	10	right	left	0	11	16.272	676
7	28	4	40	10	right	right	1	10	15.898	629
7	29	4	40	10	left	left	1	11	15.827	695
7	30	4	40	10	right	right	1	12	15.707	764
7	31	4	40	10	left	left	1	18	15.075	1194
7	32	4	40	10	left	right	0	13	15.116	860
7	33	4	40	10	left	left	1	16	15.61	1025
7	34	4	40	10	left	left	1	21	15.648	1342
7	35	4	40	10	left	left	1	11	15.048	731
7	36	4	40	10	right	right	1	15	16.009	937
7	37	4	40	10	left	left	1	13	14.977	868
7	38	4	40	10	left	left	1	16	15.094	1060
7	39	4	40	10	right	right	1	23	15.52	1482
7	40	4	40	10	left	left	1	11	15.919	691
8	1	4	40	10	right	left	0	44	15.225	2890
8	2	4	40	10	right	right	1	16	15.826	1011
8	3	4	40	10	right	left	0	13	16.25	800
8	4	4	40	10	left	left	1	23	15.252	1508
8	5	4	40	10	left	right	0	15	15.167	989
8	6	4	40	10	left	left	1	19	15.561	1221
8	7	4	40	10	left	left	1	13	15.644	831
8	8	4	40	10	right	right	1	23	15.636	1471
8	9	4	40	10	left	left	1	12	16.129	744
8	10	4	40	10	right	right	1	11	15.67	702
8	11	4	40	10	right	right	1	15	15.593	962
8	12	4	40	10	right	left	0	17	15.888	1070
8	13	4	40	10	left	left	1	12	16.304	736
8	14	4	40	10	left	right	0	12	15.666	766
8	15	4	40	10	right	left	0	9	14.975	601
8	16	4	40	10	left	right	0	23	15.212	1512
8	17	4	40	10	left	left	1	17	15.888	1070
8	18	4	40	10	right	right	1	21	15.579	1348
8	19	4	40	10	right	left	0	10	16.181	618
8	20	4	40	10	left	left	1	32	15.087	2121
8	21	4	40	10	left	left	1	27	15.535	1738
8	22	4	40	10	left	right	0	9	15.385	585
8	23	4	40	10	right	right	1	16	15.385	1040
8	24	4	40	10	right	right	1	20	15.564	1285
8	25	4	40	10	left	left	1	15	15.48	969
8	26	4	40	10	left	left	1	27	15.169	1780
8	27	4	40	10	right	right	1	14	15.964	877
8	28	4	40	10	right	left	0	16	15.414	1038
8	29	4	40	10	left	right	0	16	15.519	1031
8	30	4	40	10	left	left	1	13	16.23	801
8	31	4	40	10	left	left	1	16	15.625	1024
8	32	4	40	10	right	left	0	15	15.674	957
8	33	4	40	10	right	right	1	13	16.149	805
8	34	4	40	10	left	left	1	17	15.233	1116
8	35	4	40	10	left	right	0	22	15.482	1421
8	36	4	40	10	left	left	1	9	15.625	576
8	37	4	40	10	right	left	0	32	15.26	2097
8	38	4	40	10	right	right	1	7	16.588	422
8	39	4	40	10	right	right	1	25	15.272	1637
8	40	4	40	10	right	right	1	16	15.873	1008
9	1	4	40	10	left	left	1	14	15.695	892
9	2	4	40	10	right	right	1	9	16.364	550
9	3	4	40	10	left	left	1	10	15.083	663
9	4	4	40	10	left	left	1	13	15.152	858
9	5	4	40	10	right	right	1	19	15.794	1203
9	6	4	40	10	left	left	1	12	16.043	748
9	7	4	40	10	left	left	1	31	15.423	2010
9	8	4	40	10	right	right	1	25	15.244	1640
9	9	4	40	10	left	left	1	14	15.538	901
9	10	4	40	10	right	right	1	15	15.773	951
9	11	4	40	10	left	left	1	13	15.439	842
9	12	4	40	10	left	left	1	19	15.794	1203
9	13	4	40	10	left	left	1	18	16.014	1124
9	14	4	40	10	right	right	1	26	15.294	1700
9	15	4	40	10	right	right	1	33	15.493	2130
9	16	4	40	10	right	right	1	28	15.119	1852
9	17	4	40	10	right	left	0	26	15.064	1726
9	18	4	40	10	left	right	0	33	15.158	2177
9	19	4	40	10	right	right	1	13	15.029	865
9	20	4	40	10	right	right	1	34	15.172	2241
9	21	4	40	10	left	left	1	15	15.167	989
9	22	4	40	10	left	right	0	43	15.264	2817
9	23	4	40	10	left	left	1	22	15.267	1441
9	24	4	40	10	left	left	1	16	15.857	1009
9	25	4	40	10	left	left	1	40	15.123	2645
9	26	4	40	10	right	right	1	18	15.571	1156
9	27	4	40	10	left	right	0	22	15.331	1435
9	28	4	40	10	right	right	1	20	15.736	1271
9	29	4	40	10	right	left	0	17	15.247	1115
9	30	4	40	10	left	left	1	38	15.23	2495
9	31	4	40	10	right	right	1	11	15.406	714
9	32	4	40	10	right	right	1	14	15.385	910
9	33	4	40	10	left	left	1	12	15.789	760
9	34	4	40	10	right	right	1	16	15.889	1007
9	35	4	40	10	right	right	1	24	15.676	1531
9	36	4	40	10	left	right	0	53	15.173	3493
9	37	4	40	10	right	right	1	21	15.73	1335
9	38	4	40	10	right	right	1	16	15.952	1003
9	39	4	40	10	left	left	1	18	15.411	1168
9	40	4	40	10	right	right	1	27	15.194	1777
10	1	4	40	10	left	left	1	14	15.251	918
10	2	4	40	10	right	right	1	11	15.603	705
10	3	4	40	10	right	left	0	10	15.898	629
10	4	4	40	10	right	right	1	11	15.537	708
10	5	4	40	10	right	right	1	13	15.758	825
10	6	4	40	10	right	right	1	14	15.334	913
10	7	4	40	10	left	left	1	11	15.919	691
10	8	4	40	10	left	right	0	17	15.288	1112
10	9	4	40	10	right	left	0	16	15.936	1004
10	10	4	40	10	left	left	1	25	15.576	1605
10	11	4	40	10	left	left	1	13	15.606	833
10	12	4	40	10	right	right	1	10	15.408	649
10	13	4	40	10	left	left	1	14	15.021	932
10	14	4	40	10	left	left	1	17	15.992	1063
10	15	4	40	10	right	right	1	16	15.311	1045
10	16	4	40	10	right	left	0	15	15.593	962
10	17	4	40	10	right	right	1	12	15.424	778
10	18	4	40	10	right	right	1	17	15.385	1105
10	19	4	40	10	right	right	1	16	15.748	1016
10	20	4	40	10	left	left	1	11	15.873	693
10	21	4	40	10	right	right	1	10	15.601	641
10	22	4	40	10	left	left	1	11	15.342	717
10	23	4	40	10	left	left	1	12	15.748	762
10	24	4	40	10	left	left	1	12	15.625	768
10	25	4	40	10	left	left	1	11	15.299	719
10	26	4	40	10	left	left	1	14	15.419	908
10	27	4	40	10	left	left	1	10	15.106	662
10	28	4	40	10	right	right	1	17	15.26	1114
10	29	4	40	10	left	left	1	10	15.408	649
10	30	4	40	10	right	right	1	10	15.723	636
10	31	4	40	10	right	left	0	9	15.025	599
10	32	4	40	10	left	left	1	12	15.524	773
10	33	4	40	10	right	right	1	10	15.949	627
10	34	4	40	10	right	left	0	11	15.32	718
10	35	4	40	10	left	left	1	10	15.244	656
10	36	4	40	10	right	left	0	12	15.544	772
10	37	4	40	10	left	left	1	9	15.025	599
10	38	4	40	10	left	left	1	11	15.965	689
10	39	4	40	10	left	left	1	12	16	750
10	40	4	40	10	right	left	0	12	15.707	764
11	1	4	40	10	left	left	1	14	15.005	933
11	2	4	40	10	right	left	0	11	16.369	672
11	3	4	40	10	left	left	1	9	16.043	561
11	4	4	40	10	right	left	0	10	15.015	666
11	5	4	40	10	left	left	1	13	14.994	867
11	6	4	40	10	left	left	1	12	16.043	748
11	7	4	40	10	right	left	0	19	15.599	1218
11	8	4	40	10	right	right	1	17	15.843	1073
11	9	4	40	10	left	left	1	13	16.27	799
11	10	4	40	10	right	right	1	10	15.291	654
11	11	4	40	10	left	left	1	13	15.892	818
11	12	4	40	10	left	left	1	12	15.605	769
11	13	4	40	10	left	left	1	12	15.152	792
11	14	4	40	10	right	right	1	11	15.32	718
11	15	4	40	10	right	left	0	11	15.193	724
11	16	4	40	10	right	left	0	14	15.945	878
11	17	4	40	10	left	left	1	18	15.05	1196
11	18	4	40	10	left	right	0	13	16.01	812
11	19	4	40	10	right	left	0	12	15.464	776
11	20	4	40	10	left	left	1	20	15.674	1276
11	21	4	40	10	right	right	1	12	16.129	744
11	22	4	40	10	left	right	0	36	15.326	2349
11	23	4	40	10	right	left	0	9	15.177	593
11	24	4	40	10	right	right	1	13	15.046	864
11	25	4	40	10	right	right	1	17	15.274	1113
11	26	4	40	10	left	left	1	11	16.176	680
11	27	4	40	10	left	right	0	13	15.258	852
11	28	4	40	10	right	left	0	19	15.51	1225
11	29	4	40	10	left	left	1	38	15.176	2504
11	30	4	40	10	right	right	1	13	15.873	819
11	31	4	40	10	left	left	1	11	15.068	730
11	32	4	40	10	left	left	1	13	15.777	824
11	33	4	40	10	left	right	0	23	15.212	1512
11	34	4	40	10	left	left	1	13	15.513	838
11	35	4	40	10	left	left	1	13	15.796	823
11	36	4	40	10	right	left	0	16	15.905	1006
11	37	4	40	10	right	right	1	16	15.152	1056
11	38	4	40	10	right	right	1	23	15.572	1477
11	39	4	40	10	right	right	1	20	15.748	1270
11	40	4	40	10	right	right	1	32	15.202	2105
12	1	4	40	10	left	left	1	17	15.785	1077
12	2	4	40	10	left	left	1	16	15.686	1020
12	3	4	40	10	left	left	1	15	15.228	985
12	4	4	40	10	right	right	1	12	15.852	757
12	5	4	40	10	left	left	1	12	15.727	763
12	6	4	40	10	left	left	1	19	15.51	1225
12	7	4	40	10	right	right	1	13	15.276	851
12	8	4	40	10	left	left	1	10	14.97	668
12	9	4	40	10	left	left	1	17	15.192	1119
12	10	4	40	10	right	right	1	19	15.435	1231
12	11	4	40	10	right	right	1	14	15.436	907
12	12	4	40	10	left	left	1	11	15.896	692
12	13	4	40	10	left	left	1	15	15.369	976
12	14	4	40	10	left	left	1	16	15.936	1004
12	15	4	40	10	left	left	1	11	15.11	728
12	16	4	40	10	right	left	0	11	15.342	717
12	17	4	40	10	left	left	1	9	15.025	599
12	18	4	40	10	left	left	1	12	15.769	761
12	19	4	40	10	right	left	0	13	15.187	856
12	20	4	40	10	left	left	1	11	16.248	677
12	21	4	40	10	right	left	0	12	15.287	785
12	22	4	40	10	right	left	0	10	15.504	645
12	23	4	40	10	left	left	1	19	15.46	1229
12	24	4	40	10	right	right	1	16	15.889	1007
12	25	4	40	10	left	left	1	19	15.091	1259
12	26	4	40	10	right	right	1	11	15.515	709
12	27	4	40	10	right	left	0	16	15.238	1050
12	28	4	40	10	right	left	0	13	15.24	853
12	29	4	40	10	right	right	1	12	16.086	746
12	30	4	40	10	right	right	1	15	15.369	976
12	31	4	40	10	right	left	0	16	15.34	1043
12	32	4	40	10	right	right	1	12	16.327	735
12	33	4	40	10	right	right	1	21	15.141	1387
12	34	4	40	10	left	right	0	21	15.695	1338
12	35	4	40	10	right	right	1	13	16.311	797
12	36	4	40	10	left	left	1	12	15.727	763
12	37	4	40	10	left	right	0	19	15.397	1234
12	38	4	40	10	left	left	1	10	15.038	665
12	39	4	40	10	right	left	0	19	15.079	1260
12	40	4	40	10	right	left	0	11	15.193	724
13	1	4	40	10	right	left	0	12	15.248	787
13	2	4	40	10	right	right	1	14	15.521	902
13	3	4	40	10	left	left	1	10	15.432	648
13	4	4	40	10	right	right	1	16	15.34	1043
13	5	4	40	10	right	right	1	14	15.47	905
13	6	4	40	10	left	left	1	14	15.713	891
13	7	4	40	10	left	left	1	18	15.887	1133
13	8	4	40	10	left	left	1	18	16.014	1124
13	9	4	40	10	right	right	1	14	15.713	891
13	10	4	40	10	right	left	0	20	15.662	1277
13	11	4	40	10	right	left	0	14	15.964	877
13	12	4	40	10	left	left	1	16	15.826	1011
13	13	4	40	10	left	left	1	14	15.487	904
13	14	4	40	10	right	right	1	14	15.873	882
13	15	4	40	10	right	right	1	16	15.702	1019
13	16	4	40	10	left	left	1	22	15.449	1424
13	17	4	40	10	left	right	0	15	15.907	943
13	18	4	40	10	right	left	0	12	15.326	783
13	19	4	40	10	right	right	1	13	15.892	818
13	20	4	40	10	left	left	1	13	16.209	802
13	21	4	40	10	left	right	0	19	15.115	1257
13	22	4	40	10	right	right	1	18	15.611	1153
13	23	4	40	10	right	right	1	13	16.069	809
13	24	4	40	10	left	left	1	12	16.282	737
13	25	4	40	10	left	left	1	12	15.979	751
13	26	4	40	10	left	left	1	15	15.674	957
13	27	4	40	10	left	left	1	12	15.789	760
13	28	4	40	10	right	right	1	12	15.666	766
13	29	4	40	10	left	left	1	16	15.936	1004
13	30	4	40	10	left	right	0	12	15.769	761
13	31	4	40	10	right	left	0	21	15.306	1372
13	32	4	40	10	left	left	1	21	15.273	1375
13	33	4	40	10	right	left	0	19	15.768	1205
13	34	4	40	10	left	left	1	12	15.584	770
13	35	4	40	10	right	left	0	18	15.831	1137
13	36	4	40	10	right	right	1	13	15.99	813
13	37	4	40	10	left	left	1	10	15.699	637
13	38	4	40	10	left	left	1	14	15.909	880
13	39	4	40	10	right	right	1	12	16.107	745
13	40	4	40	10	right	left	0	12	16.129	744
14	1	4	40	10	left	left	1	24	15.152	1584
14	2	4	40	10	left	left	1	15	15.198	987
14	3	4	40	10	left	left	1	11	16.012	687
14	4	4	40	10	right	left	0	13	15.569	835
14	5	4	40	10	right	right	1	25	15.704	1592
14	6	4	40	10	left	left	1	26	15.152	1716
14	7	4	40	10	right	left	0	17	15.814	1075
14	8	4	40	10	right	left	0	12	15.831	758
14	9	4	40	10	left	left	1	11	15.257	721
14	10	4	40	10	left	left	1	11	15.32	718
14	11	4	40	10	left	left	1	22	15.079	1459
14	12	4	40	10	right	right	1	18	15.267	1179
14	13	4	40	10	right	left	0	27	15.169	1780
14	14	4	40	10	right	right	1	34	15.288	2224
14	15	4	40	10	right	right	1	28	15.521	1804
14	16	4	40	10	left	right	0	17	15.219	1117
14	17	4	40	10	left	right	0	13	15.758	825
14	18	4	40	10	right	right	1	15	15.4	974
14	19	4	40	10	left	right	0	21	15.613	1345
14	20	4	40	10	left	right	0	12	16.064	747
14	21	4	40	10	left	left	1	11	15.85	694
14	22	4	40	10	left	right	0	27	15.535	1738
14	23	4	40	10	left	left	1	10	14.903	671
14	24	4	40	10	right	right	1	12	15.564	771
14	25	4	40	10	right	right	1	46	15.167	3033
14	26	4	40	10	left	left	1	12	15.287	785
14	27	4	40	10	right	right	1	13	15.777	824
14	28	4	40	10	left	left	1	18	15.734	1144
14	29	4	40	10	right	right	1	15	15.89	944
14	30	4	40	10	right	right	1	12	15.727	763
14	31	4	40	10	left	left	1	22	15.515	1418
14	32	4	40	10	right	right	1	17	15.962	1065
14	33	4	40	10	right	right	1	18	15.748	1143
14	34	4	40	10	right	left	0	12	15.81	759
14	35	4	40	10	right	right	1	14	15.59	898
14	36	4	40	10	left	left	1	18	15.915	1131
14	37	4	40	10	right	right	1	14	15.873	882
14	38	4	40	10	left	left	1	13	15.569	835
14	39	4	40	10	left	right	0	15	15.322	979
14	40	4	40	10	right	left	0	13	15.258	852
15	1	4	40	10	left	left	1	18	15.598	1154
15	2	4	40	10	right	right	1	9	16.484	546
15	3	4	40	10	right	right	1	17	15.697	1083
15	4	4	40	10	left	left	1	10	15.798	633
15	5	4	40	10	left	right	0	11	16.082	684
15	6	4	40	10	right	left	0	10	15.504	645
15	7	4	40	10	right	right	1	15	15.544	965
15	8	4	40	10	right	left	0	8	16.097	497
15	9	4	40	10	left	left	1	15	15.94	941
15	10	4	40	10	right	right	1	10	15.432	648
15	11	4	40	10	left	left	1	10	15.949	627
15	12	4	40	10	left	left	1	9	15.254	590
15	13	4	40	10	right	left	0	11	16.176	680
15	14	4	40	10	left	left	1	10	15.408	649
15	15	4	40	10	right	left	0	10	15.528	644
15	16	4	40	10	left	left	1	18	15.152	1188
15	17	4	40	10	left	right	0	18	15.873	1134
15	18	4	40	10	right	left	0	7	16.432	426
15	19	4	40	10	right	right	1	14	15.837	884
15	20	4	40	10	right	right	1	10	15.48	646
15	21	4	40	10	right	right	1	12	15.464	776
15	22	4	40	10	left	left	1	15	15.907	943
15	23	4	40	10	left	left	1	11	16.345	673
15	24	4	40	10	left	left	1	10	15.48	646
15	25	4	40	10	right	right	1	9	14.975	601
15	26	4	40	10	left	left	1	9	15.332	587
15	27	4	40	10	left	right	0	15	15.432	972
15	28	4	40	10	right	right	1	28	15.111	1853
15	29	4	40	10	left	left	1	10	16.26	615
15	30	4	40	10	right	right	1	24	15.686	1530
15	31	4	40	10	right	left	0	15	15.56	964
15	32	4	40	10	right	right	1	16	15.81	1012
15	33	4	40	10	left	left	1	23	15.364	1497
15	34	4	40	10	right	right	1	13	15.738	826
15	35	4	40	10	left	left	1	14	15.054	930
15	36	4	40	10	right	right	1	14	15.964	877
15	37	4	40	10	left	left	1	10	15.873	630
15	38	4	40	10	right	right	1	12	15.132	793
15	39	4	40	10	left	left	1	10	15.601	641
15	40	4	40	10	left	left	1	13	15.134	859
16	1	4	40	10	left	left	1	27	15.271	1768
16	2	4	40	10	left	left	1	10	15.06	664
16	3	4	40	10	right	right	1	11	15.537	708
16	4	4	40	10	right	right	1	11	15.603	705
16	5	4	40	10	left	left	1	9	15.491	581
16	6	4	40	10	right	right	1	11	15.471	711
16	7	4	40	10	left	left	1	9	15.306	588
16	8	4	40	10	right	right	1	9	15.101	596
16	9	4	40	10	right	left	0	15	15.136	991
16	10	4	40	10	left	left	1	13	15.205	855
16	11	4	40	10	left	right	0	20	15.152	1320
16	12	4	40	10	left	right	0	11	15.603	705
16	13	4	40	10	right	right	1	21	15.683	1339
16	14	4	40	10	right	right	1	13	15.187	856
16	15	4	40	10	right	right	1	18	15.943	1129
16	16	4	40	10	left	left	1	30	15.369	1952
16	17	4	40	10	left	right	0	38	15.243	2493
16	18	4	40	10	right	right	1	31	15.218	2037
16	19	4	40	10	right	right	1	17	15.568	1092
16	20	4	40	10	left	left	1	9	15.544	579
16	21	4	40	10	left	right	0	19	15.176	1252
16	22	4	40	10	left	right	0	10	15.528	644
16	23	4	40	10	right	right	1	13	14.977	868
16	24	4	40	10	left	right	0	26	15.504	1677
16	25	4	40	10	left	right	0	13	15.796	823
16	26	4	40	10	right	right	1	11	16.272	676
16	27	4	40	10	right	right	1	13	15.476	840
16	28	4	40	10	right	left	0	16	15.267	1048
16	29	4	40	10	left	left	1	10	15.552	643
16	30	4	40	10	left	left	1	33	15.292	2158
16	31	4	40	10	right	right	1	14	15.927	879
16	32	4	40	10	right	left	0	29	15.167	1912
16	33	4	40	10	right	right	1	10	16.42	609
16	34	4	40	10	left	right	0	14	15.038	931
16	35	4	40	10	right	left	0	6	15.504	387
16	36	4	40	10	left	right	0	5	15.385	325
16	37	4	40	10	left	right	0	9	15.28	589
16	38	4	40	10	right	right	1	5	15.106	331
16	39	4	40	10	left	left	1	13	15.796	823
16	40	4	40	10	right	right	1	11	16.012	687
17	1	4	40	10	left	left	1	12	15.727	763
17	2	4	40	10	left	right	0	12	16.107	745
17	3	4	40	10	left	left	1	9	15.306	588
17	4	4	40	10	right	left	0	11	15.493	710
17	5	4	40	10	left	left	1	10	15.649	639
17	6	4	40	10	left	left	1	11	16.296	675
17	7	4	40	10	left	left	1	16	15.399	1039
17	8	4	40	10	right	right	1	19	15.176	1252
17	9	4	40	10	left	left	1	14	15.251	918
17	10	4	40	10	left	left	1	13	15.476	840
17	11	4	40	10	left	left	1	11	15.965	689
17	12	4	40	10	right	right	1	14	15.267	917
17	13	4	40	10	left	left	1	9	16.1	559
17	14	4	40	10	right	right	1	9	16.514	545
17	15	4	40	10	left	left	1	24	15.296	1569
17	16	4	40	10	left	right	0	15	15.823	948
17	17	4	40	10	right	right	1	9	14.901	604
17	18	4	40	10	left	left	1	12	15.504	774
17	19	4	40	10	left	left	1	21	15.295	1373
17	20	4	40	10	right	left	0	19	15.385	1235
17	21	4	40	10	right	right	1	8	15.326	522
17	22	4	40	10	right	right	1	10	15.015	666
17	23	4	40	10	left	left	1	18	15.762	1142
17	24	4	40	10	right	right	1	9	14.851	606
17	25	4	40	10	right	right	1	15	15.625	960
17	26	4	40	10	right	left	0	15	15.448	971
17	27	4	40	10	left	left	1	12	15.075	796
17	28	4	40	10	left	right	0	15	15.448	971
17	29	4	40	10	right	right	1	11	15.214	723
17	30	4	40	10	left	left	1	23	15.447	1489
17	31	4	40	10	right	right	1	35	15.507	2257
17	32	4	40	10	left	left	1	13	15.081	862
17	33	4	40	10	right	right	1	18	15.531	1159
17	34	4	40	10	left	left	1	11	16.2	679
17	35	4	40	10	right	right	1	16	15.123	1058
17	36	4	40	10	right	left	0	12	15.444	777
17	37	4	40	10	right	right	1	9	14.901	604
17	38	4	40	10	right	right	1	18	15.228	1182
17	39	4	40	10	right	right	1	26	15.339	1695
17	40	4	40	10	right	left	0	10	15.129	661
18	1	4	40	10	left	left	1	15	15.06	996
18	2	4	40	10	left	left	1	15	15.244	984
18	3	4	40	10	right	right	1	12	15.228	788
18	4	4	40	10	left	right	0	21	15.317	1371
18	5	4	40	10	right	right	1	10	15.48	646
18	6	4	40	10	right	left	0	14	15.436	907
18	7	4	40	10	left	left	1	9	15.845	568
18	8	4	40	10	right	right	1	22	15.183	1449
18	9	4	40	10	left	left	1	13	15.606	833
18	10	4	40	10	left	right	0	13	15.312	849
18	11	4	40	10	right	right	1	10	16.26	615
18	12	4	40	10	right	right	1	13	15.458	841
18	13	4	40	10	right	right	1	18	15.611	1153
18	14	4	40	10	right	left	0	22	15.428	1426
18	15	4	40	10	right	left	0	6	15.748	381
18	16	4	40	10	right	left	0	7	16.588	422
18	17	4	40	10	left	left	1	8	16.327	490
18	18	4	40	10	right	right	1	13	14.908	872
18	19	4	40	10	left	left	1	11	15.428	713
18	20	4	40	10	right	right	1	13	16.129	806
18	21	4	40	10	left	left	1	17	15.903	1069
18	22	4	40	10	left	left	1	16	15.579	1027
18	23	4	40	10	right	left	0	15	15.121	992
18	24	4	40	10	right	right	1	9	15.817	569
18	25	4	40	10	left	left	1	8	15.81	506
18	26	4	40	10	left	left	1	10	15.015	666
18	27	4	40	10	left	left	1	12	15.504	774
18	28	4	40	10	left	left	1	14	15.284	916
18	29	4	40	10	right	left	0	13	15.663	830
18	30	4	40	10	left	left	1	7	16.706	419
18	31	4	40	10	right	left	0	18	15.293	1177
18	32	4	40	10	left	left	1	5	14.62	342
18	33	4	40	10	right	right	1	11	15.235	722
18	34	4	40	10	left	left	1	13	15.205	855
18	35	4	40	10	left	right	0	10	15.432	648
18	36	4	40	10	right	left	0	9	15.203	592
18	37	4	40	10	right	right	1	10	16.26	615
18	38	4	40	10	left	left	1	11	15.257	721
18	39	4	40	10	right	right	1	13	15.513	838
18	40	4	40	10	left	left	1	20	15.456	1294
19	1	4	40	10	right	right	1	14	15.695	892
19	2	4	40	10	left	left	1	9	16.158	557
19	3	4	40	10	right	right	1	10	16.103	621
19	4	4	40	10	left	left	1	10	16.234	616
19	5	4	40	10	left	left	1	11	15.759	698
19	6	4	40	10	left	left	1	11	15.647	703
19	7	4	40	10	right	right	1	13	15.258	852
19	8	4	40	10	right	right	1	15	15.823	948
19	9	4	40	10	right	left	0	9	16.544	544
19	10	4	40	10	right	right	1	9	16.393	549
19	11	4	40	10	left	left	1	12	16.173	742
19	12	4	40	10	left	left	1	11	16.082	684
19	13	4	40	10	right	left	0	11	15.11	728
19	14	4	40	10	left	left	1	9	16.484	546
19	15	4	40	10	left	left	1	9	16.453	547
19	16	4	40	10	left	left	1	10	16.34	612
19	17	4	40	10	left	left	1	12	16.151	743
19	18	4	40	10	right	left	0	9	15.306	588
19	19	4	40	10	left	left	1	17	15.933	1067
19	20	4	40	10	right	left	0	13	16.23	801
19	21	4	40	10	right	left	0	5	16.181	309
19	22	4	40	10	left	right	0	8	16.807	476
19	23	4	40	10	left	right	0	5	15.625	320
19	24	4	40	10	right	tooFast	2	4	16.736	239
19	25	4	40	10	left	left	1	82	15.239	5381
19	26	4	40	10	right	left	0	13	15.892	818
19	27	4	40	10	right	right	1	14	15.66	894
19	28	4	40	10	right	right	1	23	15.541	1480
19	29	4	40	10	right	right	1	18	15.424	1167
19	30	4	40	10	right	right	1	13	16.089	808
19	31	4	40	10	right	right	1	15	15.89	944
19	32	4	40	10	right	right	1	13	15.276	851
19	33	4	40	10	left	right	0	14	15.695	892
19	34	4	40	10	right	tooFast	2	3	17.045	176
19	35	4	40	10	left	left	1	29	15.199	1908
19	36	4	40	10	left	left	1	17	15.741	1080
19	37	4	40	10	left	left	1	17	15.77	1078
19	38	4	40	10	left	left	1	14	15.538	901
19	39	4	40	10	left	left	1	12	15.504	774
19	40	4	40	10	right	right	1	20	15.564	1285
20	1	4	40	10	right	left	0	15	15.789	950
20	2	4	40	10	left	right	0	9	15.679	574
20	3	4	40	10	left	left	1	16	15.936	1004
20	4	4	40	10	right	right	1	10	15.408	649
20	5	4	40	10	left	left	1	14	15.284	916
20	6	4	40	10	right	right	1	11	16.248	677
20	7	4	40	10	left	left	1	9	16.275	553
20	8	4	40	10	left	left	1	9	15.152	594
20	9	4	40	10	left	left	1	9	15.101	596
20	10	4	40	10	right	right	1	12	16.349	734
20	11	4	40	10	right	left	0	17	15.329	1109
20	12	4	40	10	left	left	1	10	15.244	656
20	13	4	40	10	left	left	1	13	16.189	803
20	14	4	40	10	right	right	1	12	15.424	778
20	15	4	40	10	right	left	0	12	15.936	753
20	16	4	40	10	right	left	0	9	14.901	604
20	17	4	40	10	right	left	0	16	15.459	1035
20	18	4	40	10	left	left	1	11	16.058	685
20	19	4	40	10	left	left	1	13	15.439	842
20	20	4	40	10	right	right	1	13	15.738	826
20	21	4	40	10	left	left	1	11	15.581	706
20	22	4	40	10	left	left	1	17	15.873	1071
20	23	4	40	10	right	right	1	13	14.96	869
20	24	4	40	10	right	left	0	11	15.85	694
20	25	4	40	10	right	left	0	9	16.822	535
20	26	4	40	10	left	left	1	10	16.129	620
20	27	4	40	10	right	left	0	16	16.016	999
20	28	4	40	10	left	left	1	11	16.176	680
20	29	4	40	10	left	left	1	13	15.116	860
20	30	4	40	10	right	right	1	27	15.228	1773
20	31	4	40	10	right	left	0	13	14.96	869
20	32	4	40	10	left	right	0	17	15.814	1075
20	33	4	40	10	left	right	0	15	15.4	974
20	34	4	40	10	right	right	1	8	15.474	517
20	35	4	40	10	left	left	1	11	15.515	709
20	36	4	40	10	left	left	1	19	15.397	1234
20	37	4	40	10	right	right	1	11	15.172	725
20	38	4	40	10	right	right	1	15	15.991	938
20	39	4	40	10	right	right	1	17	15.441	1101
20	40	4	40	10	left	right	0	14	15.982	876
21	1	4	40	10	right	right	1	13	16.149	805
21	2	4	40	10	right	left	0	10	16.129	620
21	3	4	40	10	right	right	1	25	15.518	1611
21	4	4	40	10	left	right	0	19	15.435	1231
21	5	4	40	10	right	right	1	9	15.437	583
21	6	4	40	10	left	right	0	10	15.244	656
21	7	4	40	10	left	left	1	12	15.769	761
21	8	4	40	10	left	left	1	15	15.385	975
21	9	4	40	10	left	left	1	14	15.054	930
21	10	4	40	10	right	right	1	19	15.561	1221
21	11	4	40	10	right	left	0	13	15.064	863
21	12	4	40	10	left	left	1	10	15.152	660
21	13	4	40	10	left	left	1	16	15.267	1048
21	14	4	40	10	right	right	1	11	15.493	710
21	15	4	40	10	left	left	1	11	15.406	714
21	16	4	40	10	right	right	1	14	15.927	879
21	17	4	40	10	left	left	1	12	15.306	784
21	18	4	40	10	left	left	1	11	15.32	718
21	19	4	40	10	right	left	0	9	15.306	588
21	20	4	40	10	left	left	1	9	15.152	594
21	21	4	40	10	left	left	1	16	15.094	1060
21	22	4	40	10	left	left	1	14	15.317	914
21	23	4	40	10	left	left	1	11	15.896	692
21	24	4	40	10	left	left	1	10	15.244	656
21	25	4	40	10	right	left	0	11	15.537	708
21	26	4	40	10	left	left	1	12	16.349	734
21	27	4	40	10	right	right	1	15	15.322	979
21	28	4	40	10	right	left	0	10	15.456	647
21	29	4	40	10	right	left	0	9	15.873	567
21	30	4	40	10	right	right	1	9	15.929	565
21	31	4	40	10	right	right	1	11	15.471	711
21	32	4	40	10	right	left	0	9	15.762	571
21	33	4	40	10	right	right	1	12	16.107	745
21	34	4	40	10	left	left	1	15	15.136	991
21	35	4	40	10	left	right	0	9	16.216	555
21	36	4	40	10	right	right	1	14	15.608	897
21	37	4	40	10	left	left	1	14	15.038	931
21	38	4	40	10	right	right	1	13	16.149	805
21	39	4	40	10	left	left	1	18	15.358	1172
21	40	4	40	10	right	right	1	17	15.903	1069
22	1	4	40	10	right	right	1	11	15.449	712
22	2	4	40	10	right	left	0	8	15.717	509
22	3	4	40	10	left	right	0	9	15.177	593
22	4	4	40	10	right	right	1	11	15.988	688
22	5	4	40	10	left	left	1	10	15.924	628
22	6	4	40	10	right	right	1	9	14.851	606
22	7	4	40	10	right	left	0	10	15.408	649
22	8	4	40	10	right	right	1	9	16.275	553
22	9	4	40	10	right	right	1	11	15.493	710
22	10	4	40	10	right	right	1	10	15.48	646
22	11	4	40	10	left	left	1	11	15.235	722
22	12	4	40	10	left	left	1	11	15.131	727
22	13	4	40	10	right	right	1	9	16.917	532
22	14	4	40	10	right	right	1	9	16.187	556
22	15	4	40	10	left	left	1	11	15.515	709
22	16	4	40	10	right	right	1	10	15.198	658
22	17	4	40	10	left	left	1	9	14.851	606
22	18	4	40	10	left	left	1	18	15.734	1144
22	19	4	40	10	left	right	0	9	16.544	544
22	20	4	40	10	right	right	1	11	16.224	678
22	21	4	40	10	left	left	1	9	15.986	563
22	22	4	40	10	left	right	0	10	16.367	611
22	23	4	40	10	right	left	0	7	16.432	426
22	24	4	40	10	right	right	1	10	15.898	629
22	25	4	40	10	right	right	1	19	15.323	1240
22	26	4	40	10	right	left	0	10	16.393	610
22	27	4	40	10	left	right	0	8	16.632	481
22	28	4	40	10	left	left	1	14	15.135	925
22	29	4	40	10	left	left	1	17	15.977	1064
22	30	4	40	10	left	left	1	12	15.345	782
22	31	4	40	10	left	left	1	12	16.194	741
22	32	4	40	10	left	left	1	10	15.015	666
22	33	4	40	10	right	right	1	15	15.924	942
22	34	4	40	10	right	left	0	11	15.782	697
22	35	4	40	10	left	left	1	11	15.068	730
22	36	4	40	10	left	left	1	14	15.521	902
22	37	4	40	10	left	left	1	11	15.449	712
22	38	4	40	10	left	left	1	12	16.349	734
22	39	4	40	10	right	left	0	15	15.432	972
22	40	4	40	10	right	right	1	22	15.681	1403
23	1	4	40	10	left	left	1	14	15.402	909
23	2	4	40	10	right	right	1	9	15.437	583
23	3	4	40	10	right	right	1	14	15.086	928
23	4	4	40	10	right	right	1	13	15.134	859
23	5	4	40	10	left	right	0	16	15.564	1028
23	6	4	40	10	right	right	1	12	15.345	782
23	7	4	40	10	left	left	1	15	15.432	972
23	8	4	40	10	right	right	1	11	15.278	720
23	9	4	40	10	right	right	1	18	15.038	1197
23	10	4	40	10	right	right	1	13	15.815	822
23	11	4	40	10	right	right	1	17	15.539	1094
23	12	4	40	10	right	right	1	17	15.441	1101
23	13	4	40	10	left	left	1	24	15.345	1564
23	14	4	40	10	left	left	1	17	15.525	1095
23	15	4	40	10	right	right	1	13	15.24	853
23	16	4	40	10	left	left	1	18	15.437	1166
23	17	4	40	10	left	left	1	11	15.152	726
23	18	4	40	10	left	left	1	18	15.803	1139
23	19	4	40	10	left	right	0	14	15.168	923
23	20	4	40	10	right	left	0	9	16.453	547
23	21	4	40	10	right	right	1	10	15.083	663
23	22	4	40	10	left	left	1	10	15.552	643
23	23	4	40	10	left	left	1	12	16	750
23	24	4	40	10	right	right	1	10	16.34	612
23	25	4	40	10	right	right	1	13	15.064	863
23	26	4	40	10	right	left	0	21	15.362	1367
23	27	4	40	10	left	left	1	14	15.73	890
23	28	4	40	10	right	right	1	9	14.925	603
23	29	4	40	10	right	left	0	11	15.342	717
23	30	4	40	10	left	left	1	10	16.051	623
23	31	4	40	10	left	right	0	12	16.086	746
23	32	4	40	10	left	left	1	11	15.873	693
23	33	4	40	10	left	left	1	13	15.738	826
23	34	4	40	10	left	left	1	14	15.184	922
23	35	4	40	10	right	right	1	13	16.169	804
23	36	4	40	10	right	right	1	16	15.224	1051
23	37	4	40	10	left	left	1	15	15.48	969
23	38	4	40	10	left	right	0	18	15.152	1188
23	39	4	40	10	right	right	1	12	15.404	779
23	40	4	40	10	left	left	1	11	16.153	681
24	1	4	40	10	left	left	1	14	15.234	919
24	2	4	40	10	left	right	0	12	15.132	793
24	3	4	40	10	right	right	1	16	15.795	1013
24	4	4	40	10	left	left	1	13	16.049	810
24	5	4	40	10	right	right	1	44	15.449	2848
24	6	4	40	10	right	left	0	12	15.666	766
24	7	4	40	10	right	right	1	11	15.827	695
24	8	4	40	10	right	right	1	12	15.873	756
24	9	4	40	10	left	left	1	12	15.748	762
24	10	4	40	10	left	left	1	13	15.33	848
24	11	4	40	10	left	left	1	17	15.726	1081
24	12	4	40	10	right	right	1	14	15.234	919
24	13	4	40	10	left	left	1	11	16.32	674
24	14	4	40	10	right	right	1	10	15.873	630
24	15	4	40	10	left	left	1	13	15.476	840
24	16	4	40	10	left	left	1	13	15.912	817
24	17	4	40	10	right	left	0	15	15.89	944
24	18	4	40	10	left	left	1	10	15.06	664
24	19	4	40	10	left	left	1	12	16.216	740
24	20	4	40	10	right	left	0	13	15.312	849
24	21	4	40	10	left	left	1	10	16.287	614
24	22	4	40	10	left	left	1	11	15.782	697
24	23	4	40	10	left	left	1	13	15.385	845
24	24	4	40	10	right	left	0	16	15.905	1006
24	25	4	40	10	right	right	1	12	15.645	767
24	26	4	40	10	left	left	1	21	15.754	1333
24	27	4	40	10	right	right	1	18	15.491	1162
24	28	4	40	10	right	left	0	14	15.573	899
24	29	4	40	10	right	left	0	14	15.748	889
24	30	4	40	10	left	right	0	19	15.127	1256
24	31	4	40	10	right	right	1	10	15.848	631
24	32	4	40	10	right	right	1	16	15.857	1009
24	33	4	40	10	right	left	0	17	15.903	1069
24	34	4	40	10	right	right	1	8	16.129	496
24	35	4	40	10	left	left	1	17	15.625	1088
24	36	4	40	10	left	right	0	26	15.339	1695
24	37	4	40	10	right	right	1	19	15.498	1226
24	38	4	40	10	right	right	1	18	15.358	1172
24	39	4	40	10	left	left	1	12	15.544	772
24	40	4	40	10	left	left	1	13	14.994	867
