
blkNum	trlNum	coherentDots	numberofDots	percentCoherence	winningDirection	response	correct	eventCount	averageFrameRate	RT
1	1	4	40	10	left	left	1	19	15.044	1263
1	2	4	40	10	left	left	1	27	15.607	1730
1	3	4	40	10	left	right	0	34	15.399	2208
1	4	4	40	10	left	left	1	30	15.432	1944
1	5	4	40	10	left	left	1	35	15.217	2300
1	6	4	40	10	right	right	1	20	15.516	1289
1	7	4	40	10	left	left	1	15	15.291	981
1	8	4	40	10	right	right	1	16	16	1000
1	9	4	40	10	right	right	1	27	15.385	1755
1	10	4	40	10	right	right	1	32	15.422	2075
1	11	4	40	10	right	right	1	22	15.342	1434
1	12	4	40	10	right	right	1	21	15.813	1328
1	13	4	40	10	right	right	1	22	15.57	1413
1	14	4	40	10	left	left	1	42	15.201	2763
1	15	4	40	10	left	left	1	42	15.373	2732
1	16	4	40	10	left	right	0	46	15.354	2996
1	17	4	40	10	right	right	1	34	15.343	2216
1	18	4	40	10	right	right	1	28	15.453	1812
1	19	4	40	10	right	right	1	24	15.414	1557
1	20	4	40	10	left	left	1	19	15.86	1198
1	21	4	40	10	left	left	1	17	15.873	1071
1	22	4	40	10	right	right	1	13	15.99	813
1	23	4	40	10	right	right	1	17	15.918	1068
1	24	4	40	10	right	right	1	19	15.926	1193
1	25	4	40	10	right	right	1	12	15.424	778
1	26	4	40	10	left	left	1	16	16	1000
1	27	4	40	10	right	right	1	24	15.19	1580
1	28	4	40	10	left	left	1	31	15.633	1983
1	29	4	40	10	left	left	1	29	15.467	1875
1	30	4	40	10	right	right	1	13	15.495	839
2	1	4	40	10	left	left	1	27	15.263	1769
2	2	4	40	10	right	right	1	12	15.152	792
2	3	4	40	10	left	left	1	11	15.85	694
2	4	4	40	10	left	left	1	22	15.342	1434
2	5	4	40	10	right	right	1	15	15.353	977
2	6	4	40	10	right	right	1	26	15.294	1700
2	7	4	40	10	right	right	1	13	15.294	850
2	8	4	40	10	left	left	1	12	16.086	746
2	9	4	40	10	right	right	1	15	15.259	983
2	10	4	40	10	right	right	1	30	15.601	1923
2	11	4	40	10	left	left	1	14	15.927	879
2	12	4	40	10	right	right	1	19	15.536	1223
2	13	4	40	10	right	right	1	14	15.608	897
2	14	4	40	10	left	left	1	17	15.483	1098
2	15	4	40	10	left	left	1	21	15.613	1345
2	16	4	40	10	left	left	1	20	15.748	1270
2	17	4	40	10	right	right	1	15	15.89	944
2	18	4	40	10	left	left	1	13	15.421	843
2	19	4	40	10	left	left	1	12	15.564	771
2	20	4	40	10	left	left	1	18	15.831	1137
2	21	4	40	10	right	right	1	23	15.385	1495
2	22	4	40	10	left	left	1	28	15.487	1808
2	23	4	40	10	right	right	1	15	16.009	937
2	24	4	40	10	left	left	1	13	15.588	834
2	25	4	40	10	left	left	1	14	15.873	882
2	26	4	40	10	left	left	1	17	15.814	1075
2	27	4	40	10	right	right	1	13	15.625	832
2	28	4	40	10	right	right	1	28	15.419	1816
2	29	4	40	10	right	left	0	65	15.159	4288
2	30	4	40	10	left	left	1	12	15.524	773
2	31	4	40	10	right	right	1	13	15.719	827
2	32	4	40	10	left	left	1	12	15.404	779
2	33	4	40	10	right	right	1	14	15.891	881
2	34	4	40	10	right	right	1	15	16.129	930
2	35	4	40	10	left	left	1	11	15.193	724
2	36	4	40	10	left	left	1	11	15.449	712
2	37	4	40	10	right	right	1	15	15.167	989
2	38	4	40	10	left	left	1	11	15.278	720
2	39	4	40	10	left	left	1	10	16.75	597
3	1	4	40	10	right	left	0	53	15.287	3467
3	2	4	40	10	right	right	1	16	15.34	1043
3	3	4	40	10	right	right	1	23	15.732	1462
3	4	4	40	10	right	right	1	14	16.241	862
3	5	4	40	10	left	left	1	11	16.591	663
3	6	4	40	10	left	left	1	11	16.105	683
3	7	4	40	10	right	right	1	29	15.385	1885
3	8	4	40	10	left	left	1	10	16.026	624
3	9	4	40	10	left	left	1	18	15.28	1178
3	10	4	40	10	right	right	1	15	15.448	971
3	11	4	40	10	left	left	1	13	16.291	798
3	12	4	40	10	right	left	0	16	15.81	1012
3	13	4	40	10	right	right	1	14	15.402	909
3	14	4	40	10	left	left	1	12	15.171	791
3	15	4	40	10	right	right	1	12	15.365	781
3	16	4	40	10	right	left	0	13	15.854	820
3	17	4	40	10	left	left	1	15	15.496	968
3	18	4	40	10	right	right	1	35	15.494	2259
3	19	4	40	10	left	left	1	15	15.641	959
3	20	4	40	10	right	right	1	53	15.438	3433
3	21	4	40	10	left	left	1	22	15.493	1420
3	22	4	40	10	right	right	1	22	15.603	1410
3	23	4	40	10	left	left	1	25	15.235	1641
3	24	4	40	10	right	right	1	43	15.335	2804
3	25	4	40	10	right	right	1	26	15.412	1687
3	26	4	40	10	right	right	1	28	15.73	1780
3	27	4	40	10	right	right	1	37	15.239	2428
3	28	4	40	10	left	left	1	16	15.094	1060
3	29	4	40	10	right	right	1	16	15.123	1058
3	30	4	40	10	right	right	1	11	15.299	719
3	31	4	40	10	left	left	1	23	15.252	1508
3	32	4	40	10	right	right	1	32	15.173	2109
3	33	4	40	10	right	right	1	12	15.686	765
4	1	4	40	10	left	left	1	24	15.171	1582
4	2	4	40	10	left	left	1	26	15.616	1665
4	3	4	40	10	right	right	1	14	15.385	910
4	4	4	40	10	left	left	1	13	16.25	800
4	5	4	40	10	left	left	1	12	15.645	767
4	6	4	40	10	right	right	1	18	15.345	1173
4	7	4	40	10	right	right	1	19	15.36	1237
4	8	4	40	10	left	left	1	12	15.81	759
4	9	4	40	10	right	right	1	26	15.285	1701
4	10	4	40	10	left	left	1	16	15.474	1034
4	11	4	40	10	right	right	1	11	15.299	719
4	12	4	40	10	left	left	1	13	15.258	852
4	13	4	40	10	left	left	1	16	15.094	1060
4	14	4	40	10	right	right	1	16	15.625	1024
4	15	4	40	10	right	right	1	28	15.512	1805
4	16	4	40	10	right	right	1	17	16.008	1062
4	17	4	40	10	left	left	1	13	16.189	803
4	18	4	40	10	left	left	1	13	16.209	802
4	19	4	40	10	left	left	1	13	16.25	800
4	20	4	40	10	right	right	1	15	15.512	967
4	21	4	40	10	left	left	1	23	15.775	1458
4	22	4	40	10	right	right	1	19	15.498	1226
4	23	4	40	10	left	left	1	12	15.385	780
4	24	4	40	10	right	right	1	12	15.113	794
4	25	4	40	10	right	right	1	18	15.504	1161
4	26	4	40	10	left	left	1	13	16.23	801
4	27	4	40	10	right	right	1	25	15.48	1615
4	28	4	40	10	left	left	1	12	15.248	787
4	29	4	40	10	left	left	1	12	15.769	761
4	30	4	40	10	right	right	1	13	15.644	831
4	31	4	40	10	left	left	1	13	15.663	830
4	32	4	40	10	right	right	1	14	15.521	902
4	33	4	40	10	left	left	1	16	16.016	999
4	34	4	40	10	right	right	1	14	15.855	883
4	35	4	40	10	left	left	1	12	15.385	780
4	36	4	40	10	left	left	1	19	15.103	1258
4	37	4	40	10	left	left	1	12	15.686	765
4	38	4	40	10	right	right	1	11	15.068	730
4	39	4	40	10	left	left	1	12	15.464	776
4	40	4	40	10	left	left	1	36	15.326	2349
4	41	4	40	10	left	left	1	17	15.469	1099
4	42	4	40	10	left	left	1	26	15.458	1682
5	1	4	40	10	left	left	1	21	15.295	1373
5	2	4	40	10	right	right	1	33	15.257	2163
5	3	4	40	10	right	right	1	38	15.391	2469
5	4	4	40	10	right	right	1	42	15.317	2742
5	5	4	40	10	right	right	1	13	15.348	847
5	6	4	40	10	left	left	1	16	16	1000
5	7	4	40	10	left	left	1	16	15.826	1011
5	8	4	40	10	left	left	1	31	15.578	1990
5	9	4	40	10	right	right	1	50	15.342	3259
5	10	4	40	10	left	left	1	12	15.936	753
5	11	4	40	10	right	left	0	40	15.296	2615
5	12	4	40	10	left	left	1	14	15.891	881
5	13	4	40	10	left	left	1	11	15.089	729
5	14	4	40	10	right	right	1	15	16.06	934
5	15	4	40	10	left	left	1	20	15.723	1272
5	16	4	40	10	left	right	0	19	15.286	1243
5	17	4	40	10	right	right	1	65	15.294	4250
5	18	4	40	10	right	right	1	22	15.439	1425
5	19	4	40	10	left	left	1	12	15.464	776
5	20	4	40	10	right	right	1	22	15.385	1430
5	21	4	40	10	left	left	1	11	15.007	733
5	22	4	40	10	left	left	1	13	16.209	802
5	23	4	40	10	left	left	1	12	15.132	793
5	24	4	40	10	left	left	1	11	15.131	727
5	25	4	40	10	right	right	1	16	15.686	1020
5	26	4	40	10	right	right	1	18	15.831	1137
5	27	4	40	10	left	left	1	12	15.152	792
5	28	4	40	10	right	right	1	12	15.365	781
5	29	4	40	10	right	right	1	15	16.234	924
5	30	4	40	10	left	left	1	20	15.564	1285
5	31	4	40	10	left	left	1	12	16.107	745
5	32	4	40	10	left	left	1	12	15.686	765
5	33	4	40	10	right	right	1	18	15.803	1139
5	34	4	40	10	right	right	1	21	15.778	1331
6	1	4	40	10	right	right	1	25	15.413	1622
6	2	4	40	10	right	right	1	12	15.605	769
6	3	4	40	10	right	right	1	10	15.649	639
6	4	4	40	10	left	left	1	11	15.759	698
6	5	4	40	10	right	right	1	16	15.414	1038
6	6	4	40	10	left	left	1	13	16.189	803
6	7	4	40	10	right	right	1	16	15.717	1018
6	8	4	40	10	left	left	1	9	15.901	566
6	9	4	40	10	left	left	1	12	15.81	759
6	10	4	40	10	left	left	1	12	16.021	749
6	11	4	40	10	right	left	0	8	15.094	530
6	12	4	40	10	left	left	1	11	15.827	695
6	13	4	40	10	left	left	1	12	15.564	771
6	14	4	40	10	right	right	1	15	15.74	953
6	15	4	40	10	left	left	1	12	15.894	755
6	16	4	40	10	left	left	1	11	16.517	666
6	17	4	40	10	right	right	1	13	15.258	852
6	18	4	40	10	left	left	1	10	16.367	611
6	19	4	40	10	right	right	1	15	15.416	973
6	20	4	40	10	left	left	1	11	15.428	713
6	21	4	40	10	left	left	1	11	15.342	717
6	22	4	40	10	left	left	1	12	15.113	794
6	23	4	40	10	left	left	1	13	15.777	824
6	24	4	40	10	left	left	1	11	15.625	704
6	25	4	40	10	left	left	1	9	16.187	556
6	26	4	40	10	left	left	1	10	15.924	628
6	27	4	40	10	right	right	1	13	15.33	848
6	28	4	40	10	right	right	1	26	15.485	1679
6	29	4	40	10	left	left	1	10	15.337	652
6	30	4	40	10	left	left	1	15	15.641	959
6	31	4	40	10	left	left	1	13	15.439	842
6	32	4	40	10	left	left	1	15	16.009	937
6	33	4	40	10	right	right	1	29	15.591	1860
6	34	4	40	10	left	left	1	12	16.173	742
6	35	4	40	10	right	right	1	12	15.248	787
6	36	4	40	10	right	right	1	38	15.36	2474
6	37	4	40	10	right	right	1	28	15.393	1819
6	38	4	40	10	right	right	1	26	15.294	1700
6	39	4	40	10	left	left	1	21	15.239	1378
6	40	4	40	10	right	right	1	17	15.755	1079
6	41	4	40	10	right	right	1	12	15.707	764
6	42	4	40	10	right	right	1	37	15.302	2418
6	43	4	40	10	left	left	1	12	15.915	754
6	44	4	40	10	left	left	1	26	15.403	1688
7	1	4	40	10	right	right	1	44	15.395	2858
7	2	4	40	10	left	left	1	11	16.418	670
7	3	4	40	10	left	left	1	12	15.584	770
7	4	4	40	10	left	left	1	68	15.339	4433
7	5	4	40	10	left	left	1	9	16.423	548
7	6	4	40	10	right	right	1	11	16.467	668
7	7	4	40	10	left	left	1	9	15.411	584
7	8	4	40	10	left	left	1	15	15.89	944
7	9	4	40	10	right	right	1	10	15.552	643
7	10	4	40	10	right	right	1	13	16.291	798
7	11	4	40	10	left	left	1	10	15.337	652
7	12	4	40	10	right	right	1	12	15.645	767
7	13	4	40	10	right	right	1	11	16.248	677
7	14	4	40	10	left	left	1	9	15.385	585
7	15	4	40	10	left	left	1	12	15.915	754
7	16	4	40	10	left	left	1	10	15.625	640
7	17	4	40	10	left	left	1	12	16.064	747
7	18	4	40	10	right	right	1	13	15.348	847
7	19	4	40	10	right	right	1	10	15.649	639
7	20	4	40	10	left	left	1	17	15.483	1098
7	21	4	40	10	left	left	1	11	16.369	672
7	22	4	40	10	left	left	1	13	15.276	851
7	23	4	40	10	right	right	1	14	15.419	908
7	24	4	40	10	right	right	1	11	15.537	708
7	25	4	40	10	left	left	1	15	15.991	938
7	26	4	40	10	left	left	1	17	15.829	1074
7	27	4	40	10	right	right	1	14	16.204	864
7	28	4	40	10	left	left	1	18	15.721	1145
7	29	4	40	10	right	right	1	14	15.487	904
7	30	4	40	10	right	right	1	31	15.189	2041
7	31	4	40	10	left	left	1	12	15.484	775
7	32	4	40	10	left	left	1	17	15.785	1077
7	33	4	40	10	left	left	1	11	15.737	699
7	34	4	40	10	left	right	0	31	15.385	2015
7	35	4	40	10	left	left	1	10	15.773	634
7	36	4	40	10	left	left	1	11	15.537	708
7	37	4	40	10	right	right	1	14	16.055	872
7	38	4	40	10	right	left	0	28	15.616	1793
7	39	4	40	10	right	right	1	12	15.345	782
7	40	4	40	10	left	left	1	16	15.81	1012
7	41	4	40	10	right	right	1	16	15.504	1032
7	42	4	40	10	left	left	1	15	15.416	973
8	1	4	40	10	right	right	1	28	15.326	1827
8	2	4	40	10	right	left	0	12	15.524	773
8	3	4	40	10	right	right	1	20	15.349	1303
8	4	4	40	10	left	left	1	11	16.492	667
8	5	4	40	10	right	right	1	13	15.663	830
8	6	4	40	10	right	right	1	16	15.296	1046
8	7	4	40	10	right	right	1	16	15.826	1011
8	8	4	40	10	right	right	1	31	15.633	1983
8	9	4	40	10	right	right	1	18	15.358	1172
8	10	4	40	10	left	left	1	12	15.707	764
8	11	4	40	10	left	left	1	23	15.775	1458
8	12	4	40	10	left	left	1	13	15.588	834
8	13	4	40	10	right	right	1	19	15.612	1217
8	14	4	40	10	left	left	1	12	15.564	771
8	15	4	40	10	left	left	1	14	15.47	905
8	16	4	40	10	left	left	1	13	16.03	811
8	17	4	40	10	right	right	1	13	16.069	809
8	18	4	40	10	left	left	1	12	15.152	792
8	19	4	40	10	left	left	1	14	15.521	902
8	20	4	40	10	right	right	1	22	15.625	1408
8	21	4	40	10	left	left	1	11	16.616	662
8	22	4	40	10	right	right	1	22	15.526	1417
8	23	4	40	10	left	left	1	9	15.625	576
8	24	4	40	10	left	left	1	14	15.487	904
8	25	4	40	10	left	left	1	13	15.294	850
8	26	4	40	10	left	left	1	13	15.439	842
8	27	4	40	10	left	left	1	11	15.11	728
8	28	4	40	10	left	left	1	9	16.393	549
8	29	4	40	10	left	left	1	13	16.149	805
8	30	4	40	10	right	right	1	25	15.207	1644
8	31	4	40	10	left	left	1	21	15.262	1376
8	32	4	40	10	right	right	1	12	15.831	758
8	33	4	40	10	right	right	1	19	15.574	1220
8	34	4	40	10	right	right	1	14	15.964	877
8	35	4	40	10	right	right	1	28	15.436	1814
8	36	4	40	10	right	right	1	13	15.366	846
8	37	4	40	10	left	left	1	16	15.399	1039
8	38	4	40	10	left	left	1	13	15.873	819
8	39	4	40	10	right	right	1	17	15.596	1090
8	40	4	40	10	left	left	1	17	15.977	1064
8	41	4	40	10	right	right	1	15	15.152	990
8	42	4	40	10	right	right	1	31	15.485	2002
9	1	4	40	10	right	right	1	34	15.371	2212
9	2	4	40	10	left	left	1	11	15.471	711
9	3	4	40	10	right	right	1	12	15.424	778
9	4	4	40	10	left	left	1	20	15.152	1320
9	5	4	40	10	left	left	1	11	15.714	700
9	6	4	40	10	right	right	1	12	15.464	776
9	7	4	40	10	left	left	1	14	15.521	902
9	8	4	40	10	right	right	1	14	15.368	911
9	9	4	40	10	right	right	1	23	15.364	1497
9	10	4	40	10	right	right	1	15	15.091	994
9	11	4	40	10	right	right	1	10	15.504	645
9	12	4	40	10	left	left	1	13	15.33	848
9	13	4	40	10	right	right	1	14	16.055	872
9	14	4	40	10	left	left	1	9	15.177	593
9	15	4	40	10	left	left	1	11	15.581	706
9	16	4	40	10	left	left	1	13	15.644	831
9	17	4	40	10	left	left	1	10	15.873	630
9	18	4	40	10	right	right	1	16	15.137	1057
9	19	4	40	10	left	left	1	11	16.616	662
9	20	4	40	10	right	right	1	11	16.345	673
9	21	4	40	10	left	left	1	16	15.311	1045
9	22	4	40	10	right	right	1	11	15.759	698
9	23	4	40	10	left	left	1	10	16.287	614
9	24	4	40	10	left	left	1	13	15.495	839
9	25	4	40	10	right	right	1	14	15.801	886
9	26	4	40	10	right	right	1	19	15.742	1207
9	27	4	40	10	left	left	1	9	16.043	561
9	28	4	40	10	right	right	1	44	15.272	2881
9	29	4	40	10	right	right	1	30	15.593	1924
9	30	4	40	10	left	left	1	13	15.495	839
9	31	4	40	10	right	right	1	14	16.222	863
9	32	4	40	10	right	right	1	15	15.259	983
9	33	4	40	10	left	left	1	16	15.702	1019
9	34	4	40	10	left	left	1	13	15.33	848
9	35	4	40	10	right	right	1	24	15.8	1519
9	36	4	40	10	right	left	0	25	15.684	1594
9	37	4	40	10	left	left	1	18	15.943	1129
9	38	4	40	10	left	left	1	14	15.766	888
9	39	4	40	10	left	left	1	28	15.143	1849
9	40	4	40	10	right	right	1	20	15.129	1322
9	41	4	40	10	left	left	1	16	15.656	1022
9	42	4	40	10	right	right	1	35	15.178	2306
10	1	4	40	10	right	right	1	16	15.733	1017
10	2	4	40	10	left	left	1	11	16.082	684
10	3	4	40	10	right	right	1	12	15.957	752
10	4	4	40	10	right	right	1	12	15.19	790
10	5	4	40	10	left	left	1	10	15.924	628
10	6	4	40	10	left	left	1	10	16.287	614
10	7	4	40	10	left	left	1	15	15.121	992
10	8	4	40	10	left	left	1	16	15.936	1004
10	9	4	40	10	right	right	1	15	16.026	936
10	10	4	40	10	right	right	1	13	16.049	810
10	11	4	40	10	left	left	1	11	16.153	681
10	12	4	40	10	left	left	1	18	16.014	1124
10	13	4	40	10	left	left	1	12	15.094	795
10	14	4	40	10	left	left	1	11	15.759	698
10	15	4	40	10	left	left	1	8	16.461	486
10	16	4	40	10	left	left	1	13	15.834	821
10	17	4	40	10	left	left	1	12	16.043	748
10	18	4	40	10	right	right	1	16	15.238	1050
10	19	4	40	10	right	right	1	17	12.436	1367
10	20	4	40	10	right	right	1	15	15.674	957
10	21	4	40	10	left	left	1	16	15.166	1055
10	22	4	40	10	right	right	1	18	15.679	1148
10	23	4	40	10	left	left	1	17	15.357	1107
10	24	4	40	10	right	right	1	12	15.267	786
10	25	4	40	10	right	right	1	21	15.521	1353
10	26	4	40	10	left	left	1	18	15.666	1149
10	27	4	40	10	left	left	1	15	15.045	997
10	28	4	40	10	left	left	1	16	16	1000
10	29	4	40	10	right	right	1	12	16.238	739
10	30	4	40	10	right	right	1	18	15.831	1137
10	31	4	40	10	right	right	1	20	15.625	1280
10	32	4	40	10	right	right	1	14	15.573	899
10	33	4	40	10	right	right	1	11	15.896	692
10	34	4	40	10	left	right	0	8	15.385	520
10	35	4	40	10	left	left	1	21	15.66	1341
10	36	4	40	10	left	left	1	12	15.424	778
10	37	4	40	10	right	right	1	17	15.288	1112
10	38	4	40	10	left	left	1	24	15.81	1518
10	39	4	40	10	right	right	1	27	15.482	1744
10	40	4	40	10	right	right	1	34	15.247	2230
10	41	4	40	10	left	left	1	15	15.464	970
10	42	4	40	10	left	left	1	12	15.524	773
10	43	4	40	10	right	right	1	19	15.9	1195
11	1	4	40	10	left	left	1	26	15.569	1670
11	2	4	40	10	left	left	1	8	16.032	499
11	3	4	40	10	right	right	1	13	16.049	810
11	4	4	40	10	right	right	1	14	15.334	913
11	5	4	40	10	right	right	1	10	15.361	651
11	6	4	40	10	left	left	1	13	15.834	821
11	7	4	40	10	left	left	1	15	15.432	972
11	8	4	40	10	left	right	0	17	15.302	1111
11	9	4	40	10	right	right	1	16	15.109	1059
11	10	4	40	10	right	right	1	15	15.756	952
11	11	4	40	10	left	left	1	15	15.198	987
11	12	4	40	10	right	right	1	25	15.337	1630
11	13	4	40	10	right	right	1	17	15.712	1082
11	14	4	40	10	left	left	1	11	16.345	673
11	15	4	40	10	right	right	1	21	15.766	1332
11	16	4	40	10	left	left	1	19	15.212	1249
11	17	4	40	10	right	right	1	17	15.469	1099
11	18	4	40	10	left	left	1	10	16.207	617
11	19	4	40	10	left	right	0	15	15.075	995
11	20	4	40	10	right	right	1	13	15.719	827
11	21	4	40	10	left	left	1	10	16.584	603
11	22	4	40	10	left	left	1	11	16.082	684
11	23	4	40	10	left	left	1	13	15.625	832
11	24	4	40	10	right	right	1	15	16.164	928
11	25	4	40	10	left	right	0	15	16.269	922
11	26	4	40	10	left	left	1	18	15.734	1144
11	27	4	40	10	right	right	1	21	15.813	1328
11	28	4	40	10	left	left	1	10	15.337	652
11	29	4	40	10	left	left	1	40	15.343	2607
11	30	4	40	10	left	left	1	26	15.513	1676
11	31	4	40	10	right	right	1	24	15.544	1544
11	32	4	40	10	left	left	1	12	15.424	778
11	33	4	40	10	right	right	1	16	15.37	1041
11	34	4	40	10	right	right	1	12	15.686	765
11	35	4	40	10	right	right	1	26	15.376	1691
11	36	4	40	10	left	left	1	19	15.41	1233
11	37	4	40	10	right	right	1	16	15.34	1043
11	38	4	40	10	left	left	1	26	15.33	1696
11	39	4	40	10	left	left	1	19	15.664	1213
11	40	4	40	10	left	left	1	15	15.385	975
12	1	4	40	10	right	right	1	33	15.327	2153
12	2	4	40	10	right	right	1	11	15.919	691
12	3	4	40	10	right	right	1	11	16.012	687
12	4	4	40	10	right	right	1	12	16.086	746
12	5	4	40	10	right	right	1	14	16.073	871
12	6	4	40	10	right	right	1	13	15.796	823
12	7	4	40	10	left	left	1	13	15.222	854
12	8	4	40	10	left	left	1	31	15.331	2022
12	9	4	40	10	right	right	1	13	15.403	844
12	10	4	40	10	right	right	1	12	16.043	748
12	11	4	40	10	left	left	1	12	15.287	785
12	12	4	40	10	left	left	1	17	15.192	1119
12	13	4	40	10	left	left	1	16	16.016	999
12	14	4	40	10	left	left	1	22	15.172	1450
12	15	4	40	10	left	right	0	10	15.773	634
12	16	4	40	10	right	right	1	36	15.3	2353
12	17	4	40	10	right	right	1	12	15.957	752
12	18	4	40	10	right	right	1	12	15.852	757
12	19	4	40	10	right	right	1	12	15.404	779
12	20	4	40	10	right	right	1	12	15.769	761
12	21	4	40	10	left	left	1	19	15.966	1190
12	22	4	40	10	left	left	1	11	15.647	703
12	23	4	40	10	left	left	1	16	15.81	1012
12	24	4	40	10	left	left	1	14	16.222	863
12	25	4	40	10	left	left	1	31	15.516	1998
12	26	4	40	10	right	right	1	24	15.19	1580
12	27	4	40	10	right	right	1	25	15.47	1616
12	28	4	40	10	left	left	1	22	15.692	1402
12	29	4	40	10	left	left	1	12	15.957	752
12	30	4	40	10	left	left	1	18	15.437	1166
12	31	4	40	10	right	right	1	14	15.801	886
12	32	4	40	10	left	left	1	14	16.241	862
12	33	4	40	10	right	right	1	17	15.639	1087
12	34	4	40	10	left	left	1	18	15.241	1181
12	35	4	40	10	right	right	1	14	15.964	877
12	36	4	40	10	left	left	1	17	15.539	1094
12	37	4	40	10	left	left	1	30	15.275	1964
12	38	4	40	10	left	left	1	15	15.106	993
12	39	4	40	10	right	right	1	13	16.332	796
12	40	4	40	10	left	left	1	11	15.919	691
12	41	4	40	10	left	left	1	28	15.704	1783
13	1	4	40	10	left	left	1	29	15.287	1897
13	2	4	40	10	left	left	1	7	15.487	452
13	3	4	40	10	right	right	1	20	15.129	1322
13	4	4	40	10	right	right	1	32	15.282	2094
13	5	4	40	10	right	right	1	30	15.393	1949
13	6	4	40	10	right	right	1	16	15.61	1025
13	7	4	40	10	left	left	1	12	16.194	741
13	8	4	40	10	left	left	1	13	15.873	819
13	9	4	40	10	left	left	1	22	15.692	1402
13	10	4	40	10	right	right	1	13	16.25	800
13	11	4	40	10	left	left	1	11	15.299	719
13	12	4	40	10	left	left	1	20	15.385	1300
13	13	4	40	10	left	left	1	30	15.504	1935
13	14	4	40	10	left	left	1	18	15.267	1179
13	15	4	40	10	right	right	1	16	15.209	1052
13	16	4	40	10	left	left	1	12	15.306	784
13	17	4	40	10	right	right	1	22	15.204	1447
13	18	4	40	10	left	left	1	12	15.831	758
13	19	4	40	10	right	right	1	15	16.094	932
13	20	4	40	10	right	right	1	13	15.971	814
13	21	4	40	10	right	right	1	12	15.365	781
13	22	4	40	10	right	right	1	14	15.301	915
13	23	4	40	10	right	right	1	14	16.26	861
13	24	4	40	10	right	right	1	13	15.99	813
13	25	4	40	10	right	right	1	14	15.556	900
13	26	4	40	10	left	left	1	14	16.241	862
13	27	4	40	10	left	left	1	26	15.276	1702
13	28	4	40	10	right	right	1	14	16	875
13	29	4	40	10	right	right	1	14	15.982	876
13	30	4	40	10	right	right	1	17	15.329	1109
13	31	4	40	10	right	right	1	26	15.449	1683
13	32	4	40	10	right	right	1	19	15.612	1217
13	33	4	40	10	right	right	1	19	15.298	1242
13	34	4	40	10	right	right	1	18	15.679	1148
13	35	4	40	10	left	left	1	22	15.67	1404
13	36	4	40	10	left	left	1	12	15.113	794
13	37	4	40	10	left	left	1	23	15.447	1489
13	38	4	40	10	left	left	1	20	15.711	1273
13	39	4	40	10	left	left	1	15	15.198	987
13	40	4	40	10	right	right	1	23	15.222	1511
14	1	4	40	10	left	left	1	21	15.766	1332
14	2	4	40	10	right	right	1	15	16.164	928
14	3	4	40	10	left	left	1	11	15.581	706
14	4	4	40	10	left	left	1	10	16.077	622
14	5	4	40	10	right	right	1	30	15.369	1952
14	6	4	40	10	left	left	1	11	16.667	660
14	7	4	40	10	left	left	1	29	15.175	1911
14	8	4	40	10	left	left	1	25	15.684	1594
14	9	4	40	10	right	right	1	12	15.345	782
14	10	4	40	10	left	left	1	11	15.919	691
14	11	4	40	10	left	left	1	16	15.873	1008
14	12	4	40	10	right	right	1	12	15.873	756
14	13	4	40	10	right	right	1	13	15.912	817
14	14	4	40	10	right	right	1	17	15.385	1105
14	15	4	40	10	left	left	1	16	15.889	1007
14	16	4	40	10	right	right	1	21	15.498	1355
14	17	4	40	10	left	left	1	54	15.442	3497
14	18	4	40	10	left	left	1	15	16.234	924
14	19	4	40	10	left	left	1	12	16	750
14	20	4	40	10	right	right	1	16	15.564	1028
14	21	4	40	10	left	right	0	17	15.625	1088
14	22	4	40	10	left	left	1	35	15.224	2299
14	23	4	40	10	left	left	1	11	15.11	728
14	24	4	40	10	left	left	1	11	15.172	725
14	25	4	40	10	left	left	1	19	15.715	1209
14	26	4	40	10	left	right	0	33	15.207	2170
14	27	4	40	10	right	right	1	23	15.614	1473
14	28	4	40	10	right	right	1	16	15.984	1001
14	29	4	40	10	left	left	1	12	15.524	773
14	30	4	40	10	left	left	1	14	15.855	883
14	31	4	40	10	left	left	1	20	15.48	1292
14	32	4	40	10	right	right	1	25	15.328	1631
14	33	4	40	10	left	left	1	11	15.385	715
14	34	4	40	10	right	right	1	17	15.992	1063
14	35	4	40	10	right	right	1	25	15.198	1645
14	36	4	40	10	right	right	1	25	15.694	1593
14	37	4	40	10	left	left	1	11	15.007	733
15	1	4	40	10	left	left	1	24	15.625	1536
15	2	4	40	10	right	right	1	20	15.81	1265
15	3	4	40	10	left	left	1	15	15.06	996
15	4	4	40	10	left	left	1	14	16.204	864
15	5	4	40	10	right	right	1	25	15.244	1640
15	6	4	40	10	right	right	1	12	15.228	788
15	7	4	40	10	left	left	1	12	15.748	762
15	8	4	40	10	right	right	1	25	15.47	1616
15	9	4	40	10	right	right	1	14	15.573	899
15	10	4	40	10	left	left	1	13	15.971	814
15	11	4	40	10	right	right	1	16	15.094	1060
15	12	4	40	10	right	right	1	27	15.689	1721
15	13	4	40	10	right	left	0	22	15.363	1432
15	14	4	40	10	left	left	1	15	15.322	979
15	15	4	40	10	right	right	1	17	15.192	1119
15	16	4	40	10	right	right	1	19	15.755	1206
15	17	4	40	10	left	left	1	12	15.171	791
15	18	4	40	10	left	left	1	11	16.442	669
15	19	4	40	10	right	right	1	13	15.777	824
15	20	4	40	10	right	right	1	22	15.449	1424
15	21	4	40	10	right	right	1	20	15.361	1302
15	22	4	40	10	left	left	1	14	16.018	874
15	23	4	40	10	right	right	1	14	16.298	859
15	24	4	40	10	right	right	1	15	16.112	931
15	25	4	40	10	left	left	1	15	15.291	981
15	26	4	40	10	right	right	1	26	15.691	1657
15	27	4	40	10	right	right	1	16	15.795	1013
15	28	4	40	10	right	right	1	12	16.086	746
15	29	4	40	10	right	right	1	12	16.151	743
15	30	4	40	10	right	right	1	12	15.894	755
15	31	4	40	10	right	right	1	12	15.769	761
15	32	4	40	10	right	right	1	16	15.296	1046
15	33	4	40	10	right	right	1	12	15.404	779
15	34	4	40	10	left	left	1	15	15.213	986
15	35	4	40	10	right	right	1	14	15.267	917
15	36	4	40	10	right	right	1	17	15.755	1079
15	37	4	40	10	right	left	0	13	15.834	821
15	38	4	40	10	left	left	1	12	15.287	785
15	39	4	40	10	left	left	1	21	15.648	1342
15	40	4	40	10	left	left	1	12	16.216	740
15	41	4	40	10	right	right	1	18	15.611	1153
15	42	4	40	10	left	left	1	10	15.823	632
16	1	4	40	10	right	right	1	24	15.199	1579
16	2	4	40	10	right	right	1	16	15.656	1022
16	3	4	40	10	right	left	0	10	15.361	651
16	4	4	40	10	right	right	1	11	15.406	714
16	5	4	40	10	right	right	1	13	15.951	815
16	6	4	40	10	right	right	1	9	15.464	582
16	7	4	40	10	left	left	1	12	15.171	791
16	8	4	40	10	left	left	1	12	16.173	742
16	9	4	40	10	right	right	1	28	15.193	1843
16	10	4	40	10	left	left	1	16	15.08	1061
16	11	4	40	10	right	right	1	12	15.748	762
16	12	4	40	10	left	left	1	13	15.931	816
16	13	4	40	10	right	right	1	16	15.889	1007
16	14	4	40	10	right	right	1	16	15.952	1003
16	15	4	40	10	left	left	1	11	16.2	679
16	16	4	40	10	left	left	1	15	15.576	963
16	17	4	40	10	right	right	1	14	15.945	878
16	18	4	40	10	left	left	1	15	15.275	982
16	19	4	40	10	left	left	1	13	15.169	857
16	20	4	40	10	left	left	1	12	15.287	785
16	21	4	40	10	left	left	1	10	16.26	615
16	22	4	40	10	right	right	1	12	15.287	785
16	23	4	40	10	left	left	1	11	16.591	663
16	24	4	40	10	left	left	1	10	16.393	610
16	25	4	40	10	right	right	1	19	15.69	1211
16	26	4	40	10	right	right	1	23	15.172	1516
16	27	4	40	10	right	right	1	17	15.219	1117
16	28	4	40	10	right	left	0	11	15.193	724
16	29	4	40	10	left	left	1	17	15.888	1070
16	30	4	40	10	right	right	1	15	15.576	963
16	31	4	40	10	right	right	1	22	15.214	1446
16	32	4	40	10	right	left	0	11	15.515	709
16	33	4	40	10	right	right	1	12	15.171	791
16	34	4	40	10	left	left	1	23	15.242	1509
16	35	4	40	10	left	left	1	12	15.666	766
16	36	4	40	10	right	right	1	14	15.837	884
16	37	4	40	10	left	left	1	15	15.674	957
16	38	4	40	10	left	left	1	12	15.957	752
16	39	4	40	10	left	left	1	10	15.699	637
16	40	4	40	10	right	right	1	13	15.476	840
16	41	4	40	10	left	left	1	11	15.131	727
16	42	4	40	10	right	right	1	33	15.25	2164
16	43	4	40	10	left	left	1	51	15.371	3318
17	1	4	40	10	right	right	1	39	15.342	2542
17	2	4	40	10	right	right	1	10	16.207	617
17	3	4	40	10	right	right	1	9	15.986	563
17	4	4	40	10	right	right	1	9	15.734	572
17	5	4	40	10	left	left	1	10	16.529	605
17	6	4	40	10	right	right	1	11	16.224	678
17	7	4	40	10	left	left	1	11	15.581	706
17	8	4	40	10	left	left	1	12	15.19	790
17	9	4	40	10	right	right	1	22	15.31	1437
17	10	4	40	10	right	right	1	11	15.896	692
17	11	4	40	10	right	right	1	13	15.33	848
17	12	4	40	10	left	left	1	11	15.805	696
17	13	4	40	10	left	left	1	15	15.823	948
17	14	4	40	10	right	right	1	13	15.644	831
17	15	4	40	10	right	right	1	18	15.762	1142
17	16	4	40	10	left	left	1	10	14.925	670
17	17	4	40	10	left	left	1	13	15.169	857
17	18	4	40	10	left	left	1	15	15.873	945
17	19	4	40	10	right	right	1	38	15.36	2474
17	20	4	40	10	left	left	1	14	15.837	884
17	21	4	40	10	right	right	1	9	16.605	542
17	22	4	40	10	left	left	1	11	16.641	661
17	23	4	40	10	right	right	1	16	15.748	1016
17	24	4	40	10	right	left	0	22	15.658	1405
17	25	4	40	10	left	left	1	11	16.176	680
17	26	4	40	10	left	left	1	10	16.129	620
17	27	4	40	10	right	right	1	13	15.222	854
17	28	4	40	10	left	left	1	10	16.75	597
17	29	4	40	10	left	left	1	15	15.385	975
17	30	4	40	10	left	left	1	12	15.424	778
17	31	4	40	10	left	left	1	13	15.625	832
17	32	4	40	10	left	left	1	9	15.625	576
17	33	4	40	10	right	right	1	17	15.179	1120
17	34	4	40	10	left	left	1	10	16.26	615
17	35	4	40	10	right	left	0	10	15.408	649
17	36	4	40	10	left	left	1	11	15.603	705
17	37	4	40	10	left	left	1	13	16.311	797
17	38	4	40	10	right	right	1	15	15.56	964
17	39	4	40	10	right	right	1	29	15.239	1903
17	40	4	40	10	left	left	1	9	16.043	561
17	41	4	40	10	left	left	1	11	15.965	689
17	42	4	40	10	left	left	1	12	15.524	773
17	43	4	40	10	right	right	1	14	16	875
17	44	4	40	10	right	right	1	11	15.385	715
17	45	4	40	10	right	right	1	15	15.756	952
17	46	4	40	10	left	left	1	11	15.406	714
18	1	4	40	10	left	left	1	29	15.295	1896
18	2	4	40	10	left	left	1	11	16.296	675
18	3	4	40	10	right	right	1	12	15.504	774
18	4	4	40	10	right	right	1	11	15.896	692
18	5	4	40	10	right	right	1	13	15.931	816
18	6	4	40	10	left	left	1	10	16.026	624
18	7	4	40	10	left	left	1	11	15.406	714
18	8	4	40	10	right	right	1	15	15.275	982
18	9	4	40	10	left	left	1	11	15.428	713
18	10	4	40	10	right	right	1	24	15.257	1573
18	11	4	40	10	right	right	1	11	16.591	663
18	12	4	40	10	left	left	1	12	15.727	763
18	13	4	40	10	right	right	1	15	15.89	944
18	14	4	40	10	left	left	1	9	15.789	570
18	15	4	40	10	left	left	1	12	16.064	747
18	16	4	40	10	right	right	1	12	16.129	744
18	17	4	40	10	right	right	1	13	16.332	796
18	18	4	40	10	right	right	1	12	15.544	772
18	19	4	40	10	right	right	1	13	15.588	834
18	20	4	40	10	right	right	1	11	15.257	721
18	21	4	40	10	right	left	0	15	16.06	934
18	22	4	40	10	right	right	1	15	15.544	965
18	23	4	40	10	left	left	1	13	15.348	847
18	24	4	40	10	right	right	1	13	15.495	839
18	25	4	40	10	right	right	1	15	15.528	966
18	26	4	40	10	left	left	1	14	16.018	874
18	27	4	40	10	right	right	1	23	15.604	1474
18	28	4	40	10	left	left	1	11	15.068	730
18	29	4	40	10	left	left	1	10	16.694	599
18	30	4	40	10	right	right	1	13	15.187	856
18	31	4	40	10	left	left	1	16	15.37	1041
18	32	4	40	10	right	right	1	14	16.11	869
18	33	4	40	10	right	right	1	14	15.251	918
18	34	4	40	10	right	right	1	14	15.927	879
18	35	4	40	10	left	left	1	11	16.566	664
18	36	4	40	10	right	right	1	11	16.105	683
18	37	4	40	10	left	left	1	12	16.151	743
18	38	4	40	10	left	left	1	9	16.423	548
18	39	4	40	10	right	right	1	10	14.948	669
18	40	4	40	10	right	right	1	14	15.625	896
18	41	4	40	10	right	left	0	9	15.177	593
18	42	4	40	10	right	right	1	12	16.129	744
18	43	4	40	10	right	right	1	13	15.24	853
18	44	4	40	10	right	right	1	21	15.754	1333
18	45	4	40	10	right	right	1	22	15.439	1425
18	46	4	40	10	right	right	1	12	15.306	784
18	47	4	40	10	left	left	1	12	16.194	741
18	48	4	40	10	left	left	1	11	16.296	675
19	1	4	40	10	left	left	1	24	15.584	1540
19	2	4	40	10	right	right	1	14	15.677	893
19	3	4	40	10	left	left	1	11	16.418	670
19	4	4	40	10	left	left	1	9	16.245	554
19	5	4	40	10	right	right	1	19	15.397	1234
19	6	4	40	10	left	left	1	9	15.517	580
19	7	4	40	10	right	right	1	11	16.641	661
19	8	4	40	10	left	left	1	10	16.207	617
19	9	4	40	10	left	left	1	12	15.424	778
19	10	4	40	10	left	left	1	11	15.11	728
19	11	4	40	10	left	left	1	9	16.636	541
19	12	4	40	10	left	left	1	10	15.504	645
19	13	4	40	10	right	left	0	9	16.071	560
19	14	4	40	10	right	right	1	8	15.474	517
19	15	4	40	10	right	right	1	24	15.335	1565
19	16	4	40	10	left	left	1	11	15.827	695
19	17	4	40	10	left	left	1	12	15.727	763
19	18	4	40	10	left	left	1	12	15.132	793
19	19	4	40	10	right	right	1	14	16.073	871
19	20	4	40	10	left	left	1	15	16.026	936
19	21	4	40	10	right	right	1	12	15.915	754
19	22	4	40	10	right	right	1	18	15.424	1167
19	23	4	40	10	left	left	1	11	15.11	728
19	24	4	40	10	right	right	1	9	15.28	589
19	25	4	40	10	right	right	1	14	15.677	893
19	26	4	40	10	right	right	1	12	16.327	735
19	27	4	40	10	left	left	1	13	15.55	836
19	28	4	40	10	left	right	0	15	16.112	931
19	29	4	40	10	left	left	1	11	15.257	721
19	30	4	40	10	right	right	1	13	15.366	846
19	31	4	40	10	right	right	1	15	15.4	974
19	32	4	40	10	right	right	1	11	16.153	681
19	33	4	40	10	left	left	1	10	15.699	637
19	34	4	40	10	left	left	1	10	15.848	631
19	35	4	40	10	left	left	1	12	16.086	746
19	36	4	40	10	right	right	1	13	15.951	815
19	37	4	40	10	left	left	1	13	16.291	798
19	38	4	40	10	right	right	1	15	15.416	973
19	39	4	40	10	left	left	1	12	16.304	736
19	40	4	40	10	right	right	1	17	15.206	1118
19	41	4	40	10	right	left	0	12	15.707	764
19	42	4	40	10	left	left	1	15	15.907	943
19	43	4	40	10	left	left	1	28	15.677	1786
19	44	4	40	10	right	right	1	12	15.424	778
19	45	4	40	10	left	left	1	12	15.957	752
19	46	4	40	10	right	right	1	9	16.158	557
19	47	4	40	10	right	right	1	11	15.152	726
19	48	4	40	10	right	right	1	17	15.483	1098
20	1	4	40	10	right	right	1	17	15.455	1100
20	2	4	40	10	left	left	1	12	15.584	770
20	3	4	40	10	left	left	1	9	15.203	592
20	4	4	40	10	left	left	1	18	15.293	1177
20	5	4	40	10	left	left	1	10	16.42	609
20	6	4	40	10	left	right	0	12	16.238	739
20	7	4	40	10	left	left	1	35	15.425	2269
20	8	4	40	10	right	right	1	21	15.602	1346
20	9	4	40	10	left	left	1	10	15.456	647
20	10	4	40	10	right	right	1	17	15.26	1114
20	11	4	40	10	right	right	1	13	15.33	848
20	12	4	40	10	right	right	1	12	15.464	776
20	13	4	40	10	left	left	1	12	16.349	734
20	14	4	40	10	left	left	1	12	15.707	764
20	15	4	40	10	right	right	1	17	15.843	1073
20	16	4	40	10	right	right	1	11	16.012	687
20	17	4	40	10	left	left	1	15	15.839	947
20	18	4	40	10	right	right	1	17	15.329	1109
20	19	4	40	10	left	left	1	11	16.667	660
20	20	4	40	10	left	left	1	8	15.18	527
20	21	4	40	10	right	right	1	14	16.222	863
20	22	4	40	10	right	left	0	17	15.525	1095
20	23	4	40	10	left	left	1	9	15.332	587
20	24	4	40	10	right	right	1	27	15.589	1732
20	25	4	40	10	right	right	1	15	15.974	939
20	26	4	40	10	right	right	1	11	16.058	685
20	27	4	40	10	right	right	1	9	15.385	585
20	28	4	40	10	right	right	1	10	16.835	594
20	29	4	40	10	left	left	1	12	15.404	779
20	30	4	40	10	right	right	1	13	15.758	825
20	31	4	40	10	right	right	1	13	15.205	855
20	32	4	40	10	right	right	1	10	15.649	639
20	33	4	40	10	right	right	1	10	16.393	610
20	34	4	40	10	left	left	1	16	15.094	1060
20	35	4	40	10	right	right	1	13	16.049	810
20	36	4	40	10	right	right	1	15	15.89	944
20	37	4	40	10	right	right	1	20	15.785	1267
20	38	4	40	10	left	left	1	13	15.513	838
20	39	4	40	10	left	left	1	15	15.167	989
20	40	4	40	10	right	left	0	10	16.639	601
20	41	4	40	10	left	left	1	15	15.641	959
20	42	4	40	10	left	left	1	18	15.929	1130
20	43	4	40	10	left	left	1	10	16.207	617
20	44	4	40	10	left	left	1	8	16.293	491
20	45	4	40	10	right	right	1	11	15.965	689
20	46	4	40	10	left	right	0	28	15.444	1813
21	1	4	40	10	left	left	1	22	15.193	1448
21	2	4	40	10	right	right	1	11	16.393	671
21	3	4	40	10	left	left	1	20	15.408	1298
21	4	4	40	10	left	left	1	16	15.195	1053
21	5	4	40	10	right	right	1	17	15.947	1066
21	6	4	40	10	right	right	1	55	15.21	3616
21	7	4	40	10	right	right	1	10	16.694	599
21	8	4	40	10	right	right	1	9	15.598	577
21	9	4	40	10	right	right	1	26	15.312	1698
21	10	4	40	10	right	right	1	11	16.591	663
21	11	4	40	10	right	right	1	11	15.581	706
21	12	4	40	10	left	right	0	9	16.822	535
21	13	4	40	10	left	left	1	19	15.485	1227
21	14	4	40	10	left	left	1	9	15.28	589
21	15	4	40	10	left	left	1	12	15.831	758
21	16	4	40	10	left	left	1	14	16	875
21	17	4	40	10	left	left	1	19	15.886	1196
21	18	4	40	10	left	right	0	22	15.839	1389
21	19	4	40	10	right	right	1	14	16.204	864
21	20	4	40	10	right	right	1	17	15.625	1088
21	21	4	40	10	right	right	1	15	16.199	926
21	22	4	40	10	left	left	1	12	15.625	768
21	23	4	40	10	right	right	1	16	15.905	1006
21	24	4	40	10	left	left	1	11	16.129	682
21	25	4	40	10	right	right	1	13	15.513	838
21	26	4	40	10	right	right	1	12	15.345	782
21	27	4	40	10	left	left	1	13	16.01	812
21	28	4	40	10	right	right	1	13	15.738	826
21	29	4	40	10	right	right	1	15	15.991	938
21	30	4	40	10	right	right	1	12	16.216	740
21	31	4	40	10	right	right	1	11	15.068	730
21	32	4	40	10	right	right	1	13	15.513	838
21	33	4	40	10	left	left	1	10	15.873	630
21	34	4	40	10	left	right	0	13	16.23	801
21	35	4	40	10	left	left	1	13	16.169	804
21	36	4	40	10	right	right	1	16	15.224	1051
21	37	4	40	10	left	left	1	17	15.399	1104
21	38	4	40	10	right	right	1	11	15.647	703
21	39	4	40	10	left	left	1	12	15.404	779
21	40	4	40	10	right	right	1	15	15.48	969
21	41	4	40	10	right	right	1	14	15.837	884
21	42	4	40	10	right	right	1	26	15.578	1669
21	43	4	40	10	right	right	1	14	15.453	906
22	1	4	40	10	left	left	1	24	15.094	1590
22	2	4	40	10	right	right	1	13	16.23	801
22	3	4	40	10	left	left	1	9	16.071	560
22	4	4	40	10	left	left	1	29	15.167	1912
22	5	4	40	10	left	left	1	14	15.556	900
22	6	4	40	10	left	left	1	8	15.238	525
22	7	4	40	10	right	right	1	13	15.854	820
22	8	4	40	10	left	left	1	12	15.873	756
22	9	4	40	10	right	right	1	13	15.758	825
22	10	4	40	10	right	right	1	12	15.444	777
22	11	4	40	10	left	left	1	14	15.642	895
22	12	4	40	10	left	left	1	16	15.152	1056
22	13	4	40	10	right	right	1	14	15.964	877
22	14	4	40	10	left	left	1	11	15.152	726
22	15	4	40	10	right	right	1	14	15.713	891
22	16	4	40	10	left	left	1	10	15.528	644
22	17	4	40	10	right	right	1	13	15.644	831
22	18	4	40	10	left	left	1	12	15.19	790
22	19	4	40	10	left	left	1	13	16.311	797
22	20	4	40	10	left	left	1	10	15.361	651
22	21	4	40	10	right	right	1	11	16.616	662
22	22	4	40	10	right	right	1	15	15.244	984
22	23	4	40	10	left	left	1	16	15.459	1035
22	24	4	40	10	right	right	1	12	15.287	785
22	25	4	40	10	left	left	1	17	15.413	1103
22	26	4	40	10	left	left	1	12	15.365	781
22	27	4	40	10	left	left	1	11	15.214	723
22	28	4	40	10	left	left	1	17	15.858	1072
22	29	4	40	10	left	left	1	11	16.224	678
22	30	4	40	10	left	left	1	15	15.856	946
22	31	4	40	10	right	right	1	13	15.7	828
22	32	4	40	10	left	left	1	12	15.727	763
22	33	4	40	10	left	left	1	11	15.089	729
22	34	4	40	10	right	right	1	21	15.284	1374
22	35	4	40	10	right	right	1	11	15.385	715
22	36	4	40	10	left	left	1	12	15.957	752
22	37	4	40	10	left	left	1	17	15.329	1109
22	38	4	40	10	right	right	1	14	16.279	860
22	39	4	40	10	right	right	1	13	15.532	837
22	40	4	40	10	left	left	1	19	15.273	1244
22	41	4	40	10	left	left	1	15	15.789	950
22	42	4	40	10	right	right	1	17	15.274	1113
22	43	4	40	10	left	left	1	11	15.449	712
22	44	4	40	10	left	left	1	15	15.56	964
22	45	4	40	10	right	right	1	12	15.979	751
22	46	4	40	10	left	left	1	12	15.228	788
22	47	4	40	10	left	left	1	17	15.933	1067
23	1	4	40	10	left	left	1	44	15.342	2868
23	2	4	40	10	left	left	1	11	16.566	664
23	3	4	40	10	left	right	0	13	16.03	811
23	4	4	40	10	right	right	1	13	16.109	807
23	5	4	40	10	left	left	1	12	16.173	742
23	6	4	40	10	right	right	1	17	15.357	1107
23	7	4	40	10	left	left	1	10	15.773	634
23	8	4	40	10	left	left	1	11	16.467	668
23	9	4	40	10	left	right	0	17	15.639	1087
23	10	4	40	10	right	right	1	14	15.891	881
23	11	4	40	10	right	right	1	25	15.225	1642
23	12	4	40	10	left	left	1	11	16.418	670
23	13	4	40	10	left	left	1	10	16.393	610
23	14	4	40	10	left	left	1	12	16.216	740
23	15	4	40	10	right	right	1	11	16.541	665
23	16	4	40	10	right	right	1	12	15.228	788
23	17	4	40	10	right	right	1	10	16.393	610
23	18	4	40	10	right	right	1	10	16.34	612
23	19	4	40	10	right	right	1	25	15.413	1622
23	20	4	40	10	left	left	1	14	15.873	882
23	21	4	40	10	right	right	1	12	16.26	738
23	22	4	40	10	left	left	1	12	15.625	768
23	23	4	40	10	left	left	1	19	15.055	1262
23	24	4	40	10	left	left	1	15	15.369	976
23	25	4	40	10	left	left	1	13	15.873	819
23	26	4	40	10	right	right	1	14	16.148	867
23	27	4	40	10	right	right	1	15	15.322	979
23	28	4	40	10	right	right	1	11	15.67	702
23	29	4	40	10	left	left	1	16	15.459	1035
23	30	4	40	10	right	right	1	10	15.649	639
23	31	4	40	10	left	left	1	14	15.73	890
23	32	4	40	10	left	left	1	11	15.737	699
23	33	4	40	10	left	left	1	28	15.292	1831
23	34	4	40	10	right	right	1	12	15.464	776
23	35	4	40	10	left	left	1	13	16.291	798
23	36	4	40	10	left	left	1	15	15.544	965
23	37	4	40	10	left	left	1	12	16.129	744
23	38	4	40	10	right	right	1	10	16.529	605
23	39	4	40	10	left	left	1	12	16.151	743
23	40	4	40	10	right	right	1	10	15.528	644
23	41	4	40	10	right	right	1	12	15.645	767
23	42	4	40	10	left	left	1	12	15.524	773
23	43	4	40	10	right	right	1	14	15.436	907
23	44	4	40	10	left	left	1	11	15.193	724
23	45	4	40	10	left	left	1	15	15.873	945
23	46	4	40	10	right	right	1	11	15.406	714
24	1	4	40	10	right	right	1	23	15.678	1467
24	2	4	40	10	left	left	1	10	15.748	635
24	3	4	40	10	left	left	1	15	15.924	942
24	4	4	40	10	right	right	1	14	16.055	872
24	5	4	40	10	left	left	1	16	15.137	1057
24	6	4	40	10	right	right	1	11	15.85	694
24	7	4	40	10	left	left	1	13	15.439	842
24	8	4	40	10	left	left	1	12	15.444	777
24	9	4	40	10	right	right	1	13	16.109	807
24	10	4	40	10	right	right	1	15	15.924	942
24	11	4	40	10	left	left	1	12	15.306	784
24	12	4	40	10	right	right	1	12	16.327	735
24	13	4	40	10	right	right	1	16	15.564	1028
24	14	4	40	10	right	right	1	18	15.504	1161
24	15	4	40	10	left	left	1	12	15.769	761
24	16	4	40	10	left	left	1	16	15.779	1014
24	17	4	40	10	left	left	1	14	15.436	907
24	18	4	40	10	right	right	1	12	15.365	781
24	19	4	40	10	right	right	1	10	15.748	635
24	20	4	40	10	left	left	1	14	15.385	910
24	21	4	40	10	right	right	1	14	15.927	879
24	22	4	40	10	right	right	1	15	16.164	928
24	23	4	40	10	left	left	1	12	15.267	786
24	24	4	40	10	left	left	1	13	15.205	855
24	25	4	40	10	left	left	1	19	14.66	1296
24	26	4	40	10	left	right	0	22	15.614	1409
24	27	4	40	10	right	right	1	13	15.403	844
24	28	4	40	10	left	left	1	15	15.69	956
24	29	4	40	10	right	right	1	18	15.319	1175
24	30	4	40	10	right	right	1	11	15.988	688
24	31	4	40	10	left	left	1	15	15.69	956
24	32	4	40	10	right	right	1	10	16.474	607
24	33	4	40	10	right	right	1	13	15.476	840
24	34	4	40	10	right	right	1	12	15.645	767
24	35	4	40	10	left	left	1	12	15.209	789
24	36	4	40	10	left	left	1	15	15.06	996
24	37	4	40	10	right	right	1	16	15.764	1015
24	38	4	40	10	left	left	1	10	16.129	620
24	39	4	40	10	right	right	1	17	15.77	1078
24	40	4	40	10	left	right	0	14	15.695	892
24	41	4	40	10	right	right	1	11	16.345	673
24	42	4	40	10	right	right	1	11	16.616	662
24	43	4	40	10	right	right	1	9	16.791	536
24	44	4	40	10	left	left	1	11	15.988	688
24	45	4	40	10	right	left	0	19	15.574	1220
24	46	4	40	10	right	right	1	11	15.919	691
