
blkNum	trlNum	coherentDots	numberofDots	percentCoherence	winningDirection	response	correct	eventCount	averageFrameRate	RT
1	1	4	40	10	left	left	1	274	15.196	18031
1	2	4	40	10	right	right	1	15	15.89	944
1	3	4	40	10	right	left	0	17	15.483	1098
1	4	4	40	10	right	right	1	35	15.425	2269
1	5	4	40	10	right	right	1	26	15.541	1673
1	6	4	40	10	left	left	1	14	15.385	910
1	7	4	40	10	left	left	1	13	15.625	832
1	8	4	40	10	left	left	1	14	15.504	903
1	9	4	40	10	left	left	1	12	15.789	760
1	10	4	40	10	left	left	1	15	16.06	934
1	11	4	40	10	left	left	1	17	15.625	1088
1	12	4	40	10	right	right	1	12	15.345	782
1	13	4	40	10	left	right	0	13	16.311	797
1	14	4	40	10	right	left	0	8	15.625	512
1	15	4	40	10	right	right	1	11	15.027	732
1	16	4	40	10	left	right	0	13	16.069	809
1	17	4	40	10	left	left	1	14	15.556	900
1	18	4	40	10	left	right	0	34	15.199	2237
1	19	4	40	10	right	left	0	11	16.418	670
1	20	4	40	10	right	right	1	12	16.349	734
1	21	4	40	10	left	left	1	13	16.189	803
1	22	4	40	10	left	left	1	17	15.611	1089
1	23	4	40	10	right	right	1	13	15.931	816
1	24	4	40	10	left	left	1	13	15.348	847
1	25	4	40	10	left	right	0	13	15.644	831
1	26	4	40	10	right	left	0	5	16.287	307
1	27	4	40	10	right	right	1	6	16.949	354
1	28	4	40	10	right	left	0	16	15.195	1053
1	29	4	40	10	left	right	0	32	15.511	2063
1	30	4	40	10	left	left	1	11	15.385	715
1	31	4	40	10	right	right	1	22	15.548	1415
1	32	4	40	10	right	left	0	12	15.228	788
1	33	4	40	10	right	right	1	13	16.089	808
1	34	4	40	10	left	right	0	33	15.64	2110
1	35	4	40	10	right	right	1	14	15.837	884
1	36	4	40	10	right	right	1	15	15.823	948
1	37	4	40	10	right	right	1	11	16.591	663
1	38	4	40	10	right	left	0	15	15.856	946
1	39	4	40	10	left	right	0	9	15.598	577
1	40	4	40	10	left	right	0	24	15.554	1543
2	1	4	40	10	right	right	1	19	15.755	1206
2	2	4	40	10	right	right	1	10	15.456	647
2	3	4	40	10	right	right	1	8	16.064	498
2	4	4	40	10	right	left	0	14	15.334	913
2	5	4	40	10	left	right	0	5	16.502	303
2	6	4	40	10	left	right	0	9	16.129	558
2	7	4	40	10	right	left	0	6	17.291	347
2	8	4	40	10	right	right	1	10	16.779	596
2	9	4	40	10	right	left	0	9	16.158	557
2	10	4	40	10	right	right	1	12	15.915	754
2	11	4	40	10	left	right	0	11	15.988	688
2	12	4	40	10	left	right	0	6	16.62	361
2	13	4	40	10	left	right	0	11	15.603	705
2	14	4	40	10	right	left	0	8	16.878	474
2	15	4	40	10	left	right	0	6	17.964	334
2	16	4	40	10	left	right	0	33	15.471	2133
2	17	4	40	10	left	left	1	8	15.779	507
2	18	4	40	10	right	right	1	11	15.428	713
2	19	4	40	10	left	right	0	27	15.571	1734
2	20	4	40	10	left	left	1	12	15.769	761
2	21	4	40	10	right	right	1	8	17.021	470
2	22	4	40	10	left	left	1	10	16.129	620
2	23	4	40	10	left	right	0	12	15.666	766
2	24	4	40	10	right	left	0	6	16.26	369
2	25	4	40	10	right	left	0	17	15.947	1066
2	26	4	40	10	right	right	1	9	16.423	548
2	27	4	40	10	left	right	0	8	15.748	508
2	28	4	40	10	left	left	1	7	16.204	432
2	29	4	40	10	right	left	0	12	15.504	774
2	30	4	40	10	left	right	0	5	17.857	280
2	31	4	40	10	left	left	1	6	15.385	390
2	32	4	40	10	right	right	1	8	15.094	530
2	33	4	40	10	right	right	1	9	16.014	562
2	34	4	40	10	left	right	0	7	16.706	419
2	35	4	40	10	right	left	0	7	16.317	429
2	36	4	40	10	left	right	0	5	17.921	279
2	37	4	40	10	right	tooFast	2	4	19.512	205
2	38	4	40	10	left	left	1	12	15.769	761
2	39	4	40	10	left	right	0	14	15.385	910
2	40	4	40	10	right	left	0	17	15.903	1069
3	1	4	40	10	right	right	1	15	15.496	968
3	2	4	40	10	right	right	1	11	16.105	683
3	3	4	40	10	right	right	1	12	15.484	775
3	4	4	40	10	right	right	1	10	15.924	628
3	5	4	40	10	left	right	0	11	15.647	703
3	6	4	40	10	left	left	1	6	15	400
3	7	4	40	10	left	right	0	33	15.138	2180
3	8	4	40	10	left	left	1	6	18.127	331
3	9	4	40	10	left	left	1	8	15.686	510
3	10	4	40	10	left	left	1	6	17.241	348
3	11	4	40	10	left	left	1	5	17.361	288
3	12	4	40	10	right	right	1	9	16.76	537
3	13	4	40	10	right	right	1	9	16.514	545
3	14	4	40	10	left	left	1	30	15.56	1928
3	15	4	40	10	right	right	1	20	15.576	1284
3	16	4	40	10	left	left	1	11	15.647	703
3	17	4	40	10	right	right	1	9	16.423	548
3	18	4	40	10	right	left	0	11	15.896	692
3	19	4	40	10	left	right	0	6	15.424	389
3	20	4	40	10	right	tooFast	2	4	18.1	221
3	21	4	40	10	right	left	0	9	15.789	570
3	22	4	40	10	right	right	1	10	16.26	615
3	23	4	40	10	right	right	1	11	15.782	697
3	24	4	40	10	right	right	1	10	16.103	621
3	25	4	40	10	left	right	0	9	15.437	583
3	26	4	40	10	right	left	0	11	15.873	693
3	27	4	40	10	left	right	0	6	15.075	398
3	28	4	40	10	left	left	1	7	15.945	439
3	29	4	40	10	right	left	0	10	15.314	653
3	30	4	40	10	left	right	0	6	17.192	349
3	31	4	40	10	left	right	0	5	15.773	317
3	32	4	40	10	left	left	1	10	15.152	660
3	33	4	40	10	left	left	1	10	15.267	655
3	34	4	40	10	right	left	0	8	15.094	530
3	35	4	40	10	right	right	1	6	17.493	343
3	36	4	40	10	left	right	0	9	15.598	577
3	37	4	40	10	right	left	0	5	15.674	319
3	38	4	40	10	left	right	0	5	17.921	279
3	39	4	40	10	right	left	0	11	15.692	701
3	40	4	40	10	left	left	1	20	15.552	1286
4	1	4	40	10	left	right	0	7	16.667	420
4	2	4	40	10	right	left	0	6	15.075	398
4	3	4	40	10	left	tooFast	2	4	17.937	223
4	4	4	40	10	right	right	1	9	16.216	555
4	5	4	40	10	right	right	1	11	15.714	700
4	6	4	40	10	left	right	0	11	16.012	687
4	7	4	40	10	right	left	0	19	15.833	1200
4	8	4	40	10	left	right	0	5	15.385	325
4	9	4	40	10	left	right	0	18	15.901	1132
4	10	4	40	10	right	left	0	10	16.026	624
4	11	4	40	10	right	right	1	26	15.267	1703
4	12	4	40	10	left	left	1	14	15.538	901
4	13	4	40	10	left	right	0	11	16.035	686
4	14	4	40	10	right	left	0	11	16.2	679
4	15	4	40	10	right	tooFast	2	4	16.667	240
4	16	4	40	10	right	right	1	9	15.957	564
4	17	4	40	10	left	right	0	14	15.538	901
4	18	4	40	10	left	left	1	10	16.807	595
4	19	4	40	10	left	left	1	7	16.317	429
4	20	4	40	10	left	right	0	58	15.417	3762
4	21	4	40	10	right	left	0	6	15.873	378
4	22	4	40	10	right	right	1	10	15.552	643
4	23	4	40	10	left	left	1	9	16.158	557
4	24	4	40	10	left	left	1	21	15.373	1366
4	25	4	40	10	right	left	0	11	15.919	691
4	26	4	40	10	right	right	1	10	16.129	620
4	27	4	40	10	right	left	0	9	16.364	550
4	28	4	40	10	left	right	0	11	15.559	707
4	29	4	40	10	right	right	1	11	15.896	692
4	30	4	40	10	left	right	0	10	15.432	648
4	31	4	40	10	right	left	0	8	16.667	480
4	32	4	40	10	left	right	0	7	17.032	411
4	33	4	40	10	left	right	0	18	15.789	1140
4	34	4	40	10	right	left	0	7	16.787	417
4	35	4	40	10	left	right	0	10	15.385	650
4	36	4	40	10	right	left	0	15	15.106	993
4	37	4	40	10	right	right	1	15	15.48	969
4	38	4	40	10	left	right	0	10	16.556	604
4	39	4	40	10	right	left	0	7	15.021	466
4	40	4	40	10	left	tooFast	2	4	19.512	205
5	1	4	40	10	left	right	0	34	15.385	2210
5	2	4	40	10	left	left	1	14	16.018	874
5	3	4	40	10	right	left	0	28	15.259	1835
5	4	4	40	10	left	right	0	4	15.625	256
5	5	4	40	10	right	left	0	12	16	750
5	6	4	40	10	right	right	1	6	16.26	369
5	7	4	40	10	right	right	1	14	15.284	916
5	8	4	40	10	left	right	0	12	15.19	790
5	9	4	40	10	left	right	0	6	15.915	377
5	10	4	40	10	left	right	0	5	17.73	282
5	11	4	40	10	left	right	0	5	17.857	280
5	12	4	40	10	left	left	1	6	15.075	398
5	13	4	40	10	right	left	0	27	15.67	1723
5	14	4	40	10	left	tooFast	2	3	15.152	198
5	15	4	40	10	right	right	1	7	16.787	417
5	16	4	40	10	right	right	1	12	15.504	774
5	17	4	40	10	left	right	0	7	16.055	436
5	18	4	40	10	left	left	1	16	15.779	1014
5	19	4	40	10	right	left	0	11	16.153	681
5	20	4	40	10	right	left	0	27	15.679	1722
5	21	4	40	10	right	right	1	15	15.167	989
5	22	4	40	10	right	right	1	13	15.931	816
5	23	4	40	10	left	left	1	29	15.5	1871
5	24	4	40	10	right	right	1	27	15.544	1737
5	25	4	40	10	left	left	1	25	15.48	1615
5	26	4	40	10	left	right	0	40	15.468	2586
5	27	4	40	10	left	left	1	10	14.97	668
5	28	4	40	10	left	right	0	12	15.979	751
5	29	4	40	10	right	right	1	19	15.51	1225
5	30	4	40	10	right	left	0	16	15.952	1003
5	31	4	40	10	right	right	1	11	16.082	684
5	32	4	40	10	right	right	1	10	15.848	631
5	33	4	40	10	left	right	0	9	15.385	585
5	34	4	40	10	right	left	0	11	15.827	695
5	35	4	40	10	right	right	1	9	16.544	544
5	36	4	40	10	right	left	0	15	16.181	927
5	37	4	40	10	left	right	0	6	17.91	335
5	38	4	40	10	right	left	0	6	15.385	390
5	39	4	40	10	left	right	0	4	15.686	255
5	40	4	40	10	left	tooFast	2	3	17.341	173
6	1	4	40	10	right	right	1	11	16.393	671
6	2	4	40	10	right	right	1	11	15.759	698
6	3	4	40	10	right	right	1	11	16.224	678
6	4	4	40	10	right	right	1	10	15.773	634
6	5	4	40	10	right	right	1	10	16.556	604
6	6	4	40	10	left	right	0	10	15.674	638
6	7	4	40	10	left	left	1	8	15.474	517
6	8	4	40	10	left	left	1	11	16.442	669
6	9	4	40	10	right	left	0	7	16.827	416
6	10	4	40	10	left	right	0	6	17.391	345
6	11	4	40	10	right	tooFast	2	3	16.949	177
6	12	4	40	10	left	left	1	7	16.667	420
6	13	4	40	10	left	left	1	7	16.471	425
6	14	4	40	10	right	left	0	6	15.075	398
6	15	4	40	10	right	right	1	4	15.686	255
6	16	4	40	10	left	right	0	7	15.625	448
6	17	4	40	10	right	right	1	6	16.949	354
6	18	4	40	10	left	right	0	24	15.727	1526
6	19	4	40	10	left	left	1	7	16.393	427
6	20	4	40	10	right	right	1	14	15.351	912
6	21	4	40	10	left	right	0	10	16.393	610
6	22	4	40	10	right	tooFast	2	4	18.519	216
6	23	4	40	10	left	right	0	6	16.129	372
6	24	4	40	10	right	left	0	6	15.152	396
6	25	4	40	10	left	right	0	10	15.48	646
6	26	4	40	10	left	left	1	13	15.99	813
6	27	4	40	10	right	right	1	16	15.686	1020
6	28	4	40	10	right	left	0	12	15.287	785
6	29	4	40	10	right	right	1	6	17.647	340
6	30	4	40	10	left	right	0	12	15.979	751
6	31	4	40	10	right	left	0	10	16.42	609
6	32	4	40	10	right	tooFast	2	4	17.857	224
6	33	4	40	10	right	right	1	8	16.227	493
6	34	4	40	10	left	right	0	6	17.291	347
6	35	4	40	10	right	right	1	5	16.287	307
6	36	4	40	10	left	right	0	6	15.748	381
6	37	4	40	10	left	left	1	8	15.209	526
6	38	4	40	10	left	right	0	17	15.539	1094
6	39	4	40	10	left	right	0	11	15.089	729
6	40	4	40	10	left	left	1	14	16.298	859
7	1	4	40	10	right	left	0	13	16.291	798
7	2	4	40	10	left	right	0	16	15.717	1018
7	3	4	40	10	left	tooFast	2	4	18.957	211
7	4	4	40	10	left	left	1	15	15.773	951
7	5	4	40	10	right	right	1	22	15.342	1434
7	6	4	40	10	left	left	1	12	16.129	744
7	7	4	40	10	left	right	0	11	15.493	710
7	8	4	40	10	right	right	1	9	16.1	559
7	9	4	40	10	left	left	1	10	15.456	647
7	10	4	40	10	right	right	1	10	16.835	594
7	11	4	40	10	right	left	0	27	15.315	1763
7	12	4	40	10	left	right	0	11	15.299	719
7	13	4	40	10	left	left	1	10	16.207	617
7	14	4	40	10	left	right	0	10	14.993	667
7	15	4	40	10	right	left	0	12	15.248	787
7	16	4	40	10	left	right	0	6	16.76	358
7	17	4	40	10	right	left	0	5	15.337	326
7	18	4	40	10	left	right	0	9	15.491	581
7	19	4	40	10	right	left	0	11	15.385	715
7	20	4	40	10	left	right	0	13	16.169	804
7	21	4	40	10	right	left	0	14	16.204	864
7	22	4	40	10	right	left	0	28	15.582	1797
7	23	4	40	10	left	right	0	24	15.676	1531
7	24	4	40	10	right	left	0	24	15.142	1585
7	25	4	40	10	right	right	1	6	16.26	369
7	26	4	40	10	right	right	1	11	16.272	676
7	27	4	40	10	right	right	1	10	15.244	656
7	28	4	40	10	right	right	1	8	16.842	475
7	29	4	40	10	left	right	0	8	15.123	529
7	30	4	40	10	left	left	1	25	15.337	1630
7	31	4	40	10	left	right	0	13	15.738	826
7	32	4	40	10	right	left	0	10	15.291	654
7	33	4	40	10	left	right	0	7	15.419	454
7	34	4	40	10	right	right	1	9	15.625	576
7	35	4	40	10	left	left	1	15	15.873	945
7	36	4	40	10	right	right	1	11	16.667	660
7	37	4	40	10	left	left	1	10	16.26	615
7	38	4	40	10	left	right	0	9	15.598	577
7	39	4	40	10	right	left	0	6	16.043	374
7	40	4	40	10	right	right	1	7	16.867	415
8	1	4	40	10	left	right	0	9	16.76	537
8	2	4	40	10	right	left	0	6	16.438	365
8	3	4	40	10	right	right	1	6	15.748	381
8	4	4	40	10	right	right	1	11	16.743	657
8	5	4	40	10	left	right	0	9	15.957	564
8	6	4	40	10	right	left	0	9	15.358	586
8	7	4	40	10	right	right	1	8	15.385	520
8	8	4	40	10	left	left	1	15	15.121	992
8	9	4	40	10	left	left	1	7	15.801	443
8	10	4	40	10	right	left	0	6	17.857	336
8	11	4	40	10	right	tooFast	2	3	17.857	168
8	12	4	40	10	right	left	0	6	17.751	338
8	13	4	40	10	right	right	1	9	16.729	538
8	14	4	40	10	left	right	0	10	15.385	650
8	15	4	40	10	left	right	0	6	18.127	331
8	16	4	40	10	right	left	0	5	15.974	313
8	17	4	40	10	right	tooFast	2	4	19.139	209
8	18	4	40	10	right	right	1	7	15.453	453
8	19	4	40	10	left	right	0	7	16.129	434
8	20	4	40	10	left	left	1	7	15.766	444
8	21	4	40	10	right	right	1	11	15.581	706
8	22	4	40	10	left	left	1	10	15.48	646
8	23	4	40	10	right	right	1	9	16.043	561
8	24	4	40	10	right	left	0	6	17.391	345
8	25	4	40	10	right	right	1	9	16.043	561
8	26	4	40	10	right	right	1	6	14.963	401
8	27	4	40	10	left	right	0	9	16.636	541
8	28	4	40	10	right	tooFast	2	4	17.094	234
8	29	4	40	10	left	right	0	9	16.575	543
8	30	4	40	10	left	right	0	9	16.667	540
8	31	4	40	10	left	left	1	7	16.827	416
8	32	4	40	10	left	left	1	10	14.97	668
8	33	4	40	10	left	left	1	9	15.873	567
8	34	4	40	10	right	left	0	7	17.157	408
8	35	4	40	10	left	right	0	6	15.267	393
8	36	4	40	10	right	tooFast	2	4	18.957	211
8	37	4	40	10	left	left	1	7	17.5	400
8	38	4	40	10	left	right	0	7	16.706	419
8	39	4	40	10	left	tooFast	2	4	19.512	205
8	40	4	40	10	left	left	1	6	17.804	337
9	1	4	40	10	right	right	1	9	16.216	555
9	2	4	40	10	left	right	0	9	15.762	571
9	3	4	40	10	right	tooFast	2	4	19.139	209
9	4	4	40	10	left	right	0	9	16.917	532
9	5	4	40	10	left	left	1	8	15.123	529
9	6	4	40	10	right	left	0	11	15.257	721
9	7	4	40	10	left	right	0	5	15.528	322
9	8	4	40	10	right	left	0	10	15.576	642
9	9	4	40	10	right	right	1	9	15.598	577
9	10	4	40	10	left	right	0	10	16.584	603
9	11	4	40	10	right	tooFast	2	3	15.544	193
9	12	4	40	10	left	left	1	5	15.385	325
9	13	4	40	10	right	left	0	26	15.412	1687
9	14	4	40	10	right	right	1	15	15.48	969
9	15	4	40	10	right	right	1	31	15.461	2005
9	16	4	40	10	right	left	0	14	15.73	890
9	17	4	40	10	right	left	0	83	15.257	5440
9	18	4	40	10	left	right	0	5	17.668	283
9	19	4	40	10	right	left	0	7	15.909	440
9	20	4	40	10	left	right	0	6	16.216	370
9	21	4	40	10	right	right	1	8	16.563	483
9	22	4	40	10	left	left	1	13	15.606	833
9	23	4	40	10	right	left	0	9	15.817	569
9	24	4	40	10	left	tooFast	2	4	19.417	206
9	25	4	40	10	right	right	1	8	15.355	521
9	26	4	40	10	right	left	0	9	15.598	577
9	27	4	40	10	left	tooFast	2	3	17.045	176
9	28	4	40	10	left	right	0	8	15.296	523
9	29	4	40	10	left	left	1	6	16	375
9	30	4	40	10	right	left	0	11	15.919	691
9	31	4	40	10	left	left	1	8	15.748	508
9	32	4	40	10	left	left	1	9	16.698	539
9	33	4	40	10	right	left	0	11	16.296	675
9	34	4	40	10	left	right	0	5	18.182	275
9	35	4	40	10	right	tooFast	2	4	16.064	249
9	36	4	40	10	left	left	1	9	15.254	590
9	37	4	40	10	left	left	1	11	16.012	687
9	38	4	40	10	left	left	1	13	15.873	819
9	39	4	40	10	right	left	0	14	16.166	866
9	40	4	40	10	left	right	0	12	16.327	735
10	1	4	40	10	left	left	1	13	15.834	821
10	2	4	40	10	right	left	0	10	16.129	620
10	3	4	40	10	left	left	1	8	16.842	475
10	4	4	40	10	left	left	1	18	15.929	1130
10	5	4	40	10	left	left	1	11	15.428	713
10	6	4	40	10	right	left	0	8	16.227	493
10	7	4	40	10	right	right	1	7	15.317	457
10	8	4	40	10	left	right	0	8	15.656	511
10	9	4	40	10	left	left	1	7	15.521	451
10	10	4	40	10	right	right	1	19	15.612	1217
10	11	4	40	10	right	left	0	8	16.598	482
10	12	4	40	10	right	right	1	13	16.291	798
10	13	4	40	10	right	left	0	22	15.406	1428
10	14	4	40	10	right	right	1	18	15.306	1176
10	15	4	40	10	right	right	1	13	15.495	839
10	16	4	40	10	right	right	1	13	15.205	855
10	17	4	40	10	right	right	1	10	15.848	631
10	18	4	40	10	right	right	1	13	16.069	809
10	19	4	40	10	left	right	0	8	15.385	520
10	20	4	40	10	right	left	0	7	16.055	436
10	21	4	40	10	right	right	1	8	15.656	511
10	22	4	40	10	left	left	1	11	16.418	670
10	23	4	40	10	left	right	0	10	15.408	649
10	24	4	40	10	left	left	1	6	16.26	369
10	25	4	40	10	right	left	0	6	15.152	396
10	26	4	40	10	left	tooFast	2	4	19.417	206
10	27	4	40	10	right	right	1	6	16.949	354
10	28	4	40	10	left	left	1	14	15.402	909
10	29	4	40	10	left	left	1	13	15.366	846
10	30	4	40	10	left	left	1	12	16.173	742
10	31	4	40	10	left	left	1	14	15.284	916
10	32	4	40	10	left	left	1	11	15.342	717
10	33	4	40	10	left	left	1	10	15.974	626
10	34	4	40	10	right	left	0	10	16.103	621
10	35	4	40	10	left	left	1	14	15.419	908
10	36	4	40	10	left	left	1	13	15.834	821
10	37	4	40	10	right	right	1	19	15.164	1253
10	38	4	40	10	right	right	1	19	15.237	1247
10	39	4	40	10	right	right	1	12	16.107	745
10	40	4	40	10	left	left	1	14	15.801	886
11	1	4	40	10	right	right	1	14	15.964	877
11	2	4	40	10	right	left	0	14	15.964	877
11	3	4	40	10	right	right	1	5	16.722	299
11	4	4	40	10	left	left	1	15	15.291	981
11	5	4	40	10	right	right	1	17	15.962	1065
11	6	4	40	10	left	left	1	14	15.521	902
11	7	4	40	10	left	right	0	14	16.204	864
11	8	4	40	10	left	left	1	6	15.113	397
11	9	4	40	10	left	left	1	11	15.257	721
11	10	4	40	10	left	left	1	13	15.682	829
11	11	4	40	10	left	left	1	11	15.873	693
11	12	4	40	10	right	left	0	13	16.069	809
11	13	4	40	10	left	right	0	9	15.734	572
11	14	4	40	10	right	left	0	8	16.064	498
11	15	4	40	10	left	right	0	4	15.326	261
11	16	4	40	10	right	left	0	9	16.698	539
11	17	4	40	10	left	right	0	8	15.625	512
11	18	4	40	10	right	left	0	9	15.734	572
11	19	4	40	10	left	right	0	16	15.595	1026
11	20	4	40	10	left	left	1	12	15.094	795
11	21	4	40	10	right	right	1	19	15.82	1201
11	22	4	40	10	right	right	1	18	15.28	1178
11	23	4	40	10	left	left	1	10	15.361	651
11	24	4	40	10	right	right	1	9	15.901	566
11	25	4	40	10	right	left	0	9	15.254	590
11	26	4	40	10	left	right	0	15	15.291	981
11	27	4	40	10	right	left	0	64	15.278	4189
11	28	4	40	10	right	right	1	8	15.18	527
11	29	4	40	10	left	left	1	22	15.374	1431
11	30	4	40	10	right	left	0	12	16.021	749
11	31	4	40	10	left	right	0	10	16.447	608
11	32	4	40	10	left	left	1	5	15.337	326
11	33	4	40	10	right	left	0	14	15.748	889
11	34	4	40	10	right	right	1	11	15.32	718
11	35	4	40	10	right	left	0	13	16.209	802
11	36	4	40	10	left	right	0	7	16.279	430
11	37	4	40	10	right	left	0	8	15.873	504
11	38	4	40	10	left	left	1	10	15.723	636
11	39	4	40	10	left	left	1	9	15.679	574
11	40	4	40	10	right	left	0	12	15.306	784
12	1	4	40	10	left	right	0	8	16.227	493
12	2	4	40	10	left	tooFast	2	4	19.048	210
12	3	4	40	10	left	left	1	5	15.773	317
12	4	4	40	10	left	left	1	13	16.109	807
12	5	4	40	10	right	left	0	13	15.222	854
12	6	4	40	10	left	left	1	9	16.917	532
12	7	4	40	10	left	left	1	14	15.713	891
12	8	4	40	10	right	right	1	15	15.823	948
12	9	4	40	10	left	left	1	10	16.502	606
12	10	4	40	10	left	left	1	11	15.278	720
12	11	4	40	10	left	left	1	11	15.342	717
12	12	4	40	10	right	left	0	7	17.115	409
12	13	4	40	10	right	right	1	7	15.251	459
12	14	4	40	10	right	left	0	13	15.912	817
12	15	4	40	10	left	left	1	11	15.007	733
12	16	4	40	10	right	left	0	12	15.584	770
12	17	4	40	10	left	right	0	5	15.385	325
12	18	4	40	10	right	left	0	5	18.116	276
12	19	4	40	10	right	right	1	4	15.504	258
12	20	4	40	10	right	left	0	14	15.573	899
12	21	4	40	10	left	right	0	200	15.187	13169
12	22	4	40	10	left	tooFast	2	3	18.634	161
12	23	4	40	10	left	left	1	6	14.851	404
12	24	4	40	10	right	right	1	6	17.804	337
12	25	4	40	10	left	left	1	5	16.667	300
12	26	4	40	10	right	right	1	6	15.385	390
12	27	4	40	10	right	left	0	4	15.564	257
12	28	4	40	10	left	right	0	5	17.007	294
12	29	4	40	10	right	left	0	5	16.611	301
12	30	4	40	10	right	right	1	6	15.831	379
12	31	4	40	10	left	left	1	15	15.907	943
12	32	4	40	10	right	right	1	8	15.595	513
12	33	4	40	10	right	left	0	6	15.915	377
12	34	4	40	10	right	right	1	4	15.564	257
12	35	4	40	10	left	left	1	6	18.182	330
12	36	4	40	10	left	right	0	8	15.238	525
12	37	4	40	10	left	tooFast	2	3	19.481	154
12	38	4	40	10	right	left	0	6	17.241	348
12	39	4	40	10	right	tooFast	2	4	19.512	205
12	40	4	40	10	right	tooFast	2	4	17.241	232
13	1	4	40	10	left	right	0	15	15.576	963
13	2	4	40	10	right	left	0	5	17.73	282
13	3	4	40	10	left	right	0	5	15.974	313
13	4	4	40	10	right	left	0	6	15.957	376
13	5	4	40	10	right	right	1	5	15.576	321
13	6	4	40	10	right	right	1	7	15.801	443
13	7	4	40	10	left	right	0	8	16.36	489
13	8	4	40	10	left	left	1	10	16.779	596
13	9	4	40	10	right	left	0	11	15.85	694
13	10	4	40	10	left	tooFast	2	3	16.393	183
13	11	4	40	10	left	right	0	7	15.054	465
13	12	4	40	10	left	left	1	6	17.647	340
13	13	4	40	10	right	left	0	5	15.674	319
13	14	4	40	10	right	tooFast	2	3	15.789	190
13	15	4	40	10	right	left	0	10	16.639	601
13	16	4	40	10	right	right	1	58	15.267	3799
13	17	4	40	10	left	left	1	6	17.291	347
13	18	4	40	10	left	right	0	7	15.982	438
13	19	4	40	10	left	tooFast	2	4	17.778	225
13	20	4	40	10	right	right	1	6	17.192	349
13	21	4	40	10	left	left	1	6	17.857	336
13	22	4	40	10	right	right	1	5	16.34	306
13	23	4	40	10	right	left	0	5	15.432	324
13	24	4	40	10	left	tooFast	2	1	19.608	51
13	25	4	40	10	right	right	1	6	17.291	347
13	26	4	40	10	right	left	0	6	15.385	390
13	27	4	40	10	left	right	0	7	15.909	440
13	28	4	40	10	left	left	1	10	15.221	657
13	29	4	40	10	right	right	1	11	16.442	669
13	30	4	40	10	left	left	1	9	16.544	544
13	31	4	40	10	right	right	1	10	16.474	607
13	32	4	40	10	left	left	1	11	16.743	657
13	33	4	40	10	right	right	1	11	15.027	732
13	34	4	40	10	left	right	0	15	16.146	929
13	35	4	40	10	left	left	1	7	16.509	424
13	36	4	40	10	left	right	0	8	15.238	525
13	37	4	40	10	right	left	0	5	16.779	298
13	38	4	40	10	left	right	0	5	18.382	272
13	39	4	40	10	right	tooFast	2	3	17.241	174
13	40	4	40	10	right	right	1	5	15.576	321
14	1	4	40	10	left	right	0	6	16	375
14	2	4	40	10	left	left	1	5	16.077	311
14	3	4	40	10	right	right	1	7	16.787	417
14	4	4	40	10	right	left	0	6	16.76	358
14	5	4	40	10	right	tooFast	2	3	15.152	198
14	6	4	40	10	left	right	0	6	16.575	362
14	7	4	40	10	right	left	0	6	18.182	330
14	8	4	40	10	right	tooFast	2	3	15.464	194
14	9	4	40	10	left	right	0	13	16.129	806
14	10	4	40	10	right	left	0	6	16.997	353
14	11	4	40	10	right	right	1	4	15.564	257
14	12	4	40	10	left	right	0	10	16.207	617
14	13	4	40	10	right	tooFast	2	3	15	200
14	14	4	40	10	right	right	1	6	17.291	347
14	15	4	40	10	left	left	1	9	15.228	591
14	16	4	40	10	right	right	1	13	15.931	816
14	17	4	40	10	left	left	1	10	15.456	647
14	18	4	40	10	left	right	0	6	16.901	355
14	19	4	40	10	right	left	0	5	17.241	290
14	20	4	40	10	left	right	0	5	17.857	280
14	21	4	40	10	left	left	1	5	15.674	319
14	22	4	40	10	left	left	1	10	15.798	633
14	23	4	40	10	right	left	0	8	15.534	515
14	24	4	40	10	right	tooFast	2	3	17.857	168
14	25	4	40	10	right	right	1	6	16.216	370
14	26	4	40	10	right	left	0	6	16.043	374
14	27	4	40	10	left	tooFast	2	3	16.484	182
14	28	4	40	10	left	right	0	6	15.915	377
14	29	4	40	10	right	left	0	7	17.073	410
14	30	4	40	10	left	right	0	11	16.692	659
14	31	4	40	10	right	left	0	8	16.293	491
14	32	4	40	10	right	tooFast	2	4	17.937	223
14	33	4	40	10	left	left	1	10	16.155	619
14	34	4	40	10	left	left	1	6	16.807	357
14	35	4	40	10	left	left	1	6	17.442	344
14	36	4	40	10	right	left	0	7	16.706	419
14	37	4	40	10	left	right	0	5	16.181	309
14	38	4	40	10	left	left	1	6	15.789	380
14	39	4	40	10	right	left	0	10	16.667	600
14	40	4	40	10	left	right	0	5	17.986	278
15	1	4	40	10	right	left	0	9	15.491	581
15	2	4	40	10	right	right	1	6	16.901	355
15	3	4	40	10	right	right	1	9	16.605	542
15	4	4	40	10	right	right	1	16	15.534	1030
15	5	4	40	10	right	left	0	8	15.534	515
15	6	4	40	10	left	right	0	6	17.442	344
15	7	4	40	10	left	left	1	6	15.306	392
15	8	4	40	10	right	right	1	7	15.487	452
15	9	4	40	10	right	left	0	6	14.963	401
15	10	4	40	10	right	right	1	5	15.528	322
15	11	4	40	10	left	right	0	6	16.854	356
15	12	4	40	10	left	tooFast	2	4	16.393	244
15	13	4	40	10	left	left	1	119	15.223	7817
15	14	4	40	10	left	left	1	5	16.667	300
15	15	4	40	10	right	right	1	341	14.978	22766
15	16	4	40	10	right	left	0	5	16.892	296
15	17	4	40	10	right	tooFast	2	4	18.018	222
15	18	4	40	10	left	right	0	6	17.341	346
15	19	4	40	10	right	right	1	13	15.294	850
15	20	4	40	10	right	left	0	10	16.835	594
15	21	4	40	10	left	right	0	8	16.949	472
15	22	4	40	10	left	left	1	7	17.032	411
15	23	4	40	10	left	left	1	8	15.414	519
15	24	4	40	10	left	left	1	7	16.509	424
15	25	4	40	10	right	left	0	6	15.464	388
15	26	4	40	10	left	right	0	4	15.81	253
15	27	4	40	10	left	left	1	4	15.936	251
15	28	4	40	10	right	left	0	10	16.155	619
15	29	4	40	10	left	left	1	5	15.48	323
15	30	4	40	10	left	right	0	15	15.416	973
15	31	4	40	10	left	right	0	11	15.342	717
15	32	4	40	10	right	left	0	8	15.686	510
15	33	4	40	10	left	right	0	6	17.751	338
15	34	4	40	10	right	left	0	10	15.798	633
15	35	4	40	10	left	right	0	13	15.33	848
15	36	4	40	10	right	left	0	9	16.158	557
15	37	4	40	10	left	right	0	8	15.326	522
15	38	4	40	10	right	left	0	39	15.336	2543
15	39	4	40	10	right	right	1	5	16.949	295
15	40	4	40	10	left	right	0	7	15.054	465
16	1	4	40	10	right	left	0	8	15.326	522
16	2	4	40	10	left	right	0	5	17.483	286
16	3	4	40	10	left	left	1	9	15.28	589
16	4	4	40	10	left	left	1	9	15.901	566
16	5	4	40	10	left	left	1	9	16.334	551
16	6	4	40	10	left	left	1	10	16.051	623
16	7	4	40	10	right	left	0	10	16	625
16	8	4	40	10	left	right	0	6	16.349	367
16	9	4	40	10	right	left	0	5	15.625	320
16	10	4	40	10	right	right	1	8	16.949	472
16	11	4	40	10	left	right	0	13	16.109	807
16	12	4	40	10	right	left	0	7	15.317	457
16	13	4	40	10	right	right	1	6	16.438	365
16	14	4	40	10	right	right	1	10	15.823	632
16	15	4	40	10	right	left	0	8	16.064	498
16	16	4	40	10	right	right	1	6	15.075	398
16	17	4	40	10	left	right	0	9	15.789	570
16	18	4	40	10	left	left	1	5	16.892	296
16	19	4	40	10	right	left	0	9	16.729	538
16	20	4	40	10	left	tooFast	2	3	20.134	149
16	21	4	40	10	right	right	1	10	16.234	616
16	22	4	40	10	right	right	1	9	15.789	570
16	23	4	40	10	left	right	0	8	15.534	515
16	24	4	40	10	left	left	1	5	15.674	319
16	25	4	40	10	left	left	1	9	15.385	585
16	26	4	40	10	right	left	0	8	16.293	491
16	27	4	40	10	right	tooFast	2	3	15.152	198
16	28	4	40	10	right	left	0	7	16.746	418
16	29	4	40	10	left	right	0	7	16.99	412
16	30	4	40	10	right	left	0	7	15.73	445
16	31	4	40	10	left	left	1	20	15.625	1280
16	32	4	40	10	left	left	1	9	15.332	587
16	33	4	40	10	right	left	0	7	16.99	412
16	34	4	40	10	right	right	1	6	15.075	398
16	35	4	40	10	left	right	0	6	15.873	378
16	36	4	40	10	right	left	0	7	16.092	435
16	37	4	40	10	left	right	0	6	17.192	349
16	38	4	40	10	right	left	0	6	18.018	333
16	39	4	40	10	left	right	0	4	15.873	252
16	40	4	40	10	left	left	1	5	17.241	290
17	1	4	40	10	left	left	1	5	15.773	317
17	2	4	40	10	right	right	1	12	16.327	735
17	3	4	40	10	right	right	1	11	16.272	676
17	4	4	40	10	left	left	1	8	15.873	504
17	5	4	40	10	left	right	0	9	15.437	583
17	6	4	40	10	left	tooFast	2	4	18.779	213
17	7	4	40	10	right	left	0	5	15.974	313
17	8	4	40	10	right	right	1	6	15.625	384
17	9	4	40	10	right	right	1	9	15.957	564
17	10	4	40	10	left	left	1	8	16.227	493
17	11	4	40	10	right	right	1	9	15.517	580
17	12	4	40	10	right	left	0	7	15.184	461
17	13	4	40	10	left	right	0	6	17.442	344
17	14	4	40	10	left	tooFast	2	3	17.045	176
17	15	4	40	10	right	right	1	5	18.727	267
17	16	4	40	10	right	left	0	11	15.714	700
17	17	4	40	10	right	right	1	5	18.051	277
17	18	4	40	10	left	right	0	9	16.393	549
17	19	4	40	10	left	left	1	17	15.357	1107
17	20	4	40	10	right	right	1	10	15.408	649
17	21	4	40	10	left	left	1	10	15.528	644
17	22	4	40	10	right	right	1	7	17.157	408
17	23	4	40	10	right	left	0	10	15.337	652
17	24	4	40	10	left	tooFast	2	4	17.621	227
17	25	4	40	10	left	right	0	9	15.625	576
17	26	4	40	10	left	left	1	8	15.238	525
17	27	4	40	10	right	left	0	11	15.342	717
17	28	4	40	10	right	right	1	12	15.326	783
17	29	4	40	10	left	right	0	12	15.209	789
17	30	4	40	10	right	left	0	6	15	400
17	31	4	40	10	left	right	0	6	14.925	402
17	32	4	40	10	left	right	0	9	15.986	563
17	33	4	40	10	left	left	1	9	15.385	585
17	34	4	40	10	right	left	0	11	16.129	682
17	35	4	40	10	left	right	0	10	16.181	618
17	36	4	40	10	right	left	0	6	17.804	337
17	37	4	40	10	right	right	1	6	16.997	353
17	38	4	40	10	left	left	1	9	16.917	532
17	39	4	40	10	right	right	1	10	16.556	604
17	40	4	40	10	left	left	1	12	16.327	735
18	1	4	40	10	right	right	1	11	16.058	685
18	2	4	40	10	right	left	0	10	16.207	617
18	3	4	40	10	left	right	0	5	16.077	311
18	4	4	40	10	left	right	0	5	15.723	318
18	5	4	40	10	right	left	0	6	16.438	365
18	6	4	40	10	right	right	1	13	15.222	854
18	7	4	40	10	left	left	1	11	16.616	662
18	8	4	40	10	left	right	0	8	15.123	529
18	9	4	40	10	right	left	0	6	16.393	366
18	10	4	40	10	left	right	0	4	15.267	262
18	11	4	40	10	left	left	1	8	16.26	492
18	12	4	40	10	left	right	0	13	16.209	802
18	13	4	40	10	right	left	0	11	15.692	701
18	14	4	40	10	right	right	1	5	16.129	310
18	15	4	40	10	left	right	0	11	16.369	672
18	16	4	40	10	left	left	1	5	15.576	321
18	17	4	40	10	right	left	0	11	15.048	731
18	18	4	40	10	right	tooFast	2	4	16.327	245
18	19	4	40	10	left	right	0	6	18.237	329
18	20	4	40	10	right	left	0	81	15.269	5305
18	21	4	40	10	right	right	1	401	15.19	26399
18	22	4	40	10	left	right	0	4	15.152	264
18	23	4	40	10	left	left	1	5	16.556	302
18	24	4	40	10	left	left	1	5	16.026	312
18	25	4	40	10	right	left	0	6	17.804	337
18	26	4	40	10	right	right	1	5	16.892	296
18	27	4	40	10	left	left	1	7	16.129	434
18	28	4	40	10	left	right	0	6	16.349	367
18	29	4	40	10	right	tooFast	2	3	19.737	152
18	30	4	40	10	left	left	1	5	16.34	306
18	31	4	40	10	left	left	1	6	17.647	340
18	32	4	40	10	right	left	0	6	17.91	335
18	33	4	40	10	left	right	0	5	15.723	318
18	34	4	40	10	right	tooFast	2	4	17.391	230
18	35	4	40	10	left	right	0	6	17.341	346
18	36	4	40	10	right	left	0	8	16.327	490
18	37	4	40	10	left	right	0	4	15.267	262
18	38	4	40	10	right	left	0	6	17.241	348
18	39	4	40	10	right	right	1	6	15.789	380
18	40	4	40	10	right	left	0	8	15.152	528
19	1	4	40	10	left	right	0	11	15.131	727
19	2	4	40	10	left	left	1	11	16.369	672
19	3	4	40	10	left	left	1	10	16.129	620
19	4	4	40	10	right	right	1	9	15.254	590
19	5	4	40	10	right	left	0	8	15.656	511
19	6	4	40	10	left	right	0	6	17.291	347
19	7	4	40	10	right	left	0	6	16.901	355
19	8	4	40	10	right	right	1	10	16.584	603
19	9	4	40	10	right	right	1	6	14.815	405
19	10	4	40	10	right	right	1	13	15.458	841
19	11	4	40	10	right	left	0	7	15.317	457
19	12	4	40	10	left	right	0	6	18.072	332
19	13	4	40	10	right	left	0	5	16.287	307
19	14	4	40	10	left	right	0	5	18.797	266
19	15	4	40	10	right	left	0	6	15.957	376
19	16	4	40	10	right	right	1	6	16.26	369
19	17	4	40	10	left	right	0	10	15.723	636
19	18	4	40	10	left	tooFast	2	3	16.76	179
19	19	4	40	10	left	left	1	9	15.228	591
19	20	4	40	10	left	right	0	8	16.949	472
19	21	4	40	10	right	left	0	6	16.173	371
19	22	4	40	10	right	right	1	7	15.801	443
19	23	4	40	10	right	right	1	11	16.541	665
19	24	4	40	10	right	right	1	9	16.698	539
19	25	4	40	10	left	right	0	15	15.974	939
19	26	4	40	10	left	left	1	7	17.073	410
19	27	4	40	10	left	left	1	14	16.073	871
19	28	4	40	10	right	left	0	9	15.873	567
19	29	4	40	10	right	right	1	5	17.065	293
19	30	4	40	10	right	right	1	14	15.927	879
19	31	4	40	10	right	right	1	8	16.129	496
19	32	4	40	10	left	right	0	13	15.971	814
19	33	4	40	10	right	left	0	5	18.248	274
19	34	4	40	10	left	right	0	5	16.393	305
19	35	4	40	10	left	left	1	5	17.857	280
19	36	4	40	10	left	left	1	8	15.842	505
19	37	4	40	10	left	right	0	8	16.129	496
19	38	4	40	10	right	tooFast	2	4	18.868	212
19	39	4	40	10	left	left	1	7	16.204	432
19	40	4	40	10	left	left	1	10	16.103	621
20	1	4	40	10	right	right	1	9	15.789	570
20	2	4	40	10	left	left	1	17	15.247	1115
20	3	4	40	10	right	right	1	11	15.942	690
20	4	4	40	10	right	right	1	12	16.173	742
20	5	4	40	10	left	right	0	19	15.485	1227
20	6	4	40	10	left	left	1	10	15.408	649
20	7	4	40	10	right	right	1	9	16.917	532
20	8	4	40	10	right	left	0	9	15.957	564
20	9	4	40	10	left	right	0	6	15.873	378
20	10	4	40	10	right	left	0	5	17.182	291
20	11	4	40	10	right	right	1	11	15.089	729
20	12	4	40	10	right	left	0	12	16.173	742
20	13	4	40	10	left	right	0	7	16.867	415
20	14	4	40	10	left	tooFast	2	3	19.608	153
20	15	4	40	10	right	right	1	9	15.762	571
20	16	4	40	10	left	left	1	11	15.363	716
20	17	4	40	10	left	right	0	11	15.625	704
20	18	4	40	10	left	right	0	10	16.181	618
20	19	4	40	10	left	left	1	6	15	400
20	20	4	40	10	left	right	0	10	15.337	652
20	21	4	40	10	right	left	0	6	16.529	363
20	22	4	40	10	right	right	1	6	14.888	403
20	23	4	40	10	right	left	0	9	16.791	536
20	24	4	40	10	left	right	0	9	16.636	541
20	25	4	40	10	right	tooFast	2	3	15.544	193
20	26	4	40	10	right	right	1	6	15.424	389
20	27	4	40	10	right	left	0	10	16.42	609
20	28	4	40	10	left	right	0	5	17.361	288
20	29	4	40	10	left	left	1	7	17.903	391
20	30	4	40	10	left	left	1	11	15.559	707
20	31	4	40	10	right	left	0	13	15.205	855
20	32	4	40	10	left	right	0	5	18.116	276
20	33	4	40	10	left	right	0	55	15.135	3634
20	34	4	40	10	right	right	1	109	15.245	7150
20	35	4	40	10	right	left	0	6	16	375
20	36	4	40	10	left	right	0	7	15.625	448
20	37	4	40	10	left	left	1	6	15.504	387
20	38	4	40	10	right	right	1	10	16.26	615
20	39	4	40	10	right	right	1	12	15.444	777
20	40	4	40	10	left	right	0	11	15.827	695
21	1	4	40	10	left	left	1	8	15.385	520
21	2	4	40	10	left	left	1	7	15.086	464
21	3	4	40	10	right	left	0	7	15.695	446
21	4	4	40	10	left	tooFast	2	3	15.625	192
21	5	4	40	10	left	left	1	5	18.116	276
21	6	4	40	10	right	right	1	6	14.815	405
21	7	4	40	10	right	left	0	9	15.177	593
21	8	4	40	10	right	right	1	6	17.91	335
21	9	4	40	10	right	right	1	7	15.021	466
21	10	4	40	10	left	right	0	9	15.411	584
21	11	4	40	10	right	tooFast	2	3	15.873	189
21	12	4	40	10	left	right	0	9	16.304	552
21	13	4	40	10	left	left	1	19	15.067	1261
21	14	4	40	10	right	left	0	10	15.649	639
21	15	4	40	10	right	tooFast	2	4	18.605	215
21	16	4	40	10	right	left	0	10	15.552	643
21	17	4	40	10	left	right	0	6	17.341	346
21	18	4	40	10	left	left	1	6	17.751	338
21	19	4	40	10	right	right	1	10	15.898	629
21	20	4	40	10	right	left	0	8	15.873	504
21	21	4	40	10	right	right	1	6	17.241	348
21	22	4	40	10	right	right	1	12	16.151	743
21	23	4	40	10	right	left	0	6	18.072	332
21	24	4	40	10	right	right	1	5	15.823	316
21	25	4	40	10	left	right	0	9	16.129	558
21	26	4	40	10	left	right	0	5	17.182	291
21	27	4	40	10	left	right	0	5	15.974	313
21	28	4	40	10	left	left	1	6	15.306	392
21	29	4	40	10	right	right	1	10	15.723	636
21	30	4	40	10	left	left	1	11	15.827	695
21	31	4	40	10	left	right	0	8	16.032	499
21	32	4	40	10	left	left	1	6	17.094	351
21	33	4	40	10	left	right	0	12	16.086	746
21	34	4	40	10	left	left	1	7	16.355	428
21	35	4	40	10	right	left	0	8	16.097	497
21	36	4	40	10	left	tooFast	2	4	18.779	213
21	37	4	40	10	right	right	1	7	16.471	425
21	38	4	40	10	right	right	1	10	16.103	621
21	39	4	40	10	right	right	1	11	16.012	687
21	40	4	40	10	left	right	0	6	15.504	387
22	1	4	40	10	right	left	0	6	16.901	355
22	2	4	40	10	right	tooFast	2	4	18.265	219
22	3	4	40	10	left	right	0	6	17.493	343
22	4	4	40	10	left	left	1	5	17.921	279
22	5	4	40	10	right	left	0	11	16.153	681
22	6	4	40	10	left	tooFast	2	4	17.778	225
22	7	4	40	10	right	right	1	6	16.76	358
22	8	4	40	10	left	left	1	7	17.157	408
22	9	4	40	10	left	left	1	6	16.086	373
22	10	4	40	10	left	left	1	7	15.909	440
22	11	4	40	10	right	right	1	11	15.32	718
22	12	4	40	10	right	right	1	10	16.367	611
22	13	4	40	10	right	right	1	11	15.342	717
22	14	4	40	10	left	right	0	15	15.873	945
22	15	4	40	10	left	left	1	5	16.447	304
22	16	4	40	10	right	left	0	8	15.564	514
22	17	4	40	10	right	tooFast	2	3	17.143	175
22	18	4	40	10	right	right	1	5	17.73	282
22	19	4	40	10	right	right	1	16	15.81	1012
22	20	4	40	10	left	right	0	20	15.723	1272
22	21	4	40	10	right	left	0	5	16.077	311
22	22	4	40	10	right	tooFast	2	4	16.26	246
22	23	4	40	10	left	left	1	6	16.529	363
22	24	4	40	10	left	left	1	8	16.194	494
22	25	4	40	10	left	left	1	9	15.929	565
22	26	4	40	10	right	right	1	12	16.173	742
22	27	4	40	10	right	right	1	9	15.762	571
22	28	4	40	10	left	right	0	8	15.748	508
22	29	4	40	10	left	left	1	4	15.152	264
22	30	4	40	10	left	left	1	10	16.42	609
22	31	4	40	10	left	left	1	10	15.949	627
22	32	4	40	10	right	left	0	9	16.886	533
22	33	4	40	10	right	right	1	5	15.528	322
22	34	4	40	10	left	right	0	9	16.423	548
22	35	4	40	10	left	left	1	6	15.915	377
22	36	4	40	10	left	left	1	5	17.065	293
22	37	4	40	10	right	left	0	6	17.964	334
22	38	4	40	10	right	right	1	5	16.129	310
22	39	4	40	10	left	right	0	6	16.304	368
22	40	4	40	10	right	tooFast	2	3	15	200
23	1	4	40	10	right	left	0	5	17.668	283
23	2	4	40	10	right	right	1	39	15.519	2513
23	3	4	40	10	right	right	1	9	15.762	571
23	4	4	40	10	right	right	1	19	15.36	1237
23	5	4	40	10	left	left	1	12	16.173	742
23	6	4	40	10	left	right	0	13	16.332	796
23	7	4	40	10	left	left	1	11	16.369	672
23	8	4	40	10	right	right	1	12	15.727	763
23	9	4	40	10	right	left	0	7	16.827	416
23	10	4	40	10	right	right	1	6	16.949	354
23	11	4	40	10	right	left	0	7	16.018	437
23	12	4	40	10	right	right	1	10	16.26	615
23	13	4	40	10	left	right	0	25	15.538	1609
23	14	4	40	10	left	left	1	6	15.228	394
23	15	4	40	10	left	left	1	13	16.291	798
23	16	4	40	10	right	right	1	19	15.98	1189
23	17	4	40	10	left	right	0	12	16.173	742
23	18	4	40	10	left	left	1	5	16.447	304
23	19	4	40	10	right	right	1	18	15.929	1130
23	20	4	40	10	right	right	1	11	16.153	681
23	21	4	40	10	left	left	1	19	15.98	1189
23	22	4	40	10	left	right	0	6	17.964	334
23	23	4	40	10	left	left	1	5	16.181	309
23	24	4	40	10	left	left	1	7	15.385	455
23	25	4	40	10	right	right	1	12	15.365	781
23	26	4	40	10	right	right	1	15	16.251	923
23	27	4	40	10	left	left	1	12	15.365	781
23	28	4	40	10	left	right	0	13	15.403	844
23	29	4	40	10	right	right	1	6	16.997	353
23	30	4	40	10	right	right	1	7	15.766	444
23	31	4	40	10	right	right	1	12	15.769	761
23	32	4	40	10	right	left	0	10	15.267	655
23	33	4	40	10	left	right	0	5	17.007	294
23	34	4	40	10	left	left	1	6	18.018	333
23	35	4	40	10	left	right	0	10	16.474	607
23	36	4	40	10	left	left	1	6	16.438	365
23	37	4	40	10	left	right	0	9	16.514	545
23	38	4	40	10	right	left	0	6	17.964	334
23	39	4	40	10	right	tooFast	2	3	16.575	181
23	40	4	40	10	left	right	0	6	17.442	344
24	1	4	40	10	right	left	0	4	15.936	251
24	2	4	40	10	left	right	0	28	15.487	1808
24	3	4	40	10	right	left	0	5	16.181	309
24	4	4	40	10	left	right	0	10	16.129	620
24	5	4	40	10	right	right	1	18	15.371	1171
24	6	4	40	10	right	right	1	7	15.521	451
24	7	4	40	10	right	right	1	8	16.632	481
24	8	4	40	10	left	left	1	8	16.427	487
24	9	4	40	10	right	right	1	7	16.279	430
24	10	4	40	10	left	left	1	13	15.55	836
24	11	4	40	10	right	right	1	6	17.291	347
24	12	4	40	10	left	left	1	11	16.616	662
24	13	4	40	10	right	right	1	11	16.32	674
24	14	4	40	10	right	left	0	6	18.018	333
24	15	4	40	10	left	right	0	6	15.748	381
24	16	4	40	10	right	right	1	7	15.695	446
24	17	4	40	10	right	right	1	15	15.075	995
24	18	4	40	10	left	left	1	14	16.241	862
24	19	4	40	10	left	right	0	8	16.985	471
24	20	4	40	10	left	left	1	6	15.544	386
24	21	4	40	10	right	left	0	7	15.453	453
24	22	4	40	10	left	right	0	7	15.054	465
24	23	4	40	10	left	left	1	7	16.092	435
24	24	4	40	10	left	left	1	10	16.42	609
24	25	4	40	10	left	right	0	36	15.183	2371
24	26	4	40	10	right	left	0	5	16.129	310
24	27	4	40	10	left	tooFast	2	3	15.228	197
24	28	4	40	10	left	right	0	9	16.304	552
24	29	4	40	10	right	left	0	6	16.086	373
24	30	4	40	10	left	right	0	8	16.194	494
24	31	4	40	10	right	tooFast	2	2	17.857	112
24	32	4	40	10	right	right	1	12	15.915	754
24	33	4	40	10	right	right	1	8	15.414	519
24	34	4	40	10	right	right	1	9	15.437	583
24	35	4	40	10	left	right	0	17	15.858	1072
24	36	4	40	10	right	right	1	10	15.773	634
24	37	4	40	10	right	left	0	12	15.524	773
24	38	4	40	10	left	right	0	8	15.18	527
24	39	4	40	10	left	tooFast	2	4	19.608	204
24	40	4	40	10	left	right	0	14	16.055	872
