
blkNum	trlNum	coherentDots	numberofDots	percentCoherence	winningDirection	response	correct	eventCount	averageFrameRate	RT
1	1	4	40	10	right	right	1	44	15.214	2892
1	2	4	40	10	right	right	1	16	15.37	1041
1	3	4	40	10	left	left	1	37	15.43	2398
1	4	4	40	10	left	right	0	20	15.361	1302
1	5	4	40	10	right	right	1	13	15.366	846
1	6	4	40	10	right	left	0	25	15.635	1599
1	7	4	40	10	right	right	1	17	15.992	1063
1	8	4	40	10	left	right	0	39	15.3	2549
1	9	4	40	10	right	right	1	16	15.534	1030
1	10	4	40	10	left	left	1	31	15.354	2019
1	11	4	40	10	right	right	1	20	15.408	1298
1	12	4	40	10	left	left	1	19	15.152	1254
1	13	4	40	10	left	right	0	18	15.943	1129
1	14	4	40	10	left	left	1	14	15.538	901
1	15	4	40	10	left	right	0	23	15.142	1519
1	16	4	40	10	right	right	1	26	15.578	1669
1	17	4	40	10	right	right	1	19	15.587	1219
1	18	4	40	10	left	left	1	31	15.4	2013
1	19	4	40	10	left	right	0	20	15.396	1299
1	20	4	40	10	left	left	1	13	15.719	827
1	21	4	40	10	right	right	1	21	15.683	1339
1	22	4	40	10	right	right	1	18	15.411	1168
1	23	4	40	10	right	right	1	16	15.984	1001
1	24	4	40	10	left	left	1	14	15.66	894
1	25	4	40	10	right	right	1	12	15.326	783
1	26	4	40	10	left	left	1	13	15.663	830
1	27	4	40	10	right	right	1	13	15.815	822
1	28	4	40	10	left	left	1	13	14.943	870
1	29	4	40	10	right	right	1	10	15.649	639
1	30	4	40	10	right	left	0	12	15.584	770
1	31	4	40	10	right	right	1	12	15.19	790
1	32	4	40	10	right	left	0	16	15.209	1052
1	33	4	40	10	left	right	0	10	16.26	615
1	34	4	40	10	right	right	1	18	15.762	1142
1	35	4	40	10	left	left	1	24	15.094	1590
1	36	4	40	10	right	right	1	15	15.723	954
1	37	4	40	10	left	right	0	22	15.225	1445
1	38	4	40	10	left	left	1	18	15.611	1153
1	39	4	40	10	left	right	0	32	15.26	2097
1	40	4	40	10	left	left	1	20	15.267	1310
2	1	4	40	10	left	right	0	20	15.823	1264
2	2	4	40	10	left	left	1	13	15.312	849
2	3	4	40	10	left	right	0	20	15.42	1297
2	4	4	40	10	right	left	0	13	15.152	858
2	5	4	40	10	right	right	1	21	15.453	1359
2	6	4	40	10	left	left	1	20	15.76	1269
2	7	4	40	10	right	right	1	19	15.728	1208
2	8	4	40	10	right	right	1	20	15.221	1314
2	9	4	40	10	right	right	1	18	15.666	1149
2	10	4	40	10	left	left	1	24	15.574	1541
2	11	4	40	10	left	right	0	21	15.262	1376
2	12	4	40	10	left	left	1	16	15.109	1059
2	13	4	40	10	left	left	1	14	15.891	881
2	14	4	40	10	right	right	1	17	15.371	1106
2	15	4	40	10	right	right	1	19	15.51	1225
2	16	4	40	10	right	right	1	18	15.371	1171
2	17	4	40	10	left	left	1	17	15.918	1068
2	18	4	40	10	right	right	1	20	15.699	1274
2	19	4	40	10	right	left	0	20	15.373	1301
2	20	4	40	10	right	right	1	19	15.651	1214
2	21	4	40	10	right	right	1	16	15.385	1040
2	22	4	40	10	left	left	1	19	15.755	1206
2	23	4	40	10	left	left	1	21	15.273	1375
2	24	4	40	10	left	right	0	14	15.267	917
2	25	4	40	10	right	right	1	13	16.169	804
2	26	4	40	10	left	left	1	17	15.918	1068
2	27	4	40	10	left	left	1	15	15.353	977
2	28	4	40	10	left	left	1	22	15.493	1420
2	29	4	40	10	right	right	1	21	15.306	1372
2	30	4	40	10	right	left	0	17	15.947	1066
2	31	4	40	10	left	right	0	40	15.221	2628
2	32	4	40	10	right	right	1	19	15.044	1263
2	33	4	40	10	left	left	1	15	15.322	979
2	34	4	40	10	right	right	1	23	15.152	1518
2	35	4	40	10	left	left	1	17	15.511	1096
2	36	4	40	10	right	right	1	16	15.166	1055
2	37	4	40	10	left	left	1	17	15.683	1084
2	38	4	40	10	right	left	0	22	15.162	1451
2	39	4	40	10	right	right	1	12	15.464	776
2	40	4	40	10	left	right	0	18	15.873	1134
3	1	4	40	10	left	right	0	28	15.504	1806
3	2	4	40	10	right	right	1	13	16.01	812
3	3	4	40	10	left	left	1	19	15.176	1252
3	4	4	40	10	right	right	1	18	15.639	1151
3	5	4	40	10	right	right	1	16	15.64	1023
3	6	4	40	10	left	right	0	28	15.193	1843
3	7	4	40	10	left	left	1	19	15.298	1242
3	8	4	40	10	left	right	0	22	15.141	1453
3	9	4	40	10	right	right	1	20	15.81	1265
3	10	4	40	10	left	right	0	21	15.396	1364
3	11	4	40	10	right	right	1	12	15.345	782
3	12	4	40	10	left	left	1	17	15.554	1093
3	13	4	40	10	right	right	1	30	15.528	1932
3	14	4	40	10	right	left	0	26	15.625	1664
3	15	4	40	10	right	right	1	12	15.727	763
3	16	4	40	10	right	right	1	27	15.689	1721
3	17	4	40	10	right	right	1	27	15.553	1736
3	18	4	40	10	left	right	0	19	15.435	1231
3	19	4	40	10	left	left	1	12	15.645	767
3	20	4	40	10	left	left	1	27	15.246	1771
3	21	4	40	10	left	left	1	15	15.075	995
3	22	4	40	10	right	right	1	17	15.741	1080
3	23	4	40	10	left	left	1	16	15.18	1054
3	24	4	40	10	left	right	0	23	15.092	1524
3	25	4	40	10	right	right	1	16	15.123	1058
3	26	4	40	10	right	right	1	31	15.316	2024
3	27	4	40	10	left	right	0	36	15.261	2359
3	28	4	40	10	left	left	1	30	15.221	1971
3	29	4	40	10	right	right	1	16	15.385	1040
3	30	4	40	10	left	left	1	20	15.76	1269
3	31	4	40	10	left	right	0	20	15.337	1304
3	32	4	40	10	left	left	1	15	15.74	953
3	33	4	40	10	right	right	1	24	15.345	1564
3	34	4	40	10	left	left	1	23	15.385	1495
3	35	4	40	10	right	right	1	16	15.61	1025
3	36	4	40	10	left	left	1	21	15.672	1340
3	37	4	40	10	right	right	1	21	15.152	1386
3	38	4	40	10	right	right	1	20	15.528	1288
3	39	4	40	10	right	right	1	22	15.406	1428
3	40	4	40	10	right	right	1	18	15.803	1139
4	1	4	40	10	right	right	1	29	15.312	1894
4	2	4	40	10	right	right	1	11	15.089	729
4	3	4	40	10	left	left	1	20	15.456	1294
4	4	4	40	10	left	right	0	16	15.842	1010
4	5	4	40	10	right	right	1	16	15.564	1028
4	6	4	40	10	left	left	1	24	15.142	1585
4	7	4	40	10	left	right	0	19	15.164	1253
4	8	4	40	10	right	right	1	13	15.55	836
4	9	4	40	10	right	right	1	16	15.81	1012
4	10	4	40	10	right	left	0	17	15.962	1065
4	11	4	40	10	left	left	1	19	15.372	1236
4	12	4	40	10	left	left	1	17	15.315	1110
4	13	4	40	10	left	left	1	16	15.92	1005
4	14	4	40	10	left	left	1	14	15.608	897
4	15	4	40	10	left	left	1	21	15.778	1331
4	16	4	40	10	left	right	0	21	15.719	1336
4	17	4	40	10	right	right	1	12	15.287	785
4	18	4	40	10	left	right	0	16	15.873	1008
4	19	4	40	10	right	left	0	29	15.159	1913
4	20	4	40	10	right	left	0	26	15.606	1666
4	21	4	40	10	left	left	1	23	15.499	1484
4	22	4	40	10	right	right	1	15	15.806	949
4	23	4	40	10	right	right	1	26	15.625	1664
4	24	4	40	10	left	right	0	23	15.152	1518
4	25	4	40	10	left	left	1	18	15.901	1132
4	26	4	40	10	right	left	0	19	15.677	1212
4	27	4	40	10	right	right	1	16	15.717	1018
4	28	4	40	10	left	right	0	18	15.113	1191
4	29	4	40	10	left	left	1	22	15.67	1404
4	30	4	40	10	right	right	1	18	15.803	1139
4	31	4	40	10	right	right	1	14	15.855	883
4	32	4	40	10	left	left	1	13	15.403	844
4	33	4	40	10	right	right	1	20	15.564	1285
4	34	4	40	10	left	left	1	15	15.89	944
4	35	4	40	10	right	right	1	12	15.094	795
4	36	4	40	10	right	left	0	13	15.892	818
4	37	4	40	10	left	right	0	14	15.642	895
4	38	4	40	10	right	right	1	17	15.668	1085
4	39	4	40	10	left	right	0	18	15.358	1172
4	40	4	40	10	right	left	0	21	15.707	1337
5	1	4	40	10	right	right	1	25	15.328	1631
5	2	4	40	10	left	left	1	9	15.762	571
5	3	4	40	10	right	right	1	9	16.636	541
5	4	4	40	10	left	left	1	7	15.73	445
5	5	4	40	10	left	right	0	7	14.989	467
5	6	4	40	10	right	left	0	9	15.437	583
5	7	4	40	10	right	right	1	10	15.898	629
5	8	4	40	10	left	left	1	9	15.845	568
5	9	4	40	10	left	right	0	14	16.185	865
5	10	4	40	10	left	right	0	9	16.1	559
5	11	4	40	10	left	left	1	14	15.402	909
5	12	4	40	10	left	left	1	14	14.973	935
5	13	4	40	10	left	left	1	18	15.929	1130
5	14	4	40	10	right	right	1	10	15.038	665
5	15	4	40	10	left	left	1	11	16.248	677
5	16	4	40	10	right	right	1	10	15.244	656
5	17	4	40	10	left	left	1	9	16.187	556
5	18	4	40	10	right	right	1	9	16.917	532
5	19	4	40	10	right	left	0	8	15.717	509
5	20	4	40	10	right	right	1	6	15.267	393
5	21	4	40	10	right	right	1	10	15.674	638
5	22	4	40	10	right	right	1	9	16.514	545
5	23	4	40	10	left	left	1	11	15.759	698
5	24	4	40	10	right	right	1	10	15.848	631
5	25	4	40	10	left	left	1	9	15.817	569
5	26	4	40	10	right	right	1	8	16.293	491
5	27	4	40	10	left	left	1	8	15.094	530
5	28	4	40	10	left	right	0	7	15.021	466
5	29	4	40	10	right	right	1	11	15.85	694
5	30	4	40	10	right	right	1	9	15.358	586
5	31	4	40	10	right	right	1	7	16.355	428
5	32	4	40	10	right	right	1	6	16.26	369
5	33	4	40	10	left	right	0	6	17.143	350
5	34	4	40	10	left	left	1	11	16.224	678
5	35	4	40	10	left	left	1	8	15.326	522
5	36	4	40	10	right	left	0	8	16.327	490
5	37	4	40	10	right	right	1	10	15.291	654
5	38	4	40	10	left	right	0	13	16.049	810
5	39	4	40	10	left	left	1	10	16.077	622
5	40	4	40	10	right	right	1	11	16.153	681
6	1	4	40	10	right	right	1	14	15.66	894
6	2	4	40	10	right	right	1	15	15.121	992
6	3	4	40	10	left	right	0	13	15.7	828
6	4	4	40	10	right	left	0	10	15.432	648
6	5	4	40	10	left	right	0	9	15.025	599
6	6	4	40	10	right	right	1	10	15.106	662
6	7	4	40	10	right	right	1	12	15.915	754
6	8	4	40	10	left	left	1	18	15.411	1168
6	9	4	40	10	right	right	1	10	16	625
6	10	4	40	10	right	right	1	13	15.258	852
6	11	4	40	10	right	right	1	12	16.043	748
6	12	4	40	10	right	right	1	12	15.748	762
6	13	4	40	10	left	left	1	12	16.129	744
6	14	4	40	10	left	right	0	14	15.945	878
6	15	4	40	10	left	left	1	9	15.517	580
6	16	4	40	10	right	right	1	12	15.504	774
6	17	4	40	10	left	left	1	12	16.216	740
6	18	4	40	10	left	right	0	11	15.759	698
6	19	4	40	10	right	right	1	10	16.367	611
6	20	4	40	10	left	left	1	11	15.32	718
6	21	4	40	10	right	right	1	11	16.105	683
6	22	4	40	10	left	left	1	9	15	600
6	23	4	40	10	left	right	0	9	15.571	578
6	24	4	40	10	left	left	1	9	15	600
6	25	4	40	10	left	right	0	13	15.738	826
6	26	4	40	10	left	left	1	14	15.504	903
6	27	4	40	10	left	left	1	13	15.169	857
6	28	4	40	10	left	left	1	13	16.089	808
6	29	4	40	10	right	right	1	13	16.069	809
6	30	4	40	10	right	right	1	12	15.625	768
6	31	4	40	10	right	right	1	14	15.66	894
6	32	4	40	10	left	left	1	29	15.491	1872
6	33	4	40	10	right	left	0	16	15.579	1027
6	34	4	40	10	left	left	1	10	15.504	645
6	35	4	40	10	right	right	1	17	15.288	1112
6	36	4	40	10	left	left	1	19	15.435	1231
6	37	4	40	10	right	right	1	14	16.185	865
6	38	4	40	10	right	right	1	14	15.873	882
6	39	4	40	10	right	right	1	14	15.168	923
6	40	4	40	10	left	right	0	15	15.152	990
7	1	4	40	10	right	right	1	22	15.726	1399
7	2	4	40	10	right	right	1	15	15.789	950
7	3	4	40	10	left	right	0	12	15.464	776
7	4	4	40	10	left	right	0	13	16.01	812
7	5	4	40	10	right	right	1	26	15.625	1664
7	6	4	40	10	right	right	1	18	15.666	1149
7	7	4	40	10	left	left	1	11	15.342	717
7	8	4	40	10	right	right	1	13	16.189	803
7	9	4	40	10	right	right	1	9	15.152	594
7	10	4	40	10	left	left	1	14	15.284	916
7	11	4	40	10	left	left	1	17	15.426	1102
7	12	4	40	10	left	right	0	12	16.194	741
7	13	4	40	10	right	right	1	10	15.649	639
7	14	4	40	10	left	left	1	12	15.748	762
7	15	4	40	10	right	left	0	15	15.609	961
7	16	4	40	10	left	right	0	9	16.275	553
7	17	4	40	10	right	right	1	9	15.228	591
7	18	4	40	10	left	left	1	11	15.428	713
7	19	4	40	10	left	left	1	18	15.139	1189
7	20	4	40	10	right	right	1	13	15.644	831
7	21	4	40	10	left	left	1	11	16.2	679
7	22	4	40	10	right	right	1	12	15.564	771
7	23	4	40	10	left	left	1	13	15.169	857
7	24	4	40	10	right	right	1	9	16.245	554
7	25	4	40	10	right	left	0	10	15.552	643
7	26	4	40	10	left	left	1	9	15.789	570
7	27	4	40	10	left	left	1	14	16	875
7	28	4	40	10	right	right	1	11	15.537	708
7	29	4	40	10	right	right	1	10	16	625
7	30	4	40	10	left	left	1	11	16.272	676
7	31	4	40	10	right	right	1	9	15.845	568
7	32	4	40	10	left	left	1	16	15.61	1025
7	33	4	40	10	right	right	1	9	15.679	574
7	34	4	40	10	left	left	1	13	16.25	800
7	35	4	40	10	left	right	0	10	15.848	631
7	36	4	40	10	right	right	1	28	15.301	1830
7	37	4	40	10	left	left	1	18	15.306	1176
7	38	4	40	10	right	right	1	11	15.089	729
7	39	4	40	10	right	right	1	12	16	750
7	40	4	40	10	left	left	1	11	15.896	692
8	1	4	40	10	right	right	1	12	15.424	778
8	2	4	40	10	left	left	1	10	15.601	641
8	3	4	40	10	left	right	0	8	15.267	524
8	4	4	40	10	left	left	1	8	16.097	497
8	5	4	40	10	left	left	1	11	15.603	705
8	6	4	40	10	left	right	0	10	16.313	613
8	7	4	40	10	left	left	1	9	16.158	557
8	8	4	40	10	right	right	1	13	15.532	837
8	9	4	40	10	right	right	1	9	16.158	557
8	10	4	40	10	left	left	1	11	15.32	718
8	11	4	40	10	right	left	0	10	15.152	660
8	12	4	40	10	left	right	0	9	15.734	572
8	13	4	40	10	left	left	1	10	15.576	642
8	14	4	40	10	right	right	1	11	15.515	709
8	15	4	40	10	right	right	1	10	15.385	650
8	16	4	40	10	left	right	0	10	16.103	621
8	17	4	40	10	left	left	1	9	15.929	565
8	18	4	40	10	right	left	0	8	15.209	526
8	19	4	40	10	right	right	1	10	14.993	667
8	20	4	40	10	right	right	1	11	15.471	711
8	21	4	40	10	left	left	1	11	15.714	700
8	22	4	40	10	left	left	1	9	15.177	593
8	23	4	40	10	left	left	1	9	16.698	539
8	24	4	40	10	left	left	1	8	15.326	522
8	25	4	40	10	right	right	1	9	14.95	602
8	26	4	40	10	left	right	0	7	15.73	445
8	27	4	40	10	right	right	1	14	15.642	895
8	28	4	40	10	right	right	1	9	16.514	545
8	29	4	40	10	right	right	1	7	15.556	450
8	30	4	40	10	right	right	1	9	15.411	584
8	31	4	40	10	right	right	1	11	15.068	730
8	32	4	40	10	left	left	1	10	15.649	639
8	33	4	40	10	left	left	1	9	16.949	531
8	34	4	40	10	right	left	0	8	15.296	523
8	35	4	40	10	right	right	1	14	16.055	872
8	36	4	40	10	left	left	1	11	15.782	697
8	37	4	40	10	right	left	0	13	15.815	822
8	38	4	40	10	left	left	1	8	15.564	514
8	39	4	40	10	right	left	0	10	15.015	666
8	40	4	40	10	right	right	1	8	15.326	522
9	1	4	40	10	right	left	0	34	15.49	2195
9	2	4	40	10	left	left	1	11	15.919	691
9	3	4	40	10	right	right	1	33	15.278	2160
9	4	4	40	10	right	left	0	14	15.184	922
9	5	4	40	10	right	right	1	9	16.76	537
9	6	4	40	10	left	left	1	10	16.207	617
9	7	4	40	10	right	right	1	8	15.748	508
9	8	4	40	10	right	right	1	11	15.559	707
9	9	4	40	10	left	left	1	9	15.203	592
9	10	4	40	10	left	left	1	8	16.327	490
9	11	4	40	10	left	left	1	7	15.556	450
9	12	4	40	10	left	right	0	9	15	600
9	13	4	40	10	left	left	1	10	15.083	663
9	14	4	40	10	right	left	0	8	15.81	506
9	15	4	40	10	left	left	1	9	16.575	543
9	16	4	40	10	right	right	1	11	15.988	688
9	17	4	40	10	left	left	1	9	15.734	572
9	18	4	40	10	right	right	1	9	16.636	541
9	19	4	40	10	left	left	1	9	16.393	549
9	20	4	40	10	right	right	1	7	15.695	446
9	21	4	40	10	left	left	1	7	16.667	420
9	22	4	40	10	right	right	1	7	16.471	425
9	23	4	40	10	right	right	1	9	15.437	583
9	24	4	40	10	right	left	0	9	15.203	592
9	25	4	40	10	left	right	0	7	15.119	463
9	26	4	40	10	right	right	1	19	15.385	1235
9	27	4	40	10	left	left	1	14	15.267	917
9	28	4	40	10	right	right	1	11	15.805	696
9	29	4	40	10	left	left	1	9	15.734	572
9	30	4	40	10	left	right	0	10	14.948	669
9	31	4	40	10	left	left	1	9	15.901	566
9	32	4	40	10	right	right	1	10	15.456	647
9	33	4	40	10	right	right	1	9	16.216	555
9	34	4	40	10	left	left	1	9	15.517	580
9	35	4	40	10	right	right	1	10	14.948	669
9	36	4	40	10	left	left	1	11	15.428	713
9	37	4	40	10	right	right	1	8	17.021	470
9	38	4	40	10	left	left	1	9	16.886	533
9	39	4	40	10	right	right	1	6	15.113	397
9	40	4	40	10	left	left	1	8	16.064	498
10	1	4	40	10	left	right	0	14	15.909	880
10	2	4	40	10	right	right	1	9	15.679	574
10	3	4	40	10	right	right	1	11	15.299	719
10	4	4	40	10	right	right	1	8	15.748	508
10	5	4	40	10	left	right	0	6	14.851	404
10	6	4	40	10	left	right	0	9	16.364	550
10	7	4	40	10	left	left	1	7	15.487	452
10	8	4	40	10	left	left	1	9	16.729	538
10	9	4	40	10	left	left	1	8	16.293	491
10	10	4	40	10	left	left	1	8	16.878	474
10	11	4	40	10	left	left	1	8	16.913	473
10	12	4	40	10	right	right	1	9	16.791	536
10	13	4	40	10	left	right	0	7	16.827	416
10	14	4	40	10	right	right	1	11	15.942	690
10	15	4	40	10	right	right	1	8	15.444	518
10	16	4	40	10	left	right	0	8	17.021	470
10	17	4	40	10	left	right	0	8	15.564	514
10	18	4	40	10	left	left	1	9	15.228	591
10	19	4	40	10	right	left	0	7	15.59	449
10	20	4	40	10	left	right	0	7	14.957	468
10	21	4	40	10	right	right	1	12	15.789	760
10	22	4	40	10	right	right	1	10	15.291	654
10	23	4	40	10	right	right	1	13	16.069	809
10	24	4	40	10	left	left	1	9	14.975	601
10	25	4	40	10	right	right	1	10	15.552	643
10	26	4	40	10	left	left	1	12	15.19	790
10	27	4	40	10	left	left	1	14	16.26	861
10	28	4	40	10	left	left	1	17	15.903	1069
10	29	4	40	10	right	right	1	13	15.569	835
10	30	4	40	10	right	right	1	10	16.155	619
10	31	4	40	10	right	right	1	10	16.313	613
10	32	4	40	10	right	left	0	14	15.351	912
10	33	4	40	10	right	right	1	18	15.972	1127
10	34	4	40	10	right	left	0	13	15.366	846
10	35	4	40	10	right	left	0	19	15.372	1236
10	36	4	40	10	left	right	0	21	15.683	1339
10	37	4	40	10	right	right	1	10	15.129	661
10	38	4	40	10	left	left	1	13	15.758	825
10	39	4	40	10	right	right	1	12	16.107	745
10	40	4	40	10	left	left	1	12	15.345	782
11	1	4	40	10	right	right	1	13	15.495	839
11	2	4	40	10	right	right	1	16	16	1000
11	3	4	40	10	left	left	1	19	15.079	1260
11	4	4	40	10	left	left	1	10	15.848	631
11	5	4	40	10	right	right	1	16	15.474	1034
11	6	4	40	10	right	right	1	10	15.649	639
11	7	4	40	10	left	left	1	12	15.113	794
11	8	4	40	10	left	left	1	10	15.773	634
11	9	4	40	10	left	right	0	10	15.898	629
11	10	4	40	10	left	left	1	10	16.129	620
11	11	4	40	10	right	left	0	6	16	375
11	12	4	40	10	right	right	1	11	15.625	704
11	13	4	40	10	left	left	1	9	16.636	541
11	14	4	40	10	right	right	1	7	16.627	421
11	15	4	40	10	left	right	0	7	14.989	467
11	16	4	40	10	right	right	1	12	16	750
11	17	4	40	10	right	left	0	7	15.487	452
11	18	4	40	10	left	left	1	11	15.805	696
11	19	4	40	10	right	right	1	11	15.027	732
11	20	4	40	10	left	right	0	8	15.564	514
11	21	4	40	10	left	left	1	6	16.393	366
11	22	4	40	10	right	left	0	8	16.327	490
11	23	4	40	10	right	right	1	10	16.26	615
11	24	4	40	10	left	right	0	13	15.912	817
11	25	4	40	10	left	left	1	11	16.058	685
11	26	4	40	10	right	left	0	8	16.878	474
11	27	4	40	10	right	right	1	4	15.873	252
11	28	4	40	10	right	right	1	11	15.32	718
11	29	4	40	10	left	right	0	11	15.737	699
11	30	4	40	10	right	left	0	8	16.495	485
11	31	4	40	10	right	right	1	9	15.598	577
11	32	4	40	10	right	right	1	16	15.123	1058
11	33	4	40	10	left	left	1	11	16.369	672
11	34	4	40	10	left	left	1	10	15.528	644
11	35	4	40	10	left	left	1	10	16.051	623
11	36	4	40	10	right	left	0	9	16.484	546
11	37	4	40	10	left	right	0	5	16.447	304
11	38	4	40	10	right	right	1	10	15.848	631
11	39	4	40	10	left	right	0	9	15.789	570
11	40	4	40	10	left	left	1	17	15.625	1088
12	1	4	40	10	right	right	1	12	16.327	735
12	2	4	40	10	left	left	1	14	15.695	892
12	3	4	40	10	left	right	0	12	15.504	774
12	4	4	40	10	left	left	1	11	15.965	689
12	5	4	40	10	left	left	1	13	15.682	829
12	6	4	40	10	left	right	0	9	15.075	597
12	7	4	40	10	left	left	1	9	15.306	588
12	8	4	40	10	right	right	1	11	15.152	726
12	9	4	40	10	right	right	1	10	16.155	619
12	10	4	40	10	right	right	1	11	16.224	678
12	11	4	40	10	right	left	0	10	15.015	666
12	12	4	40	10	right	right	1	7	15.284	458
12	13	4	40	10	left	right	0	12	15.625	768
12	14	4	40	10	right	right	1	11	16.272	676
12	15	4	40	10	right	left	0	13	15.931	816
12	16	4	40	10	left	right	0	7	16.055	436
12	17	4	40	10	left	left	1	18	15.216	1183
12	18	4	40	10	right	right	1	10	15.823	632
12	19	4	40	10	right	left	0	13	15.719	827
12	20	4	40	10	left	right	0	8	15.873	504
12	21	4	40	10	left	left	1	24	15.345	1564
12	22	4	40	10	right	right	1	11	16.012	687
12	23	4	40	10	right	right	1	14	15.152	924
12	24	4	40	10	right	left	0	13	16.149	805
12	25	4	40	10	left	left	1	10	16	625
12	26	4	40	10	left	left	1	12	16.216	740
12	27	4	40	10	right	right	1	13	15.738	826
12	28	4	40	10	left	left	1	11	15.068	730
12	29	4	40	10	right	right	1	14	16.073	871
12	30	4	40	10	left	right	0	13	15.931	816
12	31	4	40	10	right	right	1	9	15.075	597
12	32	4	40	10	left	right	0	16	15.282	1047
12	33	4	40	10	left	left	1	7	17.115	409
12	34	4	40	10	right	right	1	16	16.016	999
12	35	4	40	10	right	right	1	12	16.064	747
12	36	4	40	10	left	left	1	14	15.47	905
12	37	4	40	10	left	right	0	15	15.322	979
12	38	4	40	10	right	right	1	13	15.116	860
12	39	4	40	10	left	left	1	12	16.194	741
12	40	4	40	10	right	right	1	10	15.576	642
13	1	4	40	10	left	right	0	10	15.267	655
13	2	4	40	10	right	right	1	17	15.413	1103
13	3	4	40	10	right	right	1	16	15.905	1006
13	4	4	40	10	right	right	1	12	15.564	771
13	5	4	40	10	left	left	1	14	15.47	905
13	6	4	40	10	right	right	1	13	15.421	843
13	7	4	40	10	right	right	1	9	14.901	604
13	8	4	40	10	right	right	1	10	15.48	646
13	9	4	40	10	left	right	0	9	14.975	601
13	10	4	40	10	right	left	0	6	15.625	384
13	11	4	40	10	left	left	1	14	15.334	913
13	12	4	40	10	right	right	1	10	15.949	627
13	13	4	40	10	left	left	1	11	16.035	686
13	14	4	40	10	left	right	0	25	15.235	1641
13	15	4	40	10	left	left	1	21	15.228	1379
13	16	4	40	10	right	right	1	15	15.873	945
13	17	4	40	10	right	right	1	22	15.235	1444
13	18	4	40	10	left	left	1	10	16.367	611
13	19	4	40	10	right	left	0	13	15.971	814
13	20	4	40	10	right	right	1	6	15.228	394
13	21	4	40	10	left	right	0	17	15.525	1095
13	22	4	40	10	left	left	1	14	15.436	907
13	23	4	40	10	left	right	0	10	15.699	637
13	24	4	40	10	left	left	1	9	16.886	533
13	25	4	40	10	right	right	1	13	15.99	813
13	26	4	40	10	right	right	1	12	15.365	781
13	27	4	40	10	right	right	1	12	15.873	756
13	28	4	40	10	right	right	1	13	16.049	810
13	29	4	40	10	right	left	0	10	15.038	665
13	30	4	40	10	left	right	0	10	15.015	666
13	31	4	40	10	left	left	1	13	15.439	842
13	32	4	40	10	left	left	1	11	15.214	723
13	33	4	40	10	left	left	1	15	15.625	960
13	34	4	40	10	left	left	1	13	16.189	803
13	35	4	40	10	left	right	0	12	15.584	770
13	36	4	40	10	right	left	0	10	15.314	653
13	37	4	40	10	right	right	1	11	15.515	709
13	38	4	40	10	left	left	1	16	15.474	1034
13	39	4	40	10	left	right	0	30	15.44	1943
13	40	4	40	10	right	right	1	13	15.777	824
14	1	4	40	10	left	right	0	15	15.74	953
14	2	4	40	10	left	left	1	10	15.408	649
14	3	4	40	10	right	right	1	14	15.419	908
14	4	4	40	10	left	right	0	16	15.905	1006
14	5	4	40	10	right	right	1	11	16.012	687
14	6	4	40	10	right	right	1	14	15.284	916
14	7	4	40	10	right	right	1	12	16.173	742
14	8	4	40	10	right	right	1	12	16.238	739
14	9	4	40	10	right	right	1	20	15.232	1313
14	10	4	40	10	left	left	1	17	15.441	1101
14	11	4	40	10	right	right	1	10	15.337	652
14	12	4	40	10	right	right	1	18	15.859	1135
14	13	4	40	10	left	right	0	12	15.484	775
14	14	4	40	10	left	left	1	14	15.453	906
14	15	4	40	10	left	left	1	13	16.169	804
14	16	4	40	10	left	right	0	11	15.737	699
14	17	4	40	10	left	left	1	9	15.491	581
14	18	4	40	10	left	left	1	14	15.927	879
14	19	4	40	10	right	right	1	16	15.267	1048
14	20	4	40	10	left	left	1	11	15.342	717
14	21	4	40	10	right	right	1	11	15.737	699
14	22	4	40	10	right	right	1	14	15.927	879
14	23	4	40	10	right	right	1	14	15.47	905
14	24	4	40	10	right	right	1	12	16.064	747
14	25	4	40	10	right	right	1	13	15.758	825
14	26	4	40	10	left	left	1	15	15.74	953
14	27	4	40	10	left	right	0	14	15.556	900
14	28	4	40	10	left	left	1	9	14.925	603
14	29	4	40	10	left	right	0	13	16.311	797
14	30	4	40	10	left	left	1	16	15.857	1009
14	31	4	40	10	right	right	1	12	15.365	781
14	32	4	40	10	left	left	1	12	15.075	796
14	33	4	40	10	right	right	1	12	15.564	771
14	34	4	40	10	right	right	1	11	15.428	713
14	35	4	40	10	left	left	1	11	15.152	726
14	36	4	40	10	left	left	1	11	16.105	683
14	37	4	40	10	right	left	0	11	15.299	719
14	38	4	40	10	right	right	1	14	16.185	865
14	39	4	40	10	left	right	0	12	15.113	794
14	40	4	40	10	right	right	1	14	15.945	878
15	1	4	40	10	right	right	1	13	15.476	840
15	2	4	40	10	left	left	1	12	15.789	760
15	3	4	40	10	right	right	1	8	15.686	510
15	4	4	40	10	left	left	1	13	15.99	813
15	5	4	40	10	right	right	1	9	14.901	604
15	6	4	40	10	left	left	1	10	16.077	622
15	7	4	40	10	right	right	1	9	16.514	545
15	8	4	40	10	left	left	1	9	15.789	570
15	9	4	40	10	left	left	1	10	16.155	619
15	10	4	40	10	left	left	1	10	16.287	614
15	11	4	40	10	right	right	1	11	15.805	696
15	12	4	40	10	right	right	1	9	15.734	572
15	13	4	40	10	right	right	1	11	15.493	710
15	14	4	40	10	left	right	0	10	15.949	627
15	15	4	40	10	right	left	0	8	15.326	522
15	16	4	40	10	left	left	1	9	16.334	551
15	17	4	40	10	right	left	0	9	15.845	568
15	18	4	40	10	left	left	1	10	15.106	662
15	19	4	40	10	right	left	0	9	16.514	545
15	20	4	40	10	left	right	0	7	16.548	423
15	21	4	40	10	right	left	0	8	16.064	498
15	22	4	40	10	right	right	1	16	15.534	1030
15	23	4	40	10	left	left	1	12	15.894	755
15	24	4	40	10	left	right	0	10	16	625
15	25	4	40	10	left	left	1	10	15.798	633
15	26	4	40	10	right	right	1	14	15.695	892
15	27	4	40	10	left	right	0	13	15.24	853
15	28	4	40	10	right	right	1	11	16.105	683
15	29	4	40	10	right	right	1	16	15.414	1038
15	30	4	40	10	right	right	1	12	15.404	779
15	31	4	40	10	left	left	1	10	15.198	658
15	32	4	40	10	right	left	0	8	15.474	517
15	33	4	40	10	left	left	1	11	15.581	706
15	34	4	40	10	left	left	1	13	15.644	831
15	35	4	40	10	right	right	1	9	16.822	535
15	36	4	40	10	left	left	1	13	15.796	823
15	37	4	40	10	left	right	0	11	15.827	695
15	38	4	40	10	right	right	1	10	16	625
15	39	4	40	10	right	right	1	15	15.56	964
15	40	4	40	10	left	left	1	11	16.012	687
16	1	4	40	10	right	right	1	10	15.432	648
16	2	4	40	10	right	right	1	14	15.713	891
16	3	4	40	10	right	left	0	15	15.416	973
16	4	4	40	10	left	left	1	10	15.314	653
16	5	4	40	10	left	right	0	11	15.965	689
16	6	4	40	10	right	left	0	10	16.181	618
16	7	4	40	10	left	left	1	14	15.487	904
16	8	4	40	10	right	right	1	13	15.873	819
16	9	4	40	10	right	right	1	14	16.317	858
16	10	4	40	10	right	right	1	13	16.189	803
16	11	4	40	10	left	left	1	14	15.453	906
16	12	4	40	10	left	left	1	15	15.432	972
16	13	4	40	10	left	right	0	11	15.449	712
16	14	4	40	10	right	right	1	12	15.424	778
16	15	4	40	10	left	left	1	14	15.766	888
16	16	4	40	10	left	right	0	20	15.601	1282
16	17	4	40	10	right	right	1	10	16.181	618
16	18	4	40	10	right	right	1	13	15.834	821
16	19	4	40	10	right	right	1	12	16.194	741
16	20	4	40	10	left	left	1	15	15.464	970
16	21	4	40	10	left	right	0	9	15.254	590
16	22	4	40	10	right	right	1	10	15.699	637
16	23	4	40	10	left	left	1	14	16.204	864
16	24	4	40	10	right	right	1	10	15.601	641
16	25	4	40	10	left	left	1	18	15.05	1196
16	26	4	40	10	left	right	0	11	15.342	717
16	27	4	40	10	right	right	1	11	15.647	703
16	28	4	40	10	left	left	1	13	15.55	836
16	29	4	40	10	left	right	0	13	16.01	812
16	30	4	40	10	left	right	0	16	15.166	1055
16	31	4	40	10	right	right	1	21	15.152	1386
16	32	4	40	10	left	right	0	24	15.228	1576
16	33	4	40	10	right	right	1	11	15.625	704
16	34	4	40	10	left	right	0	17	15.219	1117
16	35	4	40	10	left	left	1	14	15.47	905
16	36	4	40	10	left	right	0	11	16.296	675
16	37	4	40	10	right	left	0	14	15.284	916
16	38	4	40	10	right	right	1	11	16.105	683
16	39	4	40	10	right	left	0	17	15.179	1120
16	40	4	40	10	right	right	1	12	15.385	780
17	1	4	40	10	left	right	0	10	15.385	650
17	2	4	40	10	left	left	1	17	15.152	1122
17	3	4	40	10	left	left	1	15	15.464	970
17	4	4	40	10	left	left	1	17	15.329	1109
17	5	4	40	10	left	right	0	15	15.06	996
17	6	4	40	10	left	left	1	9	15.254	590
17	7	4	40	10	left	left	1	13	14.908	872
17	8	4	40	10	left	left	1	13	15.169	857
17	9	4	40	10	right	right	1	16	15.238	1050
17	10	4	40	10	left	left	1	20	15.637	1279
17	11	4	40	10	right	right	1	12	16.064	747
17	12	4	40	10	right	right	1	14	15.07	929
17	13	4	40	10	right	right	1	16	15.952	1003
17	14	4	40	10	right	left	0	12	16.304	736
17	15	4	40	10	right	left	0	10	16	625
17	16	4	40	10	right	right	1	10	16	625
17	17	4	40	10	right	left	0	11	15.193	724
17	18	4	40	10	left	right	0	14	15.385	910
17	19	4	40	10	left	left	1	22	15.141	1453
17	20	4	40	10	right	right	1	15	15.544	965
17	21	4	40	10	right	right	1	23	15.212	1512
17	22	4	40	10	right	right	1	18	15.598	1154
17	23	4	40	10	right	right	1	15	15.723	954
17	24	4	40	10	left	left	1	20	15.083	1326
17	25	4	40	10	left	left	1	15	15.707	955
17	26	4	40	10	right	right	1	12	16	750
17	27	4	40	10	left	left	1	18	15.901	1132
17	28	4	40	10	right	right	1	13	15.569	835
17	29	4	40	10	right	left	0	13	15.134	859
17	30	4	40	10	left	right	0	9	16.043	561
17	31	4	40	10	left	left	1	15	15.512	967
17	32	4	40	10	left	left	1	14	15.855	883
17	33	4	40	10	right	right	1	13	15.7	828
17	34	4	40	10	right	right	1	11	15.537	708
17	35	4	40	10	right	right	1	14	15.891	881
17	36	4	40	10	left	left	1	13	15.312	849
17	37	4	40	10	right	right	1	10	16.42	609
17	38	4	40	10	right	right	1	12	15.385	780
17	39	4	40	10	left	left	1	12	15.248	787
17	40	4	40	10	left	left	1	12	15.915	754
18	1	4	40	10	left	left	1	22	15.038	1463
18	2	4	40	10	right	right	1	12	15.464	776
18	3	4	40	10	left	left	1	11	15.67	702
18	4	4	40	10	right	right	1	9	16.949	531
18	5	4	40	10	right	left	0	12	15.873	756
18	6	4	40	10	right	right	1	10	15.106	662
18	7	4	40	10	left	left	1	10	15.385	650
18	8	4	40	10	left	left	1	11	15.342	717
18	9	4	40	10	left	right	0	10	16.367	611
18	10	4	40	10	right	right	1	9	14.95	602
18	11	4	40	10	right	left	0	10	14.97	668
18	12	4	40	10	left	left	1	10	14.97	668
18	13	4	40	10	right	right	1	11	16.369	672
18	14	4	40	10	right	left	0	17	15.455	1100
18	15	4	40	10	left	left	1	9	15.228	591
18	16	4	40	10	left	left	1	14	15.47	905
18	17	4	40	10	left	left	1	12	15.894	755
18	18	4	40	10	left	left	1	10	15.601	641
18	19	4	40	10	left	right	0	16	15.92	1005
18	20	4	40	10	right	right	1	11	15.85	694
18	21	4	40	10	right	left	0	10	15.385	650
18	22	4	40	10	right	right	1	10	15.198	658
18	23	4	40	10	left	left	1	17	15.654	1086
18	24	4	40	10	right	right	1	11	15.537	708
18	25	4	40	10	right	right	1	13	15.169	857
18	26	4	40	10	left	left	1	11	16.32	674
18	27	4	40	10	right	right	1	8	15.209	526
18	28	4	40	10	right	left	0	12	16.173	742
18	29	4	40	10	left	right	0	10	16	625
18	30	4	40	10	right	right	1	11	15.11	728
18	31	4	40	10	left	left	1	15	15.94	941
18	32	4	40	10	right	right	1	18	15.411	1168
18	33	4	40	10	left	right	0	10	15.408	649
18	34	4	40	10	left	left	1	14	15.608	897
18	35	4	40	10	right	right	1	10	15.773	634
18	36	4	40	10	right	right	1	11	15.007	733
18	37	4	40	10	left	left	1	10	15.015	666
18	38	4	40	10	right	right	1	12	15.831	758
18	39	4	40	10	left	left	1	11	16.272	676
18	40	4	40	10	left	left	1	17	15.511	1096
19	1	4	40	10	left	right	0	13	15.606	833
19	2	4	40	10	left	right	0	12	15.19	790
19	3	4	40	10	right	right	1	14	15.201	921
19	4	4	40	10	left	left	1	21	15.487	1356
19	5	4	40	10	left	left	1	15	15.244	984
19	6	4	40	10	right	right	1	11	15.193	724
19	7	4	40	10	left	left	1	12	16.26	738
19	8	4	40	10	right	right	1	10	15.848	631
19	9	4	40	10	right	right	1	12	16.086	746
19	10	4	40	10	right	left	0	11	15.449	712
19	11	4	40	10	left	right	0	9	16.245	554
19	12	4	40	10	left	left	1	11	16.012	687
19	13	4	40	10	right	right	1	12	15.228	788
19	14	4	40	10	left	left	1	11	16.105	683
19	15	4	40	10	left	right	0	12	15.484	775
19	16	4	40	10	left	left	1	10	15.773	634
19	17	4	40	10	left	left	1	13	15.99	813
19	18	4	40	10	right	right	1	11	15.873	693
19	19	4	40	10	left	left	1	18	15.831	1137
19	20	4	40	10	right	right	1	11	15.257	721
19	21	4	40	10	right	right	1	11	16.035	686
19	22	4	40	10	right	right	1	12	16.064	747
19	23	4	40	10	left	right	0	11	15.603	705
19	24	4	40	10	right	left	0	9	15.789	570
19	25	4	40	10	right	right	1	9	16.071	560
19	26	4	40	10	left	left	1	17	15.712	1082
19	27	4	40	10	left	right	0	10	16.234	616
19	28	4	40	10	right	right	1	16	15.764	1015
19	29	4	40	10	left	left	1	14	16.148	867
19	30	4	40	10	right	right	1	11	15.714	700
19	31	4	40	10	left	right	0	14	15.201	921
19	32	4	40	10	right	right	1	15	15.756	952
19	33	4	40	10	left	left	1	12	15.564	771
19	34	4	40	10	right	right	1	10	16.393	610
19	35	4	40	10	right	left	0	10	16.129	620
19	36	4	40	10	left	left	1	13	15.7	828
19	37	4	40	10	right	right	1	11	15.896	692
19	38	4	40	10	right	right	1	13	15.931	816
19	39	4	40	10	left	left	1	21	15.441	1360
19	40	4	40	10	right	right	1	14	15.119	926
20	1	4	40	10	left	right	0	27	15.491	1743
20	2	4	40	10	right	left	0	13	15.55	836
20	3	4	40	10	left	left	1	11	15.257	721
20	4	4	40	10	left	right	0	10	15.106	662
20	5	4	40	10	right	right	1	19	15.164	1253
20	6	4	40	10	right	right	1	14	15.217	920
20	7	4	40	10	left	left	1	13	16.189	803
20	8	4	40	10	right	right	1	11	15.406	714
20	9	4	40	10	right	right	1	11	16.2	679
20	10	4	40	10	left	left	1	12	15.094	795
20	11	4	40	10	right	right	1	19	15.298	1242
20	12	4	40	10	left	left	1	18	15.557	1157
20	13	4	40	10	right	right	1	11	16.248	677
20	14	4	40	10	right	right	1	15	16.009	937
20	15	4	40	10	left	left	1	11	15.537	708
20	16	4	40	10	right	left	0	11	15.603	705
20	17	4	40	10	left	left	1	12	16.238	739
20	18	4	40	10	right	right	1	13	15.931	816
20	19	4	40	10	right	right	1	10	15.244	656
20	20	4	40	10	right	right	1	11	15.737	699
20	21	4	40	10	right	right	1	16	16	1000
20	22	4	40	10	left	left	1	11	15.873	693
20	23	4	40	10	left	left	1	10	15.408	649
20	24	4	40	10	left	left	1	9	15.101	596
20	25	4	40	10	left	left	1	10	16.077	622
20	26	4	40	10	right	right	1	11	15.089	729
20	27	4	40	10	right	right	1	10	15.873	630
20	28	4	40	10	right	right	1	9	15.598	577
20	29	4	40	10	left	left	1	11	15.919	691
20	30	4	40	10	left	left	1	8	16.701	479
20	31	4	40	10	right	right	1	12	15.524	773
20	32	4	40	10	left	left	1	9	15.332	587
20	33	4	40	10	left	left	1	11	15.692	701
20	34	4	40	10	left	left	1	10	15.576	642
20	35	4	40	10	right	right	1	8	16.227	493
20	36	4	40	10	right	right	1	10	16.129	620
20	37	4	40	10	left	right	0	9	15.025	599
20	38	4	40	10	right	right	1	12	15.345	782
20	39	4	40	10	left	left	1	14	15.964	877
20	40	4	40	10	left	right	0	13	15.222	854
21	1	4	40	10	right	right	1	13	16.109	807
21	2	4	40	10	left	left	1	9	15.652	575
21	3	4	40	10	right	right	1	9	16.275	553
21	4	4	40	10	right	right	1	13	15.738	826
21	5	4	40	10	right	right	1	11	15.759	698
21	6	4	40	10	left	left	1	14	15.521	902
21	7	4	40	10	right	right	1	9	16.304	552
21	8	4	40	10	right	right	1	12	15.444	777
21	9	4	40	10	left	left	1	11	15.11	728
21	10	4	40	10	left	left	1	11	15.007	733
21	11	4	40	10	right	right	1	8	15.81	506
21	12	4	40	10	left	left	1	13	16.069	809
21	13	4	40	10	left	left	1	11	15.965	689
21	14	4	40	10	right	right	1	9	16.636	541
21	15	4	40	10	left	left	1	10	15.873	630
21	16	4	40	10	left	right	0	8	15.152	528
21	17	4	40	10	left	right	0	10	14.925	670
21	18	4	40	10	right	right	1	17	15.873	1071
21	19	4	40	10	right	right	1	16	15.92	1005
21	20	4	40	10	left	left	1	14	15.201	921
21	21	4	40	10	left	left	1	9	15.332	587
21	22	4	40	10	left	left	1	9	16.393	549
21	23	4	40	10	left	right	0	9	15.05	598
21	24	4	40	10	right	left	0	9	16.886	533
21	25	4	40	10	right	right	1	11	15.759	698
21	26	4	40	10	left	left	1	16	15.296	1046
21	27	4	40	10	left	right	0	18	15.464	1164
21	28	4	40	10	right	right	1	12	15.605	769
21	29	4	40	10	right	right	1	18	15.625	1152
21	30	4	40	10	right	right	1	14	15.487	904
21	31	4	40	10	right	right	1	13	15.588	834
21	32	4	40	10	right	right	1	10	15.773	634
21	33	4	40	10	left	right	0	20	15.76	1269
21	34	4	40	10	left	right	0	14	15.284	916
21	35	4	40	10	left	left	1	12	15.248	787
21	36	4	40	10	right	left	0	13	15.012	866
21	37	4	40	10	left	left	1	9	15.203	592
21	38	4	40	10	right	right	1	11	15.581	706
21	39	4	40	10	left	right	0	18	15.113	1191
21	40	4	40	10	right	left	0	9	15.929	565
22	1	4	40	10	left	left	1	18	15.101	1192
22	2	4	40	10	right	right	1	13	16.209	802
22	3	4	40	10	left	left	1	15	15.353	977
22	4	4	40	10	right	right	1	13	16.169	804
22	5	4	40	10	right	right	1	15	15.56	964
22	6	4	40	10	left	left	1	11	16.393	671
22	7	4	40	10	left	left	1	13	16.189	803
22	8	4	40	10	right	right	1	9	15.986	563
22	9	4	40	10	left	left	1	11	15.714	700
22	10	4	40	10	left	right	0	13	15.312	849
22	11	4	40	10	left	right	0	11	16.035	686
22	12	4	40	10	left	left	1	11	16.2	679
22	13	4	40	10	left	left	1	12	16.064	747
22	14	4	40	10	right	right	1	11	15.782	697
22	15	4	40	10	right	right	1	14	15.385	910
22	16	4	40	10	right	left	0	16	15.267	1048
22	17	4	40	10	left	left	1	11	16.129	682
22	18	4	40	10	left	right	0	11	16.224	678
22	19	4	40	10	right	right	1	12	15.171	791
22	20	4	40	10	right	right	1	18	15.126	1190
22	21	4	40	10	right	right	1	14	15.251	918
22	22	4	40	10	left	left	1	11	15.805	696
22	23	4	40	10	right	right	1	18	15.887	1133
22	24	4	40	10	left	left	1	16	15.564	1028
22	25	4	40	10	left	left	1	16	15.968	1002
22	26	4	40	10	right	left	0	13	15.663	830
22	27	4	40	10	right	right	1	14	16.298	859
22	28	4	40	10	left	left	1	16	15.81	1012
22	29	4	40	10	right	right	1	10	15.798	633
22	30	4	40	10	left	left	1	12	16.238	739
22	31	4	40	10	left	right	0	13	15.458	841
22	32	4	40	10	left	left	1	11	16.035	686
22	33	4	40	10	right	right	1	11	15.737	699
22	34	4	40	10	left	left	1	12	15.789	760
22	35	4	40	10	right	right	1	10	15.106	662
22	36	4	40	10	right	left	0	23	15.282	1505
22	37	4	40	10	left	left	1	9	15.873	567
22	38	4	40	10	right	right	1	10	15.625	640
22	39	4	40	10	right	right	1	13	15.403	844
22	40	4	40	10	right	right	1	15	15.06	996
23	1	4	40	10	right	right	1	14	15.713	891
23	2	4	40	10	right	right	1	12	15.544	772
23	3	4	40	10	right	right	1	11	15.406	714
23	4	4	40	10	left	right	0	11	15.299	719
23	5	4	40	10	left	right	0	10	16.42	609
23	6	4	40	10	left	left	1	24	15.296	1569
23	7	4	40	10	left	right	0	14	15.573	899
23	8	4	40	10	left	left	1	10	15.385	650
23	9	4	40	10	right	right	1	12	16.349	734
23	10	4	40	10	left	left	1	11	15.737	699
23	11	4	40	10	left	right	0	9	16.304	552
23	12	4	40	10	left	left	1	9	16.636	541
23	13	4	40	10	left	left	1	10	15.674	638
23	14	4	40	10	left	right	0	15	15.609	961
23	15	4	40	10	right	left	0	8	15.595	513
23	16	4	40	10	left	left	1	16	15.414	1038
23	17	4	40	10	right	left	0	9	15.126	595
23	18	4	40	10	left	left	1	15	15.464	970
23	19	4	40	10	right	right	1	15	15.94	941
23	20	4	40	10	right	right	1	14	15.351	912
23	21	4	40	10	left	right	0	10	15.385	650
23	22	4	40	10	right	left	0	9	16.245	554
23	23	4	40	10	right	right	1	10	16.026	624
23	24	4	40	10	right	right	1	10	15.385	650
23	25	4	40	10	right	right	1	10	16.313	613
23	26	4	40	10	right	right	1	10	15.649	639
23	27	4	40	10	left	left	1	14	16.148	867
23	28	4	40	10	left	left	1	9	15.762	571
23	29	4	40	10	right	right	1	10	15.314	653
23	30	4	40	10	left	left	1	10	15.06	664
23	31	4	40	10	right	right	1	9	15.957	564
23	32	4	40	10	left	left	1	10	16.313	613
23	33	4	40	10	left	left	1	10	15.244	656
23	34	4	40	10	right	right	1	8	15.534	515
23	35	4	40	10	left	left	1	9	16.698	539
23	36	4	40	10	right	right	1	9	15.306	588
23	37	4	40	10	right	left	0	8	16.771	477
23	38	4	40	10	right	left	0	10	16.42	609
23	39	4	40	10	right	right	1	10	15.06	664
23	40	4	40	10	left	left	1	10	15.924	628
24	1	4	40	10	left	left	1	20	15.444	1295
24	2	4	40	10	right	right	1	14	15.301	915
24	3	4	40	10	left	left	1	12	15.686	765
24	4	4	40	10	right	right	1	11	15.363	716
24	5	4	40	10	left	left	1	11	15.965	689
24	6	4	40	10	left	right	0	10	16.129	620
24	7	4	40	10	left	left	1	9	15.734	572
24	8	4	40	10	left	right	0	10	15.129	661
24	9	4	40	10	right	left	0	4	15.267	262
24	10	4	40	10	right	right	1	17	15.554	1093
24	11	4	40	10	right	right	1	13	15.134	859
24	12	4	40	10	right	right	1	12	15.544	772
24	13	4	40	10	left	right	0	12	15.915	754
24	14	4	40	10	right	right	1	11	15.342	717
24	15	4	40	10	right	right	1	14	15.59	898
24	16	4	40	10	right	right	1	17	15.683	1084
24	17	4	40	10	left	left	1	12	15.584	770
24	18	4	40	10	right	right	1	12	15.444	777
24	19	4	40	10	right	right	1	17	15.399	1104
24	20	4	40	10	right	left	0	12	16.173	742
24	21	4	40	10	left	left	1	12	15.132	793
24	22	4	40	10	left	left	1	15	15.625	960
24	23	4	40	10	left	left	1	14	15.713	891
24	24	4	40	10	right	right	1	12	15.209	789
24	25	4	40	10	right	right	1	15	15.957	940
24	26	4	40	10	left	left	1	10	15.848	631
24	27	4	40	10	right	left	0	14	15.608	897
24	28	4	40	10	right	right	1	11	16.369	672
24	29	4	40	10	right	right	1	20	15.492	1291
24	30	4	40	10	left	right	0	19	15.435	1231
24	31	4	40	10	left	left	1	13	15.815	822
24	32	4	40	10	right	left	0	14	15.521	902
24	33	4	40	10	right	right	1	9	16.886	533
24	34	4	40	10	left	left	1	14	15.964	877
24	35	4	40	10	left	left	1	12	16.349	734
24	36	4	40	10	left	right	0	11	16.082	684
24	37	4	40	10	right	right	1	11	15.873	693
24	38	4	40	10	left	right	0	13	15.892	818
24	39	4	40	10	left	left	1	12	16	750
24	40	4	40	10	left	left	1	11	16.082	684
