
blkNum	trlNum	coherentDots	numberofDots	percentCoherence	winningDirection	response	correct	eventCount	averageFrameRate	RT
1	1	4	40	10	left	left	1	103	15.163	6793
1	2	4	40	10	right	right	1	65	15.237	4266
1	3	4	40	10	right	right	1	79	15.257	5178
1	4	4	40	10	left	left	1	58	15.128	3834
1	5	4	40	10	right	left	0	47	15.265	3079
1	6	4	40	10	right	right	1	51	15.228	3349
1	7	4	40	10	right	left	0	66	15.26	4325
1	8	4	40	10	left	right	0	59	15.191	3884
1	9	4	40	10	right	left	0	64	15.187	4214
1	10	4	40	10	left	left	1	45	15.348	2932
1	11	4	40	10	right	right	1	76	15.194	5002
1	12	4	40	10	right	left	0	74	15.133	4890
1	13	4	40	10	right	right	1	19	15.638	1215
2	1	4	40	10	right	right	1	56	15.347	3649
2	2	4	40	10	left	left	1	49	15.308	3201
2	3	4	40	10	left	left	1	33	15.406	2142
2	4	4	40	10	right	right	1	43	15.445	2784
2	5	4	40	10	left	left	1	37	15.353	2410
2	6	4	40	10	right	right	1	22	15.089	1458
2	7	4	40	10	left	left	1	29	15.279	1898
2	8	4	40	10	right	right	1	23	15.405	1493
2	9	4	40	10	left	left	1	19	15.548	1222
2	10	4	40	10	right	right	1	28	15.217	1840
2	11	4	40	10	right	right	1	26	15.312	1698
2	12	4	40	10	right	left	0	34	15.504	2193
2	13	4	40	10	right	right	1	14	15.625	896
2	14	4	40	10	right	right	1	15	15.856	946
2	15	4	40	10	right	right	1	22	15.658	1405
2	16	4	40	10	right	right	1	20	15.209	1315
2	17	4	40	10	right	right	1	34	15.455	2200
2	18	4	40	10	right	right	1	19	15.091	1259
2	19	4	40	10	right	right	1	77	15.211	5062
2	20	4	40	10	left	left	1	16	15.595	1026
2	21	4	40	10	right	right	1	12	16.151	743
2	22	4	40	10	left	left	1	15	15.674	957
2	23	4	40	10	right	right	1	28	15.556	1800
2	24	4	40	10	right	right	1	16	15.733	1017
2	25	4	40	10	left	left	1	15	15.789	950
2	26	4	40	10	left	right	0	22	15.352	1433
2	27	4	40	10	left	left	1	11	16.035	686
2	28	4	40	10	right	right	1	19	15.599	1218
3	1	4	40	10	right	right	1	26	15.691	1657
3	2	4	40	10	left	left	1	19	15.435	1231
3	3	4	40	10	right	right	1	17	15.165	1121
3	4	4	40	10	right	right	1	19	15.715	1209
3	5	4	40	10	left	left	1	14	15.184	922
3	6	4	40	10	right	right	1	20	15.373	1301
3	7	4	40	10	left	left	1	24	15.534	1545
3	8	4	40	10	left	left	1	14	15.168	923
3	9	4	40	10	right	right	1	24	15.18	1581
3	10	4	40	10	left	left	1	15	15.873	945
3	11	4	40	10	left	left	1	14	15.573	899
3	12	4	40	10	right	right	1	13	15.532	837
3	13	4	40	10	right	right	1	15	15.674	957
3	14	4	40	10	right	left	0	35	15.297	2288
3	15	4	40	10	left	left	1	13	15.152	858
3	16	4	40	10	left	left	1	16	15.459	1035
3	17	4	40	10	right	right	1	20	15.152	1320
3	18	4	40	10	right	left	0	23	15.323	1501
3	19	4	40	10	left	left	1	13	15.421	843
3	20	4	40	10	right	right	1	13	16.03	811
3	21	4	40	10	left	left	1	15	15.839	947
3	22	4	40	10	left	left	1	66	15.12	4365
3	23	4	40	10	left	left	1	35	15.514	2256
3	24	4	40	10	left	left	1	13	15.834	821
3	25	4	40	10	right	right	1	10	15.723	636
3	26	4	40	10	left	left	1	14	15.784	887
3	27	4	40	10	right	right	1	27	15.473	1745
3	28	4	40	10	right	left	0	15	15.74	953
3	29	4	40	10	right	right	1	11	16.345	673
3	30	4	40	10	right	left	0	32	15.466	2069
3	31	4	40	10	left	left	1	12	16.107	745
3	32	4	40	10	right	left	0	20	15.444	1295
3	33	4	40	10	left	left	1	58	15.167	3824
4	1	4	40	10	right	right	1	24	15.296	1569
4	2	4	40	10	right	left	0	15	15.823	948
4	3	4	40	10	right	right	1	18	15.901	1132
4	4	4	40	10	right	left	0	25	15.432	1620
4	5	4	40	10	right	right	1	10	14.97	668
4	6	4	40	10	left	left	1	17	15.399	1104
4	7	4	40	10	right	right	1	41	15.259	2687
4	8	4	40	10	left	left	1	23	15.385	1495
4	9	4	40	10	right	right	1	24	15.544	1544
4	10	4	40	10	left	left	1	15	15.337	978
4	11	4	40	10	right	right	1	38	15.485	2454
4	12	4	40	10	right	right	1	15	15.641	959
4	13	4	40	10	left	right	0	17	15.582	1091
4	14	4	40	10	right	right	1	12	15.19	790
4	15	4	40	10	left	left	1	14	15.819	885
4	16	4	40	10	right	right	1	37	15.226	2430
4	17	4	40	10	right	right	1	24	15.161	1583
4	18	4	40	10	left	left	1	19	15.69	1211
4	19	4	40	10	right	right	1	16	15.686	1020
4	20	4	40	10	right	left	0	15	15.873	945
4	21	4	40	10	right	right	1	16	15.61	1025
4	22	4	40	10	left	left	1	20	15.564	1285
4	23	4	40	10	right	right	1	17	15.497	1097
4	24	4	40	10	left	left	1	17	15.511	1096
4	25	4	40	10	right	right	1	24	15.085	1591
4	26	4	40	10	left	left	1	19	15.702	1210
4	27	4	40	10	right	right	1	15	15.306	980
4	28	4	40	10	left	right	0	19	15.323	1240
4	29	4	40	10	left	left	1	19	15.638	1215
4	30	4	40	10	right	right	1	11	15.603	705
4	31	4	40	10	right	right	1	29	15.575	1862
4	32	4	40	10	right	right	1	13	15.476	840
4	33	4	40	10	right	left	0	17	15.274	1113
4	34	4	40	10	left	left	1	13	15.834	821
5	1	4	40	10	right	right	1	26	15.449	1683
5	2	4	40	10	left	left	1	11	15.257	721
5	3	4	40	10	left	left	1	19	15.548	1222
5	4	4	40	10	left	left	1	19	15.323	1240
5	5	4	40	10	right	right	1	19	15.31	1241
5	6	4	40	10	right	left	0	15	15.167	989
5	7	4	40	10	right	left	0	14	15.801	886
5	8	4	40	10	right	left	0	24	15.424	1556
5	9	4	40	10	left	left	1	13	15.276	851
5	10	4	40	10	left	left	1	15	15.075	995
5	11	4	40	10	right	right	1	19	15.435	1231
5	12	4	40	10	right	right	1	13	15.738	826
5	13	4	40	10	right	right	1	24	15.524	1546
5	14	4	40	10	left	left	1	16	15.936	1004
5	15	4	40	10	left	left	1	26	15.691	1657
5	16	4	40	10	right	right	1	26	15.71	1655
5	17	4	40	10	left	left	1	19	15.091	1259
5	18	4	40	10	right	right	1	14	15.119	926
5	19	4	40	10	right	left	0	24	15.228	1576
5	20	4	40	10	right	left	0	33	15.335	2152
5	21	4	40	10	left	left	1	10	15.267	655
5	22	4	40	10	right	right	1	10	14.993	667
5	23	4	40	10	right	right	1	17	15.992	1063
5	24	4	40	10	left	left	1	18	15.451	1165
5	25	4	40	10	right	right	1	17	16.008	1062
5	26	4	40	10	left	right	0	9	15.762	571
5	27	4	40	10	right	left	0	12	15.769	761
5	28	4	40	10	left	right	0	13	14.977	868
5	29	4	40	10	right	right	1	30	15.167	1978
5	30	4	40	10	left	right	0	18	15	1200
5	31	4	40	10	right	left	0	12	16.349	734
5	32	4	40	10	right	right	1	16	15.625	1024
5	33	4	40	10	right	right	1	14	15.135	925
5	34	4	40	10	right	left	0	19	15.323	1240
5	35	4	40	10	left	left	1	18	15.639	1151
6	1	4	40	10	right	left	0	23	15.303	1503
6	2	4	40	10	left	right	0	13	16.311	797
6	3	4	40	10	right	right	1	10	15.798	633
6	4	4	40	10	right	right	1	13	15.854	820
6	5	4	40	10	left	right	0	19	15.286	1243
6	6	4	40	10	left	left	1	12	15.267	786
6	7	4	40	10	left	left	1	14	15.891	881
6	8	4	40	10	left	right	0	14	15.59	898
6	9	4	40	10	right	right	1	10	15.601	641
6	10	4	40	10	right	right	1	12	16.216	740
6	11	4	40	10	right	right	1	13	15.012	866
6	12	4	40	10	right	right	1	15	15.839	947
6	13	4	40	10	left	right	0	17	15.554	1093
6	14	4	40	10	right	right	1	19	15.212	1249
6	15	4	40	10	left	left	1	20	15.576	1284
6	16	4	40	10	left	right	0	19	15.044	1263
6	17	4	40	10	right	left	0	15	15.528	966
6	18	4	40	10	left	right	0	13	15.796	823
6	19	4	40	10	right	left	0	39	15.211	2564
6	20	4	40	10	left	right	0	11	15.515	709
6	21	4	40	10	right	left	0	23	15.152	1518
6	22	4	40	10	right	left	0	10	14.948	669
6	23	4	40	10	left	left	1	11	16.035	686
6	24	4	40	10	left	right	0	15	15.337	978
6	25	4	40	10	left	left	1	10	15.748	635
6	26	4	40	10	right	left	0	14	15.119	926
6	27	4	40	10	left	left	1	20	15.564	1285
6	28	4	40	10	left	left	1	13	15.187	856
6	29	4	40	10	right	left	0	12	15.605	769
6	30	4	40	10	left	right	0	13	15.258	852
6	31	4	40	10	right	right	1	12	16.086	746
6	32	4	40	10	right	right	1	21	15.813	1328
6	33	4	40	10	right	right	1	23	15.333	1500
6	34	4	40	10	right	right	1	30	15.448	1942
6	35	4	40	10	left	left	1	22	15.428	1426
6	36	4	40	10	right	right	1	17	15.385	1105
7	1	4	40	10	right	right	1	13	15.152	858
7	2	4	40	10	right	right	1	12	15.727	763
7	3	4	40	10	left	left	1	10	15.798	633
7	4	4	40	10	left	left	1	27	15.237	1772
7	5	4	40	10	left	left	1	23	15.668	1468
7	6	4	40	10	right	right	1	17	15.683	1084
7	7	4	40	10	right	right	1	13	15.569	835
7	8	4	40	10	left	left	1	11	15.048	731
7	9	4	40	10	right	right	1	13	16.25	800
7	10	4	40	10	right	left	0	13	15.796	823
7	11	4	40	10	left	right	0	10	16.129	620
7	12	4	40	10	right	right	1	18	15.901	1132
7	13	4	40	10	left	left	1	16	15.952	1003
7	14	4	40	10	left	right	0	13	15.931	816
7	15	4	40	10	left	left	1	13	15.854	820
7	16	4	40	10	left	left	1	19	15.372	1236
7	17	4	40	10	right	right	1	18	15.762	1142
7	18	4	40	10	right	right	1	11	15.32	718
7	19	4	40	10	left	left	1	14	15.713	891
7	20	4	40	10	right	right	1	13	15.24	853
7	21	4	40	10	left	left	1	11	16.058	685
7	22	4	40	10	right	right	1	17	15.26	1114
7	23	4	40	10	left	left	1	11	16.153	681
7	24	4	40	10	right	right	1	16	15.429	1037
7	25	4	40	10	right	left	0	19	15.2	1250
7	26	4	40	10	right	right	1	16	15.717	1018
7	27	4	40	10	right	left	0	22	15.048	1462
7	28	4	40	10	right	left	0	10	15.361	651
7	29	4	40	10	right	right	1	18	15.803	1139
7	30	4	40	10	left	left	1	20	15.302	1307
7	31	4	40	10	right	right	1	20	15.528	1288
7	32	4	40	10	right	left	0	17	15.469	1099
7	33	4	40	10	right	right	1	11	15.131	727
7	34	4	40	10	right	right	1	30	15.4	1948
7	35	4	40	10	left	left	1	16	15.37	1041
7	36	4	40	10	right	right	1	17	15.77	1078
7	37	4	40	10	right	left	0	16	15.671	1021
7	38	4	40	10	left	left	1	26	15.485	1679
7	39	4	40	10	left	left	1	38	15.249	2492
8	1	4	40	10	left	left	1	15	15.544	965
8	2	4	40	10	right	right	1	23	15.202	1513
8	3	4	40	10	right	right	1	13	15.012	866
8	4	4	40	10	left	left	1	12	15.094	795
8	5	4	40	10	right	right	1	16	15.842	1010
8	6	4	40	10	right	left	0	14	15.784	887
8	7	4	40	10	left	left	1	14	15.677	893
8	8	4	40	10	right	right	1	13	15.495	839
8	9	4	40	10	left	left	1	12	16.151	743
8	10	4	40	10	left	left	1	11	15.714	700
8	11	4	40	10	left	left	1	11	16.153	681
8	12	4	40	10	right	right	1	24	15.656	1533
8	13	4	40	10	left	left	1	12	15.484	775
8	14	4	40	10	right	right	1	12	15.686	765
8	15	4	40	10	right	left	0	12	15.544	772
8	16	4	40	10	right	right	1	10	15.649	639
8	17	4	40	10	left	left	1	20	15.504	1290
8	18	4	40	10	left	left	1	23	15.152	1518
8	19	4	40	10	left	left	1	15	15.136	991
8	20	4	40	10	right	right	1	42	15.201	2763
8	21	4	40	10	left	left	1	15	15.167	989
8	22	4	40	10	left	right	0	15	16.009	937
8	23	4	40	10	left	left	1	11	15.428	713
8	24	4	40	10	left	left	1	11	15.692	701
8	25	4	40	10	left	left	1	17	15.385	1105
8	26	4	40	10	left	left	1	13	15.187	856
8	27	4	40	10	right	right	1	19	15.115	1257
8	28	4	40	10	left	left	1	16	15.81	1012
8	29	4	40	10	right	right	1	16	15.61	1025
8	30	4	40	10	right	right	1	30	15.512	1934
8	31	4	40	10	right	right	1	15	15.337	978
8	32	4	40	10	right	right	1	17	15.539	1094
8	33	4	40	10	left	left	1	14	15.267	917
8	34	4	40	10	left	left	1	14	15.784	887
8	35	4	40	10	left	left	1	38	15.218	2497
8	36	4	40	10	right	right	1	18	15.803	1139
8	37	4	40	10	left	left	1	16	15.952	1003
8	38	4	40	10	left	left	1	13	15.931	816
8	39	4	40	10	left	left	1	12	15.484	775
8	40	4	40	10	right	right	1	36	15.477	2326
9	1	4	40	10	right	left	0	20	15.106	1324
9	2	4	40	10	right	right	1	15	15.416	973
9	3	4	40	10	right	left	0	16	15.253	1049
9	4	4	40	10	left	left	1	18	15.915	1131
9	5	4	40	10	right	right	1	14	15.301	915
9	6	4	40	10	left	left	1	18	15.139	1189
9	7	4	40	10	right	right	1	14	15.945	878
9	8	4	40	10	left	left	1	14	15.642	895
9	9	4	40	10	left	left	1	13	15.458	841
9	10	4	40	10	left	left	1	21	15.419	1362
9	11	4	40	10	left	right	0	12	16.151	743
9	12	4	40	10	left	left	1	10	16.207	617
9	13	4	40	10	right	left	0	23	15.583	1476
9	14	4	40	10	left	left	1	13	16.23	801
9	15	4	40	10	right	right	1	17	15.179	1120
9	16	4	40	10	left	left	1	16	15.873	1008
9	17	4	40	10	right	right	1	16	15.444	1036
9	18	4	40	10	right	right	1	22	15.782	1394
9	19	4	40	10	left	left	1	20	15.723	1272
9	20	4	40	10	right	right	1	15	15.198	987
9	21	4	40	10	right	right	1	32	15.101	2119
9	22	4	40	10	right	right	1	18	15.625	1152
9	23	4	40	10	left	left	1	27	15.332	1761
9	24	4	40	10	right	right	1	21	15.251	1377
9	25	4	40	10	right	right	1	14	15.927	879
9	26	4	40	10	right	right	1	15	15.625	960
9	27	4	40	10	right	right	1	15	15.198	987
9	28	4	40	10	right	right	1	26	15.485	1679
9	29	4	40	10	right	right	1	20	15.198	1316
9	30	4	40	10	right	right	1	17	15.385	1105
9	31	4	40	10	left	left	1	20	15.723	1272
9	32	4	40	10	left	left	1	17	15.814	1075
9	33	4	40	10	left	left	1	15	15.48	969
9	34	4	40	10	left	right	0	19	15.46	1229
9	35	4	40	10	left	left	1	12	15.873	756
9	36	4	40	10	right	right	1	17	15.947	1066
9	37	4	40	10	right	right	1	18	15	1200
9	38	4	40	10	left	left	1	25	15.235	1641
10	1	4	40	10	right	right	1	13	14.994	867
10	2	4	40	10	left	left	1	14	15.419	908
10	3	4	40	10	right	right	1	18	15.437	1166
10	4	4	40	10	left	left	1	15	15.924	942
10	5	4	40	10	right	right	1	12	15.444	777
10	6	4	40	10	right	right	1	13	16.089	808
10	7	4	40	10	right	left	0	15	15.259	983
10	8	4	40	10	right	left	0	23	15.457	1488
10	9	4	40	10	left	left	1	17	15.426	1102
10	10	4	40	10	right	right	1	16	15.311	1045
10	11	4	40	10	right	left	0	37	15.455	2394
10	12	4	40	10	left	right	0	16	16.016	999
10	13	4	40	10	right	right	1	13	15.476	840
10	14	4	40	10	right	right	1	22	15.439	1425
10	15	4	40	10	right	right	1	21	15.262	1376
10	16	4	40	10	right	left	0	17	15.888	1070
10	17	4	40	10	right	right	1	13	15.458	841
10	18	4	40	10	right	right	1	26	15.394	1689
10	19	4	40	10	right	right	1	17	15.873	1071
10	20	4	40	10	left	left	1	24	15.18	1581
10	21	4	40	10	right	right	1	20	15.625	1280
10	22	4	40	10	right	right	1	16	15.564	1028
10	23	4	40	10	left	left	1	21	15.801	1329
10	24	4	40	10	left	right	0	15	15.03	998
10	25	4	40	10	left	left	1	15	15.907	943
10	26	4	40	10	left	left	1	26	15.169	1714
10	27	4	40	10	right	right	1	21	15.251	1377
10	28	4	40	10	right	right	1	16	15.519	1031
10	29	4	40	10	left	left	1	22	15.406	1428
10	30	4	40	10	left	left	1	37	15.346	2411
10	31	4	40	10	left	right	0	16	15.444	1036
10	32	4	40	10	right	left	0	16	15.779	1014
10	33	4	40	10	left	left	1	41	15.124	2711
10	34	4	40	10	left	left	1	20	15.152	1320
11	1	4	40	10	right	right	1	19	15.536	1223
11	2	4	40	10	right	right	1	15	16.009	937
11	3	4	40	10	right	left	0	19	15.781	1204
11	4	4	40	10	left	left	1	11	15.068	730
11	5	4	40	10	right	right	1	19	15.625	1216
11	6	4	40	10	right	right	1	15	15.091	994
11	7	4	40	10	left	right	0	13	14.943	870
11	8	4	40	10	right	left	0	25	15.207	1644
11	9	4	40	10	left	left	1	12	16.349	734
11	10	4	40	10	left	left	1	30	15.464	1940
11	11	4	40	10	right	right	1	30	15.306	1960
11	12	4	40	10	left	left	1	16	15.429	1037
11	13	4	40	10	left	right	0	20	15.314	1306
11	14	4	40	10	left	left	1	15	15.576	963
11	15	4	40	10	left	right	0	16	15.764	1015
11	16	4	40	10	left	left	1	13	15.777	824
11	17	4	40	10	left	left	1	13	15.931	816
11	18	4	40	10	right	left	0	35	15.459	2264
11	19	4	40	10	left	right	0	21	15.51	1354
11	20	4	40	10	left	left	1	12	15.544	772
11	21	4	40	10	left	left	1	30	15.609	1922
11	22	4	40	10	right	right	1	22	15.385	1430
11	23	4	40	10	left	right	0	56	15.193	3686
11	24	4	40	10	right	left	0	16	15.81	1012
11	25	4	40	10	left	left	1	10	14.948	669
11	26	4	40	10	right	right	1	14	15.47	905
11	27	4	40	10	right	right	1	17	15.247	1115
11	28	4	40	10	right	left	0	11	15.406	714
11	29	4	40	10	left	left	1	11	15.342	717
11	30	4	40	10	left	right	0	13	15.738	826
11	31	4	40	10	right	right	1	26	15.339	1695
11	32	4	40	10	left	left	1	18	15.139	1189
11	33	4	40	10	left	left	1	25	15.645	1598
12	1	4	40	10	left	left	1	29	15.183	1910
12	2	4	40	10	right	left	0	18	15.385	1170
12	3	4	40	10	right	right	1	14	15.234	919
12	4	4	40	10	right	right	1	16	15.474	1034
12	5	4	40	10	left	right	0	18	15.319	1175
12	6	4	40	10	left	left	1	21	15.396	1364
12	7	4	40	10	right	left	0	16	15.595	1026
12	8	4	40	10	right	right	1	11	15.214	723
12	9	4	40	10	left	left	1	14	15.47	905
12	10	4	40	10	right	right	1	17	15.712	1082
12	11	4	40	10	right	right	1	16	15.137	1057
12	12	4	40	10	left	left	1	20	15.444	1295
12	13	4	40	10	left	left	1	14	15.713	891
12	14	4	40	10	left	left	1	13	15.403	844
12	15	4	40	10	left	left	1	11	15.692	701
12	16	4	40	10	left	left	1	16	15.968	1002
12	17	4	40	10	left	left	1	17	15.77	1078
12	18	4	40	10	left	left	1	14	15.695	892
12	19	4	40	10	left	left	1	12	15.666	766
12	20	4	40	10	right	left	0	10	15.337	652
12	21	4	40	10	right	right	1	29	15.45	1877
12	22	4	40	10	left	left	1	14	14.957	936
12	23	4	40	10	left	left	1	11	15.759	698
12	24	4	40	10	left	left	1	12	15.81	759
12	25	4	40	10	right	right	1	14	15.267	917
12	26	4	40	10	right	right	1	11	15.449	712
12	27	4	40	10	right	right	1	15	15.674	957
12	28	4	40	10	right	right	1	15	15.89	944
12	29	4	40	10	left	left	1	33	15.152	2178
12	30	4	40	10	left	right	0	13	14.96	869
12	31	4	40	10	right	right	1	10	16.367	611
12	32	4	40	10	left	right	0	12	16.349	734
12	33	4	40	10	left	left	1	12	15.625	768
12	34	4	40	10	right	right	1	15	15.03	998
12	35	4	40	10	left	left	1	19	15.794	1203
12	36	4	40	10	left	right	0	15	15.432	972
12	37	4	40	10	left	left	1	12	15.873	756
12	38	4	40	10	left	left	1	16	15.355	1042
12	39	4	40	10	right	right	1	11	15.449	712
12	40	4	40	10	left	left	1	16	15.92	1005
13	1	4	40	10	left	left	1	17	15.888	1070
13	2	4	40	10	right	right	1	15	15.182	988
13	3	4	40	10	left	left	1	13	16.25	800
13	4	4	40	10	left	left	1	14	15.784	887
13	5	4	40	10	right	right	1	11	15.089	729
13	6	4	40	10	left	left	1	18	15.228	1182
13	7	4	40	10	right	right	1	20	15.637	1279
13	8	4	40	10	left	left	1	13	16.189	803
13	9	4	40	10	left	left	1	17	15.596	1090
13	10	4	40	10	right	right	1	14	15.47	905
13	11	4	40	10	right	right	1	14	15.713	891
13	12	4	40	10	right	right	1	16	15.549	1029
13	13	4	40	10	left	left	1	20	15.798	1266
13	14	4	40	10	right	right	1	13	15.682	829
13	15	4	40	10	left	left	1	17	15.554	1093
13	16	4	40	10	left	left	1	17	15.455	1100
13	17	4	40	10	right	right	1	17	15.697	1083
13	18	4	40	10	left	left	1	15	15.121	992
13	19	4	40	10	left	left	1	23	15.657	1469
13	20	4	40	10	right	right	1	15	15.432	972
13	21	4	40	10	left	left	1	10	15.823	632
13	22	4	40	10	right	right	1	14	15.713	891
13	23	4	40	10	left	left	1	11	15.027	732
13	24	4	40	10	right	right	1	15	15.213	986
13	25	4	40	10	left	left	1	12	15.345	782
13	26	4	40	10	left	left	1	14	15.005	933
13	27	4	40	10	right	right	1	15	15.48	969
13	28	4	40	10	left	right	0	17	15.582	1091
13	29	4	40	10	left	left	1	13	15.064	863
13	30	4	40	10	left	left	1	18	15.411	1168
13	31	4	40	10	right	right	1	14	15.891	881
13	32	4	40	10	right	right	1	26	15.099	1722
13	33	4	40	10	left	left	1	19	15.612	1217
13	34	4	40	10	right	right	1	48	15.253	3147
13	35	4	40	10	left	right	0	14	15.945	878
13	36	4	40	10	right	left	0	12	15.228	788
13	37	4	40	10	right	right	1	19	15.044	1263
13	38	4	40	10	right	left	0	22	15.246	1443
13	39	4	40	10	right	right	1	12	15.645	767
13	40	4	40	10	left	left	1	18	15.776	1141
14	1	4	40	10	left	left	1	26	15.214	1709
14	2	4	40	10	right	right	1	17	15.247	1115
14	3	4	40	10	left	left	1	13	16.189	803
14	4	4	40	10	left	left	1	28	15.201	1842
14	5	4	40	10	left	left	1	21	15.13	1388
14	6	4	40	10	right	right	1	18	15.707	1146
14	7	4	40	10	left	left	1	26	15.312	1698
14	8	4	40	10	right	right	1	17	15.274	1113
14	9	4	40	10	left	left	1	14	15.487	904
14	10	4	40	10	right	right	1	13	14.874	874
14	11	4	40	10	right	right	1	27	15.385	1755
14	12	4	40	10	right	right	1	20	15.492	1291
14	13	4	40	10	right	right	1	22	15.048	1462
14	14	4	40	10	left	left	1	18	15.332	1174
14	15	4	40	10	left	left	1	20	15.349	1303
14	16	4	40	10	left	left	1	16	15.826	1011
14	17	4	40	10	right	right	1	28	15.556	1800
14	18	4	40	10	right	right	1	52	15.222	3416
14	19	4	40	10	left	left	1	21	15.602	1346
14	20	4	40	10	right	right	1	16	15.64	1023
14	21	4	40	10	left	left	1	14	15.556	900
14	22	4	40	10	left	left	1	15	15.03	998
14	23	4	40	10	right	left	0	54	15.367	3514
14	24	4	40	10	left	left	1	14	15.021	932
14	25	4	40	10	left	right	0	13	15.366	846
14	26	4	40	10	left	left	1	49	15.336	3195
14	27	4	40	10	left	left	1	34	15.179	2240
14	28	4	40	10	left	left	1	18	15.679	1148
14	29	4	40	10	right	right	1	17	15.918	1068
14	30	4	40	10	left	left	1	29	15.608	1858
14	31	4	40	10	right	right	1	28	15.242	1837
15	1	4	40	10	right	right	1	19	15.188	1251
15	2	4	40	10	right	right	1	30	15.448	1942
15	3	4	40	10	right	right	1	14	15.59	898
15	4	4	40	10	right	right	1	35	15.217	2300
15	5	4	40	10	right	left	0	32	15.267	2096
15	6	4	40	10	left	left	1	18	15.531	1159
15	7	4	40	10	left	left	1	27	15.28	1767
15	8	4	40	10	right	right	1	15	15.385	975
15	9	4	40	10	right	right	1	15	15.322	979
15	10	4	40	10	right	right	1	17	15.539	1094
15	11	4	40	10	right	right	1	42	15.146	2773
15	12	4	40	10	left	left	1	19	15.435	1231
15	13	4	40	10	right	right	1	15	16.009	937
15	14	4	40	10	left	left	1	17	15.469	1099
15	15	4	40	10	left	right	0	14	15.054	930
15	16	4	40	10	right	left	0	11	15.782	697
15	17	4	40	10	right	right	1	14	16	875
15	18	4	40	10	right	left	0	66	15.235	4332
15	19	4	40	10	right	right	1	19	15.091	1259
15	20	4	40	10	right	right	1	14	15.005	933
15	21	4	40	10	left	right	0	13	15.187	856
15	22	4	40	10	right	right	1	12	15.19	790
15	23	4	40	10	left	left	1	24	15.574	1541
15	24	4	40	10	left	left	1	22	15.548	1415
15	25	4	40	10	left	left	1	19	15.548	1222
15	26	4	40	10	left	left	1	16	15.504	1032
15	27	4	40	10	right	right	1	13	15.834	821
15	28	4	40	10	right	right	1	18	15.887	1133
15	29	4	40	10	right	right	1	18	15.464	1164
15	30	4	40	10	right	right	1	26	15.578	1669
15	31	4	40	10	right	right	1	15	15.091	994
15	32	4	40	10	left	left	1	14	15.945	878
15	33	4	40	10	right	right	1	14	15.766	888
16	1	4	40	10	left	left	1	16	15.444	1036
16	2	4	40	10	left	left	1	14	15.184	922
16	3	4	40	10	right	right	1	14	15.556	900
16	4	4	40	10	right	right	1	16	15.534	1030
16	5	4	40	10	right	right	1	20	15.492	1291
16	6	4	40	10	left	left	1	18	15.859	1135
16	7	4	40	10	left	left	1	22	15.647	1406
16	8	4	40	10	left	right	0	15	15.94	941
16	9	4	40	10	left	left	1	12	16.021	749
16	10	4	40	10	left	left	1	15	15.198	987
16	11	4	40	10	left	left	1	16	15.64	1023
16	12	4	40	10	left	left	1	44	15.471	2844
16	13	4	40	10	right	right	1	14	15.927	879
16	14	4	40	10	left	left	1	18	15.625	1152
16	15	4	40	10	left	right	0	13	14.891	873
16	16	4	40	10	left	left	1	18	15.113	1191
16	17	4	40	10	left	right	0	35	15.244	2296
16	18	4	40	10	left	left	1	13	15.012	866
16	19	4	40	10	left	left	1	14	15.436	907
16	20	4	40	10	right	right	1	16	15.795	1013
16	21	4	40	10	right	right	1	39	15.27	2554
16	22	4	40	10	right	left	0	27	15.084	1790
16	23	4	40	10	right	right	1	18	15.803	1139
16	24	4	40	10	right	right	1	13	15.276	851
16	25	4	40	10	right	right	1	18	15.267	1179
16	26	4	40	10	right	left	0	24	15.345	1564
16	27	4	40	10	right	right	1	11	15.559	707
16	28	4	40	10	left	left	1	16	15.625	1024
16	29	4	40	10	left	left	1	25	15.272	1637
16	30	4	40	10	left	left	1	20	15.408	1298
16	31	4	40	10	left	left	1	25	15.253	1639
16	32	4	40	10	left	left	1	37	15.195	2435
16	33	4	40	10	right	right	1	14	15.021	932
16	34	4	40	10	right	left	0	18	15.424	1167
17	1	4	40	10	right	right	1	31	15.211	2038
17	2	4	40	10	left	left	1	14	15.284	916
17	3	4	40	10	right	right	1	14	15.927	879
17	4	4	40	10	right	right	1	26	15.476	1680
17	5	4	40	10	right	right	1	13	15.663	830
17	6	4	40	10	left	right	0	13	16.291	798
17	7	4	40	10	left	left	1	10	15.385	650
17	8	4	40	10	right	right	1	15	15.045	997
17	9	4	40	10	left	left	1	48	15.185	3161
17	10	4	40	10	right	right	1	19	15.164	1253
17	11	4	40	10	right	left	0	15	15.496	968
17	12	4	40	10	right	right	1	19	15.224	1248
17	13	4	40	10	left	left	1	23	15.182	1515
17	14	4	40	10	left	left	1	48	15.36	3125
17	15	4	40	10	left	left	1	13	14.925	871
17	16	4	40	10	right	right	1	24	15.454	1553
17	17	4	40	10	left	left	1	17	15.247	1115
17	18	4	40	10	left	left	1	26	15.532	1674
17	19	4	40	10	right	left	0	67	15.2	4408
17	20	4	40	10	right	right	1	13	15.931	816
17	21	4	40	10	left	left	1	13	14.908	872
17	22	4	40	10	right	right	1	14	15.909	880
17	23	4	40	10	right	right	1	19	15.498	1226
17	24	4	40	10	left	left	1	23	15.426	1491
17	25	4	40	10	left	left	1	16	15.094	1060
17	26	4	40	10	left	left	1	32	15.489	2066
17	27	4	40	10	left	left	1	23	15.436	1490
17	28	4	40	10	right	right	1	26	15.606	1666
17	29	4	40	10	left	left	1	46	15.293	3008
17	30	4	40	10	right	right	1	14	15.487	904
17	31	4	40	10	left	left	1	15	15.991	938
18	1	4	40	10	right	right	1	15	15.448	971
18	2	4	40	10	left	left	1	11	15.131	727
18	3	4	40	10	right	right	1	12	15.228	788
18	4	4	40	10	left	left	1	10	15.773	634
18	5	4	40	10	right	right	1	16	15.795	1013
18	6	4	40	10	right	right	1	27	15.254	1770
18	7	4	40	10	left	left	1	17	15.712	1082
18	8	4	40	10	right	right	1	14	15.891	881
18	9	4	40	10	right	right	1	20	15.221	1314
18	10	4	40	10	right	right	1	20	15.083	1326
18	11	4	40	10	right	left	0	19	15.286	1243
18	12	4	40	10	right	left	0	13	16.049	810
18	13	4	40	10	left	left	1	18	15.639	1151
18	14	4	40	10	right	right	1	17	15.992	1063
18	15	4	40	10	right	left	0	60	15.287	3925
18	16	4	40	10	left	left	1	24	15.228	1576
18	17	4	40	10	left	left	1	16	15.686	1020
18	18	4	40	10	left	left	1	15	15.106	993
18	19	4	40	10	left	left	1	15	15.291	981
18	20	4	40	10	right	right	1	17	15.611	1089
18	21	4	40	10	left	left	1	15	15.907	943
18	22	4	40	10	left	left	1	17	15.947	1066
18	23	4	40	10	left	left	1	36	15.203	2368
18	24	4	40	10	left	left	1	13	15.476	840
18	25	4	40	10	left	left	1	17	15.179	1120
18	26	4	40	10	left	left	1	13	15.187	856
18	27	4	40	10	right	right	1	14	15.47	905
18	28	4	40	10	right	right	1	14	15.436	907
18	29	4	40	10	left	left	1	17	15.785	1077
18	30	4	40	10	left	left	1	26	15.169	1714
18	31	4	40	10	left	left	1	16	15.123	1058
18	32	4	40	10	left	left	1	14	15.368	911
18	33	4	40	10	right	right	1	14	15.748	889
18	34	4	40	10	left	left	1	16	15.238	1050
18	35	4	40	10	left	left	1	34	15.511	2192
18	36	4	40	10	right	right	1	13	15.276	851
18	37	4	40	10	right	left	0	24	15.434	1555
19	1	4	40	10	left	left	1	20	15.444	1295
19	2	4	40	10	right	right	1	15	15.322	979
19	3	4	40	10	right	right	1	14	15.784	887
19	4	4	40	10	left	left	1	16	15.984	1001
19	5	4	40	10	right	right	1	15	15.416	973
19	6	4	40	10	right	right	1	13	15.029	865
19	7	4	40	10	left	left	1	13	14.891	873
19	8	4	40	10	left	left	1	12	15.894	755
19	9	4	40	10	right	right	1	13	15.758	825
19	10	4	40	10	right	right	1	14	15.891	881
19	11	4	40	10	right	right	1	22	15.089	1458
19	12	4	40	10	right	right	1	18	15.075	1194
19	13	4	40	10	left	left	1	16	15.702	1019
19	14	4	40	10	right	right	1	14	15.217	920
19	15	4	40	10	left	left	1	15	15.723	954
19	16	4	40	10	right	right	1	13	15.099	861
19	17	4	40	10	right	right	1	26	15.134	1718
19	18	4	40	10	left	left	1	12	15.852	757
19	19	4	40	10	left	left	1	15	15.198	987
19	20	4	40	10	right	left	0	18	15.859	1135
19	21	4	40	10	left	left	1	19	15.273	1244
19	22	4	40	10	left	left	1	16	15.414	1038
19	23	4	40	10	right	right	1	25	15.291	1635
19	24	4	40	10	right	right	1	24	15.625	1536
19	25	4	40	10	left	left	1	16	15.595	1026
19	26	4	40	10	right	right	1	15	15.244	984
19	27	4	40	10	left	left	1	22	15.152	1452
19	28	4	40	10	left	left	1	65	15.12	4299
19	29	4	40	10	right	right	1	15	15.839	947
19	30	4	40	10	right	right	1	21	15.273	1375
19	31	4	40	10	left	left	1	15	15.806	949
19	32	4	40	10	right	right	1	16	15.152	1056
19	33	4	40	10	left	left	1	15	15.291	981
19	34	4	40	10	right	right	1	16	15.253	1049
19	35	4	40	10	right	left	0	17	15.755	1079
19	36	4	40	10	left	left	1	13	15.892	818
19	37	4	40	10	left	right	0	41	15.379	2666
20	1	4	40	10	right	right	1	53	15.269	3471
20	2	4	40	10	right	right	1	16	15.238	1050
20	3	4	40	10	left	left	1	14	15.766	888
20	4	4	40	10	right	right	1	26	15.321	1697
20	5	4	40	10	left	right	0	26	15.476	1680
20	6	4	40	10	left	left	1	10	14.993	667
20	7	4	40	10	right	right	1	12	15.171	791
20	8	4	40	10	left	left	1	12	16.349	734
20	9	4	40	10	left	left	1	25	15.216	1643
20	10	4	40	10	left	left	1	24	15.385	1560
20	11	4	40	10	left	left	1	26	15.449	1683
20	12	4	40	10	right	left	0	26	15.249	1705
20	13	4	40	10	right	right	1	12	15.385	780
20	14	4	40	10	left	left	1	23	15.668	1468
20	15	4	40	10	left	left	1	16	15.702	1019
20	16	4	40	10	left	left	1	16	15.267	1048
20	17	4	40	10	left	left	1	19	15.447	1230
20	18	4	40	10	left	left	1	18	15.845	1136
20	19	4	40	10	right	right	1	29	15.231	1904
20	20	4	40	10	left	left	1	21	15.766	1332
20	21	4	40	10	right	right	1	14	15.086	928
20	22	4	40	10	left	left	1	15	15.839	947
20	23	4	40	10	left	left	1	29	15.312	1894
20	24	4	40	10	right	right	1	15	15.228	985
20	25	4	40	10	left	left	1	16	15.795	1013
20	26	4	40	10	left	left	1	15	15.091	994
20	27	4	40	10	left	left	1	17	15.426	1102
20	28	4	40	10	left	left	1	29	15.263	1900
20	29	4	40	10	right	right	1	19	15.237	1247
20	30	4	40	10	right	left	0	26	15.09	1723
20	31	4	40	10	left	right	0	33	15.356	2149
20	32	4	40	10	left	left	1	18	16.014	1124
20	33	4	40	10	left	left	1	14	15.982	876
21	1	4	40	10	left	left	1	18	15.611	1153
21	2	4	40	10	left	left	1	14	15.054	930
21	3	4	40	10	left	left	1	13	14.977	868
21	4	4	40	10	left	left	1	15	15.94	941
21	5	4	40	10	left	left	1	14	15.217	920
21	6	4	40	10	right	right	1	18	15.385	1170
21	7	4	40	10	right	right	1	24	15.434	1555
21	8	4	40	10	left	left	1	13	15.682	829
21	9	4	40	10	left	left	1	12	16.194	741
21	10	4	40	10	left	right	0	16	15.826	1011
21	11	4	40	10	right	right	1	12	15.228	788
21	12	4	40	10	left	left	1	13	15.134	859
21	13	4	40	10	left	left	1	22	15.493	1420
21	14	4	40	10	right	right	1	20	15.785	1267
21	15	4	40	10	right	left	0	18	15.126	1190
21	16	4	40	10	right	right	1	11	15.896	692
21	17	4	40	10	right	right	1	65	15.099	4305
21	18	4	40	10	right	right	1	42	15.34	2738
21	19	4	40	10	right	right	1	13	15.421	843
21	20	4	40	10	right	right	1	14	15.436	907
21	21	4	40	10	left	left	1	17	15.903	1069
21	22	4	40	10	left	left	1	25	15.674	1595
21	23	4	40	10	left	left	1	13	15.064	863
21	24	4	40	10	left	left	1	13	16.25	800
21	25	4	40	10	left	left	1	35	15.358	2279
21	26	4	40	10	right	right	1	13	15.7	828
21	27	4	40	10	right	left	0	21	15.672	1340
21	28	4	40	10	left	left	1	23	15.646	1470
21	29	4	40	10	left	right	0	17	16.008	1062
21	30	4	40	10	right	left	0	14	15.334	913
21	31	4	40	10	right	right	1	19	15.032	1264
21	32	4	40	10	right	left	0	23	15.262	1507
21	33	4	40	10	left	left	1	30	15.175	1977
21	34	4	40	10	right	right	1	15	15.385	975
22	1	4	40	10	right	right	1	28	15.59	1796
22	2	4	40	10	right	right	1	20	15.186	1317
22	3	4	40	10	right	right	1	13	16.069	809
22	4	4	40	10	left	left	1	18	15.19	1185
22	5	4	40	10	left	right	0	23	15.344	1499
22	6	4	40	10	right	right	1	14	15.625	896
22	7	4	40	10	left	left	1	19	15.103	1258
22	8	4	40	10	right	left	0	17	15.918	1068
22	9	4	40	10	left	left	1	19	15.536	1223
22	10	4	40	10	left	left	1	16	15.984	1001
22	11	4	40	10	right	left	0	15	15.528	966
22	12	4	40	10	left	left	1	36	15.113	2382
22	13	4	40	10	right	right	1	20	15.748	1270
22	14	4	40	10	left	left	1	13	15.912	817
22	15	4	40	10	left	left	1	14	15.625	896
22	16	4	40	10	right	left	0	15	15.856	946
22	17	4	40	10	right	right	1	26	15.312	1698
22	18	4	40	10	right	right	1	26	15.33	1696
22	19	4	40	10	right	right	1	15	15.528	966
22	20	4	40	10	right	left	0	27	15.535	1738
22	21	4	40	10	left	left	1	21	15.742	1334
22	22	4	40	10	right	left	0	21	15.695	1338
22	23	4	40	10	right	right	1	10	14.948	669
22	24	4	40	10	left	left	1	10	15.038	665
22	25	4	40	10	right	right	1	13	16.169	804
22	26	4	40	10	left	left	1	18	15.063	1195
22	27	4	40	10	right	left	0	36	15.222	2365
22	28	4	40	10	left	left	1	16	15.733	1017
22	29	4	40	10	right	right	1	31	15.586	1989
22	30	4	40	10	left	left	1	20	15.209	1315
22	31	4	40	10	left	right	0	19	15.742	1207
22	32	4	40	10	right	right	1	19	15.152	1254
22	33	4	40	10	left	left	1	33	15.271	2161
23	1	4	40	10	left	left	1	18	15.28	1178
23	2	4	40	10	left	left	1	28	15.53	1803
23	3	4	40	10	left	left	1	25	15.281	1636
23	4	4	40	10	right	left	0	27	15.194	1777
23	5	4	40	10	right	right	1	13	14.943	870
23	6	4	40	10	right	right	1	14	15.102	927
23	7	4	40	10	right	left	0	18	15.929	1130
23	8	4	40	10	right	right	1	14	15.251	918
23	9	4	40	10	right	right	1	16	16	1000
23	10	4	40	10	right	right	1	14	15.402	909
23	11	4	40	10	right	right	1	23	15.636	1471
23	12	4	40	10	right	right	1	20	15.432	1296
23	13	4	40	10	left	left	1	17	15.357	1107
23	14	4	40	10	left	left	1	14	15.873	882
23	15	4	40	10	right	right	1	16	15.444	1036
23	16	4	40	10	right	right	1	15	15.609	961
23	17	4	40	10	left	left	1	17	15.568	1092
23	18	4	40	10	left	left	1	18	15.803	1139
23	19	4	40	10	left	left	1	13	15.134	859
23	20	4	40	10	right	right	1	13	15.55	836
23	21	4	40	10	left	left	1	12	15.873	756
23	22	4	40	10	left	left	1	16	15.474	1034
23	23	4	40	10	right	right	1	21	15.825	1327
23	24	4	40	10	right	right	1	25	15.509	1612
23	25	4	40	10	left	left	1	15	15.625	960
23	26	4	40	10	right	right	1	15	15.707	955
23	27	4	40	10	left	left	1	17	15.77	1078
23	28	4	40	10	left	left	1	20	15.564	1285
23	29	4	40	10	left	left	1	13	15.476	840
23	30	4	40	10	right	right	1	16	15.137	1057
23	31	4	40	10	right	right	1	24	15.171	1582
23	32	4	40	10	left	right	0	22	15.1	1457
23	33	4	40	10	left	left	1	10	16.077	622
23	34	4	40	10	right	right	1	21	15.43	1361
23	35	4	40	10	left	left	1	12	15.484	775
23	36	4	40	10	left	right	0	15	15.416	973
23	37	4	40	10	right	right	1	13	15.532	837
23	38	4	40	10	left	left	1	21	15.567	1349
24	1	4	40	10	left	left	1	40	15.106	2648
24	2	4	40	10	left	left	1	16	15.166	1055
24	3	4	40	10	right	right	1	16	15.92	1005
24	4	4	40	10	left	left	1	12	15.605	769
24	5	4	40	10	left	left	1	15	16.009	937
24	6	4	40	10	left	left	1	23	15.593	1475
24	7	4	40	10	left	left	1	15	15.839	947
24	8	4	40	10	right	right	1	16	15.18	1054
24	9	4	40	10	right	right	1	17	15.357	1107
24	10	4	40	10	left	left	1	15	15.576	963
24	11	4	40	10	right	left	0	45	15.249	2951
24	12	4	40	10	left	left	1	22	15.526	1417
24	13	4	40	10	right	right	1	13	15.777	824
24	14	4	40	10	right	right	1	13	15.777	824
24	15	4	40	10	left	left	1	18	15.734	1144
24	16	4	40	10	left	left	1	22	15.537	1416
24	17	4	40	10	right	left	0	23	15.385	1495
24	18	4	40	10	left	left	1	15	15.674	957
24	19	4	40	10	right	right	1	12	15.444	777
24	20	4	40	10	left	left	1	16	15.282	1047
24	21	4	40	10	left	right	0	18	15.666	1149
24	22	4	40	10	left	right	0	35	15.231	2298
24	23	4	40	10	left	left	1	12	15.544	772
24	24	4	40	10	right	right	1	14	15.436	907
24	25	4	40	10	left	left	1	19	15.561	1221
24	26	4	40	10	left	left	1	25	15.179	1647
24	27	4	40	10	left	left	1	16	15.34	1043
24	28	4	40	10	left	left	1	15	15.228	985
24	29	4	40	10	right	right	1	14	15.677	893
24	30	4	40	10	right	right	1	13	16.109	807
24	31	4	40	10	left	left	1	14	15.385	910
24	32	4	40	10	right	right	1	22	15.027	1464
24	33	4	40	10	left	left	1	18	15.625	1152
24	34	4	40	10	right	right	1	17	15.726	1081
24	35	4	40	10	left	left	1	13	15.064	863
24	36	4	40	10	right	right	1	14	15.625	896
24	37	4	40	10	left	left	1	17	15.611	1089
