
blkNum	trlNum	coherentDots	numberofDots	percentCoherence	winningDirection	response	correct	eventCount	averageFrameRate	RT
1	1	4	40	10	right	right	1	82	15.319	5353
1	2	4	40	10	left	right	0	36	15.326	2349
1	3	4	40	10	left	left	1	34	15.392	2209
1	4	4	40	10	left	left	1	16	15.209	1052
1	5	4	40	10	right	right	1	25	15.097	1656
1	6	4	40	10	right	right	1	21	15.108	1390
1	7	4	40	10	right	right	1	12	15.075	796
1	8	4	40	10	right	left	0	30	15.129	1983
1	9	4	40	10	left	left	1	24	15.645	1534
1	10	4	40	10	right	left	0	21	15.119	1389
1	11	4	40	10	left	left	1	18	15.177	1186
1	12	4	40	10	left	left	1	50	15.11	3309
1	13	4	40	10	left	left	1	44	15.162	2902
1	14	4	40	10	left	right	0	62	15.111	4103
1	15	4	40	10	left	right	0	96	15.13	6345
1	16	4	40	10	right	left	0	16	15.066	1062
1	17	4	40	10	right	right	1	45	15.374	2927
1	18	4	40	10	left	left	1	34	15.476	2197
1	19	4	40	10	right	left	0	50	15.394	3248
1	20	4	40	10	right	left	0	45	15.096	2981
2	1	4	40	10	right	left	0	40	15.355	2605
2	2	4	40	10	right	left	0	47	15.137	3105
2	3	4	40	10	right	right	1	60	15.314	3918
2	4	4	40	10	left	right	0	43	15.33	2805
2	5	4	40	10	right	right	1	109	15.23	7157
2	6	4	40	10	left	right	0	34	15.125	2248
2	7	4	40	10	left	left	1	24	15.697	1529
2	8	4	40	10	right	left	0	32	7.899	4051
2	9	4	40	10	left	right	0	83	15.107	5494
2	10	4	40	10	right	left	0	25	15.106	1655
2	11	4	40	10	right	left	0	27	15.075	1791
2	12	4	40	10	left	right	0	69	15.276	4517
2	13	4	40	10	right	right	1	72	15.254	4720
2	14	4	40	10	left	left	1	78	15.149	5149
3	1	4	40	10	left	right	0	52	15.152	3432
3	2	4	40	10	left	left	1	95	15.147	6272
3	3	4	40	10	right	left	0	53	15.16	3496
3	4	4	40	10	left	right	0	57	15.16	3760
3	5	4	40	10	left	left	1	18	15.113	1191
3	6	4	40	10	left	left	1	18	15.088	1193
3	7	4	40	10	left	left	1	43	15.141	2840
3	8	4	40	10	right	right	1	60	15.14	3963
3	9	4	40	10	left	right	0	61	15.323	3981
3	10	4	40	10	left	left	1	60	15.14	3963
3	11	4	40	10	left	left	1	41	15.327	2675
3	12	4	40	10	right	left	0	53	15.327	3458
3	13	4	40	10	right	right	1	37	15.449	2395
3	14	4	40	10	right	right	1	74	15.152	4884
3	15	4	40	10	left	right	0	26	15.606	1666
3	16	4	40	10	right	left	0	27	15.101	1788
4	1	4	40	10	right	right	1	50	15.291	3270
4	2	4	40	10	left	right	0	47	15.44	3044
4	3	4	40	10	right	left	0	38	15.36	2474
4	4	4	40	10	right	right	1	65	15.269	4257
4	5	4	40	10	right	right	1	20	15.072	1327
4	6	4	40	10	left	right	0	17	15.111	1125
4	7	4	40	10	left	left	1	39	15.146	2575
4	8	4	40	10	right	left	0	32	15.399	2078
4	9	4	40	10	left	right	0	44	15.433	2851
4	10	4	40	10	right	left	0	16	15.686	1020
4	11	4	40	10	right	right	1	32	15.466	2069
4	12	4	40	10	left	right	0	64	15.307	4181
4	13	4	40	10	right	left	0	58	15.112	3838
4	14	4	40	10	left	right	0	36	15.557	2314
4	15	4	40	10	left	right	0	90	15.139	5945
4	16	4	40	10	right	left	0	22	15.759	1396
4	17	4	40	10	right	right	1	13	15.134	859
4	18	4	40	10	right	right	1	26	15.143	1717
4	19	4	40	10	right	right	1	48	15.152	3168
5	1	4	40	10	left	left	1	58	15.108	3839
5	2	4	40	10	right	right	1	87	15.295	5688
5	3	4	40	10	left	left	1	45	9.182	4901
5	4	4	40	10	right	left	0	54	15.113	3573
5	5	4	40	10	right	right	1	26	15.143	1717
5	6	4	40	10	right	right	1	22	15.647	1406
5	7	4	40	10	right	right	1	81	15.28	5301
5	8	4	40	10	left	right	0	18	15.101	1192
5	9	4	40	10	left	left	1	40	15.117	2646
5	10	4	40	10	left	left	1	58	15.108	3839
5	11	4	40	10	left	left	1	17	15.829	1074
5	12	4	40	10	right	right	1	24	15.075	1592
5	13	4	40	10	left	left	1	41	15.09	2717
5	14	4	40	10	right	left	0	37	15.102	2450
5	15	4	40	10	left	right	0	29	15.409	1882
5	16	4	40	10	left	left	1	23	15.192	1514
5	17	4	40	10	right	left	0	63	15.31	4115
5	18	4	40	10	right	right	1	21	15.579	1348
6	1	4	40	10	left	left	1	61	15.307	3985
6	2	4	40	10	right	right	1	33	15.377	2146
6	3	4	40	10	right	right	1	16	15.08	1061
6	4	4	40	10	left	right	0	15	15.723	954
6	5	4	40	10	right	left	0	29	15.096	1921
6	6	4	40	10	left	right	0	37	15.397	2403
6	7	4	40	10	right	right	1	41	15.101	2715
6	8	4	40	10	left	left	1	18	15.845	1136
6	9	4	40	10	right	left	0	17	15.125	1124
6	10	4	40	10	right	left	0	18	15.177	1186
6	11	4	40	10	left	left	1	59	15.261	3866
6	12	4	40	10	left	left	1	36	15.082	2387
6	13	4	40	10	right	left	0	54	15.113	3573
6	14	4	40	10	left	left	1	104	15.147	6866
6	15	4	40	10	left	left	1	23	15.551	1479
6	16	4	40	10	right	right	1	19	15.536	1223
6	17	4	40	10	left	left	1	17	15.125	1124
6	18	4	40	10	right	left	0	12	16.107	745
6	19	4	40	10	left	left	1	41	15.281	2683
6	20	4	40	10	left	left	1	36	15.398	2338
6	21	4	40	10	right	right	1	31	15.166	2044
6	22	4	40	10	left	left	1	30	15.136	1982
7	1	4	40	10	left	left	1	17	15.125	1124
7	2	4	40	10	left	left	1	97	15.237	6366
7	3	4	40	10	left	left	1	50	15.115	3308
7	4	4	40	10	right	right	1	34	15.546	2187
7	5	4	40	10	right	right	1	91	15.152	6006
7	6	4	40	10	left	right	0	43	15.396	2793
7	7	4	40	10	right	left	0	63	15.254	4130
7	8	4	40	10	left	left	1	43	15.341	2803
7	9	4	40	10	left	right	0	57	15.135	3766
7	10	4	40	10	right	right	1	30	15.129	1983
7	11	4	40	10	left	left	1	24	15.666	1532
7	12	4	40	10	left	left	1	25	15.645	1598
7	13	4	40	10	right	right	1	18	14.988	1201
7	14	4	40	10	right	right	1	38	15.115	2514
7	15	4	40	10	right	right	1	24	15.574	1541
7	16	4	40	10	right	right	1	19	15.422	1232
7	17	4	40	10	right	left	0	32	15.489	2066
7	18	4	40	10	right	left	0	38	15.121	2513
7	19	4	40	10	right	right	1	23	15.033	1530
8	1	4	40	10	left	left	1	50	15.291	3270
8	2	4	40	10	left	left	1	15	15.957	940
8	3	4	40	10	right	right	1	20	15.54	1287
8	4	4	40	10	right	right	1	84	15.122	5555
8	5	4	40	10	right	right	1	18	15.901	1132
8	6	4	40	10	right	left	0	30	15.593	1924
8	7	4	40	10	right	right	1	29	15.393	1884
8	8	4	40	10	left	right	0	30	15.136	1982
8	9	4	40	10	left	left	1	55	15.342	3585
8	10	4	40	10	left	left	1	79	15.263	5176
8	11	4	40	10	left	left	1	48	15.152	3168
8	12	4	40	10	left	left	1	51	15.134	3370
8	13	4	40	10	left	left	1	23	15.043	1529
8	14	4	40	10	left	left	1	49	15.356	3191
8	15	4	40	10	left	left	1	26	15.439	1684
8	16	4	40	10	left	left	1	20	15.072	1327
8	17	4	40	10	right	right	1	21	15.119	1389
8	18	4	40	10	left	left	1	22	15.581	1412
8	19	4	40	10	right	right	1	35	15.549	2251
8	20	4	40	10	right	right	1	20	15.072	1327
8	21	4	40	10	right	right	1	22	15.162	1451
8	22	4	40	10	right	right	1	39	15.403	2532
9	1	4	40	10	left	right	0	54	15.113	3573
9	2	4	40	10	left	left	1	71	15.236	4660
9	3	4	40	10	right	right	1	25	15.106	1655
9	4	4	40	10	right	right	1	33	15.37	2147
9	5	4	40	10	left	left	1	32	15.073	2123
9	6	4	40	10	left	left	1	24	15.075	1592
9	7	4	40	10	left	right	0	62	15.17	4087
9	8	4	40	10	right	right	1	28	15.078	1857
9	9	4	40	10	left	left	1	16	15.936	1004
9	10	4	40	10	left	left	1	45	15.096	2981
9	11	4	40	10	left	left	1	54	15.341	3520
9	12	4	40	10	right	right	1	27	15.177	1779
9	13	4	40	10	right	right	1	19	15.574	1220
9	14	4	40	10	right	right	1	16	15.066	1062
9	15	4	40	10	right	left	0	23	15.033	1530
9	16	4	40	10	right	left	0	22	15.162	1451
9	17	4	40	10	right	right	1	27	15.135	1784
9	18	4	40	10	right	right	1	65	15.298	4249
9	19	4	40	10	right	right	1	70	15.158	4618
9	20	4	40	10	left	right	0	29	15.104	1920
9	21	4	40	10	right	right	1	21	15.108	1390
10	1	4	40	10	right	left	0	23	15.033	1530
10	2	4	40	10	right	right	1	48	15.434	3110
10	3	4	40	10	right	right	1	16	15.066	1062
10	4	4	40	10	right	right	1	14	15.005	933
10	5	4	40	10	left	left	1	19	15.032	1264
10	6	4	40	10	right	right	1	24	15.504	1548
10	7	4	40	10	right	right	1	23	15.152	1518
10	8	4	40	10	left	left	1	41	15.39	2664
10	9	4	40	10	left	left	1	50	15.404	3246
10	10	4	40	10	right	right	1	30	14.985	2002
10	11	4	40	10	left	left	1	21	15.59	1347
10	12	4	40	10	right	left	0	29	15.096	1921
10	13	4	40	10	left	left	1	24	15.615	1537
10	14	4	40	10	right	left	0	34	15.378	2211
10	15	4	40	10	right	right	1	27	15.598	1731
10	16	4	40	10	right	right	1	22	15.152	1452
10	17	4	40	10	left	right	0	23	15.033	1530
10	18	4	40	10	left	right	0	30	15.432	1944
10	19	4	40	10	left	right	0	36	15.082	2387
10	20	4	40	10	left	left	1	35	15.152	2310
10	21	4	40	10	left	left	1	19	15.781	1204
10	22	4	40	10	left	left	1	23	15.033	1530
10	23	4	40	10	left	left	1	31	15.438	2008
10	24	4	40	10	right	right	1	16	15.534	1030
10	25	4	40	10	right	right	1	21	15.778	1331
10	26	4	40	10	right	right	1	31	15.625	1984
11	1	4	40	10	right	right	1	34	15.469	2198
11	2	4	40	10	left	left	1	29	15.483	1873
11	3	4	40	10	right	left	0	17	15.799	1076
11	4	4	40	10	left	left	1	20	15.072	1327
11	5	4	40	10	left	left	1	20	15.686	1275
11	6	4	40	10	right	right	1	17	15.873	1071
11	7	4	40	10	left	right	0	15	15.806	949
11	8	4	40	10	left	left	1	31	15.166	2044
11	9	4	40	10	right	left	0	16	15.066	1062
11	10	4	40	10	left	right	0	13	15.134	859
11	11	4	40	10	right	left	0	29	15.104	1920
11	12	4	40	10	left	right	0	40	15.117	2646
11	13	4	40	10	left	left	1	16	15.984	1001
11	14	4	40	10	right	right	1	23	15.033	1530
11	15	4	40	10	left	left	1	34	15.131	2247
11	16	4	40	10	left	left	1	38	15.498	2452
11	17	4	40	10	left	right	0	15	15.658	958
11	18	4	40	10	left	left	1	17	15.785	1077
11	19	4	40	10	right	left	0	30	15.136	1982
11	20	4	40	10	right	left	0	33	15.406	2142
11	21	4	40	10	left	right	0	47	15.359	3060
11	22	4	40	10	left	left	1	17	15.125	1124
11	23	4	40	10	left	left	1	20	15.072	1327
11	24	4	40	10	right	left	0	22	15.548	1415
11	25	4	40	10	left	left	1	18	15.707	1146
11	26	4	40	10	right	right	1	61	15.304	3986
12	1	4	40	10	left	left	1	39	15.409	2531
12	2	4	40	10	left	left	1	84	15.245	5510
12	3	4	40	10	right	right	1	18	15.126	1190
12	4	4	40	10	right	right	1	19	15.032	1264
12	5	4	40	10	left	left	1	30	15.136	1982
12	6	4	40	10	right	right	1	28	15.078	1857
12	7	4	40	10	right	right	1	34	15.125	2248
12	8	4	40	10	right	right	1	36	15.177	2372
12	9	4	40	10	right	right	1	15	15.773	951
12	10	4	40	10	left	right	0	36	15.177	2372
12	11	4	40	10	left	right	0	30	15.136	1982
12	12	4	40	10	left	left	1	14	15.184	922
12	13	4	40	10	right	right	1	44	15.433	2851
12	14	4	40	10	right	right	1	39	15.146	2575
12	15	4	40	10	right	right	1	19	15.032	1264
12	16	4	40	10	left	right	0	31	15.093	2054
12	17	4	40	10	right	left	0	32	5.175	6183
12	18	4	40	10	left	left	1	19	15.715	1209
12	19	4	40	10	left	right	0	15	15	1000
12	20	4	40	10	left	left	1	30	15.136	1982
12	21	4	40	10	left	left	1	20	15.072	1327
12	22	4	40	10	left	left	1	19	15.032	1264
12	23	4	40	10	left	left	1	23	15.033	1530
13	1	4	40	10	left	left	1	56	15.143	3698
13	2	4	40	10	left	left	1	16	15.936	1004
13	3	4	40	10	left	left	1	11	14.986	734
13	4	4	40	10	right	left	0	10	15.244	656
13	5	4	40	10	left	right	0	35	15.152	2310
13	6	4	40	10	right	right	1	20	14.97	1336
13	7	4	40	10	right	right	1	23	14.993	1534
13	8	4	40	10	left	left	1	24	15.394	1559
13	9	4	40	10	right	left	0	22	15.152	1452
13	10	4	40	10	right	right	1	27	15.716	1718
13	11	4	40	10	left	left	1	40	15.402	2597
13	12	4	40	10	right	right	1	35	15.549	2251
13	13	4	40	10	right	right	1	20	15.637	1279
13	14	4	40	10	right	right	1	19	15.02	1265
13	15	4	40	10	left	left	1	39	15.146	2575
13	16	4	40	10	right	right	1	43	15.341	2803
13	17	4	40	10	left	right	0	45	15.39	2924
13	18	4	40	10	right	right	1	20	15.649	1278
13	19	4	40	10	right	right	1	26	15.152	1716
13	20	4	40	10	left	left	1	79	15.26	5177
13	21	4	40	10	left	left	1	71	15.302	4640
13	22	4	40	10	left	left	1	19	15.032	1264
13	23	4	40	10	left	left	1	13	16.332	796
13	24	4	40	10	right	left	0	20	15.773	1268
14	1	4	40	10	left	left	1	19	15.032	1264
14	2	4	40	10	right	right	1	18	15.817	1138
14	3	4	40	10	left	left	1	25	15.605	1602
14	4	4	40	10	left	left	1	27	15.508	1741
14	5	4	40	10	right	right	1	61	15.354	3973
14	6	4	40	10	right	right	1	20	15.662	1277
14	7	4	40	10	right	right	1	19	15.715	1209
14	8	4	40	10	left	left	1	20	15.072	1327
14	9	4	40	10	left	left	1	14	15.102	927
14	10	4	40	10	right	right	1	37	15.353	2410
14	11	4	40	10	right	right	1	20	15.06	1328
14	12	4	40	10	right	right	1	30	15.129	1983
14	13	4	40	10	left	left	1	28	15.444	1813
14	14	4	40	10	left	left	1	25	15.115	1654
14	15	4	40	10	left	left	1	33	15.493	2130
14	16	4	40	10	right	right	1	52	15.389	3379
14	17	4	40	10	left	left	1	23	15.488	1485
14	18	4	40	10	left	right	0	32	14.953	2140
14	19	4	40	10	right	right	1	34	15.426	2204
14	20	4	40	10	right	right	1	29	15.112	1919
14	21	4	40	10	left	left	1	27	15.455	1747
14	22	4	40	10	left	right	0	98	15.135	6475
14	23	4	40	10	left	left	1	55	15.312	3592
14	24	4	40	10	left	left	1	21	15.119	1389
15	1	4	40	10	right	left	0	34	15.455	2200
15	2	4	40	10	right	right	1	21	15.119	1389
15	3	4	40	10	left	left	1	24	15.394	1559
15	4	4	40	10	right	right	1	31	15.166	2044
15	5	4	40	10	left	left	1	35	15.054	2325
15	6	4	40	10	right	right	1	29	15.566	1863
15	7	4	40	10	right	right	1	19	15.498	1226
15	8	4	40	10	right	right	1	17	15.918	1068
15	9	4	40	10	right	right	1	20	15.798	1266
15	10	4	40	10	right	right	1	41	15.454	2653
15	11	4	40	10	right	right	1	20	15.773	1268
15	12	4	40	10	right	right	1	19	15.032	1264
15	13	4	40	10	right	right	1	23	15.192	1514
15	14	4	40	10	right	right	1	27	15.177	1779
15	15	4	40	10	right	right	1	25	15.664	1596
15	16	4	40	10	right	right	1	18	15.639	1151
15	17	4	40	10	right	right	1	16	16	1000
15	18	4	40	10	right	right	1	13	15.134	859
15	19	4	40	10	left	right	0	14	15.819	885
15	20	4	40	10	left	left	1	33	15.11	2184
15	21	4	40	10	left	left	1	18	15.177	1186
15	22	4	40	10	right	left	0	18	15.164	1187
15	23	4	40	10	left	right	0	26	15.569	1670
15	24	4	40	10	right	right	1	41	15.101	2715
15	25	4	40	10	right	right	1	16	16	1000
15	26	4	40	10	right	right	1	20	15.468	1293
15	27	4	40	10	right	right	1	26	15.541	1673
15	28	4	40	10	left	left	1	16	15.066	1062
15	29	4	40	10	left	left	1	24	15.424	1556
15	30	4	40	10	left	left	1	23	15.033	1530
16	1	4	40	10	left	left	1	31	15.586	1989
16	2	4	40	10	left	left	1	17	15.697	1083
16	3	4	40	10	left	left	1	16	15.857	1009
16	4	4	40	10	right	right	1	24	15.564	1542
16	5	4	40	10	right	right	1	14	16.204	864
16	6	4	40	10	left	left	1	14	15.184	922
16	7	4	40	10	left	left	1	11	15.714	700
16	8	4	40	10	left	left	1	17	15.125	1124
16	9	4	40	10	left	left	1	24	15.066	1593
16	10	4	40	10	right	left	0	23	15.668	1468
16	11	4	40	10	right	right	1	17	15.611	1089
16	12	4	40	10	left	left	1	23	15.625	1472
16	13	4	40	10	right	right	1	33	15.449	2136
16	14	4	40	10	right	right	1	26	15.152	1716
16	15	4	40	10	left	right	0	26	15.143	1717
16	16	4	40	10	left	right	0	22	15.079	1459
16	17	4	40	10	left	left	1	22	15.714	1400
16	18	4	40	10	left	left	1	70	15.354	4559
16	19	4	40	10	left	left	1	34	15.131	2247
16	20	4	40	10	right	left	0	26	15.449	1683
16	21	4	40	10	left	left	1	18	15.652	1150
16	22	4	40	10	right	left	0	31	15.166	2044
16	23	4	40	10	left	left	1	16	15.595	1026
16	24	4	40	10	left	left	1	23	15.625	1472
16	25	4	40	10	right	left	0	35	15.514	2256
16	26	4	40	10	right	left	0	46	15.41	2985
16	27	4	40	10	left	left	1	22	15.162	1451
16	28	4	40	10	left	left	1	53	15.165	3495
17	1	4	40	10	left	left	1	19	15.651	1214
17	2	4	40	10	right	left	0	45	15.285	2944
17	3	4	40	10	left	left	1	13	15.116	860
17	4	4	40	10	left	left	1	56	15.368	3644
17	5	4	40	10	right	left	0	27	15.169	1780
17	6	4	40	10	right	left	0	23	15.122	1521
17	7	4	40	10	right	left	0	31	15.159	2045
17	8	4	40	10	left	left	1	37	15.404	2402
17	9	4	40	10	right	right	1	27	15.169	1780
17	10	4	40	10	left	left	1	55	15.127	3636
17	11	4	40	10	right	right	1	18	15.164	1187
17	12	4	40	10	right	right	1	19	15.02	1265
17	13	4	40	10	left	left	1	15	15.015	999
17	14	4	40	10	left	left	1	19	15.032	1264
17	15	4	40	10	right	left	0	30	15.496	1936
17	16	4	40	10	left	left	1	24	15.075	1592
17	17	4	40	10	left	right	0	32	15.355	2084
17	18	4	40	10	left	left	1	14	15.201	921
17	19	4	40	10	left	left	1	17	15.568	1092
17	20	4	40	10	right	right	1	25	15.518	1611
17	21	4	40	10	left	right	0	28	15.07	1858
17	22	4	40	10	left	left	1	14	15.801	886
17	23	4	40	10	left	left	1	25	15.106	1655
17	24	4	40	10	left	right	0	25	15.106	1655
17	25	4	40	10	left	left	1	28	15.368	1822
17	26	4	40	10	right	right	1	14	15.086	928
17	27	4	40	10	left	left	1	25	15.684	1594
18	1	4	40	10	right	right	1	69	15.272	4518
18	2	4	40	10	left	right	0	45	15.306	2940
18	3	4	40	10	left	left	1	18	15.177	1186
18	4	4	40	10	left	left	1	23	15.625	1472
18	5	4	40	10	right	left	0	23	15.033	1530
18	6	4	40	10	left	left	1	22	15.625	1408
18	7	4	40	10	left	left	1	72	15.132	4758
18	8	4	40	10	left	left	1	21	15.119	1389
18	9	4	40	10	left	left	1	21	15.707	1337
18	10	4	40	10	right	left	0	18	15.652	1150
18	11	4	40	10	right	right	1	37	15.102	2450
18	12	4	40	10	left	left	1	21	15.108	1390
18	13	4	40	10	left	left	1	18	15.164	1187
18	14	4	40	10	right	right	1	29	15.393	1884
18	15	4	40	10	right	left	0	16	15.64	1023
18	16	4	40	10	left	left	1	16	15.066	1062
18	17	4	40	10	left	left	1	21	15.119	1389
18	18	4	40	10	left	left	1	19	15.447	1230
18	19	4	40	10	left	left	1	18	15	1200
18	20	4	40	10	left	left	1	19	15.2	1250
18	21	4	40	10	right	left	0	20	15.06	1328
18	22	4	40	10	left	right	0	52	15.147	3433
18	23	4	40	10	left	left	1	24	15.494	1549
18	24	4	40	10	right	left	0	18	15.639	1151
18	25	4	40	10	right	right	1	16	15.671	1021
18	26	4	40	10	right	right	1	15	15.015	999
18	27	4	40	10	left	right	0	29	15.376	1886
19	1	4	40	10	left	left	1	27	15.169	1780
19	2	4	40	10	left	left	1	17	15.683	1084
19	3	4	40	10	left	left	1	15	15.015	999
19	4	4	40	10	left	left	1	13	15.134	859
19	5	4	40	10	right	left	0	11	16.176	680
19	6	4	40	10	left	left	1	13	15.134	859
19	7	4	40	10	right	right	1	14	15.184	922
19	8	4	40	10	right	right	1	28	15.078	1857
19	9	4	40	10	left	left	1	16	15.64	1023
19	10	4	40	10	right	right	1	14	15.201	921
19	11	4	40	10	left	left	1	12	15.075	796
19	12	4	40	10	left	right	0	19	15.02	1265
19	13	4	40	10	right	right	1	17	15.918	1068
19	14	4	40	10	left	right	0	30	15.136	1982
19	15	4	40	10	right	right	1	50	15.333	3261
19	16	4	40	10	left	left	1	22	15.152	1452
19	17	4	40	10	left	left	1	28	15.078	1857
19	18	4	40	10	left	left	1	15	15.152	990
19	19	4	40	10	left	left	1	19	15.02	1265
19	20	4	40	10	left	left	1	12	15.075	796
19	21	4	40	10	left	left	1	14	15.837	884
19	22	4	40	10	left	left	1	15	15.015	999
19	23	4	40	10	right	left	0	11	3.958	2779
19	24	4	40	10	left	right	0	22	15.152	1452
19	25	4	40	10	left	left	1	19	15.755	1206
19	26	4	40	10	left	right	0	14	15.504	903
19	27	4	40	10	left	left	1	30	15.136	1982
19	28	4	40	10	right	left	0	33	15.103	2185
19	29	4	40	10	right	right	1	84	15.124	5554
19	30	4	40	10	right	right	1	21	15.108	1390
20	1	4	40	10	right	right	1	22	15.614	1409
20	2	4	40	10	left	left	1	37	15.423	2399
20	3	4	40	10	left	left	1	15	15	1000
20	4	4	40	10	left	left	1	16	15.564	1028
20	5	4	40	10	left	left	1	33	15.435	2138
20	6	4	40	10	right	left	0	39	15.409	2531
20	7	4	40	10	left	left	1	31	15.159	2045
20	8	4	40	10	right	right	1	11	16.296	675
20	9	4	40	10	right	right	1	19	15.548	1222
20	10	4	40	10	right	left	0	15	15.015	999
20	11	4	40	10	right	right	1	31	15.129	2049
20	12	4	40	10	left	left	1	15	15.873	945
20	13	4	40	10	right	right	1	19	15.032	1264
20	14	4	40	10	right	right	1	17	15.125	1124
20	15	4	40	10	left	right	0	22	15.647	1406
20	16	4	40	10	left	left	1	13	15.116	860
20	17	4	40	10	left	left	1	17	15.125	1124
20	18	4	40	10	left	left	1	25	15.115	1654
20	19	4	40	10	left	left	1	19	15.02	1265
20	20	4	40	10	left	left	1	22	15.592	1411
20	21	4	40	10	left	left	1	16	15.717	1018
20	22	4	40	10	left	right	0	29	15.434	1879
20	23	4	40	10	right	right	1	35	15.158	2309
20	24	4	40	10	right	left	0	30	15.136	1982
20	25	4	40	10	left	left	1	53	15.345	3454
20	26	4	40	10	left	right	0	38	15.127	2512
20	27	4	40	10	right	right	1	29	15.104	1920
20	28	4	40	10	right	right	1	20	15.072	1327
20	29	4	40	10	left	right	0	31	15.609	1986
21	1	4	40	10	right	right	1	36	15.075	2388
21	2	4	40	10	left	right	0	42	15.119	2778
21	3	4	40	10	left	left	1	22	15.152	1452
21	4	4	40	10	right	left	0	66	15.158	4354
21	5	4	40	10	left	left	1	105	15.231	6894
21	6	4	40	10	right	right	1	18	15.164	1187
21	7	4	40	10	left	left	1	83	15.154	5477
21	8	4	40	10	right	right	1	39	15.366	2538
21	9	4	40	10	left	left	1	45	15.337	2934
21	10	4	40	10	left	left	1	31	15.408	2012
21	11	4	40	10	left	left	1	33	15.103	2185
21	12	4	40	10	right	left	0	30	15.584	1925
21	13	4	40	10	right	left	0	40	15.169	2637
21	14	4	40	10	left	left	1	25	15.704	1592
21	15	4	40	10	right	left	0	15	15.823	948
21	16	4	40	10	left	left	1	22	15.162	1451
21	17	4	40	10	left	left	1	34	15.131	2247
21	18	4	40	10	right	right	1	23	15.182	1515
21	19	4	40	10	right	right	1	36	15.557	2314
21	20	4	40	10	left	right	0	10	15.244	656
22	1	4	40	10	left	left	1	14	15.201	921
22	2	4	40	10	left	left	1	12	15.075	796
22	3	4	40	10	left	left	1	54	15.113	3573
22	4	4	40	10	right	right	1	34	15.426	2204
22	5	4	40	10	left	left	1	12	15.81	759
22	6	4	40	10	left	right	0	22	15.162	1451
22	7	4	40	10	left	left	1	36	15.504	2322
22	8	4	40	10	left	left	1	63	15.122	4166
22	9	4	40	10	right	right	1	26	15.653	1661
22	10	4	40	10	right	left	0	39	15.366	2538
22	11	4	40	10	right	right	1	53	15.429	3435
22	12	4	40	10	right	right	1	21	15.119	1389
22	13	4	40	10	right	right	1	18	15.164	1187
22	14	4	40	10	right	right	1	15	15.015	999
22	15	4	40	10	right	right	1	22	15.782	1394
22	16	4	40	10	left	left	1	16	15.08	1061
22	17	4	40	10	right	right	1	20	15.072	1327
22	18	4	40	10	right	right	1	31	15.408	2012
22	19	4	40	10	left	right	0	17	15.712	1082
22	20	4	40	10	left	left	1	26	15.578	1669
22	21	4	40	10	left	right	0	33	15.493	2130
22	22	4	40	10	right	left	0	16	15.748	1016
22	23	4	40	10	left	right	0	28	15.47	1810
22	24	4	40	10	left	left	1	17	15.111	1125
22	25	4	40	10	right	right	1	22	15.162	1451
22	26	4	40	10	right	right	1	30	15.136	1982
22	27	4	40	10	left	left	1	26	15.143	1717
23	1	4	40	10	left	left	1	27	15.177	1779
23	2	4	40	10	right	left	0	20	15.072	1327
23	3	4	40	10	right	right	1	50	15.115	3308
23	4	4	40	10	right	right	1	76	15.127	5024
23	5	4	40	10	right	right	1	25	15.625	1600
23	6	4	40	10	left	right	0	14	15.152	924
23	7	4	40	10	right	right	1	20	15.072	1327
23	8	4	40	10	right	right	1	15	15.756	952
23	9	4	40	10	left	left	1	17	15.582	1091
23	10	4	40	10	left	left	1	15	14.985	1001
23	11	4	40	10	left	left	1	12	15.831	758
23	12	4	40	10	right	right	1	16	15.08	1061
23	13	4	40	10	left	left	1	48	15.335	3130
23	14	4	40	10	left	left	1	27	15.725	1717
23	15	4	40	10	left	left	1	18	15.679	1148
23	16	4	40	10	right	left	0	22	15.152	1452
23	17	4	40	10	left	left	1	12	14.963	802
23	18	4	40	10	right	left	0	15	15	1000
23	19	4	40	10	right	left	0	20	15.613	1281
23	20	4	40	10	left	left	1	23	15.033	1530
23	21	4	40	10	left	left	1	28	15.078	1857
23	22	4	40	10	right	right	1	28	15.078	1857
23	23	4	40	10	right	right	1	21	15.108	1390
23	24	4	40	10	right	left	0	14	15.201	921
23	25	4	40	10	left	left	1	31	15.159	2045
23	26	4	40	10	right	right	1	37	15.385	2405
23	27	4	40	10	right	right	1	32	15.073	2123
23	28	4	40	10	right	right	1	43	15.146	2839
24	1	4	40	10	right	right	1	51	15.283	3337
24	2	4	40	10	left	left	1	15	15.015	999
24	3	4	40	10	left	left	1	26	15.495	1678
24	4	4	40	10	left	left	1	23	15.764	1459
24	5	4	40	10	left	left	1	16	15.08	1061
24	6	4	40	10	right	left	0	20	15.711	1273
24	7	4	40	10	right	right	1	28	15.487	1808
24	8	4	40	10	right	left	0	29	15.541	1866
24	9	4	40	10	right	right	1	24	15.075	1592
24	10	4	40	10	left	left	1	69	15.135	4559
24	11	4	40	10	left	left	1	19	15.472	1228
24	12	4	40	10	left	left	1	32	15.073	2123
24	13	4	40	10	left	left	1	50	15.319	3264
24	14	4	40	10	right	right	1	15	15.015	999
24	15	4	40	10	right	right	1	14	15.038	931
24	16	4	40	10	right	left	0	14	15.005	933
24	17	4	40	10	left	left	1	13	15.834	821
24	18	4	40	10	left	left	1	15	15.56	964
24	19	4	40	10	right	right	1	12	15.056	797
24	20	4	40	10	right	left	0	15	15.641	959
24	21	4	40	10	left	left	1	22	15.827	1390
24	22	4	40	10	right	left	0	17	15.785	1077
24	23	4	40	10	left	left	1	14	16.204	864
24	24	4	40	10	left	left	1	21	15.521	1353
24	25	4	40	10	right	left	0	6	14.742	407
24	26	4	40	10	left	right	0	16	15.052	1063
24	27	4	40	10	right	right	1	15	14.535	1032
24	28	4	40	10	left	left	1	11	14.966	735
24	29	4	40	10	left	left	1	21	15.119	1389
24	30	4	40	10	right	right	1	20	15.026	1331
24	31	4	40	10	right	right	1	18	15.957	1128
