
blkNum	trlNum	coherentDots	numberofDots	percentCoherence	winningDirection	response	correct	eventCount	averageFrameRate	RT
1	1	4	40	10	left	left	1	26	15.348	1694
1	2	4	40	10	left	left	1	17	15.918	1068
1	3	4	40	10	left	left	1	21	15.51	1354
1	4	4	40	10	right	right	1	18	15.734	1144
1	5	4	40	10	left	left	1	19	15.435	1231
1	6	4	40	10	right	right	1	22	15.007	1466
1	7	4	40	10	left	left	1	20	15.699	1274
1	8	4	40	10	right	right	1	15	15.528	966
1	9	4	40	10	left	left	1	23	15.122	1521
1	10	4	40	10	left	left	1	31	15.415	2011
1	11	4	40	10	right	right	1	23	15.202	1513
1	12	4	40	10	right	left	0	26	15.09	1723
1	13	4	40	10	right	right	1	20	15.54	1287
1	14	4	40	10	left	left	1	20	15.798	1266
1	15	4	40	10	right	right	1	26	15.276	1702
1	16	4	40	10	left	left	1	24	15.514	1547
1	17	4	40	10	right	right	1	14	15.385	910
1	18	4	40	10	left	right	0	24	15.238	1575
1	19	4	40	10	left	left	1	15	15.773	951
1	20	4	40	10	right	right	1	21	15.778	1331
1	21	4	40	10	right	right	1	18	15.203	1184
1	22	4	40	10	right	right	1	19	15.115	1257
1	23	4	40	10	left	left	1	15	15.823	948
1	24	4	40	10	right	right	1	13	16.291	798
1	25	4	40	10	right	right	1	16	15.504	1032
1	26	4	40	10	right	right	1	13	15.682	829
1	27	4	40	10	left	left	1	15	15.576	963
1	28	4	40	10	left	left	1	20	15.456	1294
1	29	4	40	10	left	left	1	25	15.3	1634
1	30	4	40	10	right	right	1	25	15.704	1592
1	31	4	40	10	left	left	1	35	15.331	2283
1	32	4	40	10	right	right	1	13	14.908	872
1	33	4	40	10	right	right	1	20	15.613	1281
1	34	4	40	10	right	right	1	16	15.429	1037
1	35	4	40	10	left	left	1	14	15.453	906
1	36	4	40	10	right	right	1	16	15.81	1012
1	37	4	40	10	right	right	1	24	15.615	1537
1	38	4	40	10	left	left	1	12	15.248	787
1	39	4	40	10	left	left	1	15	15.593	962
1	40	4	40	10	left	left	1	13	15.834	821
2	1	4	40	10	left	left	1	20	15.662	1277
2	2	4	40	10	right	right	1	17	15.726	1081
2	3	4	40	10	right	right	1	15	15.641	959
2	4	4	40	10	right	left	0	17	15.483	1098
2	5	4	40	10	left	left	1	13	15.222	854
2	6	4	40	10	right	right	1	15	15.907	943
2	7	4	40	10	right	right	1	16	15.595	1026
2	8	4	40	10	left	left	1	12	15.19	790
2	9	4	40	10	left	left	1	13	15.682	829
2	10	4	40	10	right	right	1	18	15.241	1181
2	11	4	40	10	left	left	1	11	16.035	686
2	12	4	40	10	left	left	1	12	15.915	754
2	13	4	40	10	left	left	1	12	16.282	737
2	14	4	40	10	right	right	1	13	15.663	830
2	15	4	40	10	left	left	1	13	15.663	830
2	16	4	40	10	right	right	1	13	15.081	862
2	17	4	40	10	left	left	1	12	15.979	751
2	18	4	40	10	right	right	1	12	16.194	741
2	19	4	40	10	right	right	1	16	15.579	1027
2	20	4	40	10	left	left	1	12	16.129	744
2	21	4	40	10	right	right	1	13	15.834	821
2	22	4	40	10	left	left	1	16	15.429	1037
2	23	4	40	10	left	left	1	13	16.049	810
2	24	4	40	10	right	right	1	11	16.129	682
2	25	4	40	10	left	left	1	13	16.129	806
2	26	4	40	10	right	right	1	12	16.021	749
2	27	4	40	10	right	right	1	17	15.138	1123
2	28	4	40	10	right	right	1	12	15.094	795
2	29	4	40	10	right	right	1	12	15.444	777
2	30	4	40	10	left	left	1	13	15.625	832
2	31	4	40	10	left	left	1	14	15.766	888
2	32	4	40	10	right	right	1	13	15.169	857
2	33	4	40	10	left	left	1	13	15.588	834
2	34	4	40	10	right	right	1	13	16.049	810
2	35	4	40	10	right	right	1	16	15.123	1058
2	36	4	40	10	left	left	1	13	15.931	816
2	37	4	40	10	left	left	1	16	15.873	1008
2	38	4	40	10	left	left	1	13	15.7	828
2	39	4	40	10	left	left	1	14	15.982	876
2	40	4	40	10	right	right	1	13	15.099	861
3	1	4	40	10	right	right	1	25	15.518	1611
3	2	4	40	10	left	left	1	13	15.951	815
3	3	4	40	10	right	right	1	11	15.131	727
3	4	4	40	10	left	left	1	11	15.363	716
3	5	4	40	10	right	right	1	13	15.606	833
3	6	4	40	10	right	right	1	14	15.748	889
3	7	4	40	10	right	right	1	13	15.276	851
3	8	4	40	10	left	left	1	14	15.837	884
3	9	4	40	10	right	right	1	14	15.677	893
3	10	4	40	10	right	right	1	14	15.521	902
3	11	4	40	10	right	right	1	11	15.11	728
3	12	4	40	10	left	left	1	10	15.291	654
3	13	4	40	10	left	left	1	10	15.038	665
3	14	4	40	10	right	right	1	11	15.007	733
3	15	4	40	10	right	right	1	11	16.129	682
3	16	4	40	10	left	left	1	12	16.371	733
3	17	4	40	10	right	right	1	13	16.03	811
3	18	4	40	10	left	left	1	13	15.403	844
3	19	4	40	10	left	left	1	12	16.064	747
3	20	4	40	10	left	left	1	12	15.444	777
3	21	4	40	10	left	left	1	14	15.766	888
3	22	4	40	10	right	right	1	12	15.267	786
3	23	4	40	10	right	right	1	11	15.449	712
3	24	4	40	10	left	left	1	12	16.194	741
3	25	4	40	10	right	right	1	11	15.048	731
3	26	4	40	10	left	left	1	11	16.369	672
3	27	4	40	10	right	right	1	17	15.799	1076
3	28	4	40	10	left	left	1	13	16.03	811
3	29	4	40	10	left	left	1	15	15.593	962
3	30	4	40	10	right	right	1	12	15.345	782
3	31	4	40	10	right	right	1	13	15.99	813
3	32	4	40	10	left	left	1	11	15.193	724
3	33	4	40	10	right	right	1	13	16.069	809
3	34	4	40	10	left	left	1	12	15.287	785
3	35	4	40	10	left	right	0	13	16.25	800
3	36	4	40	10	left	left	1	9	15.734	572
3	37	4	40	10	left	left	1	13	15.834	821
3	38	4	40	10	right	right	1	13	16.149	805
3	39	4	40	10	right	right	1	12	16.216	740
3	40	4	40	10	left	left	1	12	15.915	754
4	1	4	40	10	left	left	1	12	15.524	773
4	2	4	40	10	right	right	1	10	15.528	644
4	3	4	40	10	right	right	1	13	15.99	813
4	4	4	40	10	left	left	1	13	15.682	829
4	5	4	40	10	right	right	1	11	15.342	717
4	6	4	40	10	right	right	1	12	15.424	778
4	7	4	40	10	right	right	1	12	15.444	777
4	8	4	40	10	left	left	1	12	15.789	760
4	9	4	40	10	right	right	1	11	15.515	709
4	10	4	40	10	left	left	1	11	15.068	730
4	11	4	40	10	right	right	1	16	15.873	1008
4	12	4	40	10	right	right	1	20	15.198	1316
4	13	4	40	10	right	right	1	13	15.912	817
4	14	4	40	10	right	left	0	18	15.721	1145
4	15	4	40	10	left	left	1	9	15.929	565
4	16	4	40	10	left	left	1	10	15.267	655
4	17	4	40	10	left	left	1	11	15.581	706
4	18	4	40	10	left	left	1	17	15.755	1079
4	19	4	40	10	left	left	1	13	15.385	845
4	20	4	40	10	left	right	0	13	15.663	830
4	21	4	40	10	left	left	1	12	15.894	755
4	22	4	40	10	left	left	1	10	15.038	665
4	23	4	40	10	left	left	1	13	14.977	868
4	24	4	40	10	left	left	1	20	15.279	1309
4	25	4	40	10	right	right	1	21	15.419	1362
4	26	4	40	10	right	right	1	14	15.368	911
4	27	4	40	10	right	right	1	16	15.37	1041
4	28	4	40	10	right	right	1	14	15.521	902
4	29	4	40	10	right	right	1	13	15.625	832
4	30	4	40	10	right	right	1	12	15.957	752
4	31	4	40	10	right	right	1	12	15.504	774
4	32	4	40	10	left	left	1	14	15.677	893
4	33	4	40	10	left	left	1	11	15.299	719
4	34	4	40	10	left	left	1	17	15.814	1075
4	35	4	40	10	right	right	1	12	15.769	761
4	36	4	40	10	right	right	1	11	15.449	712
4	37	4	40	10	left	right	0	19	15.677	1212
4	38	4	40	10	left	left	1	10	16.367	611
4	39	4	40	10	right	right	1	14	15.945	878
4	40	4	40	10	left	left	1	21	15.184	1383
5	1	4	40	10	right	right	1	20	15.337	1304
5	2	4	40	10	left	left	1	11	16.272	676
5	3	4	40	10	left	left	1	11	15.278	720
5	4	4	40	10	right	right	1	11	16.272	676
5	5	4	40	10	right	right	1	12	16.129	744
5	6	4	40	10	right	right	1	15	15.658	958
5	7	4	40	10	left	left	1	12	15.748	762
5	8	4	40	10	left	left	1	16	15.504	1032
5	9	4	40	10	left	left	1	17	15.785	1077
5	10	4	40	10	left	left	1	12	16.216	740
5	11	4	40	10	left	left	1	16	15.253	1049
5	12	4	40	10	left	left	1	10	15.267	655
5	13	4	40	10	right	right	1	10	14.993	667
5	14	4	40	10	right	right	1	14	15.368	911
5	15	4	40	10	left	left	1	10	15.625	640
5	16	4	40	10	right	right	1	17	15.455	1100
5	17	4	40	10	left	left	1	10	15.361	651
5	18	4	40	10	left	left	1	10	15.291	654
5	19	4	40	10	right	right	1	13	15.758	825
5	20	4	40	10	right	right	1	14	15.201	921
5	21	4	40	10	right	right	1	12	15.707	764
5	22	4	40	10	left	left	1	11	15.759	698
5	23	4	40	10	left	left	1	12	15.484	775
5	24	4	40	10	right	right	1	12	15.666	766
5	25	4	40	10	left	left	1	13	16.01	812
5	26	4	40	10	right	right	1	14	15.573	899
5	27	4	40	10	right	right	1	12	16.194	741
5	28	4	40	10	left	left	1	13	14.994	867
5	29	4	40	10	left	left	1	13	16.169	804
5	30	4	40	10	right	left	0	24	15.595	1539
5	31	4	40	10	right	right	1	10	16.393	610
5	32	4	40	10	left	left	1	15	15.306	980
5	33	4	40	10	left	left	1	11	15.471	711
5	34	4	40	10	right	right	1	13	15.24	853
5	35	4	40	10	right	right	1	12	16.043	748
5	36	4	40	10	left	left	1	14	15.855	883
5	37	4	40	10	right	right	1	12	16.216	740
5	38	4	40	10	right	left	0	12	15.444	777
5	39	4	40	10	left	left	1	8	15.968	501
5	40	4	40	10	right	right	1	13	15.385	845
6	1	4	40	10	left	left	1	12	15.113	794
6	2	4	40	10	right	right	1	8	15.123	529
6	3	4	40	10	right	right	1	13	15.606	833
6	4	4	40	10	left	left	1	12	16.26	738
6	5	4	40	10	left	left	1	10	15.848	631
6	6	4	40	10	right	right	1	29	15.608	1858
6	7	4	40	10	left	left	1	9	15.734	572
6	8	4	40	10	right	right	1	14	15.119	926
6	9	4	40	10	left	left	1	12	16.129	744
6	10	4	40	10	left	left	1	12	15.666	766
6	11	4	40	10	left	left	1	13	15.7	828
6	12	4	40	10	left	left	1	12	16.043	748
6	13	4	40	10	right	right	1	13	15.152	858
6	14	4	40	10	left	left	1	13	16.189	803
6	15	4	40	10	left	left	1	12	15.113	794
6	16	4	40	10	right	right	1	13	14.891	873
6	17	4	40	10	right	right	1	15	15.198	987
6	18	4	40	10	left	left	1	12	16.151	743
6	19	4	40	10	left	left	1	31	15.539	1995
6	20	4	40	10	left	left	1	12	15.132	793
6	21	4	40	10	right	left	0	12	15.287	785
6	22	4	40	10	right	right	1	14	15.419	908
6	23	4	40	10	left	right	0	25	15.567	1606
6	24	4	40	10	right	right	1	9	15.228	591
6	25	4	40	10	right	left	0	12	16.107	745
6	26	4	40	10	left	left	1	10	16.34	612
6	27	4	40	10	right	right	1	13	15.971	814
6	28	4	40	10	right	right	1	11	15.152	726
6	29	4	40	10	right	right	1	15	15.707	955
6	30	4	40	10	right	right	1	16	15.779	1014
6	31	4	40	10	right	right	1	16	15.952	1003
6	32	4	40	10	left	left	1	10	15.06	664
6	33	4	40	10	right	left	0	17	15.814	1075
6	34	4	40	10	right	right	1	13	15.366	846
6	35	4	40	10	left	left	1	18	15.972	1127
6	36	4	40	10	left	left	1	15	15.789	950
6	37	4	40	10	right	right	1	11	15.406	714
6	38	4	40	10	left	left	1	13	16.109	807
6	39	4	40	10	right	right	1	20	15.649	1278
6	40	4	40	10	left	left	1	16	15.474	1034
7	1	4	40	10	left	left	1	13	15.276	851
7	2	4	40	10	left	left	1	12	16.238	739
7	3	4	40	10	right	right	1	11	15.603	705
7	4	4	40	10	left	left	1	10	15.674	638
7	5	4	40	10	left	left	1	9	15.177	593
7	6	4	40	10	left	left	1	10	15.949	627
7	7	4	40	10	left	left	1	14	15.251	918
7	8	4	40	10	left	left	1	11	16.369	672
7	9	4	40	10	right	right	1	11	15.896	692
7	10	4	40	10	right	right	1	9	15.177	593
7	11	4	40	10	left	left	1	11	16.296	675
7	12	4	40	10	left	left	1	9	16.1	559
7	13	4	40	10	right	right	1	11	15.11	728
7	14	4	40	10	left	left	1	14	15.677	893
7	15	4	40	10	right	right	1	12	15.326	783
7	16	4	40	10	left	left	1	13	15.081	862
7	17	4	40	10	left	left	1	11	16.035	686
7	18	4	40	10	right	right	1	10	15.552	643
7	19	4	40	10	right	right	1	16	15.414	1038
7	20	4	40	10	right	right	1	11	16.296	675
7	21	4	40	10	left	left	1	14	15.234	919
7	22	4	40	10	left	left	1	11	15.068	730
7	23	4	40	10	left	left	1	12	15.326	783
7	24	4	40	10	right	right	1	10	16.103	621
7	25	4	40	10	left	left	1	12	15.936	753
7	26	4	40	10	left	left	1	13	15.064	863
7	27	4	40	10	right	right	1	12	16.129	744
7	28	4	40	10	right	right	1	11	15.342	717
7	29	4	40	10	right	right	1	12	15.404	779
7	30	4	40	10	right	right	1	10	15.974	626
7	31	4	40	10	right	right	1	10	15.528	644
7	32	4	40	10	right	right	1	9	15.203	592
7	33	4	40	10	left	right	0	11	16.129	682
7	34	4	40	10	right	right	1	9	15.986	563
7	35	4	40	10	right	right	1	11	15.896	692
7	36	4	40	10	left	left	1	11	15.988	688
7	37	4	40	10	left	left	1	10	16.367	611
7	38	4	40	10	right	right	1	13	15.971	814
7	39	4	40	10	right	right	1	10	15.504	645
7	40	4	40	10	right	right	1	12	15.936	753
8	1	4	40	10	right	right	1	18	15.544	1158
8	2	4	40	10	right	right	1	9	16.1	559
8	3	4	40	10	right	right	1	9	15.625	576
8	4	4	40	10	left	left	1	10	15.015	666
8	5	4	40	10	right	right	1	9	15.491	581
8	6	4	40	10	left	left	1	13	15.205	855
8	7	4	40	10	left	left	1	10	15.244	656
8	8	4	40	10	right	right	1	10	16.129	620
8	9	4	40	10	left	left	1	9	14.851	606
8	10	4	40	10	left	left	1	9	15.177	593
8	11	4	40	10	right	right	1	8	15.779	507
8	12	4	40	10	right	right	1	13	15.738	826
8	13	4	40	10	right	left	0	12	16.086	746
8	14	4	40	10	left	left	1	8	16.771	477
8	15	4	40	10	left	left	1	10	15.723	636
8	16	4	40	10	left	left	1	12	16.327	735
8	17	4	40	10	right	right	1	10	16.34	612
8	18	4	40	10	right	right	1	12	15.979	751
8	19	4	40	10	right	right	1	14	15.538	901
8	20	4	40	10	left	left	1	10	14.925	670
8	21	4	40	10	left	left	1	9	15.152	594
8	22	4	40	10	left	left	1	13	14.994	867
8	23	4	40	10	right	right	1	11	15.515	709
8	24	4	40	10	right	right	1	11	16.153	681
8	25	4	40	10	right	right	1	10	15.898	629
8	26	4	40	10	right	left	0	14	15.766	888
8	27	4	40	10	right	right	1	14	15.66	894
8	28	4	40	10	right	left	0	26	15.33	1696
8	29	4	40	10	left	left	1	21	15.407	1363
8	30	4	40	10	left	left	1	14	15.436	907
8	31	4	40	10	left	left	1	25	15.216	1643
8	32	4	40	10	left	left	1	14	15.625	896
8	33	4	40	10	right	right	1	22	15.183	1449
8	34	4	40	10	right	right	1	14	15.201	921
8	35	4	40	10	left	left	1	21	15.672	1340
8	36	4	40	10	right	right	1	18	14.988	1201
8	37	4	40	10	left	left	1	22	15.079	1459
8	38	4	40	10	left	left	1	30	15.221	1971
8	39	4	40	10	left	left	1	13	15.777	824
8	40	4	40	10	left	left	1	13	15.931	816
9	1	4	40	10	right	right	1	17	15.233	1116
9	2	4	40	10	left	left	1	10	15.175	659
9	3	4	40	10	left	left	1	13	15.24	853
9	4	4	40	10	left	left	1	10	15.48	646
9	5	4	40	10	right	right	1	10	15.601	641
9	6	4	40	10	right	right	1	14	15.152	924
9	7	4	40	10	right	right	1	10	15.649	639
9	8	4	40	10	left	left	1	12	16.086	746
9	9	4	40	10	right	right	1	9	15.625	576
9	10	4	40	10	left	left	1	9	14.95	602
9	11	4	40	10	left	left	1	9	15.101	596
9	12	4	40	10	left	left	1	10	14.925	670
9	13	4	40	10	right	right	1	10	15.576	642
9	14	4	40	10	right	right	1	17	16.023	1061
9	15	4	40	10	right	right	1	13	16.03	811
9	16	4	40	10	left	left	1	10	15.552	643
9	17	4	40	10	right	right	1	10	16.287	614
9	18	4	40	10	right	right	1	11	15.089	729
9	19	4	40	10	left	left	1	9	15.254	590
9	20	4	40	10	left	left	1	9	16.544	544
9	21	4	40	10	right	left	0	13	15.912	817
9	22	4	40	10	left	left	1	10	16.103	621
9	23	4	40	10	left	left	1	10	16.234	616
9	24	4	40	10	right	right	1	14	15.59	898
9	25	4	40	10	left	left	1	9	15.306	588
9	26	4	40	10	right	right	1	10	15.291	654
9	27	4	40	10	right	right	1	11	15.965	689
9	28	4	40	10	right	right	1	13	15.366	846
9	29	4	40	10	left	left	1	9	15.254	590
9	30	4	40	10	left	left	1	10	15.823	632
9	31	4	40	10	right	left	0	10	15.748	635
9	32	4	40	10	left	left	1	9	15.571	578
9	33	4	40	10	left	left	1	12	15.385	780
9	34	4	40	10	right	right	1	12	15.727	763
9	35	4	40	10	left	left	1	11	16.153	681
9	36	4	40	10	left	left	1	10	15.129	661
9	37	4	40	10	right	right	1	12	15.605	769
9	38	4	40	10	right	right	1	11	15.32	718
9	39	4	40	10	left	left	1	11	15.363	716
9	40	4	40	10	right	right	1	10	15.408	649
10	1	4	40	10	left	left	1	11	15.449	712
10	2	4	40	10	right	right	1	15	15.806	949
10	3	4	40	10	left	left	1	9	15.411	584
10	4	4	40	10	left	left	1	9	15.385	585
10	5	4	40	10	right	right	1	12	15.894	755
10	6	4	40	10	left	left	1	13	16.23	801
10	7	4	40	10	right	right	1	9	15.203	592
10	8	4	40	10	right	right	1	13	15.738	826
10	9	4	40	10	right	right	1	11	15.942	690
10	10	4	40	10	left	left	1	10	15.649	639
10	11	4	40	10	left	left	1	10	15.773	634
10	12	4	40	10	right	right	1	10	15.504	645
10	13	4	40	10	right	right	1	11	15.449	712
10	14	4	40	10	left	left	1	10	15.129	661
10	15	4	40	10	right	right	1	11	15.625	704
10	16	4	40	10	left	left	1	9	16.393	549
10	17	4	40	10	left	left	1	9	15.679	574
10	18	4	40	10	left	left	1	11	16.176	680
10	19	4	40	10	left	left	1	10	15.337	652
10	20	4	40	10	right	left	0	10	16.051	623
10	21	4	40	10	left	left	1	8	15.414	519
10	22	4	40	10	right	left	0	12	15.645	767
10	23	4	40	10	left	left	1	15	15.723	954
10	24	4	40	10	left	left	1	15	15.045	997
10	25	4	40	10	right	right	1	14	15.436	907
10	26	4	40	10	left	left	1	15	15.69	956
10	27	4	40	10	left	left	1	12	15.645	767
10	28	4	40	10	right	right	1	14	15.538	901
10	29	4	40	10	left	left	1	10	15.106	662
10	30	4	40	10	right	right	1	10	16.393	610
10	31	4	40	10	right	right	1	10	14.948	669
10	32	4	40	10	right	left	0	23	15.132	1520
10	33	4	40	10	right	left	0	18	15.859	1135
10	34	4	40	10	right	left	0	14	15.695	892
10	35	4	40	10	right	right	1	15	15.337	978
10	36	4	40	10	left	left	1	14	15.119	926
10	37	4	40	10	left	left	1	14	15.351	912
10	38	4	40	10	right	right	1	14	15.453	906
10	39	4	40	10	right	right	1	17	15.554	1093
10	40	4	40	10	left	left	1	21	15.141	1387
11	1	4	40	10	right	right	1	13	15.385	845
11	2	4	40	10	right	right	1	10	15.291	654
11	3	4	40	10	right	right	1	10	16	625
11	4	4	40	10	right	left	0	19	15.273	1244
11	5	4	40	10	right	right	1	13	15.55	836
11	6	4	40	10	left	left	1	11	15.537	708
11	7	4	40	10	left	left	1	12	15.605	769
11	8	4	40	10	right	right	1	11	16.2	679
11	9	4	40	10	right	right	1	9	15.986	563
11	10	4	40	10	left	left	1	11	16.296	675
11	11	4	40	10	left	left	1	16	15.152	1056
11	12	4	40	10	left	left	1	9	15.075	597
11	13	4	40	10	left	right	0	16	15.64	1023
11	14	4	40	10	left	left	1	8	15.595	513
11	15	4	40	10	left	left	1	11	15.428	713
11	16	4	40	10	left	left	1	10	15.504	645
11	17	4	40	10	left	left	1	12	15.605	769
11	18	4	40	10	right	right	1	13	14.925	871
11	19	4	40	10	right	right	1	11	16.369	672
11	20	4	40	10	left	left	1	14	15.982	876
11	21	4	40	10	left	left	1	12	15.209	789
11	22	4	40	10	left	left	1	13	15.258	852
11	23	4	40	10	right	right	1	12	15.365	781
11	24	4	40	10	right	right	1	15	15.823	948
11	25	4	40	10	right	right	1	18	15.531	1159
11	26	4	40	10	left	left	1	13	15.796	823
11	27	4	40	10	left	left	1	10	15.456	647
11	28	4	40	10	left	left	1	14	16.018	874
11	29	4	40	10	right	right	1	14	15.713	891
11	30	4	40	10	right	right	1	10	16.313	613
11	31	4	40	10	left	left	1	14	15.487	904
11	32	4	40	10	right	right	1	12	15.267	786
11	33	4	40	10	right	right	1	13	15.606	833
11	34	4	40	10	right	left	0	16	15.137	1057
11	35	4	40	10	left	left	1	20	15.785	1267
11	36	4	40	10	left	left	1	15	15.773	951
11	37	4	40	10	right	right	1	16	15.474	1034
11	38	4	40	10	right	right	1	15	15.641	959
11	39	4	40	10	left	left	1	21	15.695	1338
11	40	4	40	10	right	right	1	14	15.945	878
12	1	4	40	10	left	left	1	13	15.588	834
12	2	4	40	10	right	right	1	9	15.789	570
12	3	4	40	10	right	right	1	10	15.748	635
12	4	4	40	10	left	left	1	9	15.437	583
12	5	4	40	10	right	right	1	11	15.805	696
12	6	4	40	10	right	right	1	12	15.666	766
12	7	4	40	10	left	left	1	10	15.748	635
12	8	4	40	10	left	left	1	9	16.364	550
12	9	4	40	10	left	left	1	9	14.827	607
12	10	4	40	10	right	right	1	15	15.106	993
12	11	4	40	10	left	left	1	9	15.929	565
12	12	4	40	10	right	right	1	9	15.05	598
12	13	4	40	10	right	right	1	11	16.176	680
12	14	4	40	10	left	left	1	9	15.517	580
12	15	4	40	10	left	left	1	19	15.755	1206
12	16	4	40	10	right	right	1	12	15.625	768
12	17	4	40	10	right	right	1	11	16.224	678
12	18	4	40	10	right	right	1	11	15.235	722
12	19	4	40	10	right	right	1	13	15.348	847
12	20	4	40	10	left	right	0	12	15.789	760
12	21	4	40	10	left	left	1	9	15.126	595
12	22	4	40	10	right	right	1	16	15.549	1029
12	23	4	40	10	right	right	1	20	15.601	1282
12	24	4	40	10	left	left	1	13	15.532	837
12	25	4	40	10	left	left	1	11	15.515	709
12	26	4	40	10	right	right	1	14	15.59	898
12	27	4	40	10	right	right	1	21	15.579	1348
12	28	4	40	10	left	left	1	10	15.221	657
12	29	4	40	10	left	left	1	12	15.524	773
12	30	4	40	10	right	right	1	13	15.892	818
12	31	4	40	10	left	right	0	18	15.177	1186
12	32	4	40	10	right	right	1	25	15.704	1592
12	33	4	40	10	left	left	1	13	15.276	851
12	34	4	40	10	left	left	1	11	15.896	692
12	35	4	40	10	left	left	1	24	15.544	1544
12	36	4	40	10	left	left	1	14	15.038	931
12	37	4	40	10	right	right	1	14	15.135	925
12	38	4	40	10	right	right	1	14	15.351	912
12	39	4	40	10	right	right	1	18	15.385	1170
12	40	4	40	10	left	left	1	13	16.049	810
13	1	4	40	10	right	right	1	11	16.296	675
13	2	4	40	10	left	left	1	15	15.907	943
13	3	4	40	10	left	right	0	12	15.605	769
13	4	4	40	10	left	left	1	13	15.532	837
13	5	4	40	10	left	left	1	9	15.491	581
13	6	4	40	10	right	right	1	10	16.077	622
13	7	4	40	10	right	right	1	13	14.891	873
13	8	4	40	10	left	left	1	13	15.152	858
13	9	4	40	10	left	left	1	10	15.015	666
13	10	4	40	10	right	right	1	13	15.971	814
13	11	4	40	10	right	right	1	10	14.948	669
13	12	4	40	10	right	right	1	10	15.038	665
13	13	4	40	10	right	right	1	10	15.129	661
13	14	4	40	10	left	left	1	15	15.74	953
13	15	4	40	10	left	left	1	10	15.924	628
13	16	4	40	10	right	right	1	9	15.873	567
13	17	4	40	10	left	left	1	11	16.369	672
13	18	4	40	10	left	left	1	10	15.924	628
13	19	4	40	10	left	left	1	10	16.26	615
13	20	4	40	10	left	left	1	13	14.891	873
13	21	4	40	10	left	left	1	24	15.444	1554
13	22	4	40	10	left	left	1	12	15.852	757
13	23	4	40	10	right	right	1	12	15.094	795
13	24	4	40	10	left	right	0	23	15.52	1482
13	25	4	40	10	right	right	1	11	16.176	680
13	26	4	40	10	right	right	1	14	15.021	932
13	27	4	40	10	right	left	0	14	15.945	878
13	28	4	40	10	right	right	1	9	15.957	564
13	29	4	40	10	right	right	1	11	15.172	725
13	30	4	40	10	right	right	1	13	15.719	827
13	31	4	40	10	right	right	1	11	15.048	731
13	32	4	40	10	left	right	0	17	15.625	1088
13	33	4	40	10	left	left	1	15	15.56	964
13	34	4	40	10	left	right	0	16	15.385	1040
13	35	4	40	10	left	left	1	10	15.576	642
13	36	4	40	10	right	right	1	10	15.314	653
13	37	4	40	10	right	right	1	24	15.228	1576
13	38	4	40	10	right	right	1	15	15.182	988
13	39	4	40	10	right	right	1	26	15.33	1696
13	40	4	40	10	left	left	1	10	14.948	669
14	1	4	40	10	right	right	1	14	15.054	930
14	2	4	40	10	left	right	0	9	16.187	556
14	3	4	40	10	left	left	1	8	15.094	530
14	4	4	40	10	right	right	1	11	15.759	698
14	5	4	40	10	right	right	1	9	16.334	551
14	6	4	40	10	left	left	1	13	16.089	808
14	7	4	40	10	left	right	0	11	15.131	727
14	8	4	40	10	right	right	1	12	15.605	769
14	9	4	40	10	right	right	1	9	15	600
14	10	4	40	10	left	left	1	9	14.95	602
14	11	4	40	10	right	right	1	9	14.901	604
14	12	4	40	10	left	left	1	10	15.504	645
14	13	4	40	10	left	left	1	20	15.232	1313
14	14	4	40	10	left	left	1	11	15.515	709
14	15	4	40	10	left	left	1	10	16.393	610
14	16	4	40	10	left	left	1	11	16.058	685
14	17	4	40	10	left	left	1	14	15.891	881
14	18	4	40	10	right	right	1	10	16.181	618
14	19	4	40	10	right	left	0	9	16.886	533
14	20	4	40	10	right	right	1	12	16.26	738
14	21	4	40	10	left	left	1	11	15.278	720
14	22	4	40	10	left	left	1	11	16.058	685
14	23	4	40	10	right	right	1	13	15.312	849
14	24	4	40	10	left	left	1	13	15.738	826
14	25	4	40	10	left	left	1	16	15.842	1010
14	26	4	40	10	right	right	1	10	15.106	662
14	27	4	40	10	right	right	1	11	16.32	674
14	28	4	40	10	left	left	1	10	14.948	669
14	29	4	40	10	left	right	0	12	16.26	738
14	30	4	40	10	right	right	1	14	15.713	891
14	31	4	40	10	right	right	1	13	15.385	845
14	32	4	40	10	left	left	1	12	15.852	757
14	33	4	40	10	left	left	1	13	15.569	835
14	34	4	40	10	right	right	1	17	15.697	1083
14	35	4	40	10	right	right	1	27	15.05	1794
14	36	4	40	10	right	right	1	25	15.442	1619
14	37	4	40	10	right	right	1	13	16.109	807
14	38	4	40	10	left	left	1	30	15.448	1942
14	39	4	40	10	right	right	1	11	16.296	675
14	40	4	40	10	right	right	1	15	15.907	943
15	1	4	40	10	left	left	1	16	15.209	1052
15	2	4	40	10	left	left	1	11	15.089	729
15	3	4	40	10	left	left	1	10	15.48	646
15	4	4	40	10	right	right	1	10	15.015	666
15	5	4	40	10	left	left	1	12	15.365	781
15	6	4	40	10	left	left	1	10	16.129	620
15	7	4	40	10	right	right	1	17	15.755	1079
15	8	4	40	10	left	left	1	10	16.313	613
15	9	4	40	10	right	right	1	9	15.228	591
15	10	4	40	10	right	right	1	10	16.42	609
15	11	4	40	10	left	left	1	11	16.082	684
15	12	4	40	10	left	left	1	10	16.051	623
15	13	4	40	10	left	left	1	9	15.789	570
15	14	4	40	10	right	right	1	17	15.814	1075
15	15	4	40	10	right	right	1	11	16.153	681
15	16	4	40	10	right	left	0	18	15.652	1150
15	17	4	40	10	left	left	1	10	15.949	627
15	18	4	40	10	right	right	1	12	15.345	782
15	19	4	40	10	right	left	0	15	15.291	981
15	20	4	40	10	right	right	1	10	15.314	653
15	21	4	40	10	right	right	1	13	16.069	809
15	22	4	40	10	right	right	1	14	15.47	905
15	23	4	40	10	left	left	1	13	15.873	819
15	24	4	40	10	right	right	1	11	15.406	714
15	25	4	40	10	left	left	1	9	15.437	583
15	26	4	40	10	right	right	1	13	15.029	865
15	27	4	40	10	left	left	1	14	14.784	947
15	28	4	40	10	left	left	1	12	15.075	796
15	29	4	40	10	right	left	0	16	15.952	1003
15	30	4	40	10	left	left	1	10	14.97	668
15	31	4	40	10	right	right	1	10	16.234	616
15	32	4	40	10	left	left	1	12	15.113	794
15	33	4	40	10	left	left	1	11	16.129	682
15	34	4	40	10	right	right	1	12	15.504	774
15	35	4	40	10	right	right	1	10	15.175	659
15	36	4	40	10	right	right	1	12	16.129	744
15	37	4	40	10	left	left	1	12	15.209	789
15	38	4	40	10	right	right	1	10	16.155	619
15	39	4	40	10	left	left	1	10	15.291	654
15	40	4	40	10	left	left	1	13	16.23	801
16	1	4	40	10	right	right	1	18	15.063	1195
16	2	4	40	10	left	left	1	14	15.402	909
16	3	4	40	10	left	left	1	12	15.171	791
16	4	4	40	10	left	left	1	9	14.876	605
16	5	4	40	10	right	right	1	12	16.304	736
16	6	4	40	10	left	left	1	9	15.075	597
16	7	4	40	10	right	right	1	9	15.873	567
16	8	4	40	10	right	right	1	8	15.123	529
16	9	4	40	10	right	right	1	20	15.326	1305
16	10	4	40	10	left	left	1	17	15.539	1094
16	11	4	40	10	left	left	1	21	15.217	1380
16	12	4	40	10	right	right	1	15	15.991	938
16	13	4	40	10	left	right	0	31	15.218	2037
16	14	4	40	10	right	right	1	15	15.369	976
16	15	4	40	10	left	left	1	13	16.169	804
16	16	4	40	10	left	left	1	13	15.873	819
16	17	4	40	10	left	left	1	16	15.702	1019
16	18	4	40	10	left	left	1	18	15.734	1144
16	19	4	40	10	right	right	1	12	15.171	791
16	20	4	40	10	left	left	1	13	16.27	799
16	21	4	40	10	right	right	1	15	15.658	958
16	22	4	40	10	left	left	1	13	15.187	856
16	23	4	40	10	right	right	1	16	15.37	1041
16	24	4	40	10	right	right	1	15	15.924	942
16	25	4	40	10	left	left	1	14	15.201	921
16	26	4	40	10	right	right	1	15	15.306	980
16	27	4	40	10	right	right	1	11	15.449	712
16	28	4	40	10	right	right	1	12	15.228	788
16	29	4	40	10	right	right	1	16	15.579	1027
16	30	4	40	10	right	right	1	12	15.444	777
16	31	4	40	10	left	left	1	17	15.992	1063
16	32	4	40	10	left	left	1	13	15.682	829
16	33	4	40	10	left	right	0	19	15.768	1205
16	34	4	40	10	right	right	1	17	15.918	1068
16	35	4	40	10	left	left	1	17	15.712	1082
16	36	4	40	10	left	right	0	13	15.187	856
16	37	4	40	10	left	left	1	13	15.971	814
16	38	4	40	10	right	right	1	14	14.989	934
16	39	4	40	10	right	right	1	11	15.625	704
16	40	4	40	10	right	right	1	12	15.209	789
17	1	4	40	10	left	left	1	14	15.168	923
17	2	4	40	10	right	right	1	10	15.129	661
17	3	4	40	10	right	right	1	12	16.282	737
17	4	4	40	10	right	right	1	13	15.682	829
17	5	4	40	10	right	right	1	15	15.94	941
17	6	4	40	10	left	right	0	9	14.975	601
17	7	4	40	10	left	right	0	9	16.575	543
17	8	4	40	10	right	right	1	13	15.55	836
17	9	4	40	10	left	left	1	9	16.636	541
17	10	4	40	10	left	left	1	14	15.964	877
17	11	4	40	10	right	right	1	12	15.666	766
17	12	4	40	10	left	left	1	11	15.692	701
17	13	4	40	10	right	right	1	11	15.603	705
17	14	4	40	10	right	right	1	13	15.663	830
17	15	4	40	10	left	left	1	13	16.129	806
17	16	4	40	10	right	right	1	12	15.209	789
17	17	4	40	10	left	left	1	12	15.385	780
17	18	4	40	10	left	left	1	11	15.559	707
17	19	4	40	10	right	right	1	12	15.789	760
17	20	4	40	10	right	right	1	11	16.035	686
17	21	4	40	10	left	left	1	11	16.32	674
17	22	4	40	10	right	right	1	15	15.658	958
17	23	4	40	10	right	right	1	15	15.593	962
17	24	4	40	10	left	left	1	11	15.873	693
17	25	4	40	10	right	right	1	11	15.782	697
17	26	4	40	10	right	right	1	11	15.152	726
17	27	4	40	10	right	right	1	11	16.296	675
17	28	4	40	10	right	right	1	12	16.151	743
17	29	4	40	10	left	left	1	14	15.695	892
17	30	4	40	10	right	right	1	10	15.291	654
17	31	4	40	10	left	left	1	11	16.129	682
17	32	4	40	10	left	left	1	12	15.19	790
17	33	4	40	10	left	left	1	11	15.515	709
17	34	4	40	10	right	right	1	11	15.603	705
17	35	4	40	10	right	right	1	12	15.666	766
17	36	4	40	10	left	left	1	13	15.682	829
17	37	4	40	10	left	left	1	11	15.193	724
17	38	4	40	10	left	left	1	13	15.312	849
17	39	4	40	10	left	left	1	11	15.782	697
17	40	4	40	10	left	left	1	10	15.873	630
18	1	4	40	10	left	left	1	15	15.416	973
18	2	4	40	10	right	right	1	13	16.069	809
18	3	4	40	10	right	right	1	13	15.625	832
18	4	4	40	10	left	left	1	12	15.625	768
18	5	4	40	10	left	left	1	12	15.484	775
18	6	4	40	10	right	right	1	12	15.852	757
18	7	4	40	10	left	left	1	11	15.919	691
18	8	4	40	10	left	left	1	14	15.351	912
18	9	4	40	10	right	right	1	12	15.424	778
18	10	4	40	10	right	right	1	11	15.449	712
18	11	4	40	10	left	left	1	21	15.295	1373
18	12	4	40	10	left	right	0	17	15.697	1083
18	13	4	40	10	right	right	1	10	16.287	614
18	14	4	40	10	right	right	1	17	15.611	1089
18	15	4	40	10	left	right	0	21	15.813	1328
18	16	4	40	10	left	left	1	11	16.345	673
18	17	4	40	10	left	left	1	13	16.311	797
18	18	4	40	10	right	right	1	13	15.099	861
18	19	4	40	10	right	right	1	16	15.195	1053
18	20	4	40	10	right	left	0	21	15.59	1347
18	21	4	40	10	right	right	1	13	15.532	837
18	22	4	40	10	left	left	1	13	14.96	869
18	23	4	40	10	right	right	1	14	15.135	925
18	24	4	40	10	left	right	0	18	15.859	1135
18	25	4	40	10	right	right	1	11	15.896	692
18	26	4	40	10	right	right	1	10	15.221	657
18	27	4	40	10	right	right	1	12	16.216	740
18	28	4	40	10	right	right	1	12	15.267	786
18	29	4	40	10	left	left	1	12	15.769	761
18	30	4	40	10	left	left	1	20	15.163	1319
18	31	4	40	10	left	left	1	12	15.873	756
18	32	4	40	10	right	right	1	11	16.32	674
18	33	4	40	10	left	left	1	12	15.831	758
18	34	4	40	10	left	left	1	13	15.258	852
18	35	4	40	10	right	right	1	10	16.34	612
18	36	4	40	10	right	right	1	10	15.873	630
18	37	4	40	10	left	left	1	12	15.605	769
18	38	4	40	10	left	left	1	11	16.369	672
18	39	4	40	10	left	left	1	16	15.094	1060
18	40	4	40	10	right	right	1	12	16.26	738
19	1	4	40	10	left	left	1	13	15.116	860
19	2	4	40	10	left	left	1	9	15.491	581
19	3	4	40	10	left	left	1	11	16.2	679
19	4	4	40	10	right	right	1	12	15.094	795
19	5	4	40	10	left	left	1	10	15.974	626
19	6	4	40	10	left	left	1	11	16.248	677
19	7	4	40	10	left	left	1	11	15.603	705
19	8	4	40	10	left	left	1	10	15.504	645
19	9	4	40	10	right	right	1	13	15.777	824
19	10	4	40	10	right	right	1	12	16.282	737
19	11	4	40	10	left	left	1	13	15.682	829
19	12	4	40	10	left	left	1	14	15.005	933
19	13	4	40	10	right	right	1	15	15.244	984
19	14	4	40	10	left	left	1	18	15.901	1132
19	15	4	40	10	left	left	1	13	16.01	812
19	16	4	40	10	right	right	1	16	15.109	1059
19	17	4	40	10	right	right	1	13	16.209	802
19	18	4	40	10	right	left	0	12	16.282	737
19	19	4	40	10	left	left	1	10	15.361	651
19	20	4	40	10	left	left	1	15	15.385	975
19	21	4	40	10	right	right	1	15	15.856	946
19	22	4	40	10	left	left	1	14	15.538	901
19	23	4	40	10	right	right	1	18	15.319	1175
19	24	4	40	10	right	right	1	17	15.625	1088
19	25	4	40	10	right	right	1	16	15.519	1031
19	26	4	40	10	right	right	1	17	15.683	1084
19	27	4	40	10	right	left	0	22	15.515	1418
19	28	4	40	10	left	left	1	12	16	750
19	29	4	40	10	right	right	1	13	16.332	796
19	30	4	40	10	right	right	1	19	15.794	1203
19	31	4	40	10	left	left	1	17	15.903	1069
19	32	4	40	10	right	right	1	12	15.094	795
19	33	4	40	10	right	right	1	11	15.581	706
19	34	4	40	10	left	left	1	10	16.26	615
19	35	4	40	10	left	left	1	11	16.32	674
19	36	4	40	10	right	right	1	15	15.544	965
19	37	4	40	10	left	left	1	13	16.069	809
19	38	4	40	10	left	left	1	16	15.61	1025
19	39	4	40	10	right	right	1	12	15.504	774
19	40	4	40	10	right	right	1	19	15.485	1227
20	1	4	40	10	right	right	1	16	15.311	1045
20	2	4	40	10	left	left	1	10	15.576	642
20	3	4	40	10	left	left	1	14	15.945	878
20	4	4	40	10	left	left	1	18	15.013	1199
20	5	4	40	10	right	right	1	11	15.449	712
20	6	4	40	10	right	right	1	13	15.99	813
20	7	4	40	10	right	right	1	13	15.532	837
20	8	4	40	10	left	left	1	17	15.539	1094
20	9	4	40	10	right	right	1	11	15.027	732
20	10	4	40	10	right	right	1	11	15.257	721
20	11	4	40	10	left	left	1	14	15.784	887
20	12	4	40	10	right	right	1	13	15.33	848
20	13	4	40	10	left	left	1	13	15.029	865
20	14	4	40	10	right	right	1	22	15.703	1401
20	15	4	40	10	left	right	0	24	15.306	1568
20	16	4	40	10	left	left	1	10	15.244	656
20	17	4	40	10	left	left	1	12	15.707	764
20	18	4	40	10	left	left	1	12	15.267	786
20	19	4	40	10	left	left	1	11	15.782	697
20	20	4	40	10	right	right	1	14	15.66	894
20	21	4	40	10	left	left	1	12	16.151	743
20	22	4	40	10	right	right	1	9	15.101	596
20	23	4	40	10	right	right	1	12	15.484	775
20	24	4	40	10	right	right	1	13	15.385	845
20	25	4	40	10	left	left	1	15	15.94	941
20	26	4	40	10	right	right	1	11	15.278	720
20	27	4	40	10	right	right	1	12	15.524	773
20	28	4	40	10	right	right	1	13	15.134	859
20	29	4	40	10	right	right	1	14	15.837	884
20	30	4	40	10	left	left	1	14	15.402	909
20	31	4	40	10	right	right	1	12	15.484	775
20	32	4	40	10	right	right	1	14	15.801	886
20	33	4	40	10	left	left	1	14	15.927	879
20	34	4	40	10	right	right	1	14	15.334	913
20	35	4	40	10	left	left	1	13	15.421	843
20	36	4	40	10	left	right	0	17	15.933	1067
20	37	4	40	10	right	right	1	11	15.152	726
20	38	4	40	10	left	left	1	14	15.436	907
20	39	4	40	10	left	left	1	12	15.852	757
20	40	4	40	10	left	left	1	14	15.436	907
21	1	4	40	10	right	right	1	14	15.677	893
21	2	4	40	10	left	left	1	12	15.645	767
21	3	4	40	10	right	right	1	11	16.058	685
21	4	4	40	10	right	right	1	11	15.068	730
21	5	4	40	10	right	right	1	11	15.647	703
21	6	4	40	10	left	left	1	13	15.854	820
21	7	4	40	10	left	left	1	11	15.896	692
21	8	4	40	10	right	right	1	11	16.012	687
21	9	4	40	10	left	left	1	15	15.974	939
21	10	4	40	10	right	right	1	11	15.493	710
21	11	4	40	10	right	right	1	10	15.552	643
21	12	4	40	10	left	left	1	10	15.674	638
21	13	4	40	10	right	right	1	14	15.184	922
21	14	4	40	10	right	right	1	17	15.918	1068
21	15	4	40	10	right	right	1	12	15.584	770
21	16	4	40	10	right	right	1	12	15.789	760
21	17	4	40	10	left	left	1	13	16.27	799
21	18	4	40	10	left	left	1	10	15.674	638
21	19	4	40	10	right	right	1	12	15.605	769
21	20	4	40	10	left	left	1	11	15.988	688
21	21	4	40	10	left	left	1	10	15.723	636
21	22	4	40	10	right	right	1	11	15.131	727
21	23	4	40	10	right	right	1	11	15.172	725
21	24	4	40	10	right	right	1	11	15.068	730
21	25	4	40	10	left	left	1	14	15.927	879
21	26	4	40	10	right	right	1	11	15.257	721
21	27	4	40	10	left	left	1	10	15.291	654
21	28	4	40	10	left	left	1	10	15.038	665
21	29	4	40	10	left	left	1	10	16.313	613
21	30	4	40	10	left	left	1	11	15.827	695
21	31	4	40	10	left	left	1	10	15.528	644
21	32	4	40	10	right	left	0	17	15.992	1063
21	33	4	40	10	left	left	1	14	15.73	890
21	34	4	40	10	left	left	1	10	15.723	636
21	35	4	40	10	left	left	1	13	15.513	838
21	36	4	40	10	left	left	1	11	16.035	686
21	37	4	40	10	right	right	1	18	15.571	1156
21	38	4	40	10	left	left	1	11	15.214	723
21	39	4	40	10	right	right	1	23	15.614	1473
21	40	4	40	10	right	right	1	12	15.936	753
22	1	4	40	10	left	left	1	11	15.235	722
22	2	4	40	10	left	left	1	14	15.102	927
22	3	4	40	10	right	right	1	11	15.942	690
22	4	4	40	10	left	left	1	12	16	750
22	5	4	40	10	right	right	1	12	15.228	788
22	6	4	40	10	right	right	1	18	15.164	1187
22	7	4	40	10	left	left	1	15	15.957	940
22	8	4	40	10	right	right	1	12	16.151	743
22	9	4	40	10	left	left	1	12	15.365	781
22	10	4	40	10	left	left	1	13	16.189	803
22	11	4	40	10	left	left	1	13	15.719	827
22	12	4	40	10	left	left	1	14	15.573	899
22	13	4	40	10	right	right	1	25	15.281	1636
22	14	4	40	10	left	left	1	11	16.345	673
22	15	4	40	10	right	left	0	12	15.524	773
22	16	4	40	10	left	left	1	9	15.411	584
22	17	4	40	10	left	left	1	11	15.406	714
22	18	4	40	10	left	left	1	11	15.32	718
22	19	4	40	10	left	left	1	13	15.7	828
22	20	4	40	10	right	left	0	13	16.01	812
22	21	4	40	10	right	right	1	10	15.408	649
22	22	4	40	10	left	left	1	12	16.043	748
22	23	4	40	10	left	left	1	21	15.789	1330
22	24	4	40	10	right	right	1	12	15.171	791
22	25	4	40	10	right	right	1	15	15.03	998
22	26	4	40	10	left	left	1	12	15.287	785
22	27	4	40	10	right	right	1	13	15.046	864
22	28	4	40	10	left	left	1	14	15.436	907
22	29	4	40	10	right	right	1	14	15.038	931
22	30	4	40	10	right	right	1	13	15.099	861
22	31	4	40	10	right	right	1	17	15.426	1102
22	32	4	40	10	right	right	1	18	15.776	1141
22	33	4	40	10	left	left	1	13	16.149	805
22	34	4	40	10	right	right	1	18	16.014	1124
22	35	4	40	10	left	left	1	14	15.419	908
22	36	4	40	10	right	right	1	12	15.19	790
22	37	4	40	10	right	right	1	13	15.532	837
22	38	4	40	10	right	right	1	13	15.385	845
22	39	4	40	10	left	left	1	12	15.666	766
22	40	4	40	10	right	right	1	13	15.854	820
23	1	4	40	10	left	left	1	12	15.625	768
23	2	4	40	10	left	left	1	13	15.064	863
23	3	4	40	10	left	left	1	13	16.109	807
23	4	4	40	10	left	left	1	12	16.151	743
23	5	4	40	10	right	right	1	14	15.695	892
23	6	4	40	10	right	right	1	14	15.385	910
23	7	4	40	10	left	left	1	15	15.89	944
23	8	4	40	10	right	right	1	14	15.59	898
23	9	4	40	10	left	left	1	11	15.214	723
23	10	4	40	10	right	right	1	14	15.334	913
23	11	4	40	10	left	left	1	14	15.713	891
23	12	4	40	10	right	right	1	13	15.116	860
23	13	4	40	10	right	right	1	14	15.677	893
23	14	4	40	10	left	left	1	14	15.234	919
23	15	4	40	10	right	right	1	13	14.891	873
23	16	4	40	10	left	left	1	14	15.436	907
23	17	4	40	10	right	right	1	14	15.021	932
23	18	4	40	10	right	right	1	13	15.064	863
23	19	4	40	10	left	left	1	14	15.909	880
23	20	4	40	10	right	right	1	12	15.132	793
23	21	4	40	10	right	right	1	12	15.957	752
23	22	4	40	10	left	left	1	13	14.943	870
23	23	4	40	10	left	left	1	11	15.805	696
23	24	4	40	10	left	left	1	12	15.707	764
23	25	4	40	10	right	right	1	15	15.593	962
23	26	4	40	10	right	right	1	11	15.32	718
23	27	4	40	10	right	right	1	10	15.552	643
23	28	4	40	10	right	right	1	17	15.654	1086
23	29	4	40	10	left	left	1	18	15.241	1181
23	30	4	40	10	right	right	1	13	15.834	821
23	31	4	40	10	right	right	1	13	15.532	837
23	32	4	40	10	left	left	1	12	16.194	741
23	33	4	40	10	right	right	1	11	15.048	731
23	34	4	40	10	right	right	1	20	15.152	1320
23	35	4	40	10	left	left	1	14	15.819	885
23	36	4	40	10	right	right	1	13	15.663	830
23	37	4	40	10	left	left	1	14	15.385	910
23	38	4	40	10	left	left	1	14	15.927	879
23	39	4	40	10	left	left	1	25	15.694	1593
23	40	4	40	10	left	left	1	14	15.837	884
24	1	4	40	10	left	left	1	17	15.469	1099
24	2	4	40	10	right	right	1	13	15.588	834
24	3	4	40	10	left	left	1	11	15.068	730
24	4	4	40	10	right	right	1	13	15.777	824
24	5	4	40	10	left	left	1	12	15.625	768
24	6	4	40	10	left	left	1	13	15.815	822
24	7	4	40	10	right	right	1	13	16.129	806
24	8	4	40	10	right	right	1	11	15.515	709
24	9	4	40	10	right	left	0	12	15.113	794
24	10	4	40	10	left	left	1	10	14.925	670
24	11	4	40	10	left	left	1	12	15.424	778
24	12	4	40	10	right	right	1	16	15.857	1009
24	13	4	40	10	right	right	1	18	15.139	1189
24	14	4	40	10	right	right	1	16	15.414	1038
24	15	4	40	10	left	left	1	14	15.982	876
24	16	4	40	10	left	left	1	12	15.365	781
24	17	4	40	10	right	right	1	14	15.419	908
24	18	4	40	10	right	right	1	19	15.249	1246
24	19	4	40	10	left	left	1	21	15.544	1351
24	20	4	40	10	left	left	1	14	15.677	893
24	21	4	40	10	right	right	1	14	15.251	918
24	22	4	40	10	right	right	1	13	15.312	849
24	23	4	40	10	right	right	1	16	15.137	1057
24	24	4	40	10	left	left	1	14	15.784	887
24	25	4	40	10	left	left	1	13	14.891	873
24	26	4	40	10	left	left	1	14	16.018	874
24	27	4	40	10	left	left	1	12	15.404	779
24	28	4	40	10	right	right	1	17	15.26	1114
24	29	4	40	10	right	right	1	13	15.606	833
24	30	4	40	10	right	right	1	18	15.088	1193
24	31	4	40	10	left	left	1	14	15.59	898
24	32	4	40	10	right	right	1	13	15.854	820
24	33	4	40	10	right	right	1	14	15.284	916
24	34	4	40	10	left	left	1	13	16.291	798
24	35	4	40	10	left	left	1	13	15.99	813
24	36	4	40	10	left	left	1	14	15.267	917
24	37	4	40	10	left	left	1	18	15.639	1151
24	38	4	40	10	left	left	1	24	15.474	1551
24	39	4	40	10	right	right	1	14	15.873	882
24	40	4	40	10	right	right	1	14	15.59	898
