
blkNum	trlNum	coherentDots	numberofDots	percentCoherence	winningDirection	response	correct	eventCount	averageFrameRate	RT
1	1	4	40	10	left	right	0	47	15.445	3043
1	2	4	40	10	left	left	1	30	15.432	1944
1	3	4	40	10	left	left	1	22	15.581	1412
1	4	4	40	10	left	left	1	20	15.492	1291
1	5	4	40	10	left	left	1	18	15.762	1142
1	6	4	40	10	left	left	1	23	15.829	1453
1	7	4	40	10	left	left	1	19	15.261	1245
1	8	4	40	10	right	right	1	31	15.508	1999
1	9	4	40	10	left	left	1	16	15.094	1060
1	10	4	40	10	left	left	1	49	15.462	3169
1	11	4	40	10	left	left	1	27	15.437	1749
1	12	4	40	10	left	left	1	16	15.34	1043
1	13	4	40	10	right	right	1	31	15.625	1984
1	14	4	40	10	left	left	1	24	15.104	1589
1	15	4	40	10	right	right	1	57	15.389	3704
1	16	4	40	10	right	right	1	28	15.478	1809
1	17	4	40	10	right	right	1	25	15.605	1602
1	18	4	40	10	left	left	1	19	15.46	1229
1	19	4	40	10	right	right	1	18	15.639	1151
1	20	4	40	10	right	right	1	19	15.335	1239
1	21	4	40	10	right	right	1	18	15.293	1177
1	22	4	40	10	left	left	1	32	15.202	2105
1	23	4	40	10	left	left	1	19	15.115	1257
1	24	4	40	10	left	left	1	18	15.693	1147
1	25	4	40	10	left	right	0	72	15.219	4731
1	26	4	40	10	right	right	1	22	15.235	1444
1	27	4	40	10	right	right	1	44	15.395	2858
2	1	4	40	10	left	left	1	19	15.886	1196
2	2	4	40	10	left	left	1	13	15.682	829
2	3	4	40	10	right	right	1	14	16.11	869
2	4	4	40	10	left	left	1	14	15.402	909
2	5	4	40	10	right	right	1	15	15.259	983
2	6	4	40	10	right	right	1	20	15.314	1306
2	7	4	40	10	right	right	1	13	16.129	806
2	8	4	40	10	right	right	1	12	15.365	781
2	9	4	40	10	right	right	1	13	16.03	811
2	10	4	40	10	left	left	1	12	16.26	738
2	11	4	40	10	left	left	1	15	15.641	959
2	12	4	40	10	left	left	1	13	16.209	802
2	13	4	40	10	left	left	1	19	15.82	1201
2	14	4	40	10	left	left	1	12	15.424	778
2	15	4	40	10	left	left	1	13	15.625	832
2	16	4	40	10	left	left	1	15	16.164	928
2	17	4	40	10	left	left	1	62	15.339	4042
2	18	4	40	10	right	right	1	14	16.129	868
2	19	4	40	10	right	right	1	14	15.402	909
2	20	4	40	10	right	right	1	11	16.616	662
2	21	4	40	10	left	left	1	28	15.402	1818
2	22	4	40	10	left	left	1	15	15.091	994
2	23	4	40	10	left	left	1	16	15.414	1038
2	24	4	40	10	left	left	1	14	16.298	859
2	25	4	40	10	left	left	1	13	15.276	851
2	26	4	40	10	left	left	1	65	15.237	4266
2	27	4	40	10	right	right	1	12	15.267	786
2	28	4	40	10	left	left	1	11	16.743	657
2	29	4	40	10	right	right	1	9	15.517	580
2	30	4	40	10	left	left	1	10	15.314	653
2	31	4	40	10	right	right	1	13	16.089	808
2	32	4	40	10	right	right	1	20	15.175	1318
2	33	4	40	10	right	right	1	14	16.018	874
2	34	4	40	10	right	right	1	11	16.105	683
2	35	4	40	10	left	left	1	13	16.27	799
2	36	4	40	10	right	right	1	10	16.502	606
2	37	4	40	10	right	right	1	11	15.131	727
2	38	4	40	10	right	right	1	11	15.537	708
2	39	4	40	10	right	right	1	19	15.115	1257
2	40	4	40	10	left	left	1	11	15.737	699
2	41	4	40	10	left	right	0	7	15.945	439
2	42	4	40	10	right	right	1	20	15.81	1265
3	1	4	40	10	right	right	1	12	15.625	768
3	2	4	40	10	left	left	1	10	15.106	662
3	3	4	40	10	left	right	0	8	15.123	529
3	4	4	40	10	right	right	1	20	15.456	1294
3	5	4	40	10	right	right	1	13	15.495	839
3	6	4	40	10	right	left	0	11	15.493	710
3	7	4	40	10	left	left	1	28	15.704	1783
3	8	4	40	10	right	right	1	17	15.858	1072
3	9	4	40	10	right	right	1	24	15.335	1565
3	10	4	40	10	right	right	1	16	15.519	1031
3	11	4	40	10	left	left	1	10	16.556	604
3	12	4	40	10	left	right	0	19	15.86	1198
3	13	4	40	10	right	right	1	21	15.683	1339
3	14	4	40	10	left	left	1	14	15.086	928
3	15	4	40	10	left	left	1	15	16.251	923
3	16	4	40	10	left	left	1	37	15.34	2412
3	17	4	40	10	left	right	0	23	15.092	1524
3	18	4	40	10	right	right	1	15	16.129	930
3	19	4	40	10	right	right	1	12	15.707	764
3	20	4	40	10	left	left	1	21	15.34	1369
3	21	4	40	10	right	right	1	16	15.64	1023
3	22	4	40	10	left	left	1	11	15.214	723
3	23	4	40	10	right	right	1	11	15.11	728
3	24	4	40	10	left	left	1	14	15.964	877
3	25	4	40	10	right	right	1	17	15.539	1094
3	26	4	40	10	right	right	1	30	15.213	1972
3	27	4	40	10	right	left	0	16	15.489	1033
3	28	4	40	10	right	right	1	11	15.257	721
3	29	4	40	10	right	right	1	13	15.951	815
3	30	4	40	10	right	right	1	11	16.035	686
3	31	4	40	10	right	right	1	10	16.611	602
3	32	4	40	10	left	left	1	11	15.048	731
3	33	4	40	10	right	right	1	8	16.393	488
3	34	4	40	10	right	right	1	19	15.536	1223
3	35	4	40	10	right	right	1	24	15.219	1577
3	36	4	40	10	left	left	1	12	15.894	755
3	37	4	40	10	left	left	1	25	15.461	1617
3	38	4	40	10	right	right	1	12	15.873	756
3	39	4	40	10	left	left	1	10	15.015	666
3	40	4	40	10	left	left	1	27	15.652	1725
4	1	4	40	10	right	right	1	11	15.089	729
4	2	4	40	10	left	left	1	10	15.314	653
4	3	4	40	10	right	right	1	10	16.447	608
4	4	4	40	10	right	right	1	12	16.086	746
4	5	4	40	10	right	right	1	13	16.089	808
4	6	4	40	10	left	left	1	10	15.291	654
4	7	4	40	10	left	right	0	27	15.402	1753
4	8	4	40	10	left	left	1	18	15.887	1133
4	9	4	40	10	left	left	1	12	15.544	772
4	10	4	40	10	left	left	1	12	16.26	738
4	11	4	40	10	right	right	1	19	15.742	1207
4	12	4	40	10	right	right	1	12	15.444	777
4	13	4	40	10	right	right	1	32	15.451	2071
4	14	4	40	10	right	right	1	15	15.674	957
4	15	4	40	10	right	right	1	11	16.369	672
4	16	4	40	10	left	left	1	11	15.919	691
4	17	4	40	10	left	left	1	24	15.8	1519
4	18	4	40	10	right	right	1	11	15.278	720
4	19	4	40	10	right	right	1	12	16.349	734
4	20	4	40	10	left	left	1	9	15.762	571
4	21	4	40	10	right	right	1	9	15.762	571
4	22	4	40	10	right	right	1	11	15.537	708
4	23	4	40	10	left	left	1	8	16.632	481
4	24	4	40	10	right	right	1	9	16.1	559
4	25	4	40	10	left	left	1	10	15.267	655
4	26	4	40	10	right	right	1	11	15.737	699
4	27	4	40	10	right	right	1	9	15.228	591
4	28	4	40	10	right	right	1	9	15.625	576
4	29	4	40	10	left	left	1	10	15.408	649
4	30	4	40	10	right	right	1	8	15.534	515
4	31	4	40	10	right	right	1	10	16.155	619
4	32	4	40	10	left	left	1	10	16.103	621
4	33	4	40	10	right	right	1	15	15.773	951
4	34	4	40	10	right	right	1	10	15.038	665
4	35	4	40	10	right	right	1	9	15.306	588
4	36	4	40	10	right	right	1	8	16.227	493
4	37	4	40	10	left	left	1	11	16.082	684
4	38	4	40	10	right	right	1	8	15.625	512
4	39	4	40	10	right	right	1	8	15.656	511
4	40	4	40	10	left	left	1	10	16.502	606
4	41	4	40	10	right	right	1	9	16.304	552
4	42	4	40	10	right	right	1	12	15.957	752
4	43	4	40	10	left	right	0	9	15.679	574
4	44	4	40	10	left	left	1	27	15.598	1731
4	45	4	40	10	right	right	1	9	15.598	577
4	46	4	40	10	right	right	1	11	15.385	715
4	47	4	40	10	right	right	1	9	15.901	566
4	48	4	40	10	right	left	0	9	15.228	591
4	49	4	40	10	right	right	1	11	15.714	700
4	50	4	40	10	left	left	1	11	16.369	672
4	51	4	40	10	left	right	0	9	15.734	572
5	1	4	40	10	left	left	1	27	15.661	1724
5	2	4	40	10	left	left	1	15	15.48	969
5	3	4	40	10	left	left	1	10	16.75	597
5	4	4	40	10	left	left	1	34	15.192	2238
5	5	4	40	10	left	left	1	10	15.385	650
5	6	4	40	10	right	right	1	9	16.158	557
5	7	4	40	10	right	right	1	11	16.641	661
5	8	4	40	10	left	left	1	11	15.988	688
5	9	4	40	10	right	right	1	9	16.667	540
5	10	4	40	10	left	left	1	13	15.55	836
5	11	4	40	10	left	right	0	8	16.26	492
5	12	4	40	10	right	right	1	11	10.397	1058
5	13	4	40	10	left	left	1	12	15.625	768
5	14	4	40	10	right	right	1	9	16.636	541
5	15	4	40	10	left	left	1	8	15.209	526
5	16	4	40	10	left	left	1	11	16.058	685
5	17	4	40	10	left	left	1	14	15.608	897
5	18	4	40	10	right	right	1	8	16.327	490
5	19	4	40	10	left	left	1	8	16.913	473
5	20	4	40	10	left	left	1	10	16.474	607
5	21	4	40	10	right	right	1	9	15.625	576
5	22	4	40	10	left	left	1	8	15.842	505
5	23	4	40	10	right	right	1	9	16.275	553
5	24	4	40	10	left	left	1	9	15.598	577
5	25	4	40	10	right	right	1	8	16.064	498
5	26	4	40	10	right	left	0	9	16.275	553
5	27	4	40	10	left	left	1	10	16.722	598
5	28	4	40	10	left	left	1	10	15.432	648
5	29	4	40	10	right	right	1	9	15.986	563
5	30	4	40	10	right	left	0	7	15.801	443
5	31	4	40	10	right	right	1	15	15.152	990
5	32	4	40	10	right	right	1	10	16.639	601
5	33	4	40	10	right	right	1	7	15.251	459
5	34	4	40	10	left	right	0	7	15.317	457
5	35	4	40	10	right	right	1	9	16.245	554
5	36	4	40	10	right	right	1	11	16.272	676
5	37	4	40	10	right	right	1	7	15.419	454
5	38	4	40	10	left	left	1	10	16.779	596
5	39	4	40	10	right	right	1	8	15.209	526
5	40	4	40	10	right	right	1	8	15.474	517
5	41	4	40	10	right	right	1	7	16.317	429
5	42	4	40	10	right	right	1	11	16.32	674
5	43	4	40	10	left	left	1	11	15.32	718
5	44	4	40	10	right	right	1	7	16.706	419
5	45	4	40	10	right	right	1	13	15.796	823
5	46	4	40	10	left	left	1	9	16.1	559
5	47	4	40	10	left	left	1	9	15.652	575
5	48	4	40	10	right	right	1	9	16.791	536
5	49	4	40	10	left	left	1	8	16.667	480
5	50	4	40	10	left	left	1	10	15.291	654
5	51	4	40	10	left	left	1	9	16.275	553
5	52	4	40	10	left	left	1	8	15.123	529
5	53	4	40	10	left	left	1	9	16.76	537
5	54	4	40	10	left	left	1	8	15.123	529
6	1	4	40	10	left	left	1	12	16.064	747
6	2	4	40	10	left	left	1	8	15.152	528
6	3	4	40	10	right	right	1	8	16.701	479
6	4	4	40	10	right	right	1	7	16.588	422
6	5	4	40	10	left	left	1	7	15.251	459
6	6	4	40	10	left	left	1	11	15.965	689
6	7	4	40	10	right	right	1	7	15.184	461
6	8	4	40	10	right	right	1	6	14.888	403
6	9	4	40	10	left	right	0	7	15.945	439
6	10	4	40	10	left	left	1	7	15.556	450
6	11	4	40	10	right	right	1	7	15.66	447
6	12	4	40	10	left	left	1	9	16.917	532
6	13	4	40	10	left	left	1	10	15.552	643
6	14	4	40	10	right	left	0	8	16.701	479
6	15	4	40	10	left	left	1	9	16.275	553
6	16	4	40	10	left	left	1	7	15.054	465
6	17	4	40	10	right	right	1	8	15.656	511
6	18	4	40	10	right	right	1	9	15.652	575
6	19	4	40	10	right	right	1	10	15.456	647
6	20	4	40	10	left	right	0	7	17.413	402
6	21	4	40	10	left	left	1	7	15.217	460
6	22	4	40	10	right	right	1	8	16.327	490
6	23	4	40	10	right	right	1	9	15.411	584
6	24	4	40	10	left	left	1	8	15.326	522
6	25	4	40	10	right	right	1	8	16.632	481
6	26	4	40	10	right	right	1	8	15.385	520
6	27	4	40	10	left	left	1	10	16.694	599
6	28	4	40	10	right	right	1	7	16.471	425
6	29	4	40	10	left	left	1	8	16.736	478
6	30	4	40	10	right	right	1	7	16.055	436
6	31	4	40	10	left	left	1	7	17.073	410
6	32	4	40	10	right	right	1	6	16.349	367
6	33	4	40	10	right	left	0	6	16.216	370
6	34	4	40	10	right	right	1	11	15.048	731
6	35	4	40	10	left	left	1	10	16.447	608
6	36	4	40	10	left	left	1	14	16.185	865
6	37	4	40	10	left	left	1	9	16.514	545
6	38	4	40	10	right	right	1	10	16.42	609
6	39	4	40	10	right	left	0	10	16.584	603
6	40	4	40	10	right	right	1	13	16.069	809
6	41	4	40	10	right	right	1	10	15.625	640
6	42	4	40	10	right	left	0	8	16.032	499
6	43	4	40	10	right	right	1	14	15.784	887
6	44	4	40	10	left	left	1	9	15.625	576
6	45	4	40	10	left	right	0	11	15.625	704
6	46	4	40	10	right	right	1	11	15.965	689
6	47	4	40	10	left	left	1	9	15.491	581
6	48	4	40	10	left	left	1	16	15.18	1054
6	49	4	40	10	right	right	1	11	16.296	675
6	50	4	40	10	right	right	1	13	16.291	798
6	51	4	40	10	right	right	1	8	17.021	470
6	52	4	40	10	left	right	0	7	15.217	460
6	53	4	40	10	left	left	1	12	15.209	789
6	54	4	40	10	right	right	1	8	15.748	508
6	55	4	40	10	right	right	1	8	16.293	491
6	56	4	40	10	right	left	0	9	16.453	547
6	57	4	40	10	right	right	1	14	15.927	879
6	58	4	40	10	right	right	1	8	15.152	528
7	1	4	40	10	left	right	0	14	15.748	889
7	2	4	40	10	right	right	1	7	15.086	464
7	3	4	40	10	left	left	1	7	16.279	430
7	4	4	40	10	right	right	1	7	14.989	467
7	5	4	40	10	left	left	1	7	15.59	449
7	6	4	40	10	left	left	1	9	15.901	566
7	7	4	40	10	left	left	1	11	15.827	695
7	8	4	40	10	right	right	1	8	15.326	522
7	9	4	40	10	right	right	1	8	16.878	474
7	10	4	40	10	left	left	1	11	16.153	681
7	11	4	40	10	right	right	1	10	15.748	635
7	12	4	40	10	right	right	1	9	15.901	566
7	13	4	40	10	right	right	1	8	16.162	495
7	14	4	40	10	left	left	1	7	15.152	462
7	15	4	40	10	left	left	1	11	15.363	716
7	16	4	40	10	left	left	1	15	16.026	936
7	17	4	40	10	right	right	1	7	15.284	458
7	18	4	40	10	right	right	1	11	15.449	712
7	19	4	40	10	right	right	1	8	17.058	469
7	20	4	40	10	left	left	1	8	15.534	515
7	21	4	40	10	right	right	1	7	14.989	467
7	22	4	40	10	right	right	1	9	16.514	545
7	23	4	40	10	left	left	1	11	16.153	681
7	24	4	40	10	right	right	1	7	15.766	444
7	25	4	40	10	right	right	1	8	16.598	482
7	26	4	40	10	right	right	1	8	15.842	505
7	27	4	40	10	right	right	1	8	16.667	480
7	28	4	40	10	right	right	1	16	15.414	1038
7	29	4	40	10	right	right	1	13	15.421	843
7	30	4	40	10	right	right	1	7	17.073	410
7	31	4	40	10	left	right	0	6	17.91	335
7	32	4	40	10	right	right	1	12	15.326	783
7	33	4	40	10	left	left	1	9	15.464	582
7	34	4	40	10	right	right	1	9	15.652	575
7	35	4	40	10	left	left	1	10	16.051	623
7	36	4	40	10	right	right	1	8	16.598	482
7	37	4	40	10	right	right	1	8	16.129	496
7	38	4	40	10	left	left	1	12	15.326	783
7	39	4	40	10	left	right	0	10	16.529	605
7	40	4	40	10	right	right	1	8	15.748	508
7	41	4	40	10	left	left	1	12	16.064	747
7	42	4	40	10	left	left	1	9	15.203	592
7	43	4	40	10	right	right	1	8	16.949	472
7	44	4	40	10	right	right	1	8	15.18	527
7	45	4	40	10	right	right	1	8	16.461	486
7	46	4	40	10	right	right	1	8	16.495	485
7	47	4	40	10	left	left	1	10	16.556	604
7	48	4	40	10	left	right	0	8	15.968	501
7	49	4	40	10	left	left	1	9	16.304	552
7	50	4	40	10	right	right	1	9	16.043	561
7	51	4	40	10	left	right	0	7	15.556	450
7	52	4	40	10	left	left	1	9	16.423	548
7	53	4	40	10	right	right	1	10	15.924	628
7	54	4	40	10	left	left	1	8	16.985	471
7	55	4	40	10	right	right	1	8	15.717	509
7	56	4	40	10	right	left	0	8	16	500
7	57	4	40	10	right	right	1	12	16.129	744
7	58	4	40	10	left	left	1	10	15.48	646
7	59	4	40	10	right	left	0	8	15.842	505
8	1	4	40	10	left	left	1	27	15.661	1724
8	2	4	40	10	left	left	1	12	15.748	762
8	3	4	40	10	left	left	1	8	16.949	472
8	4	4	40	10	left	left	1	10	16.502	606
8	5	4	40	10	right	right	1	9	16.304	552
8	6	4	40	10	right	right	1	7	15.909	440
8	7	4	40	10	right	right	1	7	15.419	454
8	8	4	40	10	right	right	1	7	15.217	460
8	9	4	40	10	right	right	1	7	15.837	442
8	10	4	40	10	left	left	1	7	15.351	456
8	11	4	40	10	left	left	1	9	15.707	573
8	12	4	40	10	left	left	1	9	16.364	550
8	13	4	40	10	right	right	1	9	16.854	534
8	14	4	40	10	left	left	1	12	15.666	766
8	15	4	40	10	right	right	1	9	15.28	589
8	16	4	40	10	left	left	1	10	15.699	637
8	17	4	40	10	left	left	1	9	16.071	560
8	18	4	40	10	right	right	1	8	16.393	488
8	19	4	40	10	left	left	1	9	15.652	575
8	20	4	40	10	right	right	1	8	16.985	471
8	21	4	40	10	right	right	1	9	16.636	541
8	22	4	40	10	right	right	1	7	16.317	429
8	23	4	40	10	left	left	1	8	15.094	530
8	24	4	40	10	left	right	0	8	15.094	530
8	25	4	40	10	left	left	1	10	16.26	615
8	26	4	40	10	right	right	1	9	16.544	544
8	27	4	40	10	right	left	0	8	15.842	505
8	28	4	40	10	right	right	1	9	15.491	581
8	29	4	40	10	left	left	1	9	16.364	550
8	30	4	40	10	right	right	1	10	16.722	598
8	31	4	40	10	right	right	1	16	15.504	1032
8	32	4	40	10	right	right	1	10	16.103	621
8	33	4	40	10	right	right	1	9	16.334	551
8	34	4	40	10	left	left	1	15	15.259	983
8	35	4	40	10	left	left	1	10	16.807	595
8	36	4	40	10	left	left	1	8	15.504	516
8	37	4	40	10	left	left	1	11	16.082	684
8	38	4	40	10	left	left	1	8	15.385	520
8	39	4	40	10	right	right	1	9	15.437	583
8	40	4	40	10	left	left	1	19	15.323	1240
8	41	4	40	10	right	right	1	8	15.81	506
8	42	4	40	10	right	right	1	8	15.81	506
8	43	4	40	10	right	right	1	14	15.334	913
8	44	4	40	10	left	left	1	10	15.773	634
8	45	4	40	10	right	right	1	9	15.929	565
8	46	4	40	10	left	left	1	7	15.152	462
8	47	4	40	10	left	left	1	11	15.363	716
8	48	4	40	10	left	left	1	8	16.129	496
8	49	4	40	10	left	left	1	10	16.694	599
8	50	4	40	10	left	left	1	8	16.913	473
8	51	4	40	10	right	right	1	16	15.764	1015
8	52	4	40	10	left	left	1	13	16.189	803
8	53	4	40	10	right	right	1	9	16.014	562
8	54	4	40	10	right	right	1	8	15.066	531
8	55	4	40	10	left	left	1	9	16.698	539
8	56	4	40	10	left	left	1	11	15.048	731
8	57	4	40	10	right	right	1	12	15.464	776
8	58	4	40	10	right	right	1	9	15.707	573
9	1	4	40	10	left	left	1	11	15.027	732
9	2	4	40	10	right	right	1	10	15.601	641
9	3	4	40	10	right	right	1	7	15.521	451
9	4	4	40	10	right	right	1	8	16.097	497
9	5	4	40	10	left	left	1	7	15.086	464
9	6	4	40	10	left	left	1	8	16.461	486
9	7	4	40	10	right	right	1	10	16.529	605
9	8	4	40	10	right	right	1	7	16.588	422
9	9	4	40	10	right	right	1	7	16.393	427
9	10	4	40	10	left	left	1	9	15.177	593
9	11	4	40	10	left	right	0	7	15.284	458
9	12	4	40	10	left	left	1	7	16.055	436
9	13	4	40	10	right	right	1	7	17.157	408
9	14	4	40	10	left	left	1	7	15.184	461
9	15	4	40	10	left	left	1	8	16.293	491
9	16	4	40	10	right	right	1	8	16.327	490
9	17	4	40	10	left	right	0	7	16.471	425
9	18	4	40	10	right	right	1	9	16.698	539
9	19	4	40	10	right	right	1	10	16.181	618
9	20	4	40	10	left	left	1	9	15.28	589
9	21	4	40	10	left	left	1	13	15.682	829
9	22	4	40	10	left	left	1	11	15.172	725
9	23	4	40	10	right	right	1	11	15.235	722
9	24	4	40	10	right	right	1	9	15.437	583
9	25	4	40	10	left	left	1	7	15.351	456
9	26	4	40	10	right	right	1	7	17.588	398
9	27	4	40	10	left	left	1	6	15.228	394
9	28	4	40	10	right	right	1	10	16.077	622
9	29	4	40	10	left	left	1	8	15.873	504
9	30	4	40	10	right	right	1	7	15.909	440
9	31	4	40	10	right	right	1	10	16.103	621
9	32	4	40	10	right	right	1	8	16.985	471
9	33	4	40	10	left	left	1	10	16.75	597
9	34	4	40	10	left	left	1	9	16.822	535
9	35	4	40	10	right	right	1	11	15.471	711
9	36	4	40	10	right	right	1	10	15.949	627
9	37	4	40	10	right	right	1	8	15.717	509
9	38	4	40	10	right	left	0	9	15.491	581
9	39	4	40	10	left	left	1	11	15.942	690
9	40	4	40	10	left	left	1	9	16.605	542
9	41	4	40	10	left	left	1	7	17.199	407
9	42	4	40	10	right	right	1	8	16.032	499
9	43	4	40	10	right	right	1	10	15.974	626
9	44	4	40	10	right	right	1	7	16.627	421
9	45	4	40	10	right	right	1	9	16.514	545
9	46	4	40	10	right	right	1	7	16.166	433
9	47	4	40	10	right	right	1	8	16.985	471
9	48	4	40	10	right	right	1	7	16.949	413
9	49	4	40	10	right	right	1	7	15.837	442
9	50	4	40	10	right	right	1	7	15.385	455
9	51	4	40	10	right	right	1	6	16.76	358
9	52	4	40	10	left	left	1	10	15.038	665
9	53	4	40	10	left	left	1	12	15.544	772
9	54	4	40	10	left	left	1	7	16.471	425
9	55	4	40	10	right	right	1	9	16.822	535
9	56	4	40	10	left	left	1	8	16.461	486
9	57	4	40	10	right	right	1	5	16.611	301
9	58	4	40	10	right	left	0	7	16.241	431
9	59	4	40	10	right	right	1	14	15.47	905
9	60	4	40	10	left	left	1	9	16.917	532
9	61	4	40	10	right	right	1	7	15.284	458
9	62	4	40	10	right	left	0	14	15.625	896
10	1	4	40	10	right	right	1	12	16.282	737
10	2	4	40	10	right	right	1	7	16.279	430
10	3	4	40	10	right	right	1	6	15.504	387
10	4	4	40	10	right	right	1	6	15.038	399
10	5	4	40	10	left	left	1	10	15.337	652
10	6	4	40	10	left	left	1	8	16.427	487
10	7	4	40	10	left	left	1	10	15.898	629
10	8	4	40	10	right	right	1	8	15.152	528
10	9	4	40	10	right	right	1	8	16.985	471
10	10	4	40	10	left	left	1	11	16.035	686
10	11	4	40	10	right	left	0	8	16.064	498
10	12	4	40	10	right	right	1	11	15.342	717
10	13	4	40	10	right	right	1	11	15.235	722
10	14	4	40	10	right	right	1	10	16.75	597
10	15	4	40	10	right	right	1	7	16.867	415
10	16	4	40	10	right	right	1	12	15.894	755
10	17	4	40	10	left	right	0	11	15.782	697
10	18	4	40	10	left	left	1	10	16.181	618
10	19	4	40	10	right	right	1	11	16.082	684
10	20	4	40	10	right	right	1	7	15.945	439
10	21	4	40	10	right	right	1	7	15.453	453
10	22	4	40	10	right	right	1	10	15.748	635
10	23	4	40	10	left	right	0	7	15.695	446
10	24	4	40	10	left	right	0	10	16.026	624
10	25	4	40	10	right	right	1	16	15.166	1055
10	26	4	40	10	left	left	1	10	16.556	604
10	27	4	40	10	right	right	1	9	16.854	534
10	28	4	40	10	left	left	1	10	15.291	654
10	29	4	40	10	right	right	1	8	15.385	520
10	30	4	40	10	left	left	1	11	16.176	680
10	31	4	40	10	left	left	1	11	15.714	700
10	32	4	40	10	left	left	1	11	15.449	712
10	33	4	40	10	right	right	1	11	16.467	668
10	34	4	40	10	left	right	0	10	16.474	607
10	35	4	40	10	left	left	1	23	15.743	1461
10	36	4	40	10	right	right	1	8	16.771	477
10	37	4	40	10	left	left	1	7	15.251	459
10	38	4	40	10	left	left	1	11	16.153	681
10	39	4	40	10	left	left	1	9	16.158	557
10	40	4	40	10	left	left	1	10	16.313	613
10	41	4	40	10	left	left	1	7	15.385	455
10	42	4	40	10	right	left	0	6	15.113	397
10	43	4	40	10	right	left	0	7	16.548	423
10	44	4	40	10	left	left	1	9	16.275	553
10	45	4	40	10	right	right	1	10	16.207	617
10	46	4	40	10	left	left	1	10	16.367	611
10	47	4	40	10	right	right	1	8	15.474	517
10	48	4	40	10	right	right	1	11	15.692	701
10	49	4	40	10	left	left	1	11	15.449	712
10	50	4	40	10	right	left	0	8	16.771	477
10	51	4	40	10	left	left	1	8	15.873	504
10	52	4	40	10	left	left	1	7	15.945	439
10	53	4	40	10	left	left	1	8	15.267	524
10	54	4	40	10	right	right	1	7	14.989	467
10	55	4	40	10	left	left	1	9	15.789	570
10	56	4	40	10	right	right	1	9	16.453	547
10	57	4	40	10	left	left	1	12	15.894	755
11	1	4	40	10	right	right	1	11	15.493	710
11	2	4	40	10	right	right	1	8	16.598	482
11	3	4	40	10	left	left	1	10	16	625
11	4	4	40	10	right	right	1	8	16.293	491
11	5	4	40	10	left	left	1	7	15.556	450
11	6	4	40	10	left	left	1	12	15.625	768
11	7	4	40	10	left	right	0	8	15.444	518
11	8	4	40	10	left	left	1	6	14.925	402
11	9	4	40	10	left	left	1	9	15.464	582
11	10	4	40	10	right	left	0	9	15.203	592
11	11	4	40	10	left	left	1	8	15.686	510
11	12	4	40	10	right	right	1	8	16.771	477
11	13	4	40	10	left	left	1	7	15.837	442
11	14	4	40	10	right	right	1	9	16.334	551
11	15	4	40	10	left	left	1	7	15.59	449
11	16	4	40	10	left	left	1	11	16.591	663
11	17	4	40	10	left	left	1	9	15.817	569
11	18	4	40	10	right	right	1	9	16.275	553
11	19	4	40	10	right	right	1	10	16.181	618
11	20	4	40	10	right	right	1	8	16.26	492
11	21	4	40	10	right	right	1	10	16.393	610
11	22	4	40	10	left	left	1	8	16.529	484
11	23	4	40	10	right	right	1	8	16.293	491
11	24	4	40	10	left	right	0	8	16.064	498
11	25	4	40	10	left	left	1	11	15.692	701
11	26	4	40	10	left	left	1	11	16.717	658
11	27	4	40	10	left	left	1	7	15.73	445
11	28	4	40	10	right	right	1	8	16.563	483
11	29	4	40	10	right	right	1	8	15.842	505
11	30	4	40	10	left	left	1	9	15.625	576
11	31	4	40	10	right	right	1	8	16.913	473
11	32	4	40	10	left	right	0	8	15.905	503
11	33	4	40	10	left	left	1	11	15.737	699
11	34	4	40	10	right	left	0	8	16.162	495
11	35	4	40	10	left	left	1	8	16.032	499
11	36	4	40	10	right	right	1	11	15.942	690
11	37	4	40	10	right	right	1	9	15.901	566
11	38	4	40	10	right	left	0	9	16.822	535
11	39	4	40	10	right	left	0	9	16.667	540
11	40	4	40	10	left	left	1	9	16.275	553
11	41	4	40	10	left	left	1	8	15.355	521
11	42	4	40	10	right	right	1	11	16.541	665
11	43	4	40	10	right	right	1	8	15.748	508
11	44	4	40	10	right	right	1	9	15.332	587
11	45	4	40	10	left	right	0	7	15.217	460
11	46	4	40	10	right	right	1	9	15.437	583
11	47	4	40	10	right	right	1	7	15.351	456
11	48	4	40	10	left	left	1	7	15.695	446
11	49	4	40	10	left	left	1	8	16.529	484
11	50	4	40	10	left	left	1	8	16.563	483
11	51	4	40	10	left	left	1	10	16.639	601
11	52	4	40	10	left	left	1	9	16.453	547
11	53	4	40	10	right	right	1	9	16.453	547
11	54	4	40	10	left	left	1	33	15.306	2156
11	55	4	40	10	left	left	1	10	16.556	604
11	56	4	40	10	right	right	1	12	16.173	742
11	57	4	40	10	left	left	1	21	15.498	1355
12	1	4	40	10	right	right	1	11	16.105	683
12	2	4	40	10	left	left	1	9	16.854	534
12	3	4	40	10	right	right	1	7	15.695	446
12	4	4	40	10	right	right	1	7	16.055	436
12	5	4	40	10	right	left	0	7	15.054	465
12	6	4	40	10	left	left	1	9	15.517	580
12	7	4	40	10	left	left	1	9	16.886	533
12	8	4	40	10	right	right	1	8	15.474	517
12	9	4	40	10	right	right	1	9	16.393	549
12	10	4	40	10	left	left	1	10	16.75	597
12	11	4	40	10	right	right	1	7	15.695	446
12	12	4	40	10	left	left	1	15	15.306	980
12	13	4	40	10	left	left	1	8	16.427	487
12	14	4	40	10	right	right	1	8	15.209	526
12	15	4	40	10	right	right	1	8	15.686	510
12	16	4	40	10	right	right	1	7	15.184	461
12	17	4	40	10	right	right	1	9	16.453	547
12	18	4	40	10	left	left	1	9	16.453	547
12	19	4	40	10	left	right	0	10	16.556	604
12	20	4	40	10	right	right	1	7	16.746	418
12	21	4	40	10	left	left	1	8	16.701	479
12	22	4	40	10	left	left	1	14	15.819	885
12	23	4	40	10	right	right	1	7	15.419	454
12	24	4	40	10	right	left	0	7	16.355	428
12	25	4	40	10	right	right	1	15	15.94	941
12	26	4	40	10	left	left	1	9	15.411	584
12	27	4	40	10	left	left	1	38	15.366	2473
12	28	4	40	10	right	right	1	12	15.584	770
12	29	4	40	10	right	left	0	7	16.827	416
12	30	4	40	10	right	right	1	10	15.385	650
12	31	4	40	10	right	right	1	8	16.529	484
12	32	4	40	10	right	right	1	10	16.155	619
12	33	4	40	10	left	right	0	9	16.886	533
12	34	4	40	10	left	left	1	23	15.604	1474
12	35	4	40	10	left	left	1	10	15.385	650
12	36	4	40	10	right	right	1	10	15.898	629
12	37	4	40	10	right	right	1	10	16.694	599
12	38	4	40	10	left	left	1	9	15.817	569
12	39	4	40	10	left	left	1	14	16.185	865
12	40	4	40	10	right	right	1	9	15.358	586
12	41	4	40	10	left	left	1	11	15.919	691
12	42	4	40	10	right	right	1	8	15.414	519
12	43	4	40	10	right	right	1	11	15.131	727
12	44	4	40	10	right	right	1	10	16.556	604
12	45	4	40	10	right	right	1	11	16.442	669
12	46	4	40	10	right	right	1	9	15.411	584
12	47	4	40	10	right	right	1	9	16.275	553
12	48	4	40	10	right	right	1	6	14.963	401
12	49	4	40	10	left	right	0	9	15.491	581
12	50	4	40	10	left	left	1	9	15.544	579
12	51	4	40	10	right	right	1	11	15.193	724
12	52	4	40	10	left	left	1	18	15.398	1169
12	53	4	40	10	right	right	1	9	16.791	536
12	54	4	40	10	right	right	1	13	15.33	848
12	55	4	40	10	left	left	1	9	15.598	577
13	1	4	40	10	right	right	1	14	15.504	903
13	2	4	40	10	right	right	1	6	14.963	401
13	3	4	40	10	left	right	0	6	17.192	349
13	4	4	40	10	right	right	1	9	16.158	557
13	5	4	40	10	left	right	0	7	15.73	445
13	6	4	40	10	left	left	1	10	15.432	648
13	7	4	40	10	right	right	1	9	16.729	538
13	8	4	40	10	right	right	1	7	15.837	442
13	9	4	40	10	left	left	1	9	15.652	575
13	10	4	40	10	right	right	1	7	17.157	408
13	11	4	40	10	right	right	1	8	16.227	493
13	12	4	40	10	right	right	1	8	16.563	483
13	13	4	40	10	left	right	0	7	15.284	458
13	14	4	40	10	right	right	1	11	16.641	661
13	15	4	40	10	right	right	1	8	15.152	528
13	16	4	40	10	right	right	1	7	15.086	464
13	17	4	40	10	right	right	1	7	15.695	446
13	18	4	40	10	left	left	1	9	16.917	532
13	19	4	40	10	right	left	0	9	15.306	588
13	20	4	40	10	right	right	1	12	15.424	778
13	21	4	40	10	right	right	1	8	15.385	520
13	22	4	40	10	right	right	1	11	15.67	702
13	23	4	40	10	right	right	1	9	15.332	587
13	24	4	40	10	right	right	1	8	16.807	476
13	25	4	40	10	left	left	1	11	15.406	714
13	26	4	40	10	left	left	1	11	16.591	663
13	27	4	40	10	left	left	1	10	16.835	594
13	28	4	40	10	right	right	1	9	16.667	540
13	29	4	40	10	left	right	0	8	16.032	499
13	30	4	40	10	left	left	1	11	15.11	728
13	31	4	40	10	right	right	1	18	15.358	1172
13	32	4	40	10	left	left	1	10	15.723	636
13	33	4	40	10	right	right	1	10	16.502	606
13	34	4	40	10	left	left	1	7	15.909	440
13	35	4	40	10	right	right	1	9	16.393	549
13	36	4	40	10	right	left	0	8	17.021	470
13	37	4	40	10	left	left	1	9	15.385	585
13	38	4	40	10	right	right	1	11	16.32	674
13	39	4	40	10	left	left	1	12	16	750
13	40	4	40	10	left	left	1	11	15.214	723
13	41	4	40	10	right	right	1	9	15.411	584
13	42	4	40	10	left	left	1	8	16.097	497
13	43	4	40	10	left	left	1	11	16.369	672
13	44	4	40	10	left	left	1	10	16.807	595
13	45	4	40	10	left	left	1	9	15.491	581
13	46	4	40	10	left	left	1	7	15.982	438
13	47	4	40	10	right	left	0	5	15.432	324
13	48	4	40	10	right	right	1	9	16.453	547
13	49	4	40	10	right	right	1	9	16.216	555
13	50	4	40	10	right	right	1	6	15.464	388
13	51	4	40	10	right	right	1	9	15.411	584
13	52	4	40	10	right	right	1	10	16	625
13	53	4	40	10	right	right	1	7	17.032	411
13	54	4	40	10	left	right	0	6	16.304	368
13	55	4	40	10	left	right	0	8	16.667	480
13	56	4	40	10	right	right	1	9	16.423	548
13	57	4	40	10	right	right	1	7	15.487	452
13	58	4	40	10	right	right	1	7	15.054	465
13	59	4	40	10	left	right	0	7	15.945	439
14	1	4	40	10	right	right	1	11	15.235	722
14	2	4	40	10	right	right	1	7	16.867	415
14	3	4	40	10	right	right	1	7	16.99	412
14	4	4	40	10	left	right	0	8	15.152	528
14	5	4	40	10	right	right	1	8	15.717	509
14	6	4	40	10	left	right	0	7	16.667	420
14	7	4	40	10	right	right	1	12	15.19	790
14	8	4	40	10	left	left	1	14	15.695	892
14	9	4	40	10	right	right	1	7	15.487	452
14	10	4	40	10	left	left	1	8	15.094	530
14	11	4	40	10	left	left	1	10	16.807	595
14	12	4	40	10	right	right	1	8	16	500
14	13	4	40	10	right	right	1	7	16.432	426
14	14	4	40	10	left	right	0	6	15	400
14	15	4	40	10	left	left	1	7	16.166	433
14	16	4	40	10	left	right	0	8	15.209	526
14	17	4	40	10	right	right	1	16	15.355	1042
14	18	4	40	10	left	left	1	8	15.905	503
14	19	4	40	10	right	right	1	8	15.656	511
14	20	4	40	10	right	right	1	8	15.686	510
14	21	4	40	10	left	right	0	8	15.474	517
14	22	4	40	10	left	left	1	9	16.514	545
14	23	4	40	10	left	left	1	10	16	625
14	24	4	40	10	right	right	1	8	16.563	483
14	25	4	40	10	left	left	1	10	16	625
14	26	4	40	10	right	right	1	8	15.534	515
14	27	4	40	10	left	left	1	8	15.534	515
14	28	4	40	10	right	right	1	7	15.021	466
14	29	4	40	10	left	left	1	10	16.26	615
14	30	4	40	10	right	right	1	11	15.406	714
14	31	4	40	10	right	right	1	9	16.886	533
14	32	4	40	10	left	left	1	10	16.103	621
14	33	4	40	10	right	right	1	6	15.345	391
14	34	4	40	10	right	left	0	7	15.251	459
14	35	4	40	10	left	left	1	9	16.605	542
14	36	4	40	10	right	right	1	9	16.364	550
14	37	4	40	10	left	left	1	9	16.636	541
14	38	4	40	10	right	right	1	8	16.194	494
14	39	4	40	10	left	left	1	9	16.886	533
14	40	4	40	10	left	right	0	8	16.227	493
14	41	4	40	10	left	left	1	13	15.625	832
14	42	4	40	10	right	right	1	9	15.203	592
14	43	4	40	10	right	right	1	11	16.541	665
14	44	4	40	10	right	right	1	10	15.337	652
14	45	4	40	10	left	left	1	9	15.873	567
14	46	4	40	10	right	right	1	10	16.051	623
14	47	4	40	10	left	left	1	9	15.817	569
14	48	4	40	10	left	left	1	13	15.588	834
14	49	4	40	10	right	right	1	9	16.014	562
14	50	4	40	10	right	right	1	10	15.385	650
14	51	4	40	10	left	left	1	9	15.491	581
14	52	4	40	10	right	right	1	10	16.502	606
14	53	4	40	10	left	left	1	11	16.176	680
14	54	4	40	10	right	right	1	9	15.332	587
14	55	4	40	10	right	right	1	17	15.441	1101
14	56	4	40	10	left	left	1	8	16.293	491
14	57	4	40	10	right	right	1	8	15.564	514
14	58	4	40	10	right	right	1	9	16.76	537
14	59	4	40	10	right	right	1	8	16.36	489
15	1	4	40	10	right	right	1	9	15.306	588
15	2	4	40	10	right	right	1	7	16.949	413
15	3	4	40	10	right	right	1	7	16.432	426
15	4	4	40	10	right	right	1	7	15.945	439
15	5	4	40	10	right	right	1	6	14.815	405
15	6	4	40	10	right	right	1	7	15.873	441
15	7	4	40	10	right	right	1	7	16.908	414
15	8	4	40	10	right	right	1	7	15.521	451
15	9	4	40	10	right	right	1	7	15.086	464
15	10	4	40	10	right	right	1	9	16.605	542
15	11	4	40	10	right	right	1	8	17.021	470
15	12	4	40	10	right	right	1	8	17.058	469
15	13	4	40	10	right	right	1	9	15.762	571
15	14	4	40	10	left	right	0	8	15.504	516
15	15	4	40	10	right	right	1	9	16.791	536
15	16	4	40	10	left	left	1	11	15.449	712
15	17	4	40	10	left	left	1	7	15.184	461
15	18	4	40	10	right	right	1	8	15.779	507
15	19	4	40	10	left	left	1	8	15.326	522
15	20	4	40	10	left	left	1	8	16.632	481
15	21	4	40	10	left	left	1	8	16.162	495
15	22	4	40	10	left	left	1	15	15.4	974
15	23	4	40	10	left	left	1	11	15.965	689
15	24	4	40	10	right	right	1	10	16.529	605
15	25	4	40	10	right	right	1	8	15.18	527
15	26	4	40	10	left	left	1	8	17.021	470
15	27	4	40	10	left	left	1	8	15.267	524
15	28	4	40	10	right	right	1	8	15.779	507
15	29	4	40	10	right	right	1	8	15.326	522
15	30	4	40	10	right	right	1	13	16.209	802
15	31	4	40	10	right	right	1	7	15.873	441
15	32	4	40	10	right	right	1	11	15.67	702
15	33	4	40	10	left	left	1	8	15.094	530
15	34	4	40	10	right	right	1	11	16.517	666
15	35	4	40	10	left	right	0	8	16.227	493
15	36	4	40	10	right	right	1	12	16.282	737
15	37	4	40	10	right	right	1	8	16.495	485
15	38	4	40	10	right	right	1	7	15.217	460
15	39	4	40	10	left	right	0	7	16.166	433
15	40	4	40	10	right	right	1	7	15.217	460
15	41	4	40	10	right	right	1	9	16.275	553
15	42	4	40	10	left	right	0	8	16.878	474
15	43	4	40	10	left	right	0	10	16.103	621
15	44	4	40	10	right	right	1	10	16.34	612
15	45	4	40	10	left	right	0	7	15.982	438
15	46	4	40	10	left	left	1	11	15.625	704
15	47	4	40	10	left	left	1	12	15.385	780
15	48	4	40	10	right	right	1	9	16.453	547
15	49	4	40	10	right	left	0	8	16.293	491
15	50	4	40	10	right	right	1	9	15.873	567
15	51	4	40	10	right	right	1	7	16.204	432
15	52	4	40	10	left	left	1	9	16.187	556
15	53	4	40	10	left	left	1	11	15.007	733
15	54	4	40	10	right	right	1	8	16.36	489
15	55	4	40	10	left	left	1	8	16.129	496
15	56	4	40	10	right	right	1	9	16.334	551
15	57	4	40	10	left	left	1	9	16.575	543
15	58	4	40	10	left	left	1	8	15.873	504
15	59	4	40	10	left	left	1	7	16.241	431
15	60	4	40	10	left	left	1	7	15.73	445
15	61	4	40	10	left	right	0	8	15.355	521
16	1	4	40	10	right	right	1	9	15.177	593
16	2	4	40	10	right	right	1	6	16.173	371
16	3	4	40	10	right	right	1	7	16.627	421
16	4	4	40	10	right	right	1	6	16.949	354
16	5	4	40	10	left	left	1	8	16.771	477
16	6	4	40	10	left	left	1	8	16.26	492
16	7	4	40	10	left	left	1	8	16.598	482
16	8	4	40	10	right	right	1	8	15.595	513
16	9	4	40	10	right	right	1	8	16.129	496
16	10	4	40	10	right	right	1	9	15.437	583
16	11	4	40	10	left	left	1	7	16.509	424
16	12	4	40	10	left	left	1	8	15.717	509
16	13	4	40	10	right	right	1	9	15.734	572
16	14	4	40	10	right	right	1	6	14.815	405
16	15	4	40	10	right	right	1	6	14.925	402
16	16	4	40	10	left	left	1	8	16.194	494
16	17	4	40	10	left	left	1	8	15.968	501
16	18	4	40	10	right	left	0	7	16.99	412
16	19	4	40	10	left	left	1	10	15.674	638
16	20	4	40	10	left	left	1	8	16.393	488
16	21	4	40	10	left	left	1	8	15.656	511
16	22	4	40	10	right	right	1	8	16.461	486
16	23	4	40	10	right	right	1	7	15.73	445
16	24	4	40	10	left	left	1	8	15.296	523
16	25	4	40	10	left	left	1	8	15.094	530
16	26	4	40	10	right	right	1	7	15.284	458
16	27	4	40	10	right	left	0	7	15.351	456
16	28	4	40	10	right	left	0	8	16.563	483
16	29	4	40	10	right	right	1	9	15.901	566
16	30	4	40	10	right	right	1	8	16.162	495
16	31	4	40	10	right	right	1	7	15.695	446
16	32	4	40	10	right	right	1	6	14.851	404
16	33	4	40	10	right	right	1	9	15.625	576
16	34	4	40	10	left	left	1	8	15.842	505
16	35	4	40	10	right	right	1	8	15.873	504
16	36	4	40	10	right	right	1	7	15.119	463
16	37	4	40	10	right	right	1	8	16.529	484
16	38	4	40	10	right	right	1	11	16.492	667
16	39	4	40	10	left	right	0	7	16.588	422
16	40	4	40	10	left	left	1	8	16.129	496
16	41	4	40	10	right	right	1	9	15.873	567
16	42	4	40	10	right	right	1	7	15.909	440
16	43	4	40	10	left	left	1	6	14.778	406
16	44	4	40	10	right	right	1	7	15.801	443
16	45	4	40	10	right	right	1	10	16.447	608
16	46	4	40	10	right	right	1	7	15.873	441
16	47	4	40	10	right	right	1	7	16.279	430
16	48	4	40	10	right	right	1	7	16.99	412
16	49	4	40	10	right	right	1	7	17.157	408
16	50	4	40	10	left	right	0	6	18.018	333
16	51	4	40	10	right	right	1	8	16.495	485
16	52	4	40	10	left	right	0	7	15.487	452
16	53	4	40	10	right	right	1	7	16.588	422
16	54	4	40	10	left	left	1	11	16.467	668
16	55	4	40	10	left	right	0	7	16.867	415
16	56	4	40	10	left	right	0	9	15.177	593
16	57	4	40	10	right	right	1	10	15.267	655
16	58	4	40	10	right	right	1	9	16.484	546
16	59	4	40	10	right	right	1	7	17.413	402
16	60	4	40	10	right	right	1	7	15.66	447
16	61	4	40	10	left	left	1	10	16.779	596
16	62	4	40	10	left	left	1	7	16.588	422
16	63	4	40	10	right	right	1	9	16.698	539
16	64	4	40	10	left	left	1	7	15.801	443
17	1	4	40	10	right	right	1	16	15.656	1022
17	2	4	40	10	left	right	0	6	15.504	387
17	3	4	40	10	right	right	1	8	16.26	492
17	4	4	40	10	right	right	1	9	15.762	571
17	5	4	40	10	left	right	0	7	16.706	419
17	6	4	40	10	left	left	1	10	15.699	637
17	7	4	40	10	left	left	1	7	15.945	439
17	8	4	40	10	right	left	0	7	15.184	461
17	9	4	40	10	left	left	1	7	15.086	464
17	10	4	40	10	left	left	1	7	16.588	422
17	11	4	40	10	right	right	1	8	15.81	506
17	12	4	40	10	right	right	1	10	16.835	594
17	13	4	40	10	left	left	1	7	17.032	411
17	14	4	40	10	left	left	1	15	16.026	936
17	15	4	40	10	left	left	1	12	15.915	754
17	16	4	40	10	left	left	1	8	15.873	504
17	17	4	40	10	right	right	1	9	15.464	582
17	18	4	40	10	left	left	1	6	16.304	368
17	19	4	40	10	left	left	1	9	15.762	571
17	20	4	40	10	right	right	1	9	15.306	588
17	21	4	40	10	right	right	1	8	16.227	493
17	22	4	40	10	left	left	1	8	17.058	469
17	23	4	40	10	left	left	1	8	16.032	499
17	24	4	40	10	right	right	1	10	15.974	626
17	25	4	40	10	right	right	1	10	15.528	644
17	26	4	40	10	right	right	1	7	16.241	431
17	27	4	40	10	right	right	1	7	15.217	460
17	28	4	40	10	left	left	1	8	15.094	530
17	29	4	40	10	right	right	1	8	16.598	482
17	30	4	40	10	left	left	1	13	16.25	800
17	31	4	40	10	left	left	1	11	16.2	679
17	32	4	40	10	right	right	1	10	15.949	627
17	33	4	40	10	left	left	1	11	16.667	660
17	34	4	40	10	left	left	1	14	16.055	872
17	35	4	40	10	left	left	1	9	15.625	576
17	36	4	40	10	right	right	1	12	15.132	793
17	37	4	40	10	right	right	1	9	16.575	543
17	38	4	40	10	right	right	1	8	16.162	495
17	39	4	40	10	right	right	1	8	16.736	478
17	40	4	40	10	right	right	1	7	16.055	436
17	41	4	40	10	right	right	1	11	15.068	730
17	42	4	40	10	left	left	1	11	16.012	687
17	43	4	40	10	right	right	1	8	16.563	483
17	44	4	40	10	left	left	1	12	16.107	745
17	45	4	40	10	left	left	1	18	15.986	1126
17	46	4	40	10	left	left	1	10	16.75	597
17	47	4	40	10	left	left	1	7	15.119	463
17	48	4	40	10	left	left	1	8	16.227	493
17	49	4	40	10	right	left	0	6	16.854	356
17	50	4	40	10	right	right	1	8	15.094	530
17	51	4	40	10	left	left	1	13	16.209	802
17	52	4	40	10	right	right	1	10	16.207	617
17	53	4	40	10	right	right	1	19	15.9	1195
17	54	4	40	10	right	right	1	11	16.272	676
17	55	4	40	10	left	left	1	9	16.1	559
17	56	4	40	10	left	left	1	8	16.949	472
17	57	4	40	10	right	right	1	16	15.534	1030
17	58	4	40	10	right	right	1	7	15.251	459
17	59	4	40	10	right	right	1	21	15.521	1353
18	1	4	40	10	left	left	1	11	15.172	725
18	2	4	40	10	right	left	0	6	15.228	394
18	3	4	40	10	right	right	1	11	15.919	691
18	4	4	40	10	left	left	1	8	16.162	495
18	5	4	40	10	right	left	0	7	16.908	414
18	6	4	40	10	right	right	1	9	15.411	584
18	7	4	40	10	right	right	1	6	15.267	393
18	8	4	40	10	left	left	1	8	15.474	517
18	9	4	40	10	left	left	1	7	15.184	461
18	10	4	40	10	left	left	1	7	16.393	427
18	11	4	40	10	left	left	1	7	16.509	424
18	12	4	40	10	right	right	1	7	16.627	421
18	13	4	40	10	left	left	1	13	15.588	834
18	14	4	40	10	left	left	1	8	16.064	498
18	15	4	40	10	right	right	1	8	15.625	512
18	16	4	40	10	right	left	0	9	15.437	583
18	17	4	40	10	right	right	1	11	16.058	685
18	18	4	40	10	left	left	1	11	15.428	713
18	19	4	40	10	left	left	1	8	16.495	485
18	20	4	40	10	left	left	1	11	16.667	660
18	21	4	40	10	right	left	0	9	15.652	575
18	22	4	40	10	right	right	1	7	15.453	453
18	23	4	40	10	right	right	1	8	15.779	507
18	24	4	40	10	left	left	1	10	16.835	594
18	25	4	40	10	left	right	0	8	16.032	499
18	26	4	40	10	left	left	1	9	15.228	591
18	27	4	40	10	right	right	1	9	15.817	569
18	28	4	40	10	left	right	0	8	15.842	505
18	29	4	40	10	right	right	1	10	15.898	629
18	30	4	40	10	left	left	1	8	15.152	528
18	31	4	40	10	right	right	1	7	15.119	463
18	32	4	40	10	right	right	1	7	16.018	437
18	33	4	40	10	right	right	1	12	16.238	739
18	34	4	40	10	left	left	1	10	16.234	616
18	35	4	40	10	left	left	1	11	15.406	714
18	36	4	40	10	right	right	1	7	15.119	463
18	37	4	40	10	right	right	1	9	15.929	565
18	38	4	40	10	left	left	1	10	16.502	606
18	39	4	40	10	left	left	1	8	15.444	518
18	40	4	40	10	right	right	1	7	15.419	454
18	41	4	40	10	right	left	0	9	16.886	533
18	42	4	40	10	right	right	1	9	15.385	585
18	43	4	40	10	left	left	1	9	15.332	587
18	44	4	40	10	right	right	1	9	15.544	579
18	45	4	40	10	right	right	1	8	16.26	492
18	46	4	40	10	right	right	1	11	16.105	683
18	47	4	40	10	left	left	1	8	15.686	510
18	48	4	40	10	right	right	1	7	16.627	421
18	49	4	40	10	right	right	1	8	15.296	523
18	50	4	40	10	left	left	1	41	15.333	2674
18	51	4	40	10	left	left	1	10	15.798	633
18	52	4	40	10	right	left	0	18	15.464	1164
18	53	4	40	10	right	right	1	15	15.121	992
18	54	4	40	10	left	left	1	21	15.306	1372
18	55	4	40	10	left	left	1	15	15.74	953
19	1	4	40	10	left	left	1	13	16.291	798
19	2	4	40	10	right	right	1	10	15.924	628
19	3	4	40	10	left	right	0	7	15.385	455
19	4	4	40	10	left	left	1	10	15.773	634
19	5	4	40	10	right	right	1	10	16.584	603
19	6	4	40	10	left	left	1	8	15.717	509
19	7	4	40	10	right	right	1	10	16.367	611
19	8	4	40	10	right	right	1	8	16.461	486
19	9	4	40	10	left	left	1	8	15.748	508
19	10	4	40	10	left	left	1	11	15.027	732
19	11	4	40	10	right	right	1	8	15.385	520
19	12	4	40	10	left	left	1	10	16.234	616
19	13	4	40	10	right	right	1	16	15.459	1035
19	14	4	40	10	right	right	1	7	15.086	464
19	15	4	40	10	left	left	1	9	16.364	550
19	16	4	40	10	left	left	1	11	16.616	662
19	17	4	40	10	right	right	1	12	15.748	762
19	18	4	40	10	left	left	1	11	15.131	727
19	19	4	40	10	right	right	1	11	15.385	715
19	20	4	40	10	left	left	1	9	16.791	536
19	21	4	40	10	left	left	1	9	15.625	576
19	22	4	40	10	left	left	1	9	16.043	561
19	23	4	40	10	left	right	0	8	16.097	497
19	24	4	40	10	left	left	1	9	16.636	541
19	25	4	40	10	left	left	1	8	16.227	493
19	26	4	40	10	left	left	1	7	15.217	460
19	27	4	40	10	left	right	0	9	15.789	570
19	28	4	40	10	left	left	1	9	16.575	543
19	29	4	40	10	right	left	0	6	16.349	367
19	30	4	40	10	right	left	0	10	15.625	640
19	31	4	40	10	left	left	1	11	15.805	696
19	32	4	40	10	left	left	1	9	15.957	564
19	33	4	40	10	left	left	1	12	16.043	748
19	34	4	40	10	right	right	1	8	15.094	530
19	35	4	40	10	left	right	0	10	15.408	649
19	36	4	40	10	right	right	1	40	15.385	2600
19	37	4	40	10	left	left	1	9	15.491	581
19	38	4	40	10	right	right	1	9	15.901	566
19	39	4	40	10	right	left	0	9	15.652	575
19	40	4	40	10	right	right	1	12	16.043	748
19	41	4	40	10	right	right	1	8	15.564	514
19	42	4	40	10	left	left	1	12	16.107	745
19	43	4	40	10	right	right	1	11	15.85	694
19	44	4	40	10	left	left	1	9	16.949	531
19	45	4	40	10	left	right	0	7	16.432	426
19	46	4	40	10	right	left	0	7	15.217	460
19	47	4	40	10	right	right	1	9	16.1	559
19	48	4	40	10	left	left	1	8	15.625	512
19	49	4	40	10	right	right	1	8	15.18	527
19	50	4	40	10	right	right	1	8	15.209	526
19	51	4	40	10	left	right	0	8	15.968	501
19	52	4	40	10	right	right	1	14	16.166	866
20	1	4	40	10	left	left	1	13	16.01	812
20	2	4	40	10	left	left	1	8	16.563	483
20	3	4	40	10	left	left	1	7	15.556	450
20	4	4	40	10	left	left	1	10	16.447	608
20	5	4	40	10	right	right	1	11	15.581	706
20	6	4	40	10	right	left	0	8	16.194	494
20	7	4	40	10	right	left	0	9	16.245	554
20	8	4	40	10	right	right	1	10	16.051	623
20	9	4	40	10	left	left	1	9	15.817	569
20	10	4	40	10	left	left	1	8	16.097	497
20	11	4	40	10	left	left	1	11	15.11	728
20	12	4	40	10	left	left	1	9	16.158	557
20	13	4	40	10	right	right	1	8	15.238	525
20	14	4	40	10	right	right	1	8	16	500
20	15	4	40	10	left	left	1	10	16.155	619
20	16	4	40	10	left	right	0	8	15.717	509
20	17	4	40	10	right	right	1	10	16.207	617
20	18	4	40	10	left	left	1	9	15.762	571
20	19	4	40	10	left	left	1	9	15.734	572
20	20	4	40	10	right	right	1	9	15.929	565
20	21	4	40	10	left	left	1	8	15.717	509
20	22	4	40	10	left	left	1	7	15.487	452
20	23	4	40	10	right	left	0	7	15.284	458
20	24	4	40	10	left	left	1	8	15.474	517
20	25	4	40	10	left	left	1	10	16.529	605
20	26	4	40	10	right	right	1	9	16.129	558
20	27	4	40	10	right	right	1	9	15.652	575
20	28	4	40	10	left	left	1	11	15.85	694
20	29	4	40	10	right	right	1	20	15.221	1314
20	30	4	40	10	right	right	1	9	15.901	566
20	31	4	40	10	left	right	0	9	15.228	591
20	32	4	40	10	left	left	1	10	16.529	605
20	33	4	40	10	right	right	1	10	16.502	606
20	34	4	40	10	right	right	1	8	15.152	528
20	35	4	40	10	left	left	1	8	16.393	488
20	36	4	40	10	left	left	1	9	16.575	543
20	37	4	40	10	left	right	0	10	15.267	655
20	38	4	40	10	right	right	1	10	15.456	647
20	39	4	40	10	right	right	1	9	15.598	577
20	40	4	40	10	left	left	1	8	16.842	475
20	41	4	40	10	right	right	1	10	15.601	641
20	42	4	40	10	right	right	1	8	16.807	476
20	43	4	40	10	left	left	1	11	16.32	674
20	44	4	40	10	right	right	1	10	16.502	606
20	45	4	40	10	right	right	1	12	15.645	767
20	46	4	40	10	left	left	1	11	16.248	677
20	47	4	40	10	left	right	0	7	16.471	425
20	48	4	40	10	left	right	0	10	16.367	611
20	49	4	40	10	right	right	1	10	16.611	602
20	50	4	40	10	right	right	1	9	16.216	555
20	51	4	40	10	left	right	0	8	15.267	524
20	52	4	40	10	right	right	1	11	15.805	696
20	53	4	40	10	right	right	1	8	15.267	524
20	54	4	40	10	left	left	1	11	15.537	708
20	55	4	40	10	left	left	1	7	15.625	448
20	56	4	40	10	left	left	1	16	15.905	1006
21	1	4	40	10	left	left	1	14	15.766	888
21	2	4	40	10	right	left	0	7	15.873	441
21	3	4	40	10	left	left	1	12	15.727	763
21	4	4	40	10	left	left	1	7	15.054	465
21	5	4	40	10	right	right	1	10	15.848	631
21	6	4	40	10	left	left	1	8	15.595	513
21	7	4	40	10	right	right	1	10	16.639	601
21	8	4	40	10	right	right	1	8	15.564	514
21	9	4	40	10	right	right	1	10	16.639	601
21	10	4	40	10	left	left	1	11	15.919	691
21	11	4	40	10	left	left	1	9	16.575	543
21	12	4	40	10	left	left	1	10	15.649	639
21	13	4	40	10	right	left	0	9	16.514	545
21	14	4	40	10	left	left	1	14	15.66	894
21	15	4	40	10	left	left	1	8	16.162	495
21	16	4	40	10	left	left	1	7	16.279	430
21	17	4	40	10	right	right	1	11	15.737	699
21	18	4	40	10	right	right	1	8	16.162	495
21	19	4	40	10	right	right	1	9	16.364	550
21	20	4	40	10	left	left	1	11	16.616	662
21	21	4	40	10	left	right	0	7	15.556	450
21	22	4	40	10	right	left	0	7	16.355	428
21	23	4	40	10	right	right	1	9	15.679	574
21	24	4	40	10	left	left	1	12	15.979	751
21	25	4	40	10	right	right	1	8	15.267	524
21	26	4	40	10	right	right	1	11	16.667	660
21	27	4	40	10	left	left	1	10	16.474	607
21	28	4	40	10	left	left	1	8	16.097	497
21	29	4	40	10	left	left	1	12	16.129	744
21	30	4	40	10	right	right	1	9	15.707	573
21	31	4	40	10	right	right	1	8	15.686	510
21	32	4	40	10	right	right	1	10	15.898	629
21	33	4	40	10	left	left	1	9	16.334	551
21	34	4	40	10	right	right	1	8	16.701	479
21	35	4	40	10	left	right	0	9	16.854	534
21	36	4	40	10	right	right	1	8	16.032	499
21	37	4	40	10	left	left	1	9	16.514	545
21	38	4	40	10	left	left	1	10	16.667	600
21	39	4	40	10	left	left	1	7	15.251	459
21	40	4	40	10	left	left	1	7	16.204	432
21	41	4	40	10	right	left	0	6	15.424	389
21	42	4	40	10	left	left	1	9	16.364	550
21	43	4	40	10	left	left	1	7	15.982	438
21	44	4	40	10	left	left	1	10	15.552	643
21	45	4	40	10	right	left	0	8	16.461	486
21	46	4	40	10	right	right	1	7	15.284	458
21	47	4	40	10	left	left	1	8	15.625	512
21	48	4	40	10	left	left	1	9	16.575	543
21	49	4	40	10	right	left	0	8	16.985	471
21	50	4	40	10	right	right	1	14	15.855	883
21	51	4	40	10	left	left	1	15	15.707	955
21	52	4	40	10	right	right	1	9	15.491	581
21	53	4	40	10	right	right	1	10	16.722	598
21	54	4	40	10	left	left	1	11	16.176	680
21	55	4	40	10	right	right	1	8	15.267	524
21	56	4	40	10	right	right	1	13	16.209	802
21	57	4	40	10	left	left	1	18	15.831	1137
22	1	4	40	10	right	right	1	12	16.151	743
22	2	4	40	10	left	right	0	7	15.184	461
22	3	4	40	10	left	right	0	8	17.021	470
22	4	4	40	10	right	right	1	9	16.729	538
22	5	4	40	10	right	right	1	8	15.564	514
22	6	4	40	10	left	left	1	11	16.345	673
22	7	4	40	10	left	left	1	8	16.807	476
22	8	4	40	10	right	right	1	8	15.296	523
22	9	4	40	10	right	right	1	8	16.327	490
22	10	4	40	10	left	left	1	8	16.632	481
22	11	4	40	10	left	left	1	10	16.667	600
22	12	4	40	10	left	left	1	10	16.207	617
22	13	4	40	10	left	left	1	7	15.521	451
22	14	4	40	10	right	right	1	13	15.758	825
22	15	4	40	10	left	left	1	11	15.988	688
22	16	4	40	10	left	left	1	8	16.529	484
22	17	4	40	10	right	right	1	11	15.048	731
22	18	4	40	10	right	right	1	9	16.575	543
22	19	4	40	10	left	left	1	24	15.554	1543
22	20	4	40	10	right	right	1	10	15.221	657
22	21	4	40	10	left	left	1	11	16.467	668
22	22	4	40	10	left	left	1	9	15.437	583
22	23	4	40	10	left	left	1	7	16.509	424
22	24	4	40	10	right	left	0	9	16.129	558
22	25	4	40	10	left	left	1	16	15.459	1035
22	26	4	40	10	right	right	1	10	15.625	640
22	27	4	40	10	right	right	1	9	15.358	586
22	28	4	40	10	left	left	1	9	16.187	556
22	29	4	40	10	left	left	1	7	14.957	468
22	30	4	40	10	right	right	1	7	15.556	450
22	31	4	40	10	right	right	1	7	16.827	416
22	32	4	40	10	right	right	1	7	16.317	429
22	33	4	40	10	right	right	1	6	15.544	386
22	34	4	40	10	left	right	0	7	17.199	407
22	35	4	40	10	right	right	1	8	15.873	504
22	36	4	40	10	right	right	1	7	17.157	408
22	37	4	40	10	right	right	1	7	15.766	444
22	38	4	40	10	left	right	0	7	15.59	449
22	39	4	40	10	right	right	1	9	15.306	588
22	40	4	40	10	left	left	1	7	15.73	445
22	41	4	40	10	right	right	1	7	15.837	442
22	42	4	40	10	left	right	0	7	16.827	416
22	43	4	40	10	right	right	1	8	16.667	480
22	44	4	40	10	right	left	0	7	15.119	463
22	45	4	40	10	right	right	1	9	16.245	554
22	46	4	40	10	left	left	1	8	16.327	490
22	47	4	40	10	left	left	1	19	15.715	1209
22	48	4	40	10	right	right	1	7	15.556	450
22	49	4	40	10	left	left	1	9	15.203	592
22	50	4	40	10	left	left	1	14	15.47	905
22	51	4	40	10	left	left	1	7	15.801	443
22	52	4	40	10	right	right	1	12	15.957	752
22	53	4	40	10	left	left	1	9	15.28	589
22	54	4	40	10	left	left	1	8	16.427	487
22	55	4	40	10	right	right	1	9	15.491	581
22	56	4	40	10	right	right	1	10	15.267	655
22	57	4	40	10	left	right	0	8	16.327	490
22	58	4	40	10	right	right	1	8	16.736	478
23	1	4	40	10	right	right	1	9	15.845	568
23	2	4	40	10	left	left	1	9	16.514	545
23	3	4	40	10	right	right	1	8	16.913	473
23	4	4	40	10	right	right	1	7	16.548	423
23	5	4	40	10	right	right	1	9	16.187	556
23	6	4	40	10	left	left	1	9	16.393	549
23	7	4	40	10	left	left	1	8	16.495	485
23	8	4	40	10	right	right	1	11	16.296	675
23	9	4	40	10	left	left	1	9	16.822	535
23	10	4	40	10	left	right	0	7	16.867	415
23	11	4	40	10	right	right	1	6	15.306	392
23	12	4	40	10	right	right	1	7	16.627	421
23	13	4	40	10	left	left	1	7	17.766	394
23	14	4	40	10	left	left	1	6	15.075	398
23	15	4	40	10	left	left	1	7	16.092	435
23	16	4	40	10	left	left	1	7	17.157	408
23	17	4	40	10	left	left	1	7	16.949	413
23	18	4	40	10	right	right	1	7	15.837	442
23	19	4	40	10	right	right	1	7	16.241	431
23	20	4	40	10	right	right	1	10	15.723	636
23	21	4	40	10	left	left	1	10	16.722	598
23	22	4	40	10	left	left	1	7	17.157	408
23	23	4	40	10	left	left	1	7	15.217	460
23	24	4	40	10	right	right	1	9	16.245	554
23	25	4	40	10	left	left	1	9	16.216	555
23	26	4	40	10	left	left	1	7	17.032	411
23	27	4	40	10	right	right	1	8	15.873	504
23	28	4	40	10	right	right	1	9	15.228	591
23	29	4	40	10	right	left	0	8	16.667	480
23	30	4	40	10	right	left	0	6	15.789	380
23	31	4	40	10	left	left	1	11	15.537	708
23	32	4	40	10	left	left	1	7	15.873	441
23	33	4	40	10	left	left	1	8	15.905	503
23	34	4	40	10	right	right	1	11	15.67	702
23	35	4	40	10	right	right	1	9	16.729	538
23	36	4	40	10	right	right	1	8	16.327	490
23	37	4	40	10	right	right	1	11	15.965	689
23	38	4	40	10	right	right	1	8	16.227	493
23	39	4	40	10	right	right	1	8	15.748	508
23	40	4	40	10	right	right	1	10	16.584	603
23	41	4	40	10	left	left	1	13	15.403	844
23	42	4	40	10	left	left	1	10	16.34	612
23	43	4	40	10	right	right	1	14	15.945	878
23	44	4	40	10	right	right	1	20	15.444	1295
23	45	4	40	10	right	right	1	9	15.571	578
23	46	4	40	10	left	left	1	9	16.729	538
23	47	4	40	10	left	left	1	10	16.807	595
23	48	4	40	10	right	right	1	9	16.667	540
23	49	4	40	10	left	left	1	20	15.974	1252
23	50	4	40	10	left	left	1	11	16.418	670
23	51	4	40	10	right	right	1	9	15.358	586
23	52	4	40	10	left	left	1	12	15.564	771
23	53	4	40	10	left	left	1	9	16.275	553
23	54	4	40	10	left	left	1	8	15.123	529
23	55	4	40	10	right	left	0	7	15.054	465
23	56	4	40	10	left	left	1	8	16.26	492
23	57	4	40	10	left	left	1	7	16.092	435
23	58	4	40	10	right	right	1	9	15.625	576
23	59	4	40	10	right	right	1	8	15.355	521
23	60	4	40	10	right	right	1	10	15.408	649
23	61	4	40	10	left	left	1	12	15.075	796
24	1	4	40	10	right	right	1	10	15.924	628
24	2	4	40	10	left	left	1	9	16.1	559
24	3	4	40	10	left	left	1	7	15.945	439
24	4	4	40	10	left	left	1	7	15.73	445
24	5	4	40	10	left	left	1	10	16.393	610
24	6	4	40	10	left	left	1	7	17.327	404
24	7	4	40	10	right	left	0	6	16.62	361
24	8	4	40	10	left	left	1	8	15.595	513
24	9	4	40	10	right	right	1	8	15.385	520
24	10	4	40	10	left	left	1	7	15.625	448
24	11	4	40	10	left	left	1	8	15.717	509
24	12	4	40	10	left	left	1	10	16.779	596
24	13	4	40	10	right	right	1	11	16.616	662
24	14	4	40	10	left	left	1	7	15.59	449
24	15	4	40	10	left	left	1	8	16.985	471
24	16	4	40	10	left	left	1	8	16.495	485
24	17	4	40	10	left	left	1	9	15.306	588
24	18	4	40	10	right	left	0	8	16.807	476
24	19	4	40	10	left	left	1	9	16.1	559
24	20	4	40	10	right	right	1	9	15.228	591
24	21	4	40	10	right	right	1	8	15.595	513
24	22	4	40	10	left	right	0	14	15.909	880
24	23	4	40	10	right	right	1	13	15.24	853
24	24	4	40	10	left	left	1	10	15.291	654
24	25	4	40	10	left	right	0	7	15.086	464
24	26	4	40	10	left	left	1	10	16.584	603
24	27	4	40	10	left	left	1	9	16.393	549
24	28	4	40	10	left	left	1	12	15.524	773
24	29	4	40	10	right	left	0	7	16.432	426
24	30	4	40	10	left	left	1	9	15.707	573
24	31	4	40	10	right	right	1	10	15.48	646
24	32	4	40	10	left	right	0	9	15.625	576
24	33	4	40	10	right	right	1	13	15.971	814
24	34	4	40	10	left	left	1	8	16.495	485
24	35	4	40	10	left	left	1	13	15.403	844
24	36	4	40	10	right	right	1	9	15.306	588
24	37	4	40	10	right	right	1	8	15.968	501
24	38	4	40	10	left	left	1	12	15.544	772
24	39	4	40	10	left	left	1	9	16.245	554
24	40	4	40	10	right	right	1	11	15.068	730
24	41	4	40	10	left	right	0	7	16.241	431
24	42	4	40	10	left	left	1	19	15.31	1241
24	43	4	40	10	right	right	1	12	16.064	747
24	44	4	40	10	left	left	1	8	16.129	496
24	45	4	40	10	right	right	1	12	15.326	783
24	46	4	40	10	left	left	1	10	16.103	621
24	47	4	40	10	right	left	0	9	16.1	559
24	48	4	40	10	left	left	1	13	16.332	796
24	49	4	40	10	left	right	0	9	16.698	539
24	50	4	40	10	right	right	1	10	16.051	623
24	51	4	40	10	right	right	1	7	15.556	450
24	52	4	40	10	left	right	0	6	17.094	351
24	53	4	40	10	left	left	1	8	16.162	495
24	54	4	40	10	left	left	1	7	15.419	454
24	55	4	40	10	left	left	1	7	15.487	452
24	56	4	40	10	left	left	1	10	15.798	633
24	57	4	40	10	left	left	1	8	16	500
