
blkNum	trlNum	coherentDots	numberofDots	percentCoherence	winningDirection	response	correct	eventCount	averageFrameRate	RT
1	1	4	40	10	right	right	1	16	15.123	1058
1	2	4	40	10	left	left	1	16	15.625	1024
1	3	4	40	10	right	right	1	12	15.707	764
1	4	4	40	10	right	left	0	12	15.113	794
1	5	4	40	10	left	left	1	15	15.416	973
1	6	4	40	10	left	left	1	22	15.352	1433
1	7	4	40	10	right	right	1	15	15.259	983
1	8	4	40	10	left	left	1	23	15.84	1452
1	9	4	40	10	left	left	1	24	15.514	1547
1	10	4	40	10	right	right	1	19	15.768	1205
1	11	4	40	10	right	right	1	15	15.4	974
1	12	4	40	10	right	left	0	22	15.526	1417
1	13	4	40	10	left	right	0	24	15.424	1556
1	14	4	40	10	right	right	1	26	15.449	1683
1	15	4	40	10	left	right	0	35	15.351	2280
1	16	4	40	10	right	right	1	25	15.375	1626
1	17	4	40	10	left	left	1	47	15.152	3102
1	18	4	40	10	right	right	1	19	15.953	1191
1	19	4	40	10	right	right	1	21	15.625	1344
1	20	4	40	10	right	right	1	22	15.759	1396
1	21	4	40	10	left	left	1	20	15.408	1298
1	22	4	40	10	right	right	1	22	15.737	1398
1	23	4	40	10	right	right	1	35	15.378	2276
1	24	4	40	10	right	right	1	27	15.482	1744
1	25	4	40	10	left	left	1	13	15.205	855
1	26	4	40	10	left	left	1	16	15.399	1039
1	27	4	40	10	left	left	1	23	15.499	1484
1	28	4	40	10	left	left	1	19	15.164	1253
1	29	4	40	10	left	right	0	16	15.399	1039
1	30	4	40	10	right	left	0	13	16.069	809
1	31	4	40	10	left	right	0	13	15.7	828
1	32	4	40	10	right	right	1	18	15.19	1185
1	33	4	40	10	right	right	1	22	15.352	1433
1	34	4	40	10	left	left	1	20	15.337	1304
1	35	4	40	10	right	right	1	23	15.668	1468
1	36	4	40	10	left	left	1	32	15.355	2084
1	37	4	40	10	left	right	0	22	15.771	1395
1	38	4	40	10	right	right	1	17	15.77	1078
1	39	4	40	10	left	left	1	20	15.576	1284
1	40	4	40	10	left	left	1	28	15.226	1839
2	1	4	40	10	right	right	1	12	16.151	743
2	2	4	40	10	right	right	1	21	15.475	1357
2	3	4	40	10	right	right	1	16	15.857	1009
2	4	4	40	10	left	left	1	11	15.692	701
2	5	4	40	10	right	right	1	13	15.312	849
2	6	4	40	10	left	left	1	12	16.129	744
2	7	4	40	10	left	left	1	28	15.642	1790
2	8	4	40	10	left	right	0	26	15.569	1670
2	9	4	40	10	left	left	1	13	15.33	848
2	10	4	40	10	left	left	1	26	15.339	1695
2	11	4	40	10	left	left	1	34	15.308	2221
2	12	4	40	10	right	right	1	15	15.244	984
2	13	4	40	10	left	left	1	22	15.592	1411
2	14	4	40	10	right	right	1	12	15.936	753
2	15	4	40	10	left	left	1	14	15.927	879
2	16	4	40	10	left	left	1	23	15.222	1511
2	17	4	40	10	right	right	1	15	15.625	960
2	18	4	40	10	right	right	1	23	15.426	1491
2	19	4	40	10	left	left	1	19	16.007	1187
2	20	4	40	10	right	right	1	39	15.211	2564
2	21	4	40	10	right	right	1	23	15.625	1472
2	22	4	40	10	left	left	1	15	15.369	976
2	23	4	40	10	left	right	0	18	15.915	1131
2	24	4	40	10	right	right	1	15	16.181	927
2	25	4	40	10	right	right	1	22	15.614	1409
2	26	4	40	10	right	left	0	16	15.282	1047
2	27	4	40	10	left	left	1	26	15.467	1681
2	28	4	40	10	right	right	1	22	15.647	1406
2	29	4	40	10	right	right	1	23	15.753	1460
2	30	4	40	10	left	left	1	26	15.143	1717
2	31	4	40	10	right	right	1	22	15.603	1410
2	32	4	40	10	left	left	1	23	15.797	1456
2	33	4	40	10	left	left	1	35	15.405	2272
2	34	4	40	10	left	left	1	34	15.42	2205
2	35	4	40	10	left	right	0	22	15.374	1431
2	36	4	40	10	right	right	1	30	15.345	1955
2	37	4	40	10	left	left	1	33	15.172	2175
2	38	4	40	10	right	right	1	19	15.926	1193
2	39	4	40	10	right	left	0	24	15.287	1570
2	40	4	40	10	right	right	1	15	15.609	961
3	1	4	40	10	left	right	0	14	15.801	886
3	2	4	40	10	right	right	1	15	16.251	923
3	3	4	40	10	left	left	1	14	15.267	917
3	4	4	40	10	right	right	1	21	15.184	1383
3	5	4	40	10	right	left	0	13	15.403	844
3	6	4	40	10	right	right	1	13	15.758	825
3	7	4	40	10	left	left	1	19	15.625	1216
3	8	4	40	10	right	right	1	15	15.723	954
3	9	4	40	10	right	right	1	15	15.432	972
3	10	4	40	10	left	left	1	34	15.518	2191
3	11	4	40	10	left	right	0	15	15.856	946
3	12	4	40	10	left	left	1	19	15.422	1232
3	13	4	40	10	right	right	1	15	15.091	994
3	14	4	40	10	right	right	1	20	15.267	1310
3	15	4	40	10	left	left	1	13	16.049	810
3	16	4	40	10	right	right	1	20	15.408	1298
3	17	4	40	10	right	right	1	22	15.57	1413
3	18	4	40	10	left	right	0	31	15.408	2012
3	19	4	40	10	right	right	1	15	15.152	990
3	20	4	40	10	right	right	1	24	15.365	1562
3	21	4	40	10	left	left	1	15	16.094	932
3	22	4	40	10	right	right	1	15	15.4	974
3	23	4	40	10	right	right	1	53	15.191	3489
3	24	4	40	10	left	left	1	32	15.289	2093
3	25	4	40	10	left	left	1	22	15.658	1405
3	26	4	40	10	left	left	1	28	15.669	1787
3	27	4	40	10	right	right	1	28	15.127	1851
3	28	4	40	10	right	right	1	24	15.738	1525
3	29	4	40	10	left	right	0	23	15.395	1494
3	30	4	40	10	left	left	1	15	15.707	955
3	31	4	40	10	left	left	1	55	15.152	3630
3	32	4	40	10	left	left	1	24	15.257	1573
3	33	4	40	10	right	right	1	19	15.625	1216
3	34	4	40	10	right	right	1	36	15.352	2345
3	35	4	40	10	right	right	1	28	15.168	1846
3	36	4	40	10	left	left	1	31	15.438	2008
3	37	4	40	10	right	left	0	32	15.64	2046
3	38	4	40	10	left	right	0	38	15.316	2481
3	39	4	40	10	left	left	1	36	15.517	2320
3	40	4	40	10	left	left	1	26	15.285	1701
4	1	4	40	10	left	left	1	19	12.908	1472
4	2	4	40	10	right	right	1	22	15.714	1400
4	3	4	40	10	left	left	1	25	15.645	1598
4	4	4	40	10	right	right	1	21	15.613	1345
4	5	4	40	10	left	left	1	23	15.562	1478
4	6	4	40	10	right	right	1	22	15.559	1414
4	7	4	40	10	left	right	0	30	15.408	1947
4	8	4	40	10	right	right	1	20	15.773	1268
4	9	4	40	10	right	right	1	21	15.742	1334
4	10	4	40	10	right	right	1	25	15.518	1611
4	11	4	40	10	left	left	1	29	15.508	1870
4	12	4	40	10	right	right	1	28	15.351	1824
4	13	4	40	10	left	left	1	26	15.691	1657
4	14	4	40	10	left	right	0	15	15.275	982
4	15	4	40	10	left	left	1	14	15.385	910
4	16	4	40	10	right	right	1	19	15.638	1215
4	17	4	40	10	right	left	0	29	15.558	1864
4	18	4	40	10	right	right	1	12	15.645	767
4	19	4	40	10	left	left	1	21	15.385	1365
4	20	4	40	10	left	left	1	27	15.679	1722
4	21	4	40	10	right	right	1	26	15.249	1705
4	22	4	40	10	right	right	1	21	15.648	1342
4	23	4	40	10	right	right	1	36	15.551	2315
4	24	4	40	10	left	right	0	47	15.42	3048
4	25	4	40	10	right	right	1	29	15.12	1918
4	26	4	40	10	right	left	0	28	15.342	1825
4	27	4	40	10	right	right	1	14	15.521	902
4	28	4	40	10	left	right	0	37	15.27	2423
4	29	4	40	10	left	left	1	10	16.129	620
4	30	4	40	10	left	left	1	19	15.966	1190
4	31	4	40	10	right	right	1	16	15.534	1030
4	32	4	40	10	left	right	0	23	15.426	1491
4	33	4	40	10	left	left	1	8	15.385	520
4	34	4	40	10	left	left	1	15	15.244	984
4	35	4	40	10	left	right	0	24	15.758	1523
4	36	4	40	10	right	left	0	7	17.115	409
4	37	4	40	10	left	right	0	7	17.722	395
4	38	4	40	10	right	right	1	18	15.254	1180
4	39	4	40	10	left	left	1	16	15.81	1012
4	40	4	40	10	right	right	1	15	15.244	984
5	1	4	40	10	left	left	1	28	15.625	1792
5	2	4	40	10	left	right	0	37	15.52	2384
5	3	4	40	10	left	left	1	17	15.799	1076
5	4	4	40	10	right	right	1	21	15.239	1378
5	5	4	40	10	right	right	1	17	15.511	1096
5	6	4	40	10	right	right	1	18	15.762	1142
5	7	4	40	10	right	right	1	17	16.008	1062
5	8	4	40	10	right	right	1	14	15.713	891
5	9	4	40	10	left	left	1	13	15.532	837
5	10	4	40	10	right	right	1	13	16.169	804
5	11	4	40	10	left	right	0	16	15.224	1051
5	12	4	40	10	right	left	0	9	16.636	541
5	13	4	40	10	left	left	1	14	16.166	866
5	14	4	40	10	left	left	1	24	15.686	1530
5	15	4	40	10	right	right	1	12	15.873	756
5	16	4	40	10	left	left	1	12	15.287	785
5	17	4	40	10	right	right	1	13	15.625	832
5	18	4	40	10	left	left	1	14	15.351	912
5	19	4	40	10	right	right	1	16	15.253	1049
5	20	4	40	10	left	left	1	14	15.521	902
5	21	4	40	10	right	right	1	14	15.368	911
5	22	4	40	10	left	left	1	14	15.47	905
5	23	4	40	10	right	right	1	13	16.049	810
5	24	4	40	10	left	left	1	14	16.037	873
5	25	4	40	10	left	right	0	13	15.439	842
5	26	4	40	10	right	left	0	21	15.373	1366
5	27	4	40	10	left	left	1	36	15.464	2328
5	28	4	40	10	right	right	1	13	15.385	845
5	29	4	40	10	left	right	0	24	15.727	1526
5	30	4	40	10	right	right	1	15	15.198	987
5	31	4	40	10	right	right	1	15	15.789	950
5	32	4	40	10	right	right	1	21	15.162	1385
5	33	4	40	10	right	right	1	17	15.206	1118
5	34	4	40	10	right	right	1	23	15.743	1461
5	35	4	40	10	left	right	0	40	15.408	2596
5	36	4	40	10	left	right	0	36	15.267	2358
5	37	4	40	10	right	left	0	10	16.835	594
5	38	4	40	10	left	left	1	12	15.464	776
5	39	4	40	10	left	left	1	13	15.222	854
5	40	4	40	10	left	right	0	13	15.222	854
6	1	4	40	10	left	left	1	13	15.625	832
6	2	4	40	10	right	right	1	11	15.805	696
6	3	4	40	10	left	left	1	11	15.537	708
6	4	4	40	10	left	left	1	21	15.441	1360
6	5	4	40	10	right	right	1	11	15.152	726
6	6	4	40	10	left	left	1	12	15.584	770
6	7	4	40	10	right	right	1	16	15.152	1056
6	8	4	40	10	right	right	1	12	15.504	774
6	9	4	40	10	left	left	1	11	15.027	732
6	10	4	40	10	left	left	1	27	15.341	1760
6	11	4	40	10	right	right	1	15	16.164	928
6	12	4	40	10	right	right	1	23	15.436	1490
6	13	4	40	10	left	left	1	18	15.177	1186
6	14	4	40	10	right	right	1	20	15.221	1314
6	15	4	40	10	left	left	1	17	15.206	1118
6	16	4	40	10	left	right	0	16	15.936	1004
6	17	4	40	10	left	left	1	11	15.172	725
6	18	4	40	10	right	right	1	16	15.842	1010
6	19	4	40	10	left	left	1	17	15.315	1110
6	20	4	40	10	right	right	1	15	15.045	997
6	21	4	40	10	right	right	1	23	15.132	1520
6	22	4	40	10	left	left	1	18	15.293	1177
6	23	4	40	10	left	left	1	25	15.528	1610
6	24	4	40	10	right	right	1	11	15.172	725
6	25	4	40	10	left	left	1	16	15.595	1026
6	26	4	40	10	right	right	1	14	15.368	911
6	27	4	40	10	right	left	0	14	15.625	896
6	28	4	40	10	left	right	0	16	15.414	1038
6	29	4	40	10	right	right	1	19	15.833	1200
6	30	4	40	10	right	right	1	21	15.34	1369
6	31	4	40	10	right	right	1	20	15.361	1302
6	32	4	40	10	right	right	1	21	15.251	1377
6	33	4	40	10	left	right	0	20	15.444	1295
6	34	4	40	10	right	right	1	16	15.166	1055
6	35	4	40	10	left	left	1	13	15.854	820
6	36	4	40	10	left	left	1	17	15.138	1123
6	37	4	40	10	right	right	1	20	15.221	1314
6	38	4	40	10	right	right	1	20	15.748	1270
6	39	4	40	10	left	left	1	27	15.473	1745
6	40	4	40	10	left	right	0	20	15.637	1279
7	1	4	40	10	left	left	1	15	15.873	945
7	2	4	40	10	left	left	1	17	15.799	1076
7	3	4	40	10	right	right	1	11	15.603	705
7	4	4	40	10	left	left	1	14	16.26	861
7	5	4	40	10	right	right	1	14	15.538	901
7	6	4	40	10	right	right	1	14	15.784	887
7	7	4	40	10	right	right	1	23	15.385	1495
7	8	4	40	10	left	left	1	16	15.984	1001
7	9	4	40	10	right	right	1	19	15.781	1204
7	10	4	40	10	left	left	1	16	15.429	1037
7	11	4	40	10	right	right	1	14	15.873	882
7	12	4	40	10	right	right	1	15	15.075	995
7	13	4	40	10	left	left	1	17	15.654	1086
7	14	4	40	10	right	right	1	17	15.799	1076
7	15	4	40	10	left	left	1	23	15.354	1498
7	16	4	40	10	right	right	1	19	15.286	1243
7	17	4	40	10	left	left	1	19	15.98	1189
7	18	4	40	10	left	right	0	15	15.03	998
7	19	4	40	10	right	left	0	8	16.461	486
7	20	4	40	10	right	left	0	11	15.759	698
7	21	4	40	10	right	right	1	6	15.873	378
7	22	4	40	10	right	right	1	14	15.945	878
7	23	4	40	10	left	left	1	13	15.644	831
7	24	4	40	10	left	right	0	12	15.484	775
7	25	4	40	10	left	right	0	12	16.086	746
7	26	4	40	10	left	left	1	7	16.393	427
7	27	4	40	10	left	right	0	27	15.411	1752
7	28	4	40	10	left	left	1	7	16.055	436
7	29	4	40	10	right	right	1	15	16.129	930
7	30	4	40	10	right	right	1	24	15.355	1563
7	31	4	40	10	right	right	1	22	15.299	1438
7	32	4	40	10	right	left	0	15	16.077	933
7	33	4	40	10	left	right	0	7	17.677	396
7	34	4	40	10	left	left	1	12	16.021	749
7	35	4	40	10	right	right	1	23	15.764	1459
7	36	4	40	10	left	left	1	20	15.798	1266
7	37	4	40	10	right	right	1	17	15.668	1085
7	38	4	40	10	right	right	1	14	15.855	883
7	39	4	40	10	left	left	1	18	15.901	1132
7	40	4	40	10	left	right	0	12	15.564	771
8	1	4	40	10	left	right	0	21	15.195	1382
8	2	4	40	10	right	left	0	7	15.59	449
8	3	4	40	10	right	right	1	9	16.453	547
8	4	4	40	10	right	right	1	13	15.7	828
8	5	4	40	10	right	right	1	16	15.702	1019
8	6	4	40	10	left	left	1	12	15.625	768
8	7	4	40	10	left	right	0	11	14.986	734
8	8	4	40	10	right	left	0	6	16.304	368
8	9	4	40	10	left	right	0	5	17.361	288
8	10	4	40	10	left	tooFast	2	4	18.692	214
8	11	4	40	10	left	right	0	20	15.699	1274
8	12	4	40	10	right	right	1	24	15.219	1577
8	13	4	40	10	right	right	1	25	15.509	1612
8	14	4	40	10	right	left	0	14	15.504	903
8	15	4	40	10	right	right	1	15	15.045	997
8	16	4	40	10	right	right	1	24	15.142	1585
8	17	4	40	10	right	right	1	17	15.799	1076
8	18	4	40	10	left	right	0	20	15.504	1290
8	19	4	40	10	right	left	0	21	15.239	1378
8	20	4	40	10	right	right	1	80	15.256	5244
8	21	4	40	10	left	right	0	34	15.199	2237
8	22	4	40	10	left	right	0	35	15.211	2301
8	23	4	40	10	left	left	1	9	15.652	575
8	24	4	40	10	right	right	1	19	15.728	1208
8	25	4	40	10	right	right	1	19	15.41	1233
8	26	4	40	10	left	right	0	18	15.803	1139
8	27	4	40	10	left	left	1	8	15.873	504
8	28	4	40	10	right	right	1	12	15.326	783
8	29	4	40	10	left	left	1	13	15.682	829
8	30	4	40	10	right	right	1	12	15.228	788
8	31	4	40	10	right	left	0	11	16.692	659
8	32	4	40	10	left	right	0	21	15.228	1379
8	33	4	40	10	right	left	0	9	16.393	549
8	34	4	40	10	right	left	0	22	15.782	1394
8	35	4	40	10	left	right	0	7	15.184	461
8	36	4	40	10	left	left	1	20	15.528	1288
8	37	4	40	10	left	left	1	21	15.695	1338
8	38	4	40	10	left	left	1	19	15.742	1207
8	39	4	40	10	left	left	1	21	15.441	1360
8	40	4	40	10	left	left	1	16	15.671	1021
9	1	4	40	10	right	right	1	11	16.058	685
9	2	4	40	10	right	right	1	15	15.48	969
9	3	4	40	10	right	right	1	16	15.094	1060
9	4	4	40	10	right	right	1	21	15.801	1329
9	5	4	40	10	left	right	0	15	15.94	941
9	6	4	40	10	left	right	0	27	15.652	1725
9	7	4	40	10	right	left	0	22	15.714	1400
9	8	4	40	10	right	right	1	31	15.294	2027
9	9	4	40	10	left	left	1	35	15.291	2289
9	10	4	40	10	left	left	1	52	15.412	3374
9	11	4	40	10	left	left	1	26	15.205	1710
9	12	4	40	10	left	left	1	28	15.385	1820
9	13	4	40	10	left	left	1	30	15.456	1941
9	14	4	40	10	right	right	1	23	15.202	1513
9	15	4	40	10	left	right	0	26	15.169	1714
9	16	4	40	10	left	left	1	31	15.469	2004
9	17	4	40	10	left	left	1	20	15.326	1305
9	18	4	40	10	left	left	1	25	15.586	1604
9	19	4	40	10	left	left	1	31	15.554	1993
9	20	4	40	10	left	left	1	45	15.385	2925
9	21	4	40	10	left	left	1	27	15.607	1730
9	22	4	40	10	left	left	1	24	15.534	1545
9	23	4	40	10	right	right	1	19	15.913	1194
9	24	4	40	10	right	left	0	20	15.302	1307
9	25	4	40	10	right	right	1	16	15.459	1035
9	26	4	40	10	left	left	1	55	15.177	3624
9	27	4	40	10	right	right	1	18	15.424	1167
9	28	4	40	10	right	right	1	31	15.385	2015
9	29	4	40	10	right	right	1	29	15.583	1861
9	30	4	40	10	right	left	0	20	15.152	1320
9	31	4	40	10	left	right	0	20	15.823	1264
9	32	4	40	10	right	right	1	19	15.625	1216
9	33	4	40	10	right	left	0	18	15.831	1137
9	34	4	40	10	right	right	1	23	15.743	1461
9	35	4	40	10	left	left	1	17	15.668	1085
9	36	4	40	10	right	left	0	21	15.695	1338
9	37	4	40	10	right	right	1	11	16.296	675
9	38	4	40	10	left	right	0	17	15.992	1063
9	39	4	40	10	right	left	0	10	16.207	617
9	40	4	40	10	left	left	1	13	15.348	847
10	1	4	40	10	left	left	1	10	15.385	650
10	2	4	40	10	right	right	1	10	15.699	637
10	3	4	40	10	right	left	0	13	16.27	799
10	4	4	40	10	right	right	1	11	16.692	659
10	5	4	40	10	right	right	1	15	15.275	982
10	6	4	40	10	right	right	1	14	15.608	897
10	7	4	40	10	right	left	0	13	15.294	850
10	8	4	40	10	right	right	1	22	15.636	1407
10	9	4	40	10	left	left	1	17	15.668	1085
10	10	4	40	10	left	left	1	14	15.419	908
10	11	4	40	10	right	right	1	13	16.291	798
10	12	4	40	10	right	left	0	14	16.279	860
10	13	4	40	10	right	right	1	12	16.282	737
10	14	4	40	10	left	left	1	32	15.34	2086
10	15	4	40	10	right	right	1	20	15.949	1254
10	16	4	40	10	right	right	1	14	16.055	872
10	17	4	40	10	left	left	1	16	15.764	1015
10	18	4	40	10	left	right	0	15	15.306	980
10	19	4	40	10	left	left	1	26	15.588	1668
10	20	4	40	10	right	right	1	30	15.617	1921
10	21	4	40	10	right	right	1	24	15.424	1556
10	22	4	40	10	right	right	1	21	15.464	1358
10	23	4	40	10	right	right	1	22	15.32	1436
10	24	4	40	10	left	left	1	25	15.291	1635
10	25	4	40	10	left	right	0	26	15.267	1703
10	26	4	40	10	left	left	1	14	16.018	874
10	27	4	40	10	left	left	1	17	15.483	1098
10	28	4	40	10	right	right	1	14	15.608	897
10	29	4	40	10	left	left	1	18	15.707	1146
10	30	4	40	10	left	right	0	18	15.293	1177
10	31	4	40	10	left	left	1	9	15.652	575
10	32	4	40	10	left	right	0	12	15.979	751
10	33	4	40	10	left	left	1	40	15.426	2593
10	34	4	40	10	right	right	1	29	15.312	1894
10	35	4	40	10	left	right	0	25	15.235	1641
10	36	4	40	10	left	left	1	18	15.929	1130
10	37	4	40	10	right	right	1	13	16.069	809
10	38	4	40	10	left	left	1	16	15.385	1040
10	39	4	40	10	left	right	0	16	15.429	1037
10	40	4	40	10	right	right	1	16	15.296	1046
11	1	4	40	10	left	left	1	15	15.707	955
11	2	4	40	10	left	left	1	12	16.349	734
11	3	4	40	10	left	left	1	11	15.737	699
11	4	4	40	10	left	left	1	11	15.471	711
11	5	4	40	10	left	left	1	17	15.343	1108
11	6	4	40	10	right	right	1	12	15.564	771
11	7	4	40	10	right	right	1	16	15.857	1009
11	8	4	40	10	left	left	1	15	15.674	957
11	9	4	40	10	right	right	1	14	15.504	903
11	10	4	40	10	right	right	1	20	15.613	1281
11	11	4	40	10	left	left	1	15	15.707	955
11	12	4	40	10	right	right	1	15	15.4	974
11	13	4	40	10	left	left	1	18	15.385	1170
11	14	4	40	10	right	right	1	13	15.33	848
11	15	4	40	10	left	left	1	17	15.962	1065
11	16	4	40	10	left	left	1	29	15.508	1870
11	17	4	40	10	left	left	1	39	15.427	2528
11	18	4	40	10	right	right	1	16	15.459	1035
11	19	4	40	10	right	right	1	15	15.369	976
11	20	4	40	10	right	right	1	14	15.982	876
11	21	4	40	10	right	right	1	15	15.69	956
11	22	4	40	10	right	left	0	25	15.48	1615
11	23	4	40	10	left	left	1	13	16.109	807
11	24	4	40	10	left	left	1	16	15.779	1014
11	25	4	40	10	right	right	1	14	15.317	914
11	26	4	40	10	left	left	1	32	15.474	2068
11	27	4	40	10	right	right	1	15	16.112	931
11	28	4	40	10	right	right	1	22	15.395	1429
11	29	4	40	10	right	right	1	16	15.094	1060
11	30	4	40	10	left	left	1	17	15.843	1073
11	31	4	40	10	left	left	1	28	15.292	1831
11	32	4	40	10	right	right	1	15	15.625	960
11	33	4	40	10	left	left	1	21	15.59	1347
11	34	4	40	10	right	right	1	18	15.734	1144
11	35	4	40	10	right	right	1	18	15.319	1175
11	36	4	40	10	right	right	1	19	15.139	1255
11	37	4	40	10	left	left	1	17	15.947	1066
11	38	4	40	10	left	left	1	31	15.316	2024
11	39	4	40	10	left	left	1	33	15.349	2150
11	40	4	40	10	right	right	1	16	15.414	1038
12	1	4	40	10	left	left	1	12	15.957	752
12	2	4	40	10	left	left	1	15	15.152	990
12	3	4	40	10	left	left	1	14	16.018	874
12	4	4	40	10	right	right	1	17	15.483	1098
12	5	4	40	10	right	left	0	17	15.274	1113
12	6	4	40	10	left	left	1	19	15.677	1212
12	7	4	40	10	right	right	1	13	15.815	822
12	8	4	40	10	left	left	1	12	16.021	749
12	9	4	40	10	left	left	1	12	15.584	770
12	10	4	40	10	left	left	1	10	15.432	648
12	11	4	40	10	left	right	0	9	16.698	539
12	12	4	40	10	left	left	1	9	15.625	576
12	13	4	40	10	right	right	1	15	16.009	937
12	14	4	40	10	right	left	0	10	16.807	595
12	15	4	40	10	left	left	1	12	15.605	769
12	16	4	40	10	left	left	1	10	16.694	599
12	17	4	40	10	right	right	1	9	16.514	545
12	18	4	40	10	right	left	0	9	16.514	545
12	19	4	40	10	right	right	1	22	15.658	1405
12	20	4	40	10	right	right	1	15	15.823	948
12	21	4	40	10	left	left	1	12	15.345	782
12	22	4	40	10	right	right	1	13	15.682	829
12	23	4	40	10	left	left	1	14	16.279	860
12	24	4	40	10	right	right	1	14	15.402	909
12	25	4	40	10	left	right	0	16	15.534	1030
12	26	4	40	10	right	right	1	14	15.217	920
12	27	4	40	10	left	left	1	21	15.602	1346
12	28	4	40	10	right	right	1	16	15.414	1038
12	29	4	40	10	left	left	1	37	15.507	2386
12	30	4	40	10	right	right	1	17	15.274	1113
12	31	4	40	10	left	left	1	23	15.374	1496
12	32	4	40	10	right	right	1	18	15.957	1128
12	33	4	40	10	right	right	1	19	15.638	1215
12	34	4	40	10	left	left	1	19	15.127	1256
12	35	4	40	10	right	right	1	13	15.569	835
12	36	4	40	10	right	right	1	14	15.873	882
12	37	4	40	10	right	right	1	16	15.109	1059
12	38	4	40	10	left	left	1	15	15.244	984
12	39	4	40	10	left	left	1	16	15.094	1060
12	40	4	40	10	right	right	1	12	15.936	753
13	1	4	40	10	left	right	0	14	15.66	894
13	2	4	40	10	left	left	1	18	15.666	1149
13	3	4	40	10	right	right	1	11	15.193	724
13	4	4	40	10	right	right	1	11	15.257	721
13	5	4	40	10	right	right	1	11	15.67	702
13	6	4	40	10	left	left	1	9	15.571	578
13	7	4	40	10	left	left	1	9	16.453	547
13	8	4	40	10	right	right	1	11	15.027	732
13	9	4	40	10	left	left	1	11	15.782	697
13	10	4	40	10	right	right	1	9	16.187	556
13	11	4	40	10	left	left	1	10	14.948	669
13	12	4	40	10	left	left	1	16	15.873	1008
13	13	4	40	10	left	left	1	17	15.568	1092
13	14	4	40	10	right	right	1	9	15.571	578
13	15	4	40	10	right	right	1	24	15.595	1539
13	16	4	40	10	right	left	0	21	15.66	1341
13	17	4	40	10	right	right	1	13	15.951	815
13	18	4	40	10	left	left	1	33	15.356	2149
13	19	4	40	10	right	left	0	19	15.152	1254
13	20	4	40	10	left	right	0	20	15.564	1285
13	21	4	40	10	left	left	1	6	16.086	373
13	22	4	40	10	right	right	1	10	15.408	649
13	23	4	40	10	left	left	1	16	15.564	1028
13	24	4	40	10	left	left	1	15	15.873	945
13	25	4	40	10	left	right	0	11	15.385	715
13	26	4	40	10	right	right	1	11	15.896	692
13	27	4	40	10	right	right	1	16	15.873	1008
13	28	4	40	10	left	left	1	11	16.272	676
13	29	4	40	10	left	left	1	16	15.385	1040
13	30	4	40	10	left	left	1	16	15.08	1061
13	31	4	40	10	left	left	1	15	16.269	922
13	32	4	40	10	right	right	1	16	15.326	1044
13	33	4	40	10	left	left	1	12	16.282	737
13	34	4	40	10	right	right	1	14	15.521	902
13	35	4	40	10	right	left	0	14	15.351	912
13	36	4	40	10	right	right	1	15	15.4	974
13	37	4	40	10	right	right	1	25	15.694	1593
13	38	4	40	10	left	right	0	18	15.887	1133
13	39	4	40	10	right	left	0	10	15.798	633
13	40	4	40	10	right	right	1	11	16.743	657
14	1	4	40	10	left	right	0	30	15.4	1948
14	2	4	40	10	left	left	1	11	16.442	669
14	3	4	40	10	left	left	1	15	15.121	992
14	4	4	40	10	right	right	1	15	16.251	923
14	5	4	40	10	left	left	1	10	15.291	654
14	6	4	40	10	right	right	1	13	15.348	847
14	7	4	40	10	right	right	1	28	15.16	1847
14	8	4	40	10	left	right	0	21	15.34	1369
14	9	4	40	10	right	left	0	12	15.894	755
14	10	4	40	10	left	right	0	7	15.73	445
14	11	4	40	10	right	right	1	7	15.086	464
14	12	4	40	10	left	left	1	14	16.092	870
14	13	4	40	10	right	right	1	11	16.035	686
14	14	4	40	10	left	left	1	10	15.576	642
14	15	4	40	10	left	right	0	12	15.209	789
14	16	4	40	10	left	left	1	8	16.667	480
14	17	4	40	10	right	right	1	13	15.796	823
14	18	4	40	10	right	right	1	19	15.249	1246
14	19	4	40	10	right	right	1	13	15.33	848
14	20	4	40	10	left	left	1	14	15.766	888
14	21	4	40	10	left	right	0	15	15.74	953
14	22	4	40	10	right	left	0	8	15.625	512
14	23	4	40	10	right	right	1	14	15.267	917
14	24	4	40	10	right	right	1	12	15.666	766
14	25	4	40	10	right	right	1	25	15.281	1636
14	26	4	40	10	left	right	0	22	15.537	1416
14	27	4	40	10	right	right	1	12	15.727	763
14	28	4	40	10	right	left	0	16	15.748	1016
14	29	4	40	10	left	right	0	12	15.915	754
14	30	4	40	10	left	right	0	18	15.254	1180
14	31	4	40	10	right	left	0	30	15.488	1937
14	32	4	40	10	left	right	0	15	16.129	930
14	33	4	40	10	right	right	1	19	15.422	1232
14	34	4	40	10	left	left	1	14	15.301	915
14	35	4	40	10	left	left	1	36	15.491	2324
14	36	4	40	10	right	right	1	15	15.213	986
14	37	4	40	10	right	left	0	21	15.385	1365
14	38	4	40	10	left	left	1	16	15.889	1007
14	39	4	40	10	left	left	1	32	15.304	2091
14	40	4	40	10	right	left	0	27	15.385	1755
15	1	4	40	10	left	right	0	11	16.035	686
15	2	4	40	10	left	left	1	13	16.129	806
15	3	4	40	10	left	left	1	21	13.419	1565
15	4	4	40	10	right	right	1	14	15.487	904
15	5	4	40	10	left	left	1	19	15.82	1201
15	6	4	40	10	right	right	1	14	15.855	883
15	7	4	40	10	left	left	1	16	15.109	1059
15	8	4	40	10	left	left	1	14	15.201	921
15	9	4	40	10	left	left	1	29	15.336	1891
15	10	4	40	10	right	left	0	16	15.795	1013
15	11	4	40	10	left	left	1	12	15.504	774
15	12	4	40	10	right	right	1	15	15.432	972
15	13	4	40	10	right	right	1	14	15.766	888
15	14	4	40	10	left	left	1	13	15.476	840
15	15	4	40	10	left	right	0	9	16.071	560
15	16	4	40	10	right	left	0	7	15.73	445
15	17	4	40	10	left	left	1	11	15.131	727
15	18	4	40	10	right	left	0	11	16.492	667
15	19	4	40	10	right	right	1	10	15.748	635
15	20	4	40	10	left	left	1	16	15.92	1005
15	21	4	40	10	right	left	0	15	15.74	953
15	22	4	40	10	right	left	0	10	15.601	641
15	23	4	40	10	left	left	1	12	16.107	745
15	24	4	40	10	left	left	1	15	16.199	926
15	25	4	40	10	right	left	0	14	15.784	887
15	26	4	40	10	right	right	1	11	15.172	725
15	27	4	40	10	left	left	1	14	16.018	874
15	28	4	40	10	right	left	0	16	15.717	1018
15	29	4	40	10	right	left	0	10	16.34	612
15	30	4	40	10	right	right	1	13	15.152	858
15	31	4	40	10	left	left	1	16	15.595	1026
15	32	4	40	10	right	right	1	24	15.635	1535
15	33	4	40	10	right	right	1	13	15.912	817
15	34	4	40	10	left	left	1	20	15.723	1272
15	35	4	40	10	right	right	1	15	16.112	931
15	36	4	40	10	right	right	1	15	15.544	965
15	37	4	40	10	left	left	1	11	16.393	671
15	38	4	40	10	right	right	1	9	15.986	563
15	39	4	40	10	left	left	1	10	15.337	652
15	40	4	40	10	left	left	1	16	15.889	1007
16	1	4	40	10	left	right	0	9	15.228	591
16	2	4	40	10	right	right	1	14	15.402	909
16	3	4	40	10	left	left	1	14	15.945	878
16	4	4	40	10	left	left	1	13	16.129	806
16	5	4	40	10	left	left	1	17	15.785	1077
16	6	4	40	10	left	left	1	12	15.404	779
16	7	4	40	10	right	right	1	11	15.782	697
16	8	4	40	10	right	right	1	10	15.314	653
16	9	4	40	10	right	right	1	12	16.129	744
16	10	4	40	10	right	left	0	11	16.442	669
16	11	4	40	10	right	right	1	8	16.227	493
16	12	4	40	10	right	right	1	12	16.216	740
16	13	4	40	10	right	left	0	11	15.782	697
16	14	4	40	10	right	right	1	8	15.564	514
16	15	4	40	10	right	right	1	11	15.965	689
16	16	4	40	10	left	left	1	10	16.077	622
16	17	4	40	10	right	right	1	14	15.766	888
16	18	4	40	10	left	left	1	16	15.748	1016
16	19	4	40	10	left	right	0	12	15.873	756
16	20	4	40	10	left	left	1	27	15.211	1775
16	21	4	40	10	right	left	0	12	16	750
16	22	4	40	10	left	right	0	7	15.317	457
16	23	4	40	10	left	left	1	7	15.766	444
16	24	4	40	10	left	left	1	14	16.185	865
16	25	4	40	10	left	left	1	11	15.406	714
16	26	4	40	10	right	right	1	11	16.224	678
16	27	4	40	10	right	right	1	13	15.294	850
16	28	4	40	10	right	right	1	12	15.584	770
16	29	4	40	10	right	right	1	22	15.193	1448
16	30	4	40	10	right	right	1	11	16.2	679
16	31	4	40	10	left	left	1	12	15.404	779
16	32	4	40	10	left	right	0	11	15.428	713
16	33	4	40	10	left	right	0	10	15.974	626
16	34	4	40	10	left	right	0	20	15.81	1265
16	35	4	40	10	left	left	1	8	15.842	505
16	36	4	40	10	left	left	1	16	15.152	1056
16	37	4	40	10	right	left	0	12	15.524	773
16	38	4	40	10	right	right	1	8	16.129	496
16	39	4	40	10	right	right	1	15	15.641	959
16	40	4	40	10	left	right	0	13	15.912	817
17	1	4	40	10	right	right	1	13	16.149	805
17	2	4	40	10	right	right	1	13	16.01	812
17	3	4	40	10	left	left	1	16	15.579	1027
17	4	4	40	10	left	right	0	12	16.151	743
17	5	4	40	10	right	right	1	12	15.769	761
17	6	4	40	10	right	right	1	11	15.131	727
17	7	4	40	10	right	right	1	11	15.896	692
17	8	4	40	10	right	right	1	9	16.304	552
17	9	4	40	10	right	right	1	12	15.306	784
17	10	4	40	10	right	right	1	12	16.327	735
17	11	4	40	10	right	right	1	12	16.216	740
17	12	4	40	10	right	right	1	11	16.153	681
17	13	4	40	10	left	left	1	24	15.113	1588
17	14	4	40	10	left	left	1	14	16.222	863
17	15	4	40	10	right	right	1	14	15.927	879
17	16	4	40	10	left	left	1	16	15.748	1016
17	17	4	40	10	right	right	1	14	16.11	869
17	18	4	40	10	left	left	1	18	16	1125
17	19	4	40	10	left	left	1	11	15.363	716
17	20	4	40	10	right	right	1	12	15.287	785
17	21	4	40	10	left	left	1	13	16.27	799
17	22	4	40	10	left	right	0	13	16.129	806
17	23	4	40	10	right	right	1	22	15.703	1401
17	24	4	40	10	left	right	0	13	16.27	799
17	25	4	40	10	right	left	0	10	16.584	603
17	26	4	40	10	left	right	0	9	16.729	538
17	27	4	40	10	left	left	1	21	15.195	1382
17	28	4	40	10	right	right	1	24	15.267	1572
17	29	4	40	10	right	left	0	16	15.429	1037
17	30	4	40	10	left	right	0	8	16.667	480
17	31	4	40	10	left	tooFast	2	4	18.349	218
17	32	4	40	10	right	right	1	11	15.299	719
17	33	4	40	10	left	left	1	12	16.064	747
17	34	4	40	10	left	left	1	16	15.489	1033
17	35	4	40	10	right	right	1	14	16.11	869
17	36	4	40	10	left	left	1	15	15.924	942
17	37	4	40	10	right	right	1	13	15.625	832
17	38	4	40	10	left	right	0	13	16.089	808
17	39	4	40	10	left	left	1	8	16.26	492
17	40	4	40	10	left	right	0	13	15.738	826
18	1	4	40	10	right	right	1	9	15.679	574
18	2	4	40	10	left	right	0	10	14.903	671
18	3	4	40	10	left	right	0	7	16.548	423
18	4	4	40	10	left	right	0	7	16.471	425
18	5	4	40	10	right	right	1	6	15.504	387
18	6	4	40	10	right	right	1	12	15.81	759
18	7	4	40	10	left	right	0	13	15.532	837
18	8	4	40	10	right	right	1	6	17.804	337
18	9	4	40	10	left	right	0	11	15.896	692
18	10	4	40	10	right	left	0	4	15.81	253
18	11	4	40	10	right	tooFast	2	4	17.621	227
18	12	4	40	10	right	right	1	20	15.637	1279
18	13	4	40	10	left	left	1	20	15.314	1306
18	14	4	40	10	right	right	1	15	15.924	942
18	15	4	40	10	left	left	1	15	15.496	968
18	16	4	40	10	right	right	1	25	15.356	1628
18	17	4	40	10	right	right	1	24	15.8	1519
18	18	4	40	10	left	left	1	13	16.089	808
18	19	4	40	10	right	right	1	15	15.658	958
18	20	4	40	10	right	left	0	14	16.037	873
18	21	4	40	10	left	right	0	23	15.303	1503
18	22	4	40	10	left	left	1	34	15.152	2244
18	23	4	40	10	left	right	0	23	15.625	1472
18	24	4	40	10	left	left	1	29	15.199	1908
18	25	4	40	10	right	right	1	17	15.511	1096
18	26	4	40	10	right	right	1	13	15.815	822
18	27	4	40	10	left	left	1	14	15.964	877
18	28	4	40	10	left	left	1	12	15.345	782
18	29	4	40	10	left	right	0	20	15.198	1316
18	30	4	40	10	right	left	0	16	15.429	1037
18	31	4	40	10	left	left	1	33	15.515	2127
18	32	4	40	10	left	left	1	13	15.33	848
18	33	4	40	10	right	right	1	15	15.756	952
18	34	4	40	10	right	right	1	12	16.064	747
18	35	4	40	10	right	left	0	11	15.805	696
18	36	4	40	10	left	right	0	9	15.598	577
18	37	4	40	10	left	left	1	14	15.251	918
18	38	4	40	10	left	left	1	19	15.127	1256
18	39	4	40	10	right	left	0	14	15.59	898
18	40	4	40	10	right	right	1	13	15.777	824
19	1	4	40	10	right	right	1	13	16.311	797
19	2	4	40	10	left	left	1	38	15.453	2459
19	3	4	40	10	right	right	1	13	15.854	820
19	4	4	40	10	right	right	1	11	15.214	723
19	5	4	40	10	right	right	1	11	16.176	680
19	6	4	40	10	left	left	1	16	15.109	1059
19	7	4	40	10	right	right	1	11	15.428	713
19	8	4	40	10	right	right	1	10	15.699	637
19	9	4	40	10	left	left	1	11	16.176	680
19	10	4	40	10	left	left	1	11	15.559	707
19	11	4	40	10	right	right	1	10	16.694	599
19	12	4	40	10	right	right	1	11	15.965	689
19	13	4	40	10	left	left	1	11	16.442	669
19	14	4	40	10	right	right	1	10	16.667	600
19	15	4	40	10	right	right	1	10	15.601	641
19	16	4	40	10	right	right	1	10	16.129	620
19	17	4	40	10	left	left	1	10	15.674	638
19	18	4	40	10	right	right	1	11	16.369	672
19	19	4	40	10	left	left	1	28	15.184	1844
19	20	4	40	10	left	left	1	20	15.361	1302
19	21	4	40	10	left	left	1	26	15.616	1665
19	22	4	40	10	right	right	1	11	15.85	694
19	23	4	40	10	left	left	1	14	15.73	890
19	24	4	40	10	left	left	1	20	15.588	1283
19	25	4	40	10	left	left	1	16	15.282	1047
19	26	4	40	10	left	left	1	23	15.84	1452
19	27	4	40	10	left	left	1	17	15.814	1075
19	28	4	40	10	left	left	1	18	15.831	1137
19	29	4	40	10	right	right	1	19	15.728	1208
19	30	4	40	10	right	right	1	18	15.19	1185
19	31	4	40	10	right	right	1	18	15.598	1154
19	32	4	40	10	right	right	1	23	15.786	1457
19	33	4	40	10	left	right	0	18	15.28	1178
19	34	4	40	10	left	left	1	20	15.456	1294
19	35	4	40	10	right	right	1	17	15.611	1089
19	36	4	40	10	left	right	0	27	15.42	1751
19	37	4	40	10	left	left	1	15	15.306	980
19	38	4	40	10	right	right	1	18	15.986	1126
19	39	4	40	10	right	right	1	23	15.732	1462
19	40	4	40	10	left	left	1	19	15.46	1229
20	1	4	40	10	right	right	1	13	16.069	809
20	2	4	40	10	left	left	1	15	15.625	960
20	3	4	40	10	right	right	1	12	15.564	771
20	4	4	40	10	right	right	1	12	15.287	785
20	5	4	40	10	right	right	1	13	16.27	799
20	6	4	40	10	left	left	1	13	15.815	822
20	7	4	40	10	left	left	1	14	16.26	861
20	8	4	40	10	left	left	1	10	14.948	669
20	9	4	40	10	right	right	1	12	15.605	769
20	10	4	40	10	right	right	1	13	16.129	806
20	11	4	40	10	left	left	1	11	15.692	701
20	12	4	40	10	right	right	1	13	15.606	833
20	13	4	40	10	left	left	1	11	16.743	657
20	14	4	40	10	right	right	1	10	15.723	636
20	15	4	40	10	left	left	1	10	15.48	646
20	16	4	40	10	right	right	1	14	16.185	865
20	17	4	40	10	right	right	1	16	15.253	1049
20	18	4	40	10	left	left	1	13	16.129	806
20	19	4	40	10	right	right	1	17	15.903	1069
20	20	4	40	10	right	right	1	22	15.592	1411
20	21	4	40	10	right	right	1	15	15.353	977
20	22	4	40	10	right	right	1	16	15.459	1035
20	23	4	40	10	left	left	1	19	15.625	1216
20	24	4	40	10	right	left	0	30	15.609	1922
20	25	4	40	10	left	left	1	21	15.239	1378
20	26	4	40	10	left	left	1	15	15.121	992
20	27	4	40	10	left	left	1	28	15.73	1780
20	28	4	40	10	right	right	1	28	15.722	1781
20	29	4	40	10	left	left	1	17	15.455	1100
20	30	4	40	10	right	right	1	18	15.28	1178
20	31	4	40	10	left	left	1	18	15.385	1170
20	32	4	40	10	left	left	1	34	15.49	2195
20	33	4	40	10	right	right	1	31	15.523	1997
20	34	4	40	10	left	left	1	18	15.267	1179
20	35	4	40	10	left	left	1	24	15.595	1539
20	36	4	40	10	left	left	1	18	16	1125
20	37	4	40	10	left	left	1	29	15.591	1860
20	38	4	40	10	right	right	1	17	16.008	1062
20	39	4	40	10	right	right	1	18	15.901	1132
20	40	4	40	10	left	left	1	20	15.117	1323
21	1	4	40	10	left	left	1	12	15.831	758
21	2	4	40	10	left	left	1	11	15.559	707
21	3	4	40	10	right	right	1	11	16.393	671
21	4	4	40	10	left	left	1	11	15.559	707
21	5	4	40	10	left	left	1	11	16.2	679
21	6	4	40	10	left	left	1	12	15.894	755
21	7	4	40	10	right	right	1	14	15.891	881
21	8	4	40	10	right	right	1	14	15.59	898
21	9	4	40	10	right	right	1	24	15.514	1547
21	10	4	40	10	right	left	0	13	16.311	797
21	11	4	40	10	right	right	1	12	15.152	792
21	12	4	40	10	right	right	1	14	15.784	887
21	13	4	40	10	left	left	1	10	15.432	648
21	14	4	40	10	right	right	1	13	16.209	802
21	15	4	40	10	left	left	1	29	15.417	1881
21	16	4	40	10	left	left	1	23	15.416	1492
21	17	4	40	10	right	right	1	15	15.823	948
21	18	4	40	10	right	right	1	19	15.847	1199
21	19	4	40	10	left	right	0	21	15.453	1359
21	20	4	40	10	right	left	0	8	15.123	529
21	21	4	40	10	right	right	1	7	15.695	446
21	22	4	40	10	left	right	0	11	16.105	683
21	23	4	40	10	left	right	0	17	15.683	1084
21	24	4	40	10	right	right	1	9	15.228	591
21	25	4	40	10	right	left	0	12	15.464	776
21	26	4	40	10	left	right	0	8	16.032	499
21	27	4	40	10	left	right	0	15	15.789	950
21	28	4	40	10	right	right	1	9	15.929	565
21	29	4	40	10	right	right	1	13	16.129	806
21	30	4	40	10	left	right	0	13	15.532	837
21	31	4	40	10	right	left	0	10	16.393	610
21	32	4	40	10	left	right	0	11	16.591	663
21	33	4	40	10	left	right	0	9	15.411	584
21	34	4	40	10	left	left	1	14	15.964	877
21	35	4	40	10	right	right	1	17	15.77	1078
21	36	4	40	10	left	left	1	12	16.216	740
21	37	4	40	10	right	right	1	13	16.069	809
21	38	4	40	10	left	left	1	14	15.766	888
21	39	4	40	10	left	right	0	12	15.424	778
21	40	4	40	10	right	left	0	9	15.734	572
22	1	4	40	10	left	right	0	12	16.086	746
22	2	4	40	10	left	left	1	10	16.556	604
22	3	4	40	10	right	right	1	11	16.035	686
22	4	4	40	10	right	right	1	11	16.743	657
22	5	4	40	10	right	right	1	11	15.537	708
22	6	4	40	10	left	left	1	13	16.089	808
22	7	4	40	10	left	left	1	13	15.644	831
22	8	4	40	10	right	right	1	24	15.474	1551
22	9	4	40	10	left	left	1	20	15.613	1281
22	10	4	40	10	right	right	1	13	15.55	836
22	11	4	40	10	right	right	1	11	15.193	724
22	12	4	40	10	left	left	1	19	15.212	1249
22	13	4	40	10	right	right	1	11	15.385	715
22	14	4	40	10	left	left	1	22	15.204	1447
22	15	4	40	10	left	left	1	13	15.815	822
22	16	4	40	10	right	right	1	13	16.149	805
22	17	4	40	10	right	left	0	11	15.559	707
22	18	4	40	10	right	right	1	6	17.647	340
22	19	4	40	10	right	right	1	17	15.639	1087
22	20	4	40	10	left	left	1	13	16.149	805
22	21	4	40	10	right	right	1	12	15.707	764
22	22	4	40	10	right	right	1	28	15.209	1841
22	23	4	40	10	left	left	1	14	16.298	859
22	24	4	40	10	right	right	1	11	16.692	659
22	25	4	40	10	left	left	1	14	15.642	895
22	26	4	40	10	left	right	0	15	16.026	936
22	27	4	40	10	left	left	1	19	15.335	1239
22	28	4	40	10	right	right	1	12	15.287	785
22	29	4	40	10	right	right	1	11	16.591	663
22	30	4	40	10	left	left	1	14	16.148	867
22	31	4	40	10	left	right	0	19	15.385	1235
22	32	4	40	10	right	right	1	12	16.086	746
22	33	4	40	10	left	right	0	17	15.992	1063
22	34	4	40	10	left	right	0	14	15.317	914
22	35	4	40	10	left	left	1	12	15.957	752
22	36	4	40	10	left	left	1	24	15.326	1566
22	37	4	40	10	left	left	1	19	15.523	1224
22	38	4	40	10	right	right	1	14	15.73	890
22	39	4	40	10	right	right	1	22	15.771	1395
22	40	4	40	10	right	left	0	15	16.146	929
23	1	4	40	10	left	right	0	8	15.326	522
23	2	4	40	10	right	right	1	10	16.051	623
23	3	4	40	10	right	left	0	14	15.748	889
23	4	4	40	10	left	right	0	8	16.985	471
23	5	4	40	10	right	right	1	12	15.424	778
23	6	4	40	10	right	right	1	11	16.176	680
23	7	4	40	10	right	right	1	10	16.34	612
23	8	4	40	10	right	left	0	10	15.291	654
23	9	4	40	10	right	right	1	13	15.385	845
23	10	4	40	10	left	left	1	15	15.544	965
23	11	4	40	10	left	right	0	9	15.625	576
23	12	4	40	10	left	left	1	13	15.385	845
23	13	4	40	10	right	right	1	10	15.504	645
23	14	4	40	10	right	left	0	9	16.071	560
23	15	4	40	10	right	right	1	5	15.773	317
23	16	4	40	10	left	left	1	15	16.026	936
23	17	4	40	10	right	right	1	10	16.181	618
23	18	4	40	10	right	left	0	13	15.403	844
23	19	4	40	10	right	tooFast	2	2	27.397	73
23	20	4	40	10	left	right	0	5	18.727	267
23	21	4	40	10	left	left	1	6	16.667	360
23	22	4	40	10	left	right	0	10	16.584	603
23	23	4	40	10	right	right	1	15	16.129	930
23	24	4	40	10	left	left	1	11	15.363	716
23	25	4	40	10	right	right	1	10	16.667	600
23	26	4	40	10	left	left	1	9	15.358	586
23	27	4	40	10	left	left	1	9	15.762	571
23	28	4	40	10	left	left	1	9	15.957	564
23	29	4	40	10	right	left	0	9	16.423	548
23	30	4	40	10	right	right	1	8	15.326	522
23	31	4	40	10	left	left	1	9	15.177	593
23	32	4	40	10	right	left	0	10	16.807	595
23	33	4	40	10	left	right	0	6	16.62	361
23	34	4	40	10	right	right	1	13	15.738	826
23	35	4	40	10	right	left	0	20	15.14	1321
23	36	4	40	10	left	right	0	4	16	250
23	37	4	40	10	left	tooFast	2	4	17.937	223
23	38	4	40	10	left	left	1	25	15.596	1603
23	39	4	40	10	left	left	1	19	15.536	1223
23	40	4	40	10	left	left	1	14	16.204	864
24	1	4	40	10	right	right	1	10	15.361	651
24	2	4	40	10	left	left	1	13	15.663	830
24	3	4	40	10	right	right	1	11	16.616	662
24	4	4	40	10	right	right	1	11	15.603	705
24	5	4	40	10	left	right	0	12	16.349	734
24	6	4	40	10	left	left	1	8	16.985	471
24	7	4	40	10	right	right	1	9	15.254	590
24	8	4	40	10	left	right	0	11	16.012	687
24	9	4	40	10	right	left	0	8	16.129	496
24	10	4	40	10	right	right	1	15	15.839	947
24	11	4	40	10	left	right	0	10	15.48	646
24	12	4	40	10	left	left	1	10	16.502	606
24	13	4	40	10	left	left	1	19	15.638	1215
24	14	4	40	10	right	right	1	19	15.127	1256
24	15	4	40	10	left	right	0	16	15.952	1003
24	16	4	40	10	left	right	0	18	16	1125
24	17	4	40	10	left	left	1	6	16.304	368
24	18	4	40	10	right	right	1	22	15.504	1419
24	19	4	40	10	left	right	0	15	15.991	938
24	20	4	40	10	right	left	0	10	16.207	617
24	21	4	40	10	right	right	1	12	15.625	768
24	22	4	40	10	right	right	1	15	15.789	950
24	23	4	40	10	right	right	1	16	15.152	1056
24	24	4	40	10	right	right	1	36	15.332	2348
24	25	4	40	10	left	right	0	17	15.455	1100
24	26	4	40	10	right	right	1	13	15.222	854
24	27	4	40	10	left	right	0	26	15.569	1670
24	28	4	40	10	left	left	1	9	16.071	560
24	29	4	40	10	left	left	1	18	15.517	1160
24	30	4	40	10	right	left	0	14	15.334	913
24	31	4	40	10	left	right	0	7	15.66	447
24	32	4	40	10	right	right	1	17	15.726	1081
24	33	4	40	10	left	left	1	12	16.151	743
24	34	4	40	10	left	left	1	11	16.248	677
24	35	4	40	10	right	right	1	10	16.447	608
24	36	4	40	10	right	left	0	11	16.517	666
24	37	4	40	10	right	right	1	7	16.746	418
24	38	4	40	10	left	right	0	10	16.26	615
24	39	4	40	10	right	left	0	6	15.385	390
24	40	4	40	10	left	left	1	18	15.859	1135
