
blkNum	trlNum	coherentDots	numberofDots	percentCoherence	winningDirection	response	correct	eventCount	averageFrameRate	RT
1	1	4	40	10	right	left	0	483	15.177	31825
1	2	4	40	10	left	left	1	39	15.312	2547
1	3	4	40	10	right	right	1	43	15.418	2789
1	4	4	40	10	right	left	0	18	15.531	1159
1	5	4	40	10	right	right	1	143	15.155	9436
1	6	4	40	10	right	tooFast	2	2	25.641	78
1	7	4	40	10	left	right	0	30	15.361	1953
1	8	4	40	10	left	left	1	21	15.683	1339
1	9	4	40	10	left	right	0	23	15.625	1472
1	10	4	40	10	left	right	0	14	15.521	902
2	1	4	40	10	left	left	1	23	15.212	1512
2	2	4	40	10	right	left	0	23	15.436	1490
2	3	4	40	10	left	right	0	32	15.159	2111
2	4	4	40	10	left	left	1	19	15.768	1205
2	5	4	40	10	left	tooFast	2	2	21.277	94
2	6	4	40	10	right	left	0	15	15.89	944
2	7	4	40	10	left	left	1	10	15.06	664
2	8	4	40	10	left	right	0	17	15.247	1115
2	9	4	40	10	left	right	0	9	14.827	607
2	10	4	40	10	right	right	1	14	15.504	903
2	11	4	40	10	left	tooFast	2	2	25.316	79
2	12	4	40	10	right	left	0	22	15.183	1449
2	13	4	40	10	left	left	1	11	15.515	709
2	14	4	40	10	left	tooFast	2	2	21.505	93
2	15	4	40	10	left	right	0	15	15.432	972
2	16	4	40	10	right	left	0	44	15.385	2860
2	17	4	40	10	right	left	0	52	15.236	3413
2	18	4	40	10	right	right	1	48	15.449	3107
2	19	4	40	10	right	tooFast	2	2	21.277	94
2	20	4	40	10	right	left	0	14	15.368	911
2	21	4	40	10	right	right	1	9	15.679	574
2	22	4	40	10	left	left	1	11	15.805	696
2	23	4	40	10	left	left	1	7	15.217	460
2	24	4	40	10	right	right	1	8	15.534	515
2	25	4	40	10	left	right	0	6	16.173	371
2	26	4	40	10	left	left	1	6	15.464	388
2	27	4	40	10	left	left	1	6	15.584	385
2	28	4	40	10	right	left	0	8	16.227	493
2	29	4	40	10	left	left	1	4	15.094	265
2	30	4	40	10	left	right	0	6	15.19	395
2	31	4	40	10	right	right	1	6	17.192	349
2	32	4	40	10	left	right	0	6	16.304	368
2	33	4	40	10	left	tooFast	2	3	16.216	185
2	34	4	40	10	left	left	1	9	15.491	581
2	35	4	40	10	right	left	0	9	16.158	557
2	36	4	40	10	right	left	0	5	16.234	308
2	37	4	40	10	right	right	1	9	15.986	563
3	1	4	40	10	left	right	0	13	15.458	841
3	2	4	40	10	left	right	0	12	15.345	782
3	3	4	40	10	right	left	0	8	16.598	482
3	4	4	40	10	right	left	0	11	15.67	702
3	5	4	40	10	right	right	1	9	16.822	535
3	6	4	40	10	right	left	0	13	15.931	816
3	7	4	40	10	left	right	0	6	15.789	380
3	8	4	40	10	right	right	1	6	16.086	373
3	9	4	40	10	right	right	1	10	16.207	617
3	10	4	40	10	left	left	1	10	14.993	667
3	11	4	40	10	right	left	0	14	15.784	887
3	12	4	40	10	left	right	0	9	16.605	542
3	13	4	40	10	left	left	1	5	16.287	307
3	14	4	40	10	left	right	0	14	16.241	862
3	15	4	40	10	left	left	1	8	15.267	524
3	16	4	40	10	right	left	0	11	16.272	676
3	17	4	40	10	left	tooFast	2	4	16.327	245
3	18	4	40	10	left	right	0	44	15.225	2890
3	19	4	40	10	left	left	1	7	15.487	452
3	20	4	40	10	left	left	1	12	15.748	762
3	21	4	40	10	left	right	0	10	15.432	648
3	22	4	40	10	right	right	1	7	16.241	431
3	23	4	40	10	right	left	0	29	15.32	1893
3	24	4	40	10	right	left	0	15	15.674	957
3	25	4	40	10	right	right	1	9	16.886	533
3	26	4	40	10	right	left	0	22	15.471	1422
3	27	4	40	10	right	tooFast	2	3	15.464	194
3	28	4	40	10	right	left	0	10	15.48	646
3	29	4	40	10	left	right	0	11	15.152	726
3	30	4	40	10	right	left	0	35	15.138	2312
3	31	4	40	10	right	right	1	12	15.894	755
3	32	4	40	10	right	right	1	15	15.369	976
3	33	4	40	10	left	left	1	14	15.695	892
3	34	4	40	10	left	right	0	13	15.99	813
3	35	4	40	10	left	right	0	7	15.837	442
3	36	4	40	10	right	left	0	6	14.815	405
3	37	4	40	10	left	left	1	10	15.848	631
3	38	4	40	10	right	left	0	14	15.317	914
3	39	4	40	10	right	right	1	9	15.385	585
3	40	4	40	10	left	right	0	21	15.419	1362
4	1	4	40	10	right	left	0	57	15.368	3709
4	2	4	40	10	left	right	0	5	15.823	316
4	3	4	40	10	left	left	1	10	14.993	667
4	4	4	40	10	left	left	1	6	15.038	399
4	5	4	40	10	left	right	0	5	14.706	340
4	6	4	40	10	right	left	0	9	15.101	596
4	7	4	40	10	right	tooFast	2	3	16.76	179
4	8	4	40	10	left	left	1	20	15.637	1279
4	9	4	40	10	right	right	1	48	15.104	3178
4	10	4	40	10	right	left	0	20	15.444	1295
4	11	4	40	10	left	right	0	9	16.822	535
4	12	4	40	10	left	left	1	20	15.564	1285
4	13	4	40	10	left	left	1	25	15.328	1631
4	14	4	40	10	left	right	0	14	15.419	908
4	15	4	40	10	right	left	0	14	16	875
4	16	4	40	10	right	right	1	7	15.59	449
4	17	4	40	10	left	right	0	6	15.038	399
4	18	4	40	10	left	left	1	33	15.214	2169
4	19	4	40	10	left	left	1	8	15.534	515
4	20	4	40	10	right	left	0	9	16.698	539
4	21	4	40	10	left	right	0	5	15.576	321
4	22	4	40	10	right	right	1	6	15.957	376
4	23	4	40	10	right	left	0	13	15.834	821
4	24	4	40	10	left	right	0	7	16.471	425
4	25	4	40	10	right	left	0	5	15.06	332
4	26	4	40	10	right	right	1	10	15.949	627
4	27	4	40	10	left	right	0	13	15.513	838
4	28	4	40	10	right	left	0	5	14.749	339
4	29	4	40	10	left	left	1	6	15.19	395
4	30	4	40	10	left	left	1	9	16.791	536
4	31	4	40	10	right	left	0	7	15.054	465
4	32	4	40	10	right	right	1	6	15.152	396
4	33	4	40	10	left	right	0	7	15.054	465
4	34	4	40	10	left	tooFast	2	4	19.512	205
4	35	4	40	10	left	left	1	13	16.23	801
4	36	4	40	10	left	right	0	32	15.444	2072
4	37	4	40	10	right	left	0	8	15.717	509
4	38	4	40	10	left	right	0	14	15.317	914
5	1	4	40	10	left	left	1	204	15.21	13412
5	2	4	40	10	right	right	1	25	15.704	1592
5	3	4	40	10	left	left	1	27	15.306	1764
5	4	4	40	10	left	right	0	22	15.581	1412
5	5	4	40	10	left	right	0	55	15.282	3599
5	6	4	40	10	right	left	0	70	15.287	4579
5	7	4	40	10	left	left	1	54	15.169	3560
5	8	4	40	10	left	left	1	57	15.397	3702
5	9	4	40	10	right	left	0	58	15.36	3776
5	10	4	40	10	left	right	0	62	15.17	4087
5	11	4	40	10	right	left	0	60	15.182	3952
5	12	4	40	10	right	left	0	34	15.476	2197
5	13	4	40	10	right	right	1	33	15.529	2125
5	14	4	40	10	right	tooFast	2	2	21.505	93
6	1	4	40	10	right	right	1	48	15.156	3167
6	2	4	40	10	right	left	0	31	15.056	2059
6	3	4	40	10	right	left	0	18	15.216	1183
6	4	4	40	10	left	left	1	66	15.342	4302
6	5	4	40	10	right	left	0	23	15.072	1526
6	6	4	40	10	right	right	1	53	15.104	3509
6	7	4	40	10	left	right	0	43	15.302	2810
6	8	4	40	10	right	right	1	87	15.207	5721
6	9	4	40	10	left	right	0	79	15.316	5158
6	10	4	40	10	right	left	0	77	15.272	5042
6	11	4	40	10	left	right	0	7	15.521	451
6	12	4	40	10	right	left	0	42	15.184	2766
6	13	4	40	10	right	left	0	9	14.876	605
6	14	4	40	10	right	right	1	7	16.667	420
6	15	4	40	10	left	right	0	10	15.385	650
6	16	4	40	10	right	left	0	6	15.544	386
6	17	4	40	10	left	right	0	52	15.178	3426
6	18	4	40	10	right	left	0	10	16.42	609
6	19	4	40	10	right	left	0	11	15.965	689
6	20	4	40	10	left	right	0	7	15.837	442
7	1	4	40	10	right	left	0	54	15.337	3521
7	2	4	40	10	right	right	1	25	15.586	1604
7	3	4	40	10	right	left	0	47	15.181	3096
7	4	4	40	10	right	right	1	16	15.519	1031
7	5	4	40	10	right	right	1	19	15.574	1220
7	6	4	40	10	left	tooFast	2	2	21.277	94
7	7	4	40	10	left	left	1	29	15.175	1911
7	8	4	40	10	right	left	0	23	15.192	1514
7	9	4	40	10	left	right	0	12	16.107	745
7	10	4	40	10	left	right	0	18	15.164	1187
7	11	4	40	10	right	right	1	7	15.873	441
7	12	4	40	10	left	right	0	9	16.791	536
7	13	4	40	10	left	right	0	7	15.184	461
7	14	4	40	10	left	right	0	6	15.306	392
7	15	4	40	10	left	left	1	10	15.773	634
7	16	4	40	10	right	right	1	18	15.776	1141
7	17	4	40	10	left	right	0	20	15.468	1293
7	18	4	40	10	left	left	1	8	15.444	518
7	19	4	40	10	left	left	1	12	16.173	742
7	20	4	40	10	right	right	1	12	15.727	763
7	21	4	40	10	left	left	1	14	15.59	898
7	22	4	40	10	right	left	0	14	16.018	874
7	23	4	40	10	left	right	0	5	15.244	328
7	24	4	40	10	left	left	1	6	15.957	376
7	25	4	40	10	left	right	0	10	15.314	653
7	26	4	40	10	left	left	1	9	15.28	589
7	27	4	40	10	right	right	1	12	15.171	791
7	28	4	40	10	left	right	0	13	15.513	838
7	29	4	40	10	right	left	0	15	15.957	940
7	30	4	40	10	right	right	1	7	14.989	467
7	31	4	40	10	left	right	0	20	15.798	1266
7	32	4	40	10	right	right	1	10	15.576	642
7	33	4	40	10	left	left	1	16	15.795	1013
7	34	4	40	10	right	right	1	10	15.974	626
7	35	4	40	10	right	right	1	12	16.194	741
7	36	4	40	10	left	right	0	9	15.152	594
7	37	4	40	10	right	left	0	4	15.094	265
7	38	4	40	10	right	tooFast	2	3	20.979	143
8	1	4	40	10	right	right	1	67	15.248	4394
8	2	4	40	10	left	left	1	24	15.326	1566
8	3	4	40	10	left	left	1	49	15.232	3217
8	4	4	40	10	right	right	1	41	15.219	2694
8	5	4	40	10	right	left	0	40	15.163	2638
8	6	4	40	10	right	left	0	36	15.404	2337
8	7	4	40	10	right	right	1	41	15.185	2700
8	8	4	40	10	left	left	1	33	15.478	2132
8	9	4	40	10	right	left	0	20	15.094	1325
8	10	4	40	10	left	right	0	12	16.327	735
8	11	4	40	10	right	right	1	5	18.315	273
8	12	4	40	10	right	right	1	23	15.509	1483
8	13	4	40	10	left	right	0	20	15.291	1308
8	14	4	40	10	left	left	1	13	15.24	853
8	15	4	40	10	left	right	0	18	15.873	1134
8	16	4	40	10	left	tooFast	2	3	15.464	194
8	17	4	40	10	left	left	1	8	17.058	469
8	18	4	40	10	left	left	1	11	15.363	716
8	19	4	40	10	right	right	1	14	15.608	897
8	20	4	40	10	left	right	0	18	15.164	1187
8	21	4	40	10	left	right	0	20	15.613	1281
8	22	4	40	10	left	right	0	13	15.892	818
8	23	4	40	10	right	left	0	20	15.456	1294
8	24	4	40	10	left	right	0	67	15.286	4383
8	25	4	40	10	left	left	1	12	15.979	751
8	26	4	40	10	left	right	0	9	16.886	533
8	27	4	40	10	right	left	0	10	15.221	657
9	1	4	40	10	left	right	0	19	15.127	1256
9	2	4	40	10	right	right	1	11	15.988	688
9	3	4	40	10	left	right	0	22	15.67	1404
9	4	4	40	10	left	left	1	6	15.306	392
9	5	4	40	10	left	right	0	37	15.233	2429
9	6	4	40	10	left	left	1	14	15.608	897
9	7	4	40	10	left	left	1	8	15.534	515
9	8	4	40	10	right	right	1	6	14.888	403
9	9	4	40	10	left	tooFast	2	4	16.667	240
9	10	4	40	10	left	left	1	13	15.682	829
9	11	4	40	10	right	left	0	16	15.311	1045
9	12	4	40	10	left	tooFast	2	3	15.625	192
9	13	4	40	10	left	left	1	35	15.217	2300
9	14	4	40	10	right	left	0	40	15.279	2618
9	15	4	40	10	left	right	0	10	16.313	613
9	16	4	40	10	left	right	0	15	15.06	996
9	17	4	40	10	right	left	0	9	15.101	596
9	18	4	40	10	left	left	1	6	15.19	395
9	19	4	40	10	right	right	1	21	15.625	1344
9	20	4	40	10	right	right	1	14	15.677	893
9	21	4	40	10	left	right	0	13	15.644	831
9	22	4	40	10	left	right	0	10	15.924	628
9	23	4	40	10	right	right	1	5	15.06	332
9	24	4	40	10	right	right	1	25	15.328	1631
9	25	4	40	10	right	left	0	13	15.719	827
9	26	4	40	10	right	right	1	14	15.909	880
9	27	4	40	10	left	left	1	25	15.538	1609
9	28	4	40	10	left	right	0	20	15.662	1277
9	29	4	40	10	right	right	1	8	15.968	501
9	30	4	40	10	right	left	0	12	15.524	773
9	31	4	40	10	right	left	0	5	18.382	272
9	32	4	40	10	left	right	0	5	17.007	294
9	33	4	40	10	left	right	0	4	15.748	254
9	34	4	40	10	right	tooFast	2	4	19.608	204
9	35	4	40	10	right	right	1	18	15.957	1128
9	36	4	40	10	right	right	1	36	15.209	2367
10	1	4	40	10	left	left	1	96	15.267	6288
10	2	4	40	10	left	left	1	67	15.265	4389
10	3	4	40	10	right	right	1	45	15.244	2952
10	4	4	40	10	right	right	1	34	15.185	2239
10	5	4	40	10	left	right	0	91	15.304	5946
10	6	4	40	10	right	right	1	47	15.37	3058
10	7	4	40	10	right	left	0	66	15.239	4331
10	8	4	40	10	right	right	1	85	15.238	5578
10	9	4	40	10	right	right	1	40	15.32	2611
10	10	4	40	10	left	left	1	16	15.625	1024
10	11	4	40	10	left	right	0	38	15.335	2478
10	12	4	40	10	left	left	1	6	16.807	357
10	13	4	40	10	left	left	1	50	15.129	3305
10	14	4	40	10	left	right	0	27	15.402	1753
10	15	4	40	10	right	right	1	33	15.186	2173
10	16	4	40	10	right	left	0	32	15.511	2063
10	17	4	40	10	right	right	1	15	15.707	955
11	1	4	40	10	left	right	0	47	15.375	3057
11	2	4	40	10	left	left	1	48	15.272	3143
11	3	4	40	10	right	right	1	29	15.533	1867
11	4	4	40	10	right	right	1	32	15.474	2068
11	5	4	40	10	right	left	0	23	15.092	1524
11	6	4	40	10	left	right	0	9	15.789	570
11	7	4	40	10	right	right	1	36	15.101	2384
11	8	4	40	10	right	left	0	49	15.423	3177
11	9	4	40	10	left	right	0	38	15.41	2466
11	10	4	40	10	left	left	1	37	15.365	2408
11	11	4	40	10	right	left	0	46	15.132	3040
11	12	4	40	10	left	right	0	76	15.23	4990
11	13	4	40	10	left	right	0	31	15.392	2014
11	14	4	40	10	left	right	0	22	15.526	1417
11	15	4	40	10	left	right	0	12	16.194	741
11	16	4	40	10	right	right	1	12	15.789	760
11	17	4	40	10	right	left	0	19	15.067	1261
11	18	4	40	10	right	tooFast	2	3	15.873	189
11	19	4	40	10	right	left	0	21	15.173	1384
11	20	4	40	10	left	right	0	18	15.254	1180
11	21	4	40	10	right	right	1	16	15.253	1049
11	22	4	40	10	right	left	0	22	15.12	1455
11	23	4	40	10	left	left	1	12	15.707	764
12	1	4	40	10	left	left	1	31	15.324	2023
12	2	4	40	10	right	right	1	29	15.442	1878
12	3	4	40	10	left	left	1	22	15.1	1457
12	4	4	40	10	right	left	0	20	15.326	1305
12	5	4	40	10	right	right	1	16	15.355	1042
12	6	4	40	10	left	left	1	31	15.446	2007
12	7	4	40	10	left	left	1	34	15.476	2197
12	8	4	40	10	right	right	1	14	16.037	873
12	9	4	40	10	right	right	1	19	15.2	1250
12	10	4	40	10	right	right	1	16	15.429	1037
12	11	4	40	10	left	right	0	14	15.07	929
12	12	4	40	10	left	left	1	6	15.957	376
12	13	4	40	10	right	left	0	22	15.058	1461
12	14	4	40	10	right	right	1	10	15.974	626
12	15	4	40	10	right	left	0	18	15.666	1149
12	16	4	40	10	right	right	1	13	15.169	857
12	17	4	40	10	right	right	1	15	15.593	962
12	18	4	40	10	right	right	1	13	16.291	798
12	19	4	40	10	left	right	0	7	16.627	421
12	20	4	40	10	left	left	1	5	17.921	279
12	21	4	40	10	right	right	1	12	14.833	809
12	22	4	40	10	left	left	1	8	15.18	527
12	23	4	40	10	left	left	1	9	16.334	551
12	24	4	40	10	right	left	0	9	15	600
12	25	4	40	10	left	tooFast	2	4	19.324	207
12	26	4	40	10	right	left	0	10	15.361	651
12	27	4	40	10	right	left	0	17	15.799	1076
12	28	4	40	10	right	right	1	5	15.674	319
12	29	4	40	10	right	left	0	9	15.571	578
12	30	4	40	10	left	right	0	14	15.748	889
12	31	4	40	10	right	left	0	23	15.551	1479
12	32	4	40	10	left	left	1	6	14.815	405
12	33	4	40	10	left	right	0	10	16.393	610
12	34	4	40	10	right	right	1	8	16.667	480
12	35	4	40	10	right	right	1	24	15.635	1535
12	36	4	40	10	left	left	1	15	15.723	954
12	37	4	40	10	left	right	0	10	16.313	613
12	38	4	40	10	left	right	0	15	15.823	948
13	1	4	40	10	left	left	1	47	15.205	3091
13	2	4	40	10	left	right	0	25	15.124	1653
13	3	4	40	10	right	left	0	9	15.203	592
13	4	4	40	10	right	right	1	5	15.337	326
13	5	4	40	10	left	right	0	9	16.275	553
13	6	4	40	10	right	right	1	4	15.748	254
13	7	4	40	10	right	right	1	7	16.204	432
13	8	4	40	10	right	right	1	5	15.015	333
13	9	4	40	10	right	left	0	7	15.351	456
13	10	4	40	10	right	left	0	5	15.823	316
13	11	4	40	10	left	right	0	5	16.722	299
13	12	4	40	10	right	right	1	5	16.287	307
13	13	4	40	10	left	right	0	6	17.192	349
13	14	4	40	10	right	left	0	5	18.051	277
13	15	4	40	10	left	right	0	5	16.667	300
13	16	4	40	10	left	right	0	5	16.234	308
13	17	4	40	10	left	left	1	11	16.105	683
13	18	4	40	10	right	left	0	10	15.823	632
13	19	4	40	10	left	right	0	9	15.228	591
13	20	4	40	10	left	left	1	74	15.148	4885
13	21	4	40	10	right	right	1	39	15.252	2557
13	22	4	40	10	right	right	1	25	15.684	1594
13	23	4	40	10	right	right	1	22	15.048	1462
13	24	4	40	10	left	left	1	19	15.055	1262
13	25	4	40	10	right	right	1	19	15.51	1225
13	26	4	40	10	left	left	1	25	15.142	1651
13	27	4	40	10	left	right	0	22	15.449	1424
13	28	4	40	10	left	left	1	15	15.823	948
13	29	4	40	10	right	right	1	18	15.319	1175
13	30	4	40	10	left	left	1	26	15.403	1688
13	31	4	40	10	left	right	0	16	15.656	1022
13	32	4	40	10	left	right	0	15	15.259	983
13	33	4	40	10	left	left	1	13	15.187	856
13	34	4	40	10	right	left	0	12	15.132	793
13	35	4	40	10	left	tooFast	2	4	16.878	237
13	36	4	40	10	left	left	1	22	15.172	1450
14	1	4	40	10	right	left	0	27	15.306	1764
14	2	4	40	10	right	right	1	10	16.42	609
14	3	4	40	10	left	right	0	20	15.396	1299
14	4	4	40	10	right	right	1	37	15.139	2444
14	5	4	40	10	left	left	1	8	15.968	501
14	6	4	40	10	left	left	1	13	15.24	853
14	7	4	40	10	left	left	1	5	17.007	294
14	8	4	40	10	right	right	1	6	16.667	360
14	9	4	40	10	left	right	0	7	16.667	420
14	10	4	40	10	left	tooFast	2	3	17.241	174
14	11	4	40	10	right	left	0	15	15.337	978
14	12	4	40	10	left	left	1	15	15.106	993
14	13	4	40	10	right	left	0	19	15.067	1261
14	14	4	40	10	left	left	1	26	15.504	1677
14	15	4	40	10	right	left	0	27	15.455	1747
14	16	4	40	10	left	left	1	9	15.845	568
14	17	4	40	10	left	right	0	10	15.408	649
14	18	4	40	10	right	tooFast	2	4	18.433	217
14	19	4	40	10	right	right	1	60	15.349	3909
14	20	4	40	10	left	left	1	24	15.113	1588
14	21	4	40	10	right	left	0	12	15.979	751
14	22	4	40	10	left	right	0	7	16.746	418
14	23	4	40	10	right	right	1	9	16.423	548
14	24	4	40	10	left	left	1	14	16.11	869
14	25	4	40	10	left	right	0	16	15.534	1030
14	26	4	40	10	left	left	1	8	16.949	472
14	27	4	40	10	left	right	0	40	15.25	2623
14	28	4	40	10	right	right	1	5	16.34	306
14	29	4	40	10	right	left	0	14	15.419	908
14	30	4	40	10	left	left	1	6	16.529	363
14	31	4	40	10	left	left	1	15	15.641	959
14	32	4	40	10	right	left	0	11	15.919	691
14	33	4	40	10	right	left	0	5	16.234	308
14	34	4	40	10	right	left	0	5	15.924	314
14	35	4	40	10	left	left	1	5	16.779	298
14	36	4	40	10	left	right	0	6	16.484	364
14	37	4	40	10	left	right	0	8	15.474	517
15	1	4	40	10	left	right	0	40	15.51	2579
15	2	4	40	10	right	left	0	10	15.699	637
15	3	4	40	10	right	left	0	8	16.807	476
15	4	4	40	10	right	right	1	5	16.026	312
15	5	4	40	10	right	right	1	8	15.564	514
15	6	4	40	10	left	right	0	7	15.556	450
15	7	4	40	10	right	left	0	7	16.588	422
15	8	4	40	10	right	right	1	5	15.625	320
15	9	4	40	10	left	left	1	9	15.986	563
15	10	4	40	10	left	right	0	8	16	500
15	11	4	40	10	left	tooFast	2	4	19.139	209
15	12	4	40	10	left	right	0	35	15.264	2293
15	13	4	40	10	right	left	0	18	15.306	1176
15	14	4	40	10	left	left	1	16	15.429	1037
15	15	4	40	10	left	right	0	27	15.67	1723
15	16	4	40	10	left	left	1	28	15.376	1821
15	17	4	40	10	left	right	0	21	15.453	1359
15	18	4	40	10	left	left	1	21	15.152	1386
15	19	4	40	10	left	left	1	26	15.7	1656
15	20	4	40	10	left	left	1	15	15.674	957
15	21	4	40	10	left	right	0	12	16.282	737
15	22	4	40	10	left	left	1	6	16.529	363
15	23	4	40	10	left	right	0	13	15.951	815
15	24	4	40	10	right	left	0	7	16.055	436
15	25	4	40	10	left	left	1	6	16.043	374
15	26	4	40	10	left	right	0	8	16.293	491
15	27	4	40	10	left	left	1	5	18.45	271
15	28	4	40	10	left	right	0	10	16.234	616
15	29	4	40	10	right	tooFast	2	2	15.748	127
15	30	4	40	10	left	left	1	13	15.169	857
15	31	4	40	10	right	left	0	14	15.054	930
15	32	4	40	10	right	left	0	16	15.733	1017
15	33	4	40	10	right	right	1	11	15.048	731
15	34	4	40	10	right	right	1	14	15.351	912
15	35	4	40	10	left	right	0	17	15.152	1122
15	36	4	40	10	right	tooFast	2	4	17.316	231
15	37	4	40	10	left	left	1	38	15.152	2508
16	1	4	40	10	right	right	1	53	15.438	3433
16	2	4	40	10	left	left	1	43	15.205	2828
16	3	4	40	10	left	right	0	21	15.351	1368
16	4	4	40	10	left	left	1	32	15.137	2114
16	5	4	40	10	right	left	0	37	15.404	2402
16	6	4	40	10	left	right	0	26	15.267	1703
16	7	4	40	10	left	right	0	32	15.422	2075
16	8	4	40	10	left	left	1	17	15.639	1087
16	9	4	40	10	left	right	0	66	15.172	4350
16	10	4	40	10	right	left	0	6	14.815	405
16	11	4	40	10	right	left	0	5	14.925	335
16	12	4	40	10	right	left	0	27	15.553	1736
16	13	4	40	10	left	right	0	11	16.105	683
16	14	4	40	10	left	left	1	18	15.571	1156
16	15	4	40	10	left	tooFast	2	2	21.505	93
16	16	4	40	10	right	right	1	29	15.442	1878
16	17	4	40	10	left	tooFast	2	2	21.277	94
16	18	4	40	10	left	left	1	45	15.317	2938
16	19	4	40	10	right	left	0	41	15.437	2656
16	20	4	40	10	right	left	0	51	15.343	3324
16	21	4	40	10	right	left	0	20	15.244	1312
16	22	4	40	10	right	left	0	32	15.144	2113
16	23	4	40	10	right	right	1	26	15.196	1711
17	1	4	40	10	right	left	0	39	15.128	2578
17	2	4	40	10	right	right	1	21	15.328	1370
17	3	4	40	10	left	right	0	13	15.476	840
17	4	4	40	10	right	left	0	15	15.924	942
17	5	4	40	10	right	left	0	18	15.666	1149
17	6	4	40	10	right	left	0	14	15.184	922
17	7	4	40	10	right	right	1	8	15.326	522
17	8	4	40	10	right	right	1	15	15.593	962
17	9	4	40	10	left	left	1	20	15.564	1285
17	10	4	40	10	left	right	0	30	15.552	1929
17	11	4	40	10	right	right	1	7	17.073	410
17	12	4	40	10	left	left	1	12	16.327	735
17	13	4	40	10	right	left	0	10	15.748	635
17	14	4	40	10	left	tooFast	2	3	18.405	163
17	15	4	40	10	right	right	1	9	15.652	575
17	16	4	40	10	left	left	1	12	15.152	792
17	17	4	40	10	right	left	0	20	15.337	1304
17	18	4	40	10	right	right	1	30	15.424	1945
17	19	4	40	10	right	left	0	29	15.255	1901
17	20	4	40	10	left	left	1	31	15.516	1998
17	21	4	40	10	right	left	0	16	15.326	1044
17	22	4	40	10	left	right	0	30	15.52	1933
17	23	4	40	10	right	right	1	66	15.145	4358
17	24	4	40	10	left	left	1	37	15.308	2417
17	25	4	40	10	right	right	1	33	15.551	2122
17	26	4	40	10	left	left	1	44	15.136	2907
17	27	4	40	10	left	right	0	28	15.342	1825
17	28	4	40	10	left	left	1	19	15.237	1247
17	29	4	40	10	right	right	1	79	15.28	5170
18	1	4	40	10	left	left	1	72	15.142	4755
18	2	4	40	10	right	right	1	24	15.544	1544
18	3	4	40	10	left	left	1	31	15.415	2011
18	4	4	40	10	right	left	0	27	15.473	1745
18	5	4	40	10	right	right	1	11	15.32	718
18	6	4	40	10	left	right	0	21	15.498	1355
18	7	4	40	10	right	left	0	13	15.385	845
18	8	4	40	10	right	right	1	14	15.713	891
18	9	4	40	10	left	left	1	35	15.271	2292
18	10	4	40	10	right	right	1	22	15.017	1465
18	11	4	40	10	left	left	1	27	15.05	1794
18	12	4	40	10	right	left	0	27	15.535	1738
18	13	4	40	10	right	right	1	12	16.327	735
18	14	4	40	10	left	right	0	20	15.576	1284
18	15	4	40	10	left	left	1	15	15.544	965
18	16	4	40	10	left	left	1	22	15.714	1400
18	17	4	40	10	left	right	0	18	15.972	1127
18	18	4	40	10	left	left	1	6	15.504	387
18	19	4	40	10	right	left	0	24	15.306	1568
18	20	4	40	10	left	right	0	29	15.5	1871
18	21	4	40	10	left	left	1	24	15.474	1551
18	22	4	40	10	right	left	0	22	15.017	1465
18	23	4	40	10	left	right	0	6	15.385	390
18	24	4	40	10	left	right	0	15	15.625	960
18	25	4	40	10	left	left	1	23	15.052	1528
18	26	4	40	10	left	right	0	18	15.075	1194
18	27	4	40	10	left	left	1	15	15.756	952
18	28	4	40	10	left	right	0	26	15.152	1716
18	29	4	40	10	right	right	1	26	15.348	1694
19	1	4	40	10	right	right	1	32	15.422	2075
19	2	4	40	10	right	left	0	28	15.59	1796
19	3	4	40	10	right	right	1	37	15.108	2449
19	4	4	40	10	left	left	1	31	15.056	2059
19	5	4	40	10	right	right	1	13	16.209	802
19	6	4	40	10	left	right	0	30	15.488	1937
19	7	4	40	10	right	left	0	11	15.235	722
19	8	4	40	10	right	left	0	11	16.082	684
19	9	4	40	10	left	right	0	9	15.254	590
19	10	4	40	10	right	left	0	11	15.027	732
19	11	4	40	10	right	left	0	6	16.713	359
19	12	4	40	10	left	right	0	8	16.949	472
19	13	4	40	10	right	left	0	8	16.032	499
19	14	4	40	10	left	right	0	6	16.667	360
19	15	4	40	10	right	left	0	11	16.153	681
19	16	4	40	10	right	right	1	6	16.949	354
19	17	4	40	10	left	left	1	16	15.686	1020
19	18	4	40	10	right	left	0	14	16.185	865
19	19	4	40	10	right	left	0	7	16.548	423
19	20	4	40	10	right	tooFast	2	4	16.064	249
19	21	4	40	10	right	left	0	26	15.495	1678
19	22	4	40	10	left	right	0	25	15.309	1633
19	23	4	40	10	left	left	1	66	15.158	4354
19	24	4	40	10	right	right	1	29	15.255	1901
19	25	4	40	10	left	left	1	17	15.274	1113
19	26	4	40	10	left	right	0	34	15.406	2207
19	27	4	40	10	left	left	1	22	15.816	1391
19	28	4	40	10	right	right	1	33	15.349	2150
19	29	4	40	10	right	left	0	31	15.5	2000
19	30	4	40	10	right	right	1	8	16.032	499
20	1	4	40	10	left	left	1	15	15.106	993
20	2	4	40	10	left	left	1	12	16.349	734
20	3	4	40	10	right	right	1	26	15.02	1731
20	4	4	40	10	left	left	1	13	16.209	802
20	5	4	40	10	left	right	0	13	16.23	801
20	6	4	40	10	right	right	1	15	15.94	941
20	7	4	40	10	left	left	1	12	15.625	768
20	8	4	40	10	left	left	1	17	15.539	1094
20	9	4	40	10	left	left	1	12	16.194	741
20	10	4	40	10	left	right	0	6	16.529	363
20	11	4	40	10	left	right	0	5	16.667	300
20	12	4	40	10	right	tooFast	2	4	17.021	235
20	13	4	40	10	right	right	1	68	15.236	4463
20	14	4	40	10	left	right	0	34	15.315	2220
20	15	4	40	10	right	left	0	6	17.192	349
20	16	4	40	10	right	right	1	9	16.636	541
20	17	4	40	10	right	left	0	21	15.742	1334
20	18	4	40	10	left	left	1	15	15.512	967
20	19	4	40	10	right	right	1	12	16.064	747
20	20	4	40	10	left	right	0	10	16.42	609
20	21	4	40	10	right	right	1	12	15.957	752
20	22	4	40	10	right	right	1	22	15.559	1414
20	23	4	40	10	left	left	1	22	15.068	1460
20	24	4	40	10	left	left	1	11	15.896	692
20	25	4	40	10	left	left	1	15	15.48	969
20	26	4	40	10	left	left	1	10	15.504	645
20	27	4	40	10	right	left	0	14	15.625	896
20	28	4	40	10	left	tooFast	2	4	17.391	230
20	29	4	40	10	left	left	1	6	15.19	395
20	30	4	40	10	left	left	1	10	15.625	640
20	31	4	40	10	left	right	0	8	15.779	507
20	32	4	40	10	right	tooFast	2	4	19.231	208
20	33	4	40	10	right	right	1	10	15.528	644
20	34	4	40	10	left	right	0	16	15.166	1055
20	35	4	40	10	right	left	0	13	15.294	850
20	36	4	40	10	left	right	0	9	15.228	591
20	37	4	40	10	left	left	1	5	14.663	341
20	38	4	40	10	left	left	1	27	15.332	1761
20	39	4	40	10	right	right	1	20	15.81	1265
21	1	4	40	10	right	right	1	26	15.7	1656
21	2	4	40	10	right	left	0	14	15.66	894
21	3	4	40	10	right	left	0	6	15.789	380
21	4	4	40	10	left	right	0	7	16.317	429
21	5	4	40	10	right	left	0	7	15.625	448
21	6	4	40	10	left	left	1	6	16.901	355
21	7	4	40	10	right	left	0	19	15.561	1221
21	8	4	40	10	left	left	1	7	15.217	460
21	9	4	40	10	left	right	0	12	15.564	771
21	10	4	40	10	left	right	0	15	15.789	950
21	11	4	40	10	left	right	0	10	15.674	638
21	12	4	40	10	left	right	0	13	14.943	870
21	13	4	40	10	left	left	1	9	15.734	572
21	14	4	40	10	left	right	0	16	15.92	1005
21	15	4	40	10	right	right	1	6	15.038	399
21	16	4	40	10	left	left	1	14	15.021	932
21	17	4	40	10	right	left	0	17	15.654	1086
21	18	4	40	10	left	left	1	14	15.608	897
21	19	4	40	10	right	left	0	9	15.986	563
21	20	4	40	10	left	right	0	14	15.909	880
21	21	4	40	10	left	left	1	10	15.873	630
21	22	4	40	10	right	right	1	14	15.201	921
21	23	4	40	10	right	left	0	9	15.126	595
21	24	4	40	10	left	right	0	5	17.73	282
21	25	4	40	10	right	left	0	14	15.47	905
21	26	4	40	10	left	right	0	11	15.449	712
21	27	4	40	10	right	right	1	7	15.284	458
21	28	4	40	10	left	left	1	16	15.504	1032
21	29	4	40	10	right	right	1	16	15.549	1029
21	30	4	40	10	left	right	0	17	15.582	1091
21	31	4	40	10	left	right	0	12	16.349	734
21	32	4	40	10	right	left	0	8	15.152	528
21	33	4	40	10	right	right	1	13	16.149	805
21	34	4	40	10	left	left	1	35	15.542	2252
21	35	4	40	10	right	right	1	17	15.843	1073
21	36	4	40	10	right	left	0	20	15.444	1295
21	37	4	40	10	left	right	0	10	15.06	664
21	38	4	40	10	right	left	0	9	15.177	593
21	39	4	40	10	left	right	0	11	15.625	704
21	40	4	40	10	right	left	0	20	15.232	1313
22	1	4	40	10	right	left	0	16	15.094	1060
22	2	4	40	10	left	right	0	14	15.368	911
22	3	4	40	10	left	right	0	18	15.025	1198
22	4	4	40	10	right	right	1	14	15.419	908
22	5	4	40	10	right	right	1	20	15.267	1310
22	6	4	40	10	right	left	0	25	15.216	1643
22	7	4	40	10	left	right	0	18	15.464	1164
22	8	4	40	10	right	left	0	10	15.385	650
22	9	4	40	10	left	left	1	10	15.015	666
22	10	4	40	10	right	left	0	20	15.291	1308
22	11	4	40	10	left	left	1	16	15.779	1014
22	12	4	40	10	left	right	0	17	15.596	1090
22	13	4	40	10	right	left	0	15	15.4	974
22	14	4	40	10	right	left	0	14	15.234	919
22	15	4	40	10	left	right	0	34	15.413	2206
22	16	4	40	10	right	right	1	34	15.413	2206
22	17	4	40	10	left	right	0	36	15.094	2385
22	18	4	40	10	left	right	0	33	15.529	2125
22	19	4	40	10	right	right	1	29	15.6	1859
22	20	4	40	10	left	right	0	14	16.092	870
22	21	4	40	10	right	left	0	28	15.453	1812
22	22	4	40	10	right	left	0	15	15.464	970
22	23	4	40	10	left	right	0	12	15.404	779
22	24	4	40	10	left	left	1	7	15.982	438
22	25	4	40	10	left	left	1	11	15.363	716
22	26	4	40	10	right	left	0	12	16.26	738
22	27	4	40	10	left	right	0	7	16.355	428
22	28	4	40	10	right	right	1	7	15.152	462
22	29	4	40	10	left	right	0	10	15.924	628
22	30	4	40	10	left	left	1	7	15.766	444
22	31	4	40	10	right	right	1	15	15.856	946
22	32	4	40	10	right	right	1	9	14.901	604
22	33	4	40	10	right	left	0	6	16	375
23	1	4	40	10	left	left	1	18	15.038	1197
23	2	4	40	10	left	right	0	17	15.426	1102
23	3	4	40	10	right	left	0	7	16.746	418
23	4	4	40	10	left	right	0	10	15.129	661
23	5	4	40	10	left	left	1	10	15.898	629
23	6	4	40	10	right	right	1	21	15.453	1359
23	7	4	40	10	right	right	1	25	15.499	1613
23	8	4	40	10	right	left	0	24	15.697	1529
23	9	4	40	10	left	left	1	29	15.167	1912
23	10	4	40	10	left	right	0	31	15.233	2035
23	11	4	40	10	right	right	1	19	15.742	1207
23	12	4	40	10	right	left	0	38	15.466	2457
23	13	4	40	10	left	right	0	21	15.73	1335
23	14	4	40	10	left	left	1	13	16.089	808
23	15	4	40	10	right	right	1	23	15.374	1496
23	16	4	40	10	left	right	0	20	15.42	1297
23	17	4	40	10	right	right	1	12	15.267	786
23	18	4	40	10	right	left	0	22	15.342	1434
23	19	4	40	10	left	right	0	19	15.079	1260
23	20	4	40	10	left	left	1	8	16.26	492
23	21	4	40	10	left	right	0	13	15.569	835
23	22	4	40	10	left	right	0	11	15.471	711
23	23	4	40	10	right	tooFast	2	1	20.408	49
23	24	4	40	10	right	left	0	20	15.14	1321
23	25	4	40	10	right	right	1	27	15.385	1755
23	26	4	40	10	left	right	0	26	15.169	1714
23	27	4	40	10	left	left	1	48	15.434	3110
23	28	4	40	10	left	right	0	29	15.159	1913
23	29	4	40	10	right	left	0	13	16.069	809
23	30	4	40	10	right	left	0	9	16.393	549
23	31	4	40	10	left	left	1	14	15.453	906
24	1	4	40	10	right	right	1	13	15.532	837
24	2	4	40	10	right	left	0	24	15.414	1557
24	3	4	40	10	left	left	1	17	15.568	1092
24	4	4	40	10	right	left	0	26	15.231	1707
24	5	4	40	10	right	left	0	26	15.125	1719
24	6	4	40	10	left	left	1	24	15.454	1553
24	7	4	40	10	right	right	1	30	15.593	1924
24	8	4	40	10	left	right	0	20	15.625	1280
24	9	4	40	10	left	right	0	18	15.306	1176
24	10	4	40	10	right	left	0	55	15.152	3630
24	11	4	40	10	right	right	1	27	15.177	1779
24	12	4	40	10	left	right	0	30	15.4	1948
24	13	4	40	10	left	left	1	23	15.333	1500
24	14	4	40	10	left	left	1	18	15.873	1134
24	15	4	40	10	right	left	0	15	15.94	941
24	16	4	40	10	left	left	1	12	16.194	741
24	17	4	40	10	right	right	1	13	16.189	803
24	18	4	40	10	right	left	0	9	15.152	594
24	19	4	40	10	right	left	0	6	16.62	361
24	20	4	40	10	right	right	1	6	15.544	386
24	21	4	40	10	left	left	1	13	15.081	862
24	22	4	40	10	left	left	1	5	15.674	319
24	23	4	40	10	left	right	0	5	14.793	338
24	24	4	40	10	left	tooFast	2	3	15.464	194
24	25	4	40	10	left	left	1	15	15.152	990
24	26	4	40	10	right	left	0	18	15.385	1170
24	27	4	40	10	right	right	1	15	15.907	943
24	28	4	40	10	right	left	0	13	15.892	818
24	29	4	40	10	left	left	1	6	15.385	390
24	30	4	40	10	right	left	0	18	15.371	1171
24	31	4	40	10	right	left	0	13	15.931	816
24	32	4	40	10	left	right	0	10	15.314	653
24	33	4	40	10	right	left	0	13	15.385	845
24	34	4	40	10	right	right	1	9	16.216	555
