
blkNum	trlNum	coherentDots	numberofDots	percentCoherence	winningDirection	response	correct	eventCount	averageFrameRate	RT
1	1	4	40	10	left	left	1	24	15.524	1546
1	2	4	40	10	left	left	1	19	15.261	1245
1	3	4	40	10	left	right	0	16	16	1000
1	4	4	40	10	left	left	1	13	16.23	801
1	5	4	40	10	left	left	1	33	15.165	2176
1	6	4	40	10	left	left	1	14	15.713	891
1	7	4	40	10	left	left	1	10	15.152	660
1	8	4	40	10	left	left	1	9	14.803	608
1	9	4	40	10	right	right	1	11	16.32	674
1	10	4	40	10	right	right	1	12	15.81	759
1	11	4	40	10	left	left	1	13	15.116	860
1	12	4	40	10	right	right	1	13	16.311	797
1	13	4	40	10	right	right	1	13	15.7	828
1	14	4	40	10	right	right	1	11	15.537	708
1	15	4	40	10	left	right	0	13	15.294	850
1	16	4	40	10	right	left	0	10	14.925	670
1	17	4	40	10	right	right	1	22	15.726	1399
1	18	4	40	10	right	right	1	12	15.852	757
1	19	4	40	10	right	left	0	10	15.552	643
1	20	4	40	10	left	right	0	12	15.894	755
1	21	4	40	10	right	right	1	13	15.663	830
1	22	4	40	10	right	right	1	10	15.106	662
1	23	4	40	10	right	right	1	11	16.129	682
1	24	4	40	10	left	right	0	11	16.035	686
1	25	4	40	10	left	right	0	14	15.234	919
1	26	4	40	10	left	right	0	13	15.971	814
1	27	4	40	10	left	left	1	7	15.251	459
1	28	4	40	10	right	right	1	13	15.029	865
1	29	4	40	10	right	left	0	14	15.873	882
1	30	4	40	10	right	right	1	8	15.385	520
1	31	4	40	10	left	left	1	13	15.777	824
1	32	4	40	10	right	right	1	11	15.805	696
1	33	4	40	10	left	left	1	12	15.873	756
1	34	4	40	10	right	right	1	12	16.26	738
1	35	4	40	10	left	left	1	12	16.129	744
1	36	4	40	10	left	left	1	11	15.172	725
1	37	4	40	10	right	right	1	12	16.064	747
1	38	4	40	10	right	left	0	11	15.782	697
1	39	4	40	10	left	right	0	10	15.385	650
1	40	4	40	10	right	right	1	13	15.738	826
2	1	4	40	10	left	left	1	21	15.43	1361
2	2	4	40	10	right	right	1	9	15.025	599
2	3	4	40	10	right	right	1	23	15.614	1473
2	4	4	40	10	right	right	1	13	15.169	857
2	5	4	40	10	left	left	1	10	15.773	634
2	6	4	40	10	right	right	1	9	16.667	540
2	7	4	40	10	right	right	1	9	14.901	604
2	8	4	40	10	left	right	0	12	16.151	743
2	9	4	40	10	left	left	1	14	15.334	913
2	10	4	40	10	right	right	1	18	15.915	1131
2	11	4	40	10	left	left	1	11	15.737	699
2	12	4	40	10	left	right	0	12	15.171	791
2	13	4	40	10	left	right	0	12	15.248	787
2	14	4	40	10	right	right	1	12	15.326	783
2	15	4	40	10	left	right	0	13	15.081	862
2	16	4	40	10	right	left	0	9	16.949	531
2	17	4	40	10	right	right	1	8	15.123	529
2	18	4	40	10	left	left	1	12	15.769	761
2	19	4	40	10	left	right	0	14	15.234	919
2	20	4	40	10	left	right	0	22	15.726	1399
2	21	4	40	10	left	left	1	10	15.015	666
2	22	4	40	10	left	left	1	13	16.149	805
2	23	4	40	10	left	left	1	12	16.021	749
2	24	4	40	10	right	left	0	10	16.155	619
2	25	4	40	10	left	right	0	14	15.73	890
2	26	4	40	10	right	right	1	13	15.476	840
2	27	4	40	10	right	left	0	15	15.74	953
2	28	4	40	10	right	right	1	9	16.514	545
2	29	4	40	10	right	right	1	11	15.603	705
2	30	4	40	10	left	right	0	8	16.461	486
2	31	4	40	10	right	right	1	28	15.267	1834
2	32	4	40	10	left	right	0	12	15.873	756
2	33	4	40	10	right	left	0	17	15.413	1103
2	34	4	40	10	right	right	1	14	16.018	874
2	35	4	40	10	right	right	1	11	15.048	731
2	36	4	40	10	left	left	1	17	15.843	1073
2	37	4	40	10	left	left	1	16	15.267	1048
2	38	4	40	10	right	right	1	12	15.209	789
2	39	4	40	10	right	left	0	14	15.419	908
2	40	4	40	10	left	right	0	6	15.504	387
3	1	4	40	10	left	right	0	18	15.228	1182
3	2	4	40	10	left	left	1	12	16.043	748
3	3	4	40	10	right	right	1	12	15.267	786
3	4	4	40	10	left	left	1	9	16.275	553
3	5	4	40	10	right	right	1	9	16.245	554
3	6	4	40	10	left	left	1	8	15.534	515
3	7	4	40	10	left	left	1	15	15.707	955
3	8	4	40	10	left	left	1	24	15.248	1574
3	9	4	40	10	left	left	1	27	15.544	1737
3	10	4	40	10	right	left	0	14	15.909	880
3	11	4	40	10	right	right	1	8	15.686	510
3	12	4	40	10	right	right	1	13	16.129	806
3	13	4	40	10	left	left	1	13	16.01	812
3	14	4	40	10	right	right	1	10	15.337	652
3	15	4	40	10	right	left	0	11	15.827	695
3	16	4	40	10	right	right	1	10	15.798	633
3	17	4	40	10	right	right	1	13	15.7	828
3	18	4	40	10	left	right	0	12	15.564	771
3	19	4	40	10	right	right	1	21	15.544	1351
3	20	4	40	10	right	right	1	32	15.474	2068
3	21	4	40	10	right	right	1	18	15.477	1163
3	22	4	40	10	left	left	1	23	15.333	1500
3	23	4	40	10	right	right	1	10	15.699	637
3	24	4	40	10	left	left	1	13	15.33	848
3	25	4	40	10	left	left	1	23	15.614	1473
3	26	4	40	10	right	right	1	13	16.069	809
3	27	4	40	10	left	left	1	10	15.408	649
3	28	4	40	10	left	left	1	13	15.116	860
3	29	4	40	10	right	left	0	14	15.964	877
3	30	4	40	10	right	right	1	10	15.175	659
3	31	4	40	10	right	right	1	15	15.924	942
3	32	4	40	10	right	right	1	17	15.274	1113
3	33	4	40	10	left	left	1	35	15.569	2248
3	34	4	40	10	right	right	1	18	15.038	1197
3	35	4	40	10	left	left	1	25	15.567	1606
3	36	4	40	10	left	right	0	26	15.385	1690
3	37	4	40	10	left	left	1	12	16.194	741
3	38	4	40	10	left	left	1	14	15.301	915
3	39	4	40	10	right	right	1	14	15.964	877
3	40	4	40	10	left	right	0	12	15.19	790
4	1	4	40	10	left	right	0	13	14.943	870
4	2	4	40	10	right	right	1	11	15.896	692
4	3	4	40	10	right	right	1	10	15.798	633
4	4	4	40	10	left	left	1	16	15.936	1004
4	5	4	40	10	left	left	1	13	15.931	816
4	6	4	40	10	right	right	1	14	15.909	880
4	7	4	40	10	right	right	1	10	16	625
4	8	4	40	10	right	left	0	12	15.228	788
4	9	4	40	10	right	right	1	12	16.151	743
4	10	4	40	10	right	right	1	10	16.313	613
4	11	4	40	10	left	left	1	13	15.644	831
4	12	4	40	10	left	right	0	15	15.907	943
4	13	4	40	10	left	right	0	11	15.647	703
4	14	4	40	10	right	right	1	16	15.152	1056
4	15	4	40	10	right	right	1	17	15.888	1070
4	16	4	40	10	left	left	1	12	16.216	740
4	17	4	40	10	right	right	1	9	15.571	578
4	18	4	40	10	right	right	1	11	15.048	731
4	19	4	40	10	left	left	1	12	16.282	737
4	20	4	40	10	left	right	0	10	15.48	646
4	21	4	40	10	right	right	1	14	15.385	910
4	22	4	40	10	right	right	1	21	15.719	1336
4	23	4	40	10	left	left	1	28	15.242	1837
4	24	4	40	10	left	right	0	13	15.663	830
4	25	4	40	10	right	right	1	13	15.403	844
4	26	4	40	10	left	left	1	16	15.326	1044
4	27	4	40	10	left	right	0	27	15.059	1793
4	28	4	40	10	right	left	0	11	15.131	727
4	29	4	40	10	left	right	0	11	16.345	673
4	30	4	40	10	left	left	1	10	15.576	642
4	31	4	40	10	right	right	1	21	15.754	1333
4	32	4	40	10	left	left	1	15	15.091	994
4	33	4	40	10	left	left	1	37	15.327	2414
4	34	4	40	10	right	left	0	14	15.66	894
4	35	4	40	10	left	right	0	9	16.187	556
4	36	4	40	10	right	left	0	7	16.746	418
4	37	4	40	10	left	right	0	12	15.228	788
4	38	4	40	10	right	right	1	11	16.369	672
4	39	4	40	10	left	left	1	24	15.345	1564
4	40	4	40	10	right	right	1	10	15.456	647
5	1	4	40	10	right	right	1	11	15.257	721
5	2	4	40	10	left	right	0	12	16	750
5	3	4	40	10	left	right	0	13	15.606	833
5	4	4	40	10	left	right	0	17	15.206	1118
5	5	4	40	10	right	left	0	12	15.267	786
5	6	4	40	10	left	right	0	12	16.021	749
5	7	4	40	10	left	left	1	18	15.625	1152
5	8	4	40	10	left	left	1	25	15.625	1600
5	9	4	40	10	left	right	0	19	15.574	1220
5	10	4	40	10	left	left	1	12	16.238	739
5	11	4	40	10	right	right	1	20	15.244	1312
5	12	4	40	10	left	right	0	16	15.195	1053
5	13	4	40	10	right	right	1	16	15.282	1047
5	14	4	40	10	left	left	1	13	15.834	821
5	15	4	40	10	right	right	1	32	15.296	2092
5	16	4	40	10	left	left	1	15	15.806	949
5	17	4	40	10	right	right	1	14	15.217	920
5	18	4	40	10	left	left	1	11	15.048	731
5	19	4	40	10	left	left	1	21	15.351	1368
5	20	4	40	10	left	right	0	25	15.115	1654
5	21	4	40	10	right	right	1	13	16.25	800
5	22	4	40	10	right	left	0	28	15.094	1855
5	23	4	40	10	right	right	1	8	15.209	526
5	24	4	40	10	right	right	1	35	15.473	2262
5	25	4	40	10	right	right	1	25	15.518	1611
5	26	4	40	10	right	left	0	23	15.636	1471
5	27	4	40	10	right	right	1	13	15.7	828
5	28	4	40	10	right	right	1	13	15.134	859
5	29	4	40	10	left	right	0	14	15.982	876
5	30	4	40	10	right	left	0	57	15.184	3754
5	31	4	40	10	left	right	0	12	15.424	778
5	32	4	40	10	left	left	1	21	15.385	1365
5	33	4	40	10	left	left	1	26	15.303	1699
5	34	4	40	10	right	left	0	18	15.943	1129
5	35	4	40	10	right	right	1	13	15.081	862
5	36	4	40	10	right	left	0	26	15.276	1702
5	37	4	40	10	left	right	0	23	15.436	1490
5	38	4	40	10	right	left	0	12	15.979	751
5	39	4	40	10	left	left	1	26	15.169	1714
5	40	4	40	10	right	right	1	18	15.293	1177
6	1	4	40	10	left	left	1	26	15.152	1716
6	2	4	40	10	right	right	1	17	15.814	1075
6	3	4	40	10	right	right	1	17	15.26	1114
6	4	4	40	10	left	left	1	18	15.293	1177
6	5	4	40	10	right	right	1	17	15.371	1106
6	6	4	40	10	right	right	1	16	15.857	1009
6	7	4	40	10	left	left	1	15	15.291	981
6	8	4	40	10	left	left	1	18	15.19	1185
6	9	4	40	10	left	left	1	32	15.187	2107
6	10	4	40	10	right	left	0	32	15.362	2083
6	11	4	40	10	left	right	0	38	15.224	2496
6	12	4	40	10	left	left	1	35	15.405	2272
6	13	4	40	10	right	right	1	57	15.401	3701
6	14	4	40	10	right	left	0	51	15.408	3310
6	15	4	40	10	left	left	1	44	15.39	2859
6	16	4	40	10	left	left	1	33	15.349	2150
6	17	4	40	10	right	right	1	27	15.059	1793
6	18	4	40	10	left	left	1	37	15.41	2401
6	19	4	40	10	right	right	1	17	15.152	1122
6	20	4	40	10	right	right	1	21	15.801	1329
6	21	4	40	10	right	right	1	16	15.905	1006
6	22	4	40	10	right	right	1	14	15.873	882
6	23	4	40	10	left	right	0	13	15.421	843
6	24	4	40	10	left	right	0	36	15.101	2384
6	25	4	40	10	left	left	1	20	15.186	1317
6	26	4	40	10	right	left	0	22	15.614	1409
6	27	4	40	10	left	right	0	22	15.31	1437
6	28	4	40	10	left	left	1	27	15.473	1745
6	29	4	40	10	left	left	1	27	15.402	1753
6	30	4	40	10	right	right	1	26	15.394	1689
6	31	4	40	10	right	right	1	18	15.748	1143
6	32	4	40	10	left	left	1	50	15.211	3287
6	33	4	40	10	right	right	1	12	16.349	734
6	34	4	40	10	left	left	1	13	16.03	811
6	35	4	40	10	right	right	1	12	15.094	795
6	36	4	40	10	right	right	1	31	15.362	2018
6	37	4	40	10	left	left	1	14	15.766	888
6	38	4	40	10	right	right	1	16	15.717	1018
6	39	4	40	10	left	right	0	28	15.292	1831
6	40	4	40	10	right	right	1	17	15.329	1109
7	1	4	40	10	right	right	1	15	15.496	968
7	2	4	40	10	left	left	1	12	15.228	788
7	3	4	40	10	right	right	1	36	15.132	2379
7	4	4	40	10	right	right	1	28	15.267	1834
7	5	4	40	10	right	right	1	28	15.251	1836
7	6	4	40	10	right	right	1	23	15.162	1517
7	7	4	40	10	left	left	1	18	15.972	1127
7	8	4	40	10	right	right	1	18	15.216	1183
7	9	4	40	10	right	left	0	14	15.086	928
7	10	4	40	10	left	left	1	44	15.199	2895
7	11	4	40	10	right	right	1	41	15.185	2700
7	12	4	40	10	left	left	1	51	15.233	3348
7	13	4	40	10	left	left	1	47	15.28	3076
7	14	4	40	10	right	right	1	40	15.256	2622
7	15	4	40	10	right	right	1	16	15.579	1027
7	16	4	40	10	right	right	1	17	15.726	1081
7	17	4	40	10	right	right	1	20	15.736	1271
7	18	4	40	10	left	left	1	18	15.177	1186
7	19	4	40	10	left	right	0	39	15.264	2555
7	20	4	40	10	right	right	1	25	15.432	1620
7	21	4	40	10	left	left	1	55	15.206	3617
7	22	4	40	10	left	left	1	17	15.288	1112
7	23	4	40	10	right	right	1	28	15.16	1847
7	24	4	40	10	left	left	1	35	15.184	2305
7	25	4	40	10	right	right	1	22	15.816	1391
7	26	4	40	10	right	right	1	18	15.544	1158
7	27	4	40	10	right	right	1	66	15.2	4342
7	28	4	40	10	left	right	0	42	15.217	2760
7	29	4	40	10	left	left	1	18	15.972	1127
7	30	4	40	10	right	right	1	29	15.575	1862
7	31	4	40	10	left	left	1	18	15.293	1177
7	32	4	40	10	left	left	1	19	15.51	1225
7	33	4	40	10	left	left	1	25	15.133	1652
7	34	4	40	10	left	left	1	17	15.385	1105
7	35	4	40	10	left	left	1	13	15.625	832
7	36	4	40	10	right	left	0	13	15.046	864
7	37	4	40	10	left	left	1	56	15.263	3669
7	38	4	40	10	right	left	0	29	15.312	1894
7	39	4	40	10	left	right	0	12	15.831	758
7	40	4	40	10	left	right	0	48	15.185	3161
8	1	4	40	10	right	right	1	25	15.356	1628
8	2	4	40	10	left	left	1	24	15.316	1567
8	3	4	40	10	left	left	1	35	15.5	2258
8	4	4	40	10	left	left	1	28	15.226	1839
8	5	4	40	10	right	right	1	15	15.369	976
8	6	4	40	10	right	right	1	13	15.24	853
8	7	4	40	10	left	left	1	22	15.482	1421
8	8	4	40	10	right	right	1	36	15.132	2379
8	9	4	40	10	left	left	1	31	15.174	2043
8	10	4	40	10	left	left	1	26	15.169	1714
8	11	4	40	10	right	right	1	20	15.613	1281
8	12	4	40	10	left	left	1	16	15.311	1045
8	13	4	40	10	right	right	1	49	15.38	3186
8	14	4	40	10	left	left	1	16	15.64	1023
8	15	4	40	10	right	right	1	13	15.403	844
8	16	4	40	10	left	left	1	12	15.385	780
8	17	4	40	10	left	left	1	13	15.569	835
8	18	4	40	10	right	right	1	13	15.719	827
8	19	4	40	10	left	right	0	13	15.276	851
8	20	4	40	10	left	right	0	13	15.046	864
8	21	4	40	10	left	left	1	13	15.366	846
8	22	4	40	10	left	left	1	13	16.129	806
8	23	4	40	10	left	left	1	14	15.135	925
8	24	4	40	10	right	left	0	14	15.909	880
8	25	4	40	10	right	right	1	21	15.648	1342
8	26	4	40	10	right	right	1	31	15.477	2003
8	27	4	40	10	left	left	1	18	15.293	1177
8	28	4	40	10	left	left	1	17	15.371	1106
8	29	4	40	10	right	right	1	25	15.538	1609
8	30	4	40	10	right	right	1	40	15.169	2637
8	31	4	40	10	right	right	1	29	15.533	1867
8	32	4	40	10	left	left	1	14	15.945	878
8	33	4	40	10	right	right	1	24	15.238	1575
8	34	4	40	10	right	right	1	22	15.515	1418
8	35	4	40	10	left	left	1	19	15.31	1241
8	36	4	40	10	left	right	0	20	15.106	1324
8	37	4	40	10	right	right	1	29	15.45	1877
8	38	4	40	10	right	right	1	42	15.217	2760
8	39	4	40	10	right	right	1	26	15.099	1722
8	40	4	40	10	right	right	1	13	15.33	848
9	1	4	40	10	left	left	1	22	15.331	1435
9	2	4	40	10	left	left	1	39	15.47	2521
9	3	4	40	10	right	right	1	19	15.781	1204
9	4	4	40	10	left	left	1	14	15.945	878
9	5	4	40	10	left	left	1	17	15.192	1119
9	6	4	40	10	right	right	1	21	15.184	1383
9	7	4	40	10	right	right	1	24	15.494	1549
9	8	4	40	10	right	right	1	19	15.335	1239
9	9	4	40	10	right	right	1	27	15.254	1770
9	10	4	40	10	right	right	1	31	15.547	1994
9	11	4	40	10	left	right	0	33	15.11	2184
9	12	4	40	10	right	right	1	52	15.407	3375
9	13	4	40	10	right	right	1	37	15.315	2416
9	14	4	40	10	left	left	1	15	15.74	953
9	15	4	40	10	right	right	1	39	15.354	2540
9	16	4	40	10	left	left	1	17	15.179	1120
9	17	4	40	10	right	right	1	45	15.244	2952
9	18	4	40	10	right	right	1	18	15.228	1182
9	19	4	40	10	left	left	1	22	15.278	1440
9	20	4	40	10	right	right	1	15	15.773	951
9	21	4	40	10	left	right	0	37	15.201	2434
9	22	4	40	10	left	left	1	32	15.437	2073
9	23	4	40	10	left	left	1	32	15.377	2081
9	24	4	40	10	left	left	1	42	15.168	2769
9	25	4	40	10	right	right	1	26	15.606	1666
9	26	4	40	10	right	right	1	18	15.734	1144
9	27	4	40	10	left	left	1	16	15.385	1040
9	28	4	40	10	left	left	1	12	16.021	749
9	29	4	40	10	left	right	0	34	15.158	2243
9	30	4	40	10	left	left	1	39	15.163	2572
9	31	4	40	10	left	left	1	111	15.245	7281
9	32	4	40	10	right	right	1	21	15.284	1374
9	33	4	40	10	left	right	0	44	15.299	2876
9	34	4	40	10	right	left	0	21	15.385	1365
9	35	4	40	10	right	right	1	13	15.33	848
9	36	4	40	10	left	left	1	41	15.39	2664
9	37	4	40	10	left	left	1	89	15.266	5830
9	38	4	40	10	right	right	1	44	15.246	2886
9	39	4	40	10	right	right	1	47	15.166	3099
9	40	4	40	10	right	right	1	20	15.468	1293
10	1	4	40	10	left	left	1	31	15.554	1993
10	2	4	40	10	left	right	0	16	15.889	1007
10	3	4	40	10	left	left	1	11	15.257	721
10	4	4	40	10	right	right	1	14	15.521	902
10	5	4	40	10	right	left	0	18	15.517	1160
10	6	4	40	10	left	left	1	26	15.143	1717
10	7	4	40	10	right	right	1	13	16.01	812
10	8	4	40	10	left	left	1	32	15.304	2091
10	9	4	40	10	right	right	1	14	15.284	916
10	10	4	40	10	left	right	0	19	15.347	1238
10	11	4	40	10	right	right	1	12	16.021	749
10	12	4	40	10	left	left	1	20	15.492	1291
10	13	4	40	10	left	right	0	24	15.238	1575
10	14	4	40	10	right	right	1	23	15.551	1479
10	15	4	40	10	right	right	1	28	15.226	1839
10	16	4	40	10	left	left	1	13	15.169	857
10	17	4	40	10	left	left	1	13	15.892	818
10	18	4	40	10	right	right	1	18	15.598	1154
10	19	4	40	10	right	left	0	36	15.241	2362
10	20	4	40	10	right	right	1	31	15.278	2029
10	21	4	40	10	left	left	1	27	15.306	1764
10	22	4	40	10	left	left	1	22	15.406	1428
10	23	4	40	10	right	right	1	15	15.322	979
10	24	4	40	10	left	left	1	23	15.222	1511
10	25	4	40	10	left	right	0	63	15.288	4121
10	26	4	40	10	right	right	1	13	15.738	826
10	27	4	40	10	right	right	1	16	15.968	1002
10	28	4	40	10	left	right	0	26	15.56	1671
10	29	4	40	10	right	right	1	21	15.801	1329
10	30	4	40	10	right	right	1	16	15.779	1014
10	31	4	40	10	right	right	1	16	15.34	1043
10	32	4	40	10	right	right	1	17	15.858	1072
10	33	4	40	10	right	right	1	17	15.992	1063
10	34	4	40	10	left	left	1	22	15.57	1413
10	35	4	40	10	right	right	1	27	15.385	1755
10	36	4	40	10	left	left	1	21	15.141	1387
10	37	4	40	10	left	right	0	39	15.519	2513
10	38	4	40	10	left	left	1	30	15.236	1969
10	39	4	40	10	right	right	1	33	15.172	2175
10	40	4	40	10	left	left	1	29	15.352	1889
11	1	4	40	10	right	right	1	12	15.132	793
11	2	4	40	10	left	left	1	11	15.625	704
11	3	4	40	10	left	right	0	15	15.94	941
11	4	4	40	10	left	left	1	15	15.674	957
11	5	4	40	10	right	right	1	15	15.496	968
11	6	4	40	10	left	left	1	17	15.125	1124
11	7	4	40	10	right	right	1	15	15.198	987
11	8	4	40	10	left	left	1	12	15.345	782
11	9	4	40	10	right	right	1	12	15.19	790
11	10	4	40	10	left	left	1	11	15.193	724
11	11	4	40	10	left	right	0	31	15.431	2009
11	12	4	40	10	right	right	1	14	15.152	924
11	13	4	40	10	right	right	1	22	15.816	1391
11	14	4	40	10	left	left	1	25	15.499	1613
11	15	4	40	10	left	left	1	96	15.265	6289
11	16	4	40	10	right	right	1	13	15.385	845
11	17	4	40	10	right	right	1	13	15.24	853
11	18	4	40	10	left	left	1	13	15.081	862
11	19	4	40	10	right	right	1	15	15.641	959
11	20	4	40	10	right	right	1	33	15.493	2130
11	21	4	40	10	left	left	1	17	15.138	1123
11	22	4	40	10	right	right	1	28	15.53	1803
11	23	4	40	10	left	left	1	44	15.22	2891
11	24	4	40	10	left	left	1	17	15.511	1096
11	25	4	40	10	right	right	1	15	15.136	991
11	26	4	40	10	left	left	1	13	15.421	843
11	27	4	40	10	left	left	1	18	15.693	1147
11	28	4	40	10	left	left	1	19	15.188	1251
11	29	4	40	10	left	left	1	52	15.303	3398
11	30	4	40	10	right	right	1	17	15.511	1096
11	31	4	40	10	right	right	1	20	15.256	1311
11	32	4	40	10	left	right	0	82	15.152	5412
11	33	4	40	10	right	left	0	33	15.406	2142
11	34	4	40	10	right	right	1	12	15.228	788
11	35	4	40	10	right	right	1	23	15.678	1467
11	36	4	40	10	right	right	1	25	15.281	1636
11	37	4	40	10	left	right	0	41	15.437	2656
11	38	4	40	10	left	right	0	15	15.957	940
11	39	4	40	10	right	left	0	20	15.291	1308
11	40	4	40	10	right	right	1	19	15.664	1213
12	1	4	40	10	right	right	1	14	15.005	933
12	2	4	40	10	left	left	1	11	16.176	680
12	3	4	40	10	right	right	1	11	15.027	732
12	4	4	40	10	right	right	1	15	16.009	937
12	5	4	40	10	right	right	1	13	15.7	828
12	6	4	40	10	right	right	1	10	15.152	660
12	7	4	40	10	right	right	1	72	15.329	4697
12	8	4	40	10	right	right	1	26	15.376	1691
12	9	4	40	10	right	right	1	25	15.235	1641
12	10	4	40	10	right	right	1	40	15.209	2630
12	11	4	40	10	right	right	1	20	15.576	1284
12	12	4	40	10	left	left	1	16	15.64	1023
12	13	4	40	10	left	left	1	18	16.014	1124
12	14	4	40	10	left	left	1	32	15.296	2092
12	15	4	40	10	left	left	1	16	15.564	1028
12	16	4	40	10	right	right	1	13	15.029	865
12	17	4	40	10	right	right	1	55	15.235	3610
12	18	4	40	10	right	right	1	35	15.344	2281
12	19	4	40	10	right	right	1	27	15.499	1742
12	20	4	40	10	left	right	0	20	15.552	1286
12	21	4	40	10	left	left	1	22	15.048	1462
12	22	4	40	10	left	left	1	15	15.4	974
12	23	4	40	10	right	right	1	22	15.342	1434
12	24	4	40	10	right	right	1	22	15.017	1465
12	25	4	40	10	left	left	1	12	15.424	778
12	26	4	40	10	left	left	1	24	15.464	1552
12	27	4	40	10	right	right	1	25	15.216	1643
12	28	4	40	10	left	left	1	16	15.152	1056
12	29	4	40	10	left	left	1	48	15.399	3117
12	30	4	40	10	left	right	0	17	15.399	1104
12	31	4	40	10	left	left	1	15	15.957	940
12	32	4	40	10	left	left	1	13	16.27	799
12	33	4	40	10	right	left	0	15	15.4	974
12	34	4	40	10	right	right	1	21	15.453	1359
12	35	4	40	10	left	left	1	14	15.695	892
12	36	4	40	10	left	left	1	14	15.267	917
12	37	4	40	10	left	left	1	13	15.644	831
12	38	4	40	10	left	left	1	9	15.025	599
12	39	4	40	10	right	right	1	34	15.448	2201
12	40	4	40	10	left	left	1	19	15.677	1212
13	1	4	40	10	right	right	1	21	15.487	1356
13	2	4	40	10	left	right	0	45	15.322	2937
13	3	4	40	10	right	right	1	14	15.837	884
13	4	4	40	10	right	right	1	10	14.948	669
13	5	4	40	10	left	left	1	13	16.23	801
13	6	4	40	10	right	right	1	14	15.487	904
13	7	4	40	10	left	left	1	12	15.564	771
13	8	4	40	10	left	left	1	11	15.965	689
13	9	4	40	10	right	right	1	13	16.149	805
13	10	4	40	10	left	left	1	10	15.699	637
13	11	4	40	10	left	right	0	13	15.33	848
13	12	4	40	10	left	left	1	25	15.198	1645
13	13	4	40	10	left	right	0	18	15.28	1178
13	14	4	40	10	right	right	1	16	15.282	1047
13	15	4	40	10	right	right	1	38	15.491	2453
13	16	4	40	10	right	right	1	13	15.205	855
13	17	4	40	10	left	left	1	14	15.642	895
13	18	4	40	10	left	left	1	44	15.146	2905
13	19	4	40	10	right	right	1	15	15.528	966
13	20	4	40	10	right	right	1	36	15.139	2378
13	21	4	40	10	left	left	1	25	15.615	1601
13	22	4	40	10	right	right	1	12	16.194	741
13	23	4	40	10	left	left	1	20	15.302	1307
13	24	4	40	10	right	right	1	16	15.504	1032
13	25	4	40	10	left	left	1	14	15.436	907
13	26	4	40	10	right	right	1	23	15.405	1493
13	27	4	40	10	right	right	1	12	15.504	774
13	28	4	40	10	left	left	1	11	16.272	676
13	29	4	40	10	right	right	1	13	15.476	840
13	30	4	40	10	left	left	1	13	15.187	856
13	31	4	40	10	right	right	1	11	15.603	705
13	32	4	40	10	right	right	1	12	16	750
13	33	4	40	10	right	right	1	22	15.482	1421
13	34	4	40	10	left	left	1	24	15.355	1563
13	35	4	40	10	left	left	1	19	15.755	1206
13	36	4	40	10	right	left	0	17	15.179	1120
13	37	4	40	10	left	left	1	16	15.094	1060
13	38	4	40	10	left	left	1	20	15.601	1282
13	39	4	40	10	left	left	1	14	15.119	926
13	40	4	40	10	right	right	1	15	15.756	952
14	1	4	40	10	left	left	1	28	15.556	1800
14	2	4	40	10	left	right	0	25	15.235	1641
14	3	4	40	10	right	right	1	13	15.892	818
14	4	4	40	10	right	right	1	22	15.007	1466
14	5	4	40	10	right	right	1	12	16.26	738
14	6	4	40	10	right	left	0	11	16.176	680
14	7	4	40	10	left	left	1	31	15.617	1985
14	8	4	40	10	left	left	1	47	15.309	3070
14	9	4	40	10	right	right	1	12	15.789	760
14	10	4	40	10	right	right	1	24	15.104	1589
14	11	4	40	10	right	right	1	22	15.278	1440
14	12	4	40	10	left	right	0	47	15.22	3088
14	13	4	40	10	right	right	1	19	15.638	1215
14	14	4	40	10	left	left	1	17	15.274	1113
14	15	4	40	10	right	right	1	15	15.121	992
14	16	4	40	10	left	left	1	13	15.854	820
14	17	4	40	10	left	left	1	16	15.326	1044
14	18	4	40	10	right	right	1	10	16	625
14	19	4	40	10	right	right	1	10	15.723	636
14	20	4	40	10	right	left	0	12	15.484	775
14	21	4	40	10	left	right	0	9	15.986	563
14	22	4	40	10	right	right	1	10	15.221	657
14	23	4	40	10	left	right	0	11	15.007	733
14	24	4	40	10	left	left	1	14	15.102	927
14	25	4	40	10	left	left	1	29	15.287	1897
14	26	4	40	10	left	right	0	16	15.429	1037
14	27	4	40	10	left	right	0	12	15.326	783
14	28	4	40	10	left	left	1	13	15.892	818
14	29	4	40	10	left	left	1	68	15.145	4490
14	30	4	40	10	left	left	1	22	15.193	1448
14	31	4	40	10	right	left	0	20	15.723	1272
14	32	4	40	10	right	right	1	13	15.046	864
14	33	4	40	10	right	right	1	15	16.009	937
14	34	4	40	10	right	right	1	21	15.59	1347
14	35	4	40	10	right	right	1	18	15.943	1129
14	36	4	40	10	left	left	1	18	15.306	1176
14	37	4	40	10	right	right	1	18	15.398	1169
14	38	4	40	10	right	right	1	14	15.453	906
14	39	4	40	10	left	left	1	20	15.291	1308
14	40	4	40	10	left	right	0	31	15.625	1984
15	1	4	40	10	left	left	1	35	15.08	2321
15	2	4	40	10	left	left	1	18	15.531	1159
15	3	4	40	10	right	right	1	14	15.217	920
15	4	4	40	10	left	left	1	17	15.947	1066
15	5	4	40	10	right	right	1	11	15.805	696
15	6	4	40	10	right	right	1	18	15.887	1133
15	7	4	40	10	left	left	1	16	15.81	1012
15	8	4	40	10	right	right	1	12	15.936	753
15	9	4	40	10	right	right	1	18	15.972	1127
15	10	4	40	10	left	left	1	18	15.216	1183
15	11	4	40	10	right	right	1	15	15.369	976
15	12	4	40	10	left	left	1	20	15.576	1284
15	13	4	40	10	right	right	1	17	15.192	1119
15	14	4	40	10	left	left	1	18	15.652	1150
15	15	4	40	10	right	right	1	17	15.903	1069
15	16	4	40	10	right	right	1	22	15.504	1419
15	17	4	40	10	right	right	1	25	15.281	1636
15	18	4	40	10	right	right	1	20	15.736	1271
15	19	4	40	10	right	right	1	13	16.189	803
15	20	4	40	10	left	right	0	15	15.213	986
15	21	4	40	10	left	left	1	23	15.668	1468
15	22	4	40	10	right	right	1	18	15.371	1171
15	23	4	40	10	right	right	1	15	15.957	940
15	24	4	40	10	left	left	1	13	14.925	871
15	25	4	40	10	left	left	1	18	15.101	1192
15	26	4	40	10	left	left	1	13	15.029	865
15	27	4	40	10	left	right	0	23	15.112	1522
15	28	4	40	10	right	right	1	19	15.224	1248
15	29	4	40	10	right	right	1	29	15.144	1915
15	30	4	40	10	left	left	1	20	15.736	1271
15	31	4	40	10	right	right	1	21	15.328	1370
15	32	4	40	10	right	right	1	15	15.89	944
15	33	4	40	10	left	left	1	20	15.785	1267
15	34	4	40	10	left	right	0	52	15.376	3382
15	35	4	40	10	right	right	1	16	15.429	1037
15	36	4	40	10	left	right	0	23	15.52	1482
15	37	4	40	10	right	right	1	13	16.089	808
15	38	4	40	10	left	left	1	20	15.256	1311
15	39	4	40	10	left	left	1	21	15.228	1379
15	40	4	40	10	left	left	1	37	15.201	2434
16	1	4	40	10	left	left	1	25	15.319	1632
16	2	4	40	10	right	right	1	10	16.129	620
16	3	4	40	10	left	right	0	36	15.164	2374
16	4	4	40	10	right	right	1	13	15.569	835
16	5	4	40	10	left	left	1	12	15.564	771
16	6	4	40	10	right	right	1	14	15.608	897
16	7	4	40	10	left	left	1	31	15.539	1995
16	8	4	40	10	left	left	1	25	15.461	1617
16	9	4	40	10	left	right	0	20	15.76	1269
16	10	4	40	10	left	left	1	13	15.834	821
16	11	4	40	10	right	left	0	14	15.695	892
16	12	4	40	10	right	right	1	12	15.248	787
16	13	4	40	10	right	right	1	29	15.541	1866
16	14	4	40	10	right	right	1	48	15.287	3140
16	15	4	40	10	left	left	1	40	15.157	2639
16	16	4	40	10	left	left	1	27	15.16	1781
16	17	4	40	10	right	right	1	27	15.16	1781
16	18	4	40	10	right	right	1	19	15.561	1221
16	19	4	40	10	left	right	0	14	15.234	919
16	20	4	40	10	left	right	0	37	15.17	2439
16	21	4	40	10	left	left	1	27	15.16	1781
16	22	4	40	10	right	right	1	14	15.135	925
16	23	4	40	10	left	left	1	42	15.217	2760
16	24	4	40	10	left	left	1	18	15.831	1137
16	25	4	40	10	left	left	1	19	15.397	1234
16	26	4	40	10	left	right	0	20	15.576	1284
16	27	4	40	10	left	right	0	48	15.094	3180
16	28	4	40	10	left	left	1	16	15.671	1021
16	29	4	40	10	right	right	1	49	15.303	3202
16	30	4	40	10	right	right	1	18	15.013	1199
16	31	4	40	10	right	right	1	12	15.625	768
16	32	4	40	10	right	left	0	15	15.259	983
16	33	4	40	10	right	right	1	21	15.625	1344
16	34	4	40	10	right	right	1	14	15.135	925
16	35	4	40	10	right	right	1	12	15.979	751
16	36	4	40	10	right	right	1	15	15.94	941
16	37	4	40	10	left	right	0	11	15.449	712
16	38	4	40	10	right	right	1	39	15.318	2546
16	39	4	40	10	left	right	0	32	15.459	2070
16	40	4	40	10	right	right	1	18	15.28	1178
17	1	4	40	10	left	left	1	22	15.493	1420
17	2	4	40	10	left	left	1	14	16	875
17	3	4	40	10	right	right	1	13	15.403	844
17	4	4	40	10	left	right	0	49	15.213	3221
17	5	4	40	10	left	left	1	19	15.055	1262
17	6	4	40	10	right	right	1	13	15.588	834
17	7	4	40	10	right	right	1	16	15.717	1018
17	8	4	40	10	left	right	0	37	15.127	2446
17	9	4	40	10	left	left	1	14	15.538	901
17	10	4	40	10	right	right	1	16	15.656	1022
17	11	4	40	10	right	right	1	13	15.588	834
17	12	4	40	10	right	right	1	26	15.312	1698
17	13	4	40	10	right	right	1	17	15.843	1073
17	14	4	40	10	left	left	1	35	15.521	2255
17	15	4	40	10	right	right	1	15	15.182	988
17	16	4	40	10	left	left	1	14	15.766	888
17	17	4	40	10	left	right	0	25	15.461	1617
17	18	4	40	10	left	left	1	13	15.152	858
17	19	4	40	10	left	right	0	52	15.138	3435
17	20	4	40	10	right	right	1	21	15.498	1355
17	21	4	40	10	left	left	1	13	16.25	800
17	22	4	40	10	right	right	1	15	15.244	984
17	23	4	40	10	left	right	0	15	15.306	980
17	24	4	40	10	left	right	0	13	15.403	844
17	25	4	40	10	left	left	1	18	15.28	1178
17	26	4	40	10	right	right	1	16	15.717	1018
17	27	4	40	10	left	left	1	17	15.873	1071
17	28	4	40	10	left	right	0	22	15.225	1445
17	29	4	40	10	right	right	1	14	15.054	930
17	30	4	40	10	left	left	1	24	15.666	1532
17	31	4	40	10	right	right	1	21	15.284	1374
17	32	4	40	10	right	right	1	18	15.152	1188
17	33	4	40	10	left	left	1	44	15.336	2869
17	34	4	40	10	right	right	1	18	15.929	1130
17	35	4	40	10	right	right	1	30	15.298	1961
17	36	4	40	10	right	right	1	30	15.198	1974
17	37	4	40	10	right	right	1	14	15.436	907
17	38	4	40	10	right	right	1	14	15.005	933
17	39	4	40	10	right	right	1	16	15.625	1024
17	40	4	40	10	left	right	0	40	15.355	2605
18	1	4	40	10	right	right	1	39	15.354	2540
18	2	4	40	10	right	right	1	29	15.434	1879
18	3	4	40	10	right	right	1	37	15.404	2402
18	4	4	40	10	left	left	1	23	15.52	1482
18	5	4	40	10	right	right	1	34	15.158	2243
18	6	4	40	10	right	right	1	31	15.385	2015
18	7	4	40	10	right	right	1	25	15.645	1598
18	8	4	40	10	right	right	1	22	15.614	1409
18	9	4	40	10	right	right	1	35	15.514	2256
18	10	4	40	10	right	right	1	44	15.125	2909
18	11	4	40	10	left	right	0	56	15.376	3642
18	12	4	40	10	right	right	1	24	15.085	1591
18	13	4	40	10	left	left	1	33	15.435	2138
18	14	4	40	10	right	right	1	17	15.343	1108
18	15	4	40	10	right	right	1	35	15.067	2323
18	16	4	40	10	right	right	1	34	15.226	2233
18	17	4	40	10	left	left	1	40	15.123	2645
18	18	4	40	10	left	right	0	36	15.126	2380
18	19	4	40	10	left	left	1	28	15.487	1808
18	20	4	40	10	right	right	1	15	15.873	945
18	21	4	40	10	right	right	1	17	15.568	1092
18	22	4	40	10	left	left	1	17	15.138	1123
18	23	4	40	10	left	left	1	43	15.385	2795
18	24	4	40	10	left	left	1	13	15.24	853
18	25	4	40	10	right	right	1	15	15.291	981
18	26	4	40	10	right	right	1	19	15.612	1217
18	27	4	40	10	right	right	1	12	15.564	771
18	28	4	40	10	left	left	1	21	15.152	1386
18	29	4	40	10	left	right	0	16	15.504	1032
18	30	4	40	10	left	right	0	33	15.152	2178
18	31	4	40	10	left	left	1	12	15.936	753
18	32	4	40	10	right	right	1	20	15.54	1287
18	33	4	40	10	right	right	1	18	15.063	1195
18	34	4	40	10	left	left	1	17	15.233	1116
18	35	4	40	10	left	left	1	17	15.697	1083
18	36	4	40	10	left	left	1	18	15.817	1138
18	37	4	40	10	left	left	1	15	15.091	994
18	38	4	40	10	left	right	0	14	15.119	926
18	39	4	40	10	left	left	1	18	16	1125
18	40	4	40	10	left	left	1	16	15.195	1053
19	1	4	40	10	left	left	1	14	15.625	896
19	2	4	40	10	left	left	1	13	15.606	833
19	3	4	40	10	right	right	1	11	15.603	705
19	4	4	40	10	left	left	1	9	16.364	550
19	5	4	40	10	left	right	0	11	16.369	672
19	6	4	40	10	right	right	1	10	15.432	648
19	7	4	40	10	left	left	1	11	15.214	723
19	8	4	40	10	left	left	1	11	15.11	728
19	9	4	40	10	left	left	1	16	15.195	1053
19	10	4	40	10	left	left	1	15	15.576	963
19	11	4	40	10	right	right	1	13	15.513	838
19	12	4	40	10	right	left	0	12	16	750
19	13	4	40	10	left	right	0	8	16.097	497
19	14	4	40	10	right	right	1	21	15.475	1357
19	15	4	40	10	right	left	0	15	15.839	947
19	16	4	40	10	left	right	0	9	15.332	587
19	17	4	40	10	left	right	0	20	15.14	1321
19	18	4	40	10	right	left	0	18	15.571	1156
19	19	4	40	10	right	right	1	10	15.432	648
19	20	4	40	10	left	right	0	20	15.785	1267
19	21	4	40	10	left	right	0	18	15.693	1147
19	22	4	40	10	right	left	0	18	15.734	1144
19	23	4	40	10	left	right	0	28	15.582	1797
19	24	4	40	10	right	right	1	25	15.216	1643
19	25	4	40	10	right	right	1	13	15.644	831
19	26	4	40	10	left	right	0	17	15.192	1119
19	27	4	40	10	right	right	1	16	15.209	1052
19	28	4	40	10	right	right	1	17	15.385	1105
19	29	4	40	10	right	right	1	16	15.61	1025
19	30	4	40	10	left	left	1	15	15.291	981
19	31	4	40	10	right	right	1	24	15.534	1545
19	32	4	40	10	right	right	1	22	15.581	1412
19	33	4	40	10	left	left	1	24	15.199	1579
19	34	4	40	10	left	left	1	16	15.905	1006
19	35	4	40	10	left	right	0	18	15.707	1146
19	36	4	40	10	right	left	0	27	15.634	1727
19	37	4	40	10	right	right	1	11	15.214	723
19	38	4	40	10	right	right	1	15	15.625	960
19	39	4	40	10	right	right	1	15	15.576	963
19	40	4	40	10	left	right	0	25	15.188	1646
20	1	4	40	10	right	right	1	15	15.369	976
20	2	4	40	10	left	left	1	14	15.021	932
20	3	4	40	10	right	right	1	14	15.801	886
20	4	4	40	10	left	left	1	14	15.625	896
20	5	4	40	10	right	right	1	11	16.129	682
20	6	4	40	10	right	right	1	12	15.831	758
20	7	4	40	10	left	left	1	25	15.281	1636
20	8	4	40	10	left	right	0	9	15.203	592
20	9	4	40	10	right	right	1	10	14.903	671
20	10	4	40	10	left	left	1	37	15.152	2442
20	11	4	40	10	left	right	0	42	15.419	2724
20	12	4	40	10	right	right	1	13	16.069	809
20	13	4	40	10	left	left	1	37	15.214	2432
20	14	4	40	10	right	right	1	17	15.385	1105
20	15	4	40	10	right	right	1	20	15.613	1281
20	16	4	40	10	right	right	1	18	15.05	1196
20	17	4	40	10	right	right	1	23	15.082	1525
20	18	4	40	10	left	left	1	18	15.216	1183
20	19	4	40	10	right	right	1	22	15.183	1449
20	20	4	40	10	right	right	1	17	15.726	1081
20	21	4	40	10	left	left	1	18	15.013	1199
20	22	4	40	10	left	right	0	18	14.988	1201
20	23	4	40	10	left	right	0	18	15.531	1159
20	24	4	40	10	right	right	1	19	15.273	1244
20	25	4	40	10	left	left	1	34	15.185	2239
20	26	4	40	10	left	left	1	41	15.327	2675
20	27	4	40	10	right	right	1	17	15.152	1122
20	28	4	40	10	right	right	1	19	15.103	1258
20	29	4	40	10	left	left	1	19	15.36	1237
20	30	4	40	10	left	left	1	26	15.055	1727
20	31	4	40	10	right	right	1	14	15.521	902
20	32	4	40	10	left	left	1	23	15.132	1520
20	33	4	40	10	right	right	1	20	15.798	1266
20	34	4	40	10	right	right	1	22	15.827	1390
20	35	4	40	10	right	right	1	13	15.421	843
20	36	4	40	10	left	left	1	21	15.306	1372
20	37	4	40	10	right	right	1	18	15.177	1186
20	38	4	40	10	left	left	1	45	15.106	2979
20	39	4	40	10	left	right	0	19	15.2	1250
20	40	4	40	10	left	left	1	13	15.892	818
21	1	4	40	10	right	right	1	12	16.086	746
21	2	4	40	10	left	right	0	35	15.191	2304
21	3	4	40	10	right	left	0	12	15.248	787
21	4	4	40	10	right	right	1	12	15.81	759
21	5	4	40	10	right	right	1	13	16.149	805
21	6	4	40	10	right	right	1	13	15.854	820
21	7	4	40	10	left	right	0	31	15.594	1988
21	8	4	40	10	right	right	1	17	16.008	1062
21	9	4	40	10	right	right	1	16	15.564	1028
21	10	4	40	10	right	right	1	50	15.129	3305
21	11	4	40	10	left	left	1	39	15.476	2520
21	12	4	40	10	left	right	0	37	15.195	2435
21	13	4	40	10	left	left	1	12	15.132	793
21	14	4	40	10	right	right	1	13	15.046	864
21	15	4	40	10	left	left	1	22	15.793	1393
21	16	4	40	10	left	left	1	16	15.873	1008
21	17	4	40	10	left	right	0	18	15.571	1156
21	18	4	40	10	right	left	0	8	16.36	489
21	19	4	40	10	right	right	1	14	15.402	909
21	20	4	40	10	left	left	1	20	15.349	1303
21	21	4	40	10	left	right	0	44	15.178	2899
21	22	4	40	10	right	right	1	17	15.903	1069
21	23	4	40	10	left	left	1	25	15.142	1651
21	24	4	40	10	left	left	1	25	15.547	1608
21	25	4	40	10	left	left	1	16	15.094	1060
21	26	4	40	10	right	right	1	13	15.152	858
21	27	4	40	10	left	left	1	47	15.364	3059
21	28	4	40	10	left	right	0	20	15.385	1300
21	29	4	40	10	right	right	1	13	15.682	829
21	30	4	40	10	left	left	1	16	15.671	1021
21	31	4	40	10	right	right	1	16	15.123	1058
21	32	4	40	10	right	right	1	18	15.411	1168
21	33	4	40	10	right	right	1	35	15.08	2321
21	34	4	40	10	left	right	0	19	15.742	1207
21	35	4	40	10	left	right	0	17	15.426	1102
21	36	4	40	10	left	left	1	16	15.733	1017
21	37	4	40	10	left	left	1	45	15.254	2950
21	38	4	40	10	right	right	1	15	15.957	940
21	39	4	40	10	right	right	1	14	15.784	887
21	40	4	40	10	right	right	1	13	15.169	857
22	1	4	40	10	right	right	1	14	15.573	899
22	2	4	40	10	right	right	1	16	15.311	1045
22	3	4	40	10	left	left	1	23	15.333	1500
22	4	4	40	10	right	right	1	16	15.326	1044
22	5	4	40	10	right	right	1	13	15.169	857
22	6	4	40	10	right	right	1	22	15.257	1442
22	7	4	40	10	right	right	1	18	15.075	1194
22	8	4	40	10	right	right	1	14	16	875
22	9	4	40	10	right	right	1	11	15.714	700
22	10	4	40	10	left	right	0	16	15.489	1033
22	11	4	40	10	left	left	1	15	15.075	995
22	12	4	40	10	right	right	1	17	15.192	1119
22	13	4	40	10	right	right	1	23	15.313	1502
22	14	4	40	10	left	left	1	17	15.755	1079
22	15	4	40	10	right	right	1	26	15.214	1709
22	16	4	40	10	right	right	1	13	15.854	820
22	17	4	40	10	left	left	1	30	15.221	1971
22	18	4	40	10	left	right	0	31	15.562	1992
22	19	4	40	10	left	left	1	13	16.03	811
22	20	4	40	10	right	right	1	16	15.826	1011
22	21	4	40	10	left	left	1	21	15.533	1352
22	22	4	40	10	right	right	1	30	15.267	1965
22	23	4	40	10	right	right	1	29	15.152	1914
22	24	4	40	10	left	right	0	13	15.366	846
22	25	4	40	10	right	right	1	53	15.217	3483
22	26	4	40	10	left	left	1	16	15.64	1023
22	27	4	40	10	left	right	0	23	15.499	1484
22	28	4	40	10	left	left	1	36	15.3	2353
22	29	4	40	10	left	left	1	41	15.339	2673
22	30	4	40	10	right	right	1	17	15.977	1064
22	31	4	40	10	left	right	0	52	15.09	3446
22	32	4	40	10	right	left	0	10	15.873	630
22	33	4	40	10	right	right	1	12	15.852	757
22	34	4	40	10	left	left	1	15	15.448	971
22	35	4	40	10	left	left	1	16	15.166	1055
22	36	4	40	10	left	left	1	13	15.99	813
22	37	4	40	10	left	left	1	16	15.564	1028
22	38	4	40	10	right	right	1	14	15.47	905
22	39	4	40	10	left	left	1	12	15.727	763
22	40	4	40	10	left	left	1	25	15.605	1602
23	1	4	40	10	left	left	1	46	15.172	3032
23	2	4	40	10	right	right	1	13	15.606	833
23	3	4	40	10	left	left	1	12	16.107	745
23	4	4	40	10	right	right	1	17	15.654	1086
23	5	4	40	10	right	right	1	22	15.058	1461
23	6	4	40	10	left	left	1	21	15.567	1349
23	7	4	40	10	left	left	1	18	15.385	1170
23	8	4	40	10	left	left	1	13	15.569	835
23	9	4	40	10	left	left	1	11	16.129	682
23	10	4	40	10	left	right	0	16	15.504	1032
23	11	4	40	10	left	right	0	15	15.353	977
23	12	4	40	10	right	right	1	15	15.244	984
23	13	4	40	10	left	right	0	12	15.385	780
23	14	4	40	10	right	right	1	13	15.931	816
23	15	4	40	10	right	right	1	12	15.979	751
23	16	4	40	10	left	right	0	14	15.267	917
23	17	4	40	10	right	right	1	41	15.321	2676
23	18	4	40	10	right	right	1	13	15.258	852
23	19	4	40	10	left	right	0	42	15.373	2732
23	20	4	40	10	right	right	1	11	16.129	682
23	21	4	40	10	right	right	1	12	16.349	734
23	22	4	40	10	right	right	1	20	15.785	1267
23	23	4	40	10	right	right	1	18	15.762	1142
23	24	4	40	10	left	right	0	13	15.663	830
23	25	4	40	10	left	right	0	18	15.267	1179
23	26	4	40	10	left	right	0	13	15.169	857
23	27	4	40	10	left	left	1	12	15.326	783
23	28	4	40	10	left	left	1	18	15.139	1189
23	29	4	40	10	right	right	1	12	16.327	735
23	30	4	40	10	left	right	0	13	15.258	852
23	31	4	40	10	right	right	1	12	16.107	745
23	32	4	40	10	left	left	1	23	15.467	1487
23	33	4	40	10	left	left	1	17	15.977	1064
23	34	4	40	10	right	right	1	12	15.19	790
23	35	4	40	10	right	right	1	13	15.385	845
23	36	4	40	10	right	right	1	13	15.682	829
23	37	4	40	10	right	right	1	30	15.52	1933
23	38	4	40	10	left	left	1	25	15.152	1650
23	39	4	40	10	right	right	1	13	15.205	855
23	40	4	40	10	right	right	1	13	15.187	856
24	1	4	40	10	left	right	0	27	15.323	1762
24	2	4	40	10	right	right	1	16	15.671	1021
24	3	4	40	10	right	right	1	29	15.409	1882
24	4	4	40	10	left	right	0	13	15.834	821
24	5	4	40	10	right	right	1	14	16.018	874
24	6	4	40	10	left	left	1	14	16	875
24	7	4	40	10	right	right	1	14	15.556	900
24	8	4	40	10	right	right	1	25	15.423	1621
24	9	4	40	10	right	right	1	16	15.474	1034
24	10	4	40	10	right	right	1	11	15.471	711
24	11	4	40	10	right	right	1	14	15.284	916
24	12	4	40	10	left	left	1	12	16.173	742
24	13	4	40	10	left	left	1	14	15.284	916
24	14	4	40	10	right	right	1	11	16.035	686
24	15	4	40	10	left	left	1	12	15.267	786
24	16	4	40	10	right	right	1	11	15.782	697
24	17	4	40	10	right	right	1	13	15.385	845
24	18	4	40	10	left	left	1	12	15.345	782
24	19	4	40	10	left	right	0	27	15.237	1772
24	20	4	40	10	left	left	1	14	15.608	897
24	21	4	40	10	right	right	1	30	15.221	1971
24	22	4	40	10	right	right	1	14	15.086	928
24	23	4	40	10	right	right	1	13	15.588	834
24	24	4	40	10	left	right	0	15	15.213	986
24	25	4	40	10	left	left	1	13	16.03	811
24	26	4	40	10	left	right	0	34	15.546	2187
24	27	4	40	10	right	left	0	9	16.245	554
24	28	4	40	10	right	right	1	9	16.304	552
24	29	4	40	10	left	left	1	19	15.41	1233
24	30	4	40	10	right	right	1	11	15.919	691
24	31	4	40	10	right	right	1	10	15.823	632
24	32	4	40	10	left	left	1	11	16.129	682
24	33	4	40	10	right	right	1	9	15.05	598
24	34	4	40	10	right	left	0	8	15.625	512
24	35	4	40	10	left	right	0	9	16.393	549
24	36	4	40	10	left	left	1	12	16.064	747
24	37	4	40	10	left	left	1	17	15.165	1121
24	38	4	40	10	left	left	1	12	15.625	768
24	39	4	40	10	left	left	1	13	14.925	871
24	40	4	40	10	left	left	1	14	14.957	936
