
blkNum	trlNum	coherentDots	numberofDots	percentCoherence	winningDirection	response	correct	eventCount	averageFrameRate	RT
1	1	4	40	10	right	right	1	153	15.144	10103
1	2	4	40	10	left	right	0	71	15.312	4637
1	3	4	40	10	right	left	0	83	15.314	5420
1	4	4	40	10	right	right	1	179	15.184	11789
1	5	4	40	10	left	right	0	69	15.272	4518
1	6	4	40	10	right	left	0	52	15.357	3386
1	7	4	40	10	right	right	1	145	15.18	9552
1	8	4	40	10	left	left	1	53	15.371	3448
1	9	4	40	10	right	left	0	54	15.263	3538
1	10	4	40	10	right	left	0	101	15.252	6622
1	11	4	40	10	right	right	1	71	15.252	4655
1	12	4	40	10	right	right	1	120	15.182	7904
1	13	4	40	10	left	left	1	81	15.3	5294
1	14	4	40	10	right	left	0	27	15.341	1760
1	15	4	40	10	right	left	0	97	15.242	6364
1	16	4	40	10	left	right	0	64	15.329	4175
1	17	4	40	10	right	right	1	47	15.21	3090
1	18	4	40	10	left	left	1	44	15.471	2844
1	19	4	40	10	right	right	1	44	15.241	2887
1	20	4	40	10	right	left	0	52	15.276	3404
1	21	4	40	10	left	right	0	61	15.269	3995
1	22	4	40	10	left	left	1	66	15.25	4328
1	23	4	40	10	left	left	1	130	15.226	8538
1	24	4	40	10	right	left	0	70	15.271	4584
1	25	4	40	10	left	right	0	52	15.272	3405
1	26	4	40	10	left	right	0	57	15.306	3724
1	27	4	40	10	left	left	1	53	15.327	3458
1	28	4	40	10	right	left	0	52	15.308	3397
1	29	4	40	10	left	left	1	98	15.246	6428
1	30	4	40	10	right	right	1	38	15.347	2476
1	31	4	40	10	right	left	0	29	15.376	1886
1	32	4	40	10	right	left	0	198	15.188	13037
1	33	4	40	10	left	right	0	89	15.149	5875
1	34	4	40	10	left	left	1	69	15.208	4537
1	35	4	40	10	right	left	0	104	15.256	6817
1	36	4	40	10	left	right	0	74	15.192	4871
1	37	4	40	10	left	left	1	71	15.318	4635
1	38	4	40	10	left	left	1	50	15.184	3293
1	39	4	40	10	left	right	0	46	15.313	3004
1	40	4	40	10	left	left	1	29	15.295	1896
2	1	4	40	10	left	left	1	68	15.209	4471
2	2	4	40	10	left	left	1	35	15.535	2253
2	3	4	40	10	right	right	1	47	15.295	3073
2	4	4	40	10	right	left	0	62	15.248	4066
2	5	4	40	10	right	right	1	44	15.267	2882
2	6	4	40	10	right	left	0	30	15.377	1951
2	7	4	40	10	right	right	1	24	15.385	1560
2	8	4	40	10	right	right	1	24	15.277	1571
2	9	4	40	10	right	left	0	58	15.275	3797
2	10	4	40	10	right	right	1	40	15.256	2622
2	11	4	40	10	left	right	0	27	15.661	1724
2	12	4	40	10	left	left	1	53	15.3	3464
2	13	4	40	10	left	right	0	35	15.06	2324
2	14	4	40	10	left	left	1	53	15.239	3478
2	15	4	40	10	right	left	0	29	15.279	1898
2	16	4	40	10	left	left	1	137	15.192	9018
2	17	4	40	10	right	left	0	70	15.284	4580
2	18	4	40	10	right	right	1	28	15.547	1801
2	19	4	40	10	right	right	1	38	15.164	2506
2	20	4	40	10	left	right	0	28	15.242	1837
2	21	4	40	10	left	left	1	66	15.239	4331
2	22	4	40	10	right	right	1	59	15.313	3853
2	23	4	40	10	left	left	1	33	15.207	2170
2	24	4	40	10	left	right	0	29	15.385	1885
2	25	4	40	10	right	left	0	33	15.242	2165
2	26	4	40	10	left	left	1	47	15.161	3100
2	27	4	40	10	left	left	1	24	15.248	1574
2	28	4	40	10	right	right	1	59	15.14	3897
2	29	4	40	10	right	left	0	93	15.218	6111
2	30	4	40	10	right	right	1	38	15.397	2468
2	31	4	40	10	right	right	1	93	15.181	6126
2	32	4	40	10	left	left	1	42	15.407	2726
2	33	4	40	10	left	right	0	31	15.392	2014
2	34	4	40	10	right	left	0	41	15.425	2658
2	35	4	40	10	left	right	0	25	15.499	1613
2	36	4	40	10	left	left	1	28	15.573	1798
2	37	4	40	10	left	left	1	32	15.159	2111
2	38	4	40	10	right	left	0	24	15.228	1576
2	39	4	40	10	left	right	0	60	15.186	3951
2	40	4	40	10	left	left	1	25	15.432	1620
3	1	4	40	10	left	left	1	93	15.258	6095
3	2	4	40	10	right	left	0	39	15.439	2526
3	3	4	40	10	left	right	0	32	15.399	2078
3	4	4	40	10	left	left	1	13	16.03	811
3	5	4	40	10	left	left	1	20	15.117	1323
3	6	4	40	10	right	left	0	30	15.377	1951
3	7	4	40	10	right	right	1	18	15.088	1193
3	8	4	40	10	left	left	1	13	15.588	834
3	9	4	40	10	right	right	1	17	15.962	1065
3	10	4	40	10	left	left	1	15	15.907	943
3	11	4	40	10	left	right	0	17	15.712	1082
3	12	4	40	10	right	left	0	23	15.488	1485
3	13	4	40	10	left	right	0	16	15.34	1043
3	14	4	40	10	right	left	0	35	15.099	2318
3	15	4	40	10	left	right	0	27	15.067	1792
3	16	4	40	10	right	right	1	45	15.254	2950
3	17	4	40	10	right	right	1	35	15.535	2253
3	18	4	40	10	right	right	1	37	15.462	2393
3	19	4	40	10	left	left	1	69	15.182	4545
3	20	4	40	10	right	right	1	31	15.385	2015
3	21	4	40	10	left	left	1	18	15.873	1134
3	22	4	40	10	left	right	0	39	15.439	2526
3	23	4	40	10	right	left	0	31	15.271	2030
3	24	4	40	10	right	right	1	50	15.385	3250
3	25	4	40	10	left	left	1	33	15.335	2152
3	26	4	40	10	right	right	1	107	15.229	7026
3	27	4	40	10	right	left	0	48	15.185	3161
3	28	4	40	10	left	right	0	250	15.192	16456
3	29	4	40	10	right	left	0	15	15.924	942
3	30	4	40	10	right	right	1	52	15.16	3430
3	31	4	40	10	right	left	0	26	15.394	1689
3	32	4	40	10	left	right	0	19	15.574	1220
3	33	4	40	10	left	right	0	13	16.03	811
3	34	4	40	10	right	right	1	11	15.647	703
3	35	4	40	10	left	left	1	35	15.112	2316
3	36	4	40	10	left	right	0	27	15.607	1730
3	37	4	40	10	left	left	1	49	15.327	3197
3	38	4	40	10	left	left	1	28	15.599	1795
3	39	4	40	10	right	right	1	57	15.31	3723
3	40	4	40	10	right	right	1	31	15.586	1989
4	1	4	40	10	left	left	1	144	15.206	9470
4	2	4	40	10	left	left	1	25	15.518	1611
4	3	4	40	10	right	right	1	27	15.625	1728
4	4	4	40	10	left	left	1	51	15.228	3349
4	5	4	40	10	left	right	0	17	15.539	1094
4	6	4	40	10	left	left	1	29	15.475	1874
4	7	4	40	10	right	right	1	50	15.3	3268
4	8	4	40	10	right	left	0	33	15.37	2147
4	9	4	40	10	right	right	1	29	15.55	1865
4	10	4	40	10	right	left	0	43	15.205	2828
4	11	4	40	10	left	right	0	18	15.464	1164
4	12	4	40	10	right	right	1	27	15.473	1745
4	13	4	40	10	left	left	1	79	15.331	5153
4	14	4	40	10	left	right	0	24	15.544	1544
4	15	4	40	10	left	left	1	20	15.552	1286
4	16	4	40	10	left	left	1	26	15.385	1690
4	17	4	40	10	right	right	1	42	15.217	2760
4	18	4	40	10	right	left	0	24	15.375	1561
4	19	4	40	10	right	right	1	26	15.249	1705
4	20	4	40	10	left	right	0	65	15.363	4231
4	21	4	40	10	right	left	0	23	15.092	1524
4	22	4	40	10	right	right	1	9	16.729	538
4	23	4	40	10	left	left	1	23	15.112	1522
4	24	4	40	10	right	right	1	17	15.233	1116
4	25	4	40	10	left	left	1	21	15.317	1371
4	26	4	40	10	right	right	1	25	15.309	1633
4	27	4	40	10	left	left	1	24	15.645	1534
4	28	4	40	10	right	right	1	21	15.351	1368
4	29	4	40	10	right	left	0	22	15.839	1389
4	30	4	40	10	right	right	1	22	15.805	1392
4	31	4	40	10	right	right	1	43	15.194	2830
4	32	4	40	10	left	left	1	21	15.251	1377
4	33	4	40	10	right	right	1	49	15.199	3224
4	34	4	40	10	left	left	1	38	15.145	2509
4	35	4	40	10	right	right	1	23	15.293	1504
4	36	4	40	10	left	right	0	37	15.258	2425
4	37	4	40	10	left	left	1	31	15.324	2023
4	38	4	40	10	right	right	1	13	15.385	845
4	39	4	40	10	left	left	1	32	15.224	2102
4	40	4	40	10	left	right	0	27	15.084	1790
5	1	4	40	10	left	right	0	39	15.264	2555
5	2	4	40	10	right	right	1	26	15.663	1660
5	3	4	40	10	right	right	1	29	15.159	1913
5	4	4	40	10	left	right	0	32	15.231	2101
5	5	4	40	10	left	right	0	43	15.173	2834
5	6	4	40	10	left	left	1	46	15.127	3041
5	7	4	40	10	left	right	0	36	15.451	2330
5	8	4	40	10	left	left	1	22	15.141	1453
5	9	4	40	10	right	right	1	47	15.354	3061
5	10	4	40	10	left	left	1	32	15.392	2079
5	11	4	40	10	left	left	1	35	15.304	2287
5	12	4	40	10	right	right	1	48	15.287	3140
5	13	4	40	10	right	left	0	30	15.576	1926
5	14	4	40	10	right	right	1	17	15.873	1071
5	15	4	40	10	left	left	1	25	15.198	1645
5	16	4	40	10	right	right	1	18	15.817	1138
5	17	4	40	10	left	left	1	16	15.474	1034
5	18	4	40	10	left	right	0	18	15.113	1191
5	19	4	40	10	right	right	1	24	15.335	1565
5	20	4	40	10	right	left	0	35	15.138	2312
5	21	4	40	10	left	right	0	58	15.316	3787
5	22	4	40	10	left	left	1	15	15.823	948
5	23	4	40	10	left	left	1	31	15.57	1991
5	24	4	40	10	left	right	0	42	15.234	2757
5	25	4	40	10	right	left	0	12	15.894	755
5	26	4	40	10	right	right	1	45	15.136	2973
5	27	4	40	10	right	right	1	17	15.343	1108
5	28	4	40	10	left	right	0	18	15.693	1147
5	29	4	40	10	right	left	0	16	15.267	1048
5	30	4	40	10	right	right	1	32	15.37	2082
5	31	4	40	10	right	right	1	31	15.063	2058
5	32	4	40	10	left	right	0	27	15.535	1738
5	33	4	40	10	right	left	0	20	15.552	1286
5	34	4	40	10	left	right	0	48	15.238	3150
5	35	4	40	10	left	left	1	12	16.327	735
5	36	4	40	10	right	right	1	48	15.209	3156
5	37	4	40	10	right	left	0	21	15.351	1368
5	38	4	40	10	right	right	1	15	15.448	971
5	39	4	40	10	right	right	1	33	15.529	2125
5	40	4	40	10	left	right	0	29	15.376	1886
6	1	4	40	10	right	right	1	26	15.569	1670
6	2	4	40	10	right	left	0	9	16.729	538
6	3	4	40	10	right	right	1	5	17.857	280
6	4	4	40	10	left	right	0	11	16.32	674
6	5	4	40	10	left	left	1	11	15.048	731
6	6	4	40	10	right	right	1	12	15.306	784
6	7	4	40	10	left	left	1	9	15.652	575
6	8	4	40	10	right	right	1	20	15.711	1273
6	9	4	40	10	right	left	0	9	15.306	588
6	10	4	40	10	right	right	1	10	15.773	634
6	11	4	40	10	right	right	1	14	15.819	885
6	12	4	40	10	right	right	1	16	16.016	999
6	13	4	40	10	left	right	0	14	15.038	931
6	14	4	40	10	left	left	1	10	15.748	635
6	15	4	40	10	right	right	1	19	15.152	1254
6	16	4	40	10	left	left	1	14	15.334	913
6	17	4	40	10	left	right	0	11	15.214	723
6	18	4	40	10	right	left	0	5	16.181	309
6	19	4	40	10	left	right	0	12	15.873	756
6	20	4	40	10	left	left	1	16	15.399	1039
6	21	4	40	10	left	right	0	14	15.021	932
6	22	4	40	10	right	left	0	7	16.355	428
6	23	4	40	10	left	right	0	5	17.007	294
6	24	4	40	10	left	left	1	11	15.342	717
6	25	4	40	10	left	left	1	24	15.287	1570
6	26	4	40	10	right	right	1	15	15.416	973
6	27	4	40	10	right	left	0	18	15.957	1128
6	28	4	40	10	right	right	1	21	15.754	1333
6	29	4	40	10	left	right	0	58	15.352	3778
6	30	4	40	10	right	left	0	27	15.118	1786
6	31	4	40	10	right	left	0	22	15.204	1447
6	32	4	40	10	left	right	0	5	14.706	340
6	33	4	40	10	left	left	1	19	15.46	1229
6	34	4	40	10	left	left	1	43	15.363	2799
6	35	4	40	10	left	left	1	45	15.364	2929
6	36	4	40	10	right	left	0	31	15.324	2023
6	37	4	40	10	left	right	0	7	17.073	410
6	38	4	40	10	right	left	0	5	16.287	307
6	39	4	40	10	right	right	1	6	16.529	363
6	40	4	40	10	left	right	0	26	15.412	1687
7	1	4	40	10	left	left	1	24	15.152	1584
7	2	4	40	10	left	right	0	14	15.436	907
7	3	4	40	10	right	right	1	20	15.601	1282
7	4	4	40	10	left	left	1	18	15.345	1173
7	5	4	40	10	right	right	1	14	15.945	878
7	6	4	40	10	right	left	0	22	15.816	1391
7	7	4	40	10	right	right	1	25	15.684	1594
7	8	4	40	10	right	right	1	44	15.46	2846
7	9	4	40	10	left	left	1	32	15.311	2090
7	10	4	40	10	left	right	0	20	15.314	1306
7	11	4	40	10	left	left	1	17	15.582	1091
7	12	4	40	10	right	right	1	49	15.227	3218
7	13	4	40	10	right	left	0	14	16.073	871
7	14	4	40	10	right	right	1	5	15.773	317
7	15	4	40	10	left	right	0	15	15.756	952
7	16	4	40	10	right	left	0	5	16.892	296
7	17	4	40	10	right	right	1	5	14.577	343
7	18	4	40	10	left	right	0	15	15.576	963
7	19	4	40	10	left	left	1	5	18.657	268
7	20	4	40	10	left	right	0	27	15.652	1725
7	21	4	40	10	right	left	0	11	16.176	680
7	22	4	40	10	left	right	0	16	15.253	1049
7	23	4	40	10	right	right	1	36	15.287	2355
7	24	4	40	10	right	left	0	47	15.171	3098
7	25	4	40	10	left	right	0	42	15.301	2745
7	26	4	40	10	right	left	0	5	16.502	303
7	27	4	40	10	right	right	1	7	17.199	407
7	28	4	40	10	right	right	1	31	15.408	2012
7	29	4	40	10	left	right	0	23	15.604	1474
7	30	4	40	10	right	left	0	7	16.509	424
7	31	4	40	10	right	right	1	7	16.129	434
7	32	4	40	10	left	left	1	25	15.547	1608
7	33	4	40	10	left	left	1	41	15.185	2700
7	34	4	40	10	left	left	1	20	15.674	1276
7	35	4	40	10	right	left	0	27	15.35	1759
7	36	4	40	10	left	right	0	23	15.172	1516
7	37	4	40	10	right	left	0	21	15.328	1370
7	38	4	40	10	left	left	1	55	15.359	3581
7	39	4	40	10	left	right	0	60	15.201	3947
7	40	4	40	10	left	left	1	14	15.766	888
8	1	4	40	10	right	right	1	51	15.256	3343
8	2	4	40	10	right	left	0	8	16.985	471
8	3	4	40	10	right	tooFast	2	4	17.021	235
8	4	4	40	10	left	left	1	63	15.203	4144
8	5	4	40	10	right	right	1	30	15.144	1981
8	6	4	40	10	right	left	0	16	15.109	1059
8	7	4	40	10	right	right	1	24	15.18	1581
8	8	4	40	10	left	left	1	22	15.183	1449
8	9	4	40	10	left	left	1	22	15.352	1433
8	10	4	40	10	left	left	1	53	15.265	3472
8	11	4	40	10	left	left	1	25	15.664	1596
8	12	4	40	10	right	right	1	26	15.412	1687
8	13	4	40	10	right	left	0	19	15.067	1261
8	14	4	40	10	left	right	0	15	15.416	973
8	15	4	40	10	left	left	1	17	16.023	1061
8	16	4	40	10	left	right	0	19	15.091	1259
8	17	4	40	10	left	left	1	25	15.291	1635
8	18	4	40	10	left	left	1	22	15.11	1456
8	19	4	40	10	left	left	1	24	15.625	1536
8	20	4	40	10	left	left	1	23	15.112	1522
8	21	4	40	10	right	left	0	32	15.474	2068
8	22	4	40	10	right	right	1	21	15.173	1384
8	23	4	40	10	left	left	1	19	15.447	1230
8	24	4	40	10	left	right	0	23	15.364	1497
8	25	4	40	10	right	left	0	17	15.992	1063
8	26	4	40	10	left	right	0	33	15.152	2178
8	27	4	40	10	right	left	0	26	15.476	1680
8	28	4	40	10	right	right	1	14	16.148	867
8	29	4	40	10	right	right	1	44	15.131	2908
8	30	4	40	10	left	right	0	81	15.177	5337
8	31	4	40	10	right	left	0	7	15.317	457
8	32	4	40	10	right	right	1	11	15.007	733
8	33	4	40	10	left	right	0	36	15.139	2378
8	34	4	40	10	right	left	0	6	15.345	391
8	35	4	40	10	right	right	1	83	15.235	5448
8	36	4	40	10	left	right	0	27	15.143	1783
8	37	4	40	10	left	left	1	9	15.101	596
8	38	4	40	10	right	left	0	53	15.243	3477
8	39	4	40	10	left	right	0	9	16.854	534
8	40	4	40	10	right	left	0	6	17.291	347
9	1	4	40	10	right	right	1	50	15.188	3292
9	2	4	40	10	left	left	1	22	15.681	1403
9	3	4	40	10	right	right	1	71	15.269	4650
9	4	4	40	10	right	left	0	16	15.81	1012
9	5	4	40	10	left	left	1	16	15.905	1006
9	6	4	40	10	right	right	1	35	15.277	2291
9	7	4	40	10	right	left	0	15	15.244	984
9	8	4	40	10	right	right	1	9	14.975	601
9	9	4	40	10	left	right	0	20	15.117	1323
9	10	4	40	10	right	left	0	8	15.238	525
9	11	4	40	10	left	right	0	10	16.42	609
9	12	4	40	10	left	left	1	15	15.48	969
9	13	4	40	10	left	left	1	15	15.432	972
9	14	4	40	10	right	left	0	31	15.256	2032
9	15	4	40	10	left	right	0	7	16.055	436
9	16	4	40	10	right	left	0	19	15.152	1254
9	17	4	40	10	right	right	1	6	15.424	389
9	18	4	40	10	right	right	1	37	15.455	2394
9	19	4	40	10	right	right	1	17	15.947	1066
9	20	4	40	10	right	right	1	37	15.114	2448
9	21	4	40	10	right	left	0	22	15.342	1434
9	22	4	40	10	left	tooFast	2	3	17.241	174
9	23	4	40	10	left	right	0	26	15.107	1721
9	24	4	40	10	left	left	1	8	15.968	501
9	25	4	40	10	right	left	0	23	15.162	1517
9	26	4	40	10	left	right	0	6	16.901	355
9	27	4	40	10	left	left	1	17	15.455	1100
9	28	4	40	10	left	left	1	36	15.339	2347
9	29	4	40	10	left	left	1	59	15.261	3866
9	30	4	40	10	left	left	1	31	15.085	2055
9	31	4	40	10	right	left	0	50	15.404	3246
9	32	4	40	10	right	right	1	12	16.282	737
9	33	4	40	10	left	right	0	17	15.192	1119
9	34	4	40	10	left	left	1	5	15.48	323
9	35	4	40	10	left	left	1	32	15.459	2070
9	36	4	40	10	right	left	0	21	15.556	1350
9	37	4	40	10	left	right	0	5	16.447	304
9	38	4	40	10	left	left	1	18	15.972	1127
9	39	4	40	10	right	left	0	26	15.348	1694
9	40	4	40	10	right	right	1	17	15.497	1097
10	1	4	40	10	right	left	0	58	15.299	3791
10	2	4	40	10	right	right	1	31	15.316	2024
10	3	4	40	10	right	left	0	15	15.136	991
10	4	4	40	10	right	right	1	36	15.411	2336
10	5	4	40	10	right	right	1	60	15.31	3919
10	6	4	40	10	left	left	1	28	15.368	1822
10	7	4	40	10	left	right	0	27	15.698	1720
10	8	4	40	10	left	left	1	91	15.299	5948
10	9	4	40	10	left	left	1	40	15.486	2583
10	10	4	40	10	right	right	1	36	15.332	2348
10	11	4	40	10	right	left	0	23	15.344	1499
10	12	4	40	10	right	right	1	20	15.528	1288
10	13	4	40	10	right	right	1	33	15.428	2139
10	14	4	40	10	left	left	1	38	15.243	2493
10	15	4	40	10	right	right	1	27	15.203	1776
10	16	4	40	10	left	left	1	39	15.187	2568
10	17	4	40	10	right	right	1	39	15.064	2589
10	18	4	40	10	right	right	1	67	15.22	4402
10	19	4	40	10	left	left	1	76	15.279	4974
10	20	4	40	10	left	right	0	55	15.312	3592
10	21	4	40	10	left	left	1	39	15.075	2587
10	22	4	40	10	right	right	1	22	15.11	1456
10	23	4	40	10	right	right	1	29	15.167	1912
10	24	4	40	10	left	left	1	49	15.217	3220
10	25	4	40	10	right	right	1	49	15.308	3201
10	26	4	40	10	left	left	1	34	15.302	2222
10	27	4	40	10	right	right	1	39	15.366	2538
10	28	4	40	10	right	left	0	43	15.157	2837
10	29	4	40	10	left	right	0	39	15.199	2566
10	30	4	40	10	left	left	1	24	15.161	1583
10	31	4	40	10	left	left	1	37	15.208	2433
10	32	4	40	10	left	left	1	43	15.473	2779
10	33	4	40	10	left	right	0	83	15.288	5429
10	34	4	40	10	right	right	1	91	15.31	5944
10	35	4	40	10	left	right	0	54	15.156	3563
10	36	4	40	10	right	left	0	37	15.481	2390
10	37	4	40	10	left	right	0	17	15.138	1123
10	38	4	40	10	right	left	0	47	15.385	3055
10	39	4	40	10	left	right	0	17	15.799	1076
10	40	4	40	10	left	left	1	15	15.625	960
11	1	4	40	10	left	right	0	51	15.306	3332
11	2	4	40	10	right	left	0	13	16.069	809
11	3	4	40	10	right	right	1	25	15.423	1621
11	4	4	40	10	right	right	1	31	15.554	1993
11	5	4	40	10	right	left	0	21	15.825	1327
11	6	4	40	10	left	right	0	12	15.132	793
11	7	4	40	10	right	right	1	22	15.395	1429
11	8	4	40	10	left	left	1	20	15.504	1290
11	9	4	40	10	left	right	0	29	15.508	1870
11	10	4	40	10	right	left	0	17	15.77	1078
11	11	4	40	10	left	right	0	31	15.492	2001
11	12	4	40	10	right	left	0	73	15.272	4780
11	13	4	40	10	left	left	1	27	15.22	1774
11	14	4	40	10	right	right	1	41	15.225	2693
11	15	4	40	10	left	left	1	31	15.159	2045
11	16	4	40	10	left	left	1	56	15.168	3692
11	17	4	40	10	left	left	1	58	15.275	3797
11	18	4	40	10	right	right	1	37	15.308	2417
11	19	4	40	10	right	left	0	29	15.475	1874
11	20	4	40	10	left	left	1	44	15.439	2850
11	21	4	40	10	left	right	0	39	15.488	2518
11	22	4	40	10	right	right	1	41	15.356	2670
11	23	4	40	10	left	left	1	71	15.236	4660
11	24	4	40	10	right	right	1	64	15.362	4166
11	25	4	40	10	left	left	1	88	15.183	5796
11	26	4	40	10	right	right	1	60	15.357	3907
11	27	4	40	10	right	left	0	33	15.377	2146
11	28	4	40	10	right	right	1	24	15.306	1568
11	29	4	40	10	left	left	1	42	15.424	2723
11	30	4	40	10	right	right	1	17	15.233	1116
11	31	4	40	10	left	left	1	17	15.469	1099
11	32	4	40	10	left	left	1	25	15.152	1650
11	33	4	40	10	right	right	1	21	15.648	1342
11	34	4	40	10	left	left	1	25	15.142	1651
11	35	4	40	10	right	right	1	29	15.167	1912
11	36	4	40	10	left	right	0	52	15.24	3412
11	37	4	40	10	right	right	1	24	15.514	1547
11	38	4	40	10	left	left	1	33	15.349	2150
11	39	4	40	10	left	right	0	39	15.234	2560
11	40	4	40	10	right	left	0	22	15.017	1465
12	1	4	40	10	right	right	1	56	15.238	3675
12	2	4	40	10	left	left	1	20	15.291	1308
12	3	4	40	10	right	right	1	21	15.441	1360
12	4	4	40	10	right	right	1	50	15.328	3262
12	5	4	40	10	right	right	1	37	15.494	2388
12	6	4	40	10	left	left	1	28	15.59	1796
12	7	4	40	10	right	right	1	79	15.248	5181
12	8	4	40	10	left	left	1	32	15.526	2061
12	9	4	40	10	right	right	1	60	15.349	3909
12	10	4	40	10	left	left	1	26	15.366	1692
12	11	4	40	10	right	right	1	33	15.435	2138
12	12	4	40	10	left	left	1	35	15.556	2250
12	13	4	40	10	right	left	0	61	15.193	4015
12	14	4	40	10	right	right	1	22	15.395	1429
12	15	4	40	10	left	left	1	66	15.176	4349
12	16	4	40	10	left	right	0	39	15.24	2559
12	17	4	40	10	right	right	1	29	15.295	1896
12	18	4	40	10	left	right	0	34	15.26	2228
12	19	4	40	10	right	right	1	50	15.225	3284
12	20	4	40	10	right	right	1	46	15.277	3011
12	21	4	40	10	left	right	0	49	15.227	3218
12	22	4	40	10	left	right	0	96	15.197	6317
12	23	4	40	10	right	right	1	74	15.195	4870
12	24	4	40	10	right	right	1	32	15.282	2094
12	25	4	40	10	right	left	0	46	15.338	2999
12	26	4	40	10	left	left	1	52	15.281	3403
12	27	4	40	10	right	left	0	29	15.128	1917
12	28	4	40	10	left	left	1	80	15.276	5237
12	29	4	40	10	left	left	1	30	15.512	1934
12	30	4	40	10	left	right	0	44	15.141	2906
12	31	4	40	10	right	left	0	34	15.315	2220
12	32	4	40	10	left	right	0	20	15.279	1309
12	33	4	40	10	right	left	0	21	15.648	1342
12	34	4	40	10	right	right	1	20	15.723	1272
12	35	4	40	10	left	right	0	134	15.167	8835
12	36	4	40	10	left	left	1	9	15.464	582
12	37	4	40	10	left	left	1	22	15.559	1414
12	38	4	40	10	left	right	0	30	15.205	1973
12	39	4	40	10	left	right	0	33	15.515	2127
12	40	4	40	10	right	left	0	6	15.424	389
13	1	4	40	10	right	right	1	52	15.385	3380
13	2	4	40	10	left	left	1	19	15.651	1214
13	3	4	40	10	right	right	1	27	15.625	1728
13	4	4	40	10	right	left	0	82	15.213	5390
13	5	4	40	10	right	right	1	56	15.222	3679
13	6	4	40	10	left	left	1	33	15.449	2136
13	7	4	40	10	right	left	0	49	15.303	3202
13	8	4	40	10	left	right	0	20	15.773	1268
13	9	4	40	10	right	left	0	28	15.119	1852
13	10	4	40	10	left	left	1	61	15.3	3987
13	11	4	40	10	right	right	1	16	15.936	1004
13	12	4	40	10	left	left	1	45	15.116	2977
13	13	4	40	10	right	right	1	43	15.27	2816
13	14	4	40	10	left	left	1	33	15.145	2179
13	15	4	40	10	right	left	0	32	15.407	2077
13	16	4	40	10	right	right	1	43	15.308	2809
13	17	4	40	10	right	right	1	47	15.24	3084
13	18	4	40	10	left	left	1	19	15.067	1261
13	19	4	40	10	right	right	1	15	15.48	969
13	20	4	40	10	left	left	1	24	15.666	1532
13	21	4	40	10	right	right	1	19	15.347	1238
13	22	4	40	10	left	left	1	56	15.246	3673
13	23	4	40	10	right	right	1	18	15.385	1170
13	24	4	40	10	left	right	0	28	15.53	1803
13	25	4	40	10	left	left	1	21	15.441	1360
13	26	4	40	10	right	right	1	13	15.366	846
13	27	4	40	10	right	left	0	22	15.647	1406
13	28	4	40	10	right	right	1	18	15.28	1178
13	29	4	40	10	left	right	0	39	15.217	2563
13	30	4	40	10	right	left	0	9	15.126	595
13	31	4	40	10	left	right	0	25	15.152	1650
13	32	4	40	10	right	left	0	21	15.766	1332
13	33	4	40	10	left	right	0	20	15.456	1294
13	34	4	40	10	left	right	0	60	15.31	3919
13	35	4	40	10	left	left	1	7	16.706	419
13	36	4	40	10	left	left	1	21	15.813	1328
13	37	4	40	10	left	left	1	29	15.385	1885
13	38	4	40	10	right	left	0	46	15.132	3040
13	39	4	40	10	left	right	0	8	15.936	502
13	40	4	40	10	left	tooFast	2	4	17.699	226
14	1	4	40	10	right	right	1	46	15.237	3019
14	2	4	40	10	right	right	1	48	15.253	3147
14	3	4	40	10	right	right	1	24	15.404	1558
14	4	4	40	10	left	left	1	18	15.611	1153
14	5	4	40	10	right	right	1	25	15.451	1618
14	6	4	40	10	right	right	1	37	15.327	2414
14	7	4	40	10	left	tooFast	2	2	21.277	94
14	8	4	40	10	right	right	1	137	15.237	8991
14	9	4	40	10	right	tooFast	2	2	21.277	94
14	10	4	40	10	left	left	1	50	15.352	3257
14	11	4	40	10	left	right	0	23	15.636	1471
14	12	4	40	10	right	left	0	9	15.28	589
14	13	4	40	10	right	right	1	13	16.189	803
14	14	4	40	10	left	right	0	31	15.415	2011
14	15	4	40	10	left	left	1	9	16.605	542
14	16	4	40	10	left	left	1	31	15.578	1990
14	17	4	40	10	right	left	0	40	15.361	2604
14	18	4	40	10	right	right	1	17	15.413	1103
14	19	4	40	10	left	left	1	17	15.441	1101
14	20	4	40	10	left	right	0	11	15.896	692
14	21	4	40	10	right	left	0	8	17.058	469
14	22	4	40	10	left	right	0	11	16.345	673
14	23	4	40	10	left	left	1	21	15.602	1346
14	24	4	40	10	right	right	1	17	15.192	1119
14	25	4	40	10	right	left	0	19	15.651	1214
14	26	4	40	10	left	right	0	20	15.106	1324
14	27	4	40	10	right	left	0	14	15.521	902
14	28	4	40	10	right	right	1	17	15.219	1117
14	29	4	40	10	right	right	1	35	15.324	2284
14	30	4	40	10	left	right	0	20	15.613	1281
14	31	4	40	10	right	left	0	14	16.018	874
14	32	4	40	10	left	right	0	6	16.667	360
14	33	4	40	10	left	left	1	16	15.137	1057
14	34	4	40	10	left	right	0	56	15.321	3655
14	35	4	40	10	left	left	1	6	16.484	364
14	36	4	40	10	right	left	0	22	15.625	1408
14	37	4	40	10	left	right	0	4	15.385	260
14	38	4	40	10	right	tooFast	2	4	18.349	218
14	39	4	40	10	left	right	0	23	15.152	1518
14	40	4	40	10	left	left	1	9	16.393	549
15	1	4	40	10	right	left	0	58	15.203	3815
15	2	4	40	10	left	right	0	13	16.25	800
15	3	4	40	10	right	right	1	26	15.366	1692
15	4	4	40	10	left	left	1	15	15.856	946
15	5	4	40	10	right	right	1	13	16.311	797
15	6	4	40	10	right	right	1	33	15.193	2172
15	7	4	40	10	left	left	1	18	15.216	1183
15	8	4	40	10	right	right	1	17	15.399	1104
15	9	4	40	10	left	left	1	19	15.536	1223
15	10	4	40	10	left	left	1	55	15.206	3617
15	11	4	40	10	right	right	1	29	15.483	1873
15	12	4	40	10	left	left	1	19	15.079	1260
15	13	4	40	10	right	right	1	19	15.651	1214
15	14	4	40	10	left	left	1	23	15.132	1520
15	15	4	40	10	left	right	0	37	15.462	2393
15	16	4	40	10	right	left	0	23	15.072	1526
15	17	4	40	10	right	left	0	28	15.582	1797
15	18	4	40	10	right	right	1	14	15.436	907
15	19	4	40	10	right	left	0	21	15.385	1365
15	20	4	40	10	right	right	1	17	15.192	1119
15	21	4	40	10	left	right	0	56	15.321	3655
15	22	4	40	10	right	right	1	34	15.26	2228
15	23	4	40	10	right	right	1	43	15.313	2808
15	24	4	40	10	left	left	1	62	15.339	4042
15	25	4	40	10	right	right	1	14	15.021	932
15	26	4	40	10	left	right	0	35	15.521	2255
15	27	4	40	10	right	right	1	18	15.101	1192
15	28	4	40	10	left	left	1	16	15.842	1010
15	29	4	40	10	right	right	1	19	15.447	1230
15	30	4	40	10	left	right	0	26	15.691	1657
15	31	4	40	10	left	right	0	37	15.397	2403
15	32	4	40	10	left	left	1	41	15.208	2696
15	33	4	40	10	right	right	1	23	15.541	1480
15	34	4	40	10	left	left	1	20	15.14	1321
15	35	4	40	10	left	right	0	18	15.451	1165
15	36	4	40	10	right	right	1	17	15.152	1122
15	37	4	40	10	right	right	1	37	15.455	2394
15	38	4	40	10	left	right	0	38	15.17	2505
15	39	4	40	10	left	right	0	35	15.562	2249
15	40	4	40	10	left	left	1	7	15.837	442
16	1	4	40	10	left	left	1	44	15.488	2841
16	2	4	40	10	right	left	0	25	15.124	1653
16	3	4	40	10	left	left	1	24	15.316	1567
16	4	4	40	10	right	right	1	23	15.112	1522
16	5	4	40	10	left	right	0	35	15.119	2315
16	6	4	40	10	right	left	0	12	15.504	774
16	7	4	40	10	left	right	0	4	15.094	265
16	8	4	40	10	left	left	1	20	15.432	1296
16	9	4	40	10	right	right	1	36	15.444	2331
16	10	4	40	10	right	left	0	27	15.473	1745
16	11	4	40	10	right	right	1	13	16.129	806
16	12	4	40	10	left	left	1	41	15.454	2653
16	13	4	40	10	left	right	0	17	15.918	1068
16	14	4	40	10	left	left	1	14	15.504	903
16	15	4	40	10	right	right	1	40	15.1	2649
16	16	4	40	10	right	left	0	21	15.173	1384
16	17	4	40	10	left	right	0	5	14.749	339
16	18	4	40	10	right	right	1	16	15.459	1035
16	19	4	40	10	left	left	1	27	15.482	1744
16	20	4	40	10	right	right	1	15	15.369	976
16	21	4	40	10	right	left	0	32	15.13	2115
16	22	4	40	10	right	right	1	13	15.169	857
16	23	4	40	10	left	left	1	26	15.458	1682
16	24	4	40	10	left	right	0	35	15.251	2295
16	25	4	40	10	right	left	0	22	15.183	1449
16	26	4	40	10	right	right	1	11	16.224	678
16	27	4	40	10	left	left	1	31	15.181	2042
16	28	4	40	10	left	right	0	24	15.296	1569
16	29	4	40	10	left	left	1	13	16.069	809
16	30	4	40	10	left	right	0	42	15.345	2737
16	31	4	40	10	right	right	1	25	15.188	1646
16	32	4	40	10	right	right	1	30	15.159	1979
16	33	4	40	10	right	right	1	41	15.202	2697
16	34	4	40	10	left	left	1	31	15.129	2049
16	35	4	40	10	left	right	0	47	15.22	3088
16	36	4	40	10	right	right	1	25	15.263	1638
16	37	4	40	10	left	left	1	17	15.247	1115
16	38	4	40	10	right	right	1	27	15.254	1770
16	39	4	40	10	left	right	0	47	15.171	3098
16	40	4	40	10	right	left	0	9	15.177	593
17	1	4	40	10	right	right	1	33	15.457	2135
17	2	4	40	10	right	left	0	18	15.293	1177
17	3	4	40	10	right	right	1	16	15.414	1038
17	4	4	40	10	left	left	1	24	15.514	1547
17	5	4	40	10	left	left	1	23	15.488	1485
17	6	4	40	10	left	left	1	24	15.171	1582
17	7	4	40	10	right	right	1	23	15.53	1481
17	8	4	40	10	right	right	1	39	15.415	2530
17	9	4	40	10	right	left	0	31	15.454	2006
17	10	4	40	10	left	left	1	21	15.262	1376
17	11	4	40	10	right	right	1	27	15.289	1766
17	12	4	40	10	left	right	0	40	15.391	2599
17	13	4	40	10	right	left	0	10	16	625
17	14	4	40	10	left	left	1	15	15.756	952
17	15	4	40	10	right	right	1	23	15.668	1468
17	16	4	40	10	left	left	1	14	15.284	916
17	17	4	40	10	right	right	1	24	15.248	1574
17	18	4	40	10	right	left	0	18	15	1200
17	19	4	40	10	right	right	1	13	15.644	831
17	20	4	40	10	left	right	0	31	15.57	1991
17	21	4	40	10	left	left	1	10	15.408	649
17	22	4	40	10	left	left	1	14	15.538	901
17	23	4	40	10	right	left	0	32	15.173	2109
17	24	4	40	10	left	right	0	12	15.404	779
17	25	4	40	10	right	left	0	46	15.182	3030
17	26	4	40	10	left	right	0	28	15.453	1812
17	27	4	40	10	right	left	0	17	15.152	1122
17	28	4	40	10	left	left	1	28	15.376	1821
17	29	4	40	10	left	left	1	36	15.261	2359
17	30	4	40	10	right	right	1	30	15.322	1958
17	31	4	40	10	left	left	1	40	15.226	2627
17	32	4	40	10	right	right	1	14	15.891	881
17	33	4	40	10	right	left	0	32	15.489	2066
17	34	4	40	10	right	right	1	11	15.131	727
17	35	4	40	10	left	left	1	61	15.388	3964
17	36	4	40	10	left	left	1	44	15.214	2892
17	37	4	40	10	left	right	0	20	15.14	1321
17	38	4	40	10	right	left	0	11	15.048	731
17	39	4	40	10	left	left	1	25	15.576	1605
17	40	4	40	10	left	right	0	28	15.351	1824
18	1	4	40	10	left	right	0	26	15.357	1693
18	2	4	40	10	right	tooFast	2	4	19.231	208
18	3	4	40	10	left	right	0	10	15.723	636
18	4	4	40	10	left	left	1	6	17.241	348
18	5	4	40	10	right	left	0	17	15.511	1096
18	6	4	40	10	left	right	0	7	16.667	420
18	7	4	40	10	right	left	0	5	17.483	286
18	8	4	40	10	right	left	0	11	16.248	677
18	9	4	40	10	right	left	0	5	15.723	318
18	10	4	40	10	left	left	1	5	16.611	301
18	11	4	40	10	right	left	0	21	15.441	1360
18	12	4	40	10	right	left	0	17	15.829	1074
18	13	4	40	10	left	right	0	9	15.929	565
18	14	4	40	10	right	left	0	6	15.19	395
18	15	4	40	10	right	right	1	4	15.326	261
18	16	4	40	10	left	left	1	15	15.544	965
18	17	4	40	10	left	left	1	19	15.51	1225
18	18	4	40	10	right	left	0	23	15.262	1507
18	19	4	40	10	right	right	1	5	14.837	337
18	20	4	40	10	right	right	1	21	15.766	1332
18	21	4	40	10	left	left	1	13	15.169	857
18	22	4	40	10	left	left	1	14	16.298	859
18	23	4	40	10	left	left	1	15	15.839	947
18	24	4	40	10	left	left	1	18	15.873	1134
18	25	4	40	10	left	right	0	27	15.297	1765
18	26	4	40	10	left	left	1	7	15.021	466
18	27	4	40	10	right	left	0	15	15.106	993
18	28	4	40	10	left	right	0	6	15.228	394
18	29	4	40	10	left	left	1	5	14.749	339
18	30	4	40	10	left	left	1	23	15.636	1471
18	31	4	40	10	left	left	1	27	15.491	1743
18	32	4	40	10	right	right	1	22	15.299	1438
18	33	4	40	10	left	left	1	15	15.275	982
18	34	4	40	10	left	left	1	28	15.334	1826
18	35	4	40	10	right	right	1	14	16.298	859
18	36	4	40	10	right	right	1	20	15.588	1283
18	37	4	40	10	right	left	0	25	15.557	1607
18	38	4	40	10	right	tooFast	2	4	18.519	216
18	39	4	40	10	right	left	0	16	15.094	1060
18	40	4	40	10	right	tooFast	2	4	17.937	223
19	1	4	40	10	left	left	1	80	15.267	5240
19	2	4	40	10	left	right	0	16	15.857	1009
19	3	4	40	10	right	tooFast	2	4	18.349	218
19	4	4	40	10	right	right	1	76	15.276	4975
19	5	4	40	10	left	left	1	18	14.988	1201
19	6	4	40	10	right	right	1	13	15.439	842
19	7	4	40	10	right	left	0	18	15.929	1130
19	8	4	40	10	right	right	1	12	15.171	791
19	9	4	40	10	right	right	1	25	15.413	1622
19	10	4	40	10	left	right	0	21	15.152	1386
19	11	4	40	10	right	left	0	9	15.929	565
19	12	4	40	10	left	right	0	16	15.702	1019
19	13	4	40	10	left	left	1	14	15.402	909
19	14	4	40	10	left	right	0	11	15.131	727
19	15	4	40	10	left	left	1	6	16.997	353
19	16	4	40	10	left	left	1	10	15.898	629
19	17	4	40	10	right	right	1	14	15.909	880
19	18	4	40	10	left	left	1	24	15.296	1569
19	19	4	40	10	right	right	1	12	15.075	796
19	20	4	40	10	right	left	0	14	15.573	899
19	21	4	40	10	right	tooFast	2	4	19.139	209
19	22	4	40	10	left	right	0	17	15.77	1078
19	23	4	40	10	left	right	0	30	15.617	1921
19	24	4	40	10	left	left	1	6	16.216	370
19	25	4	40	10	left	right	0	26	15.653	1661
19	26	4	40	10	left	left	1	12	15.645	767
19	27	4	40	10	left	right	0	32	15.289	2093
19	28	4	40	10	left	left	1	9	15.762	571
19	29	4	40	10	right	right	1	18	16.014	1124
19	30	4	40	10	right	left	0	46	15.436	2980
19	31	4	40	10	right	right	1	5	18.382	272
19	32	4	40	10	left	right	0	6	15.915	377
19	33	4	40	10	left	left	1	17	15.26	1114
19	34	4	40	10	left	right	0	9	16.014	562
19	35	4	40	10	right	left	0	11	15.805	696
19	36	4	40	10	right	tooFast	2	1	15.385	65
19	37	4	40	10	right	left	0	18	15.611	1153
19	38	4	40	10	right	tooFast	2	4	16.736	239
19	39	4	40	10	right	right	1	17	15.233	1116
19	40	4	40	10	right	right	1	19	15.286	1243
20	1	4	40	10	left	left	1	127	15.135	8391
20	2	4	40	10	left	tooFast	2	2	25.641	78
20	3	4	40	10	left	right	0	14	16.166	866
20	4	4	40	10	left	left	1	13	15.187	856
20	5	4	40	10	right	right	1	16	15.857	1009
20	6	4	40	10	left	left	1	18	15.241	1181
20	7	4	40	10	right	right	1	20	15.456	1294
20	8	4	40	10	right	right	1	36	15.088	2386
20	9	4	40	10	left	left	1	18	15.28	1178
20	10	4	40	10	right	right	1	18	15.267	1179
20	11	4	40	10	right	left	0	27	15.67	1723
20	12	4	40	10	left	left	1	27	15.289	1766
20	13	4	40	10	right	right	1	13	15.815	822
20	14	4	40	10	left	left	1	14	15.945	878
20	15	4	40	10	right	right	1	14	16.073	871
20	16	4	40	10	right	right	1	22	15.614	1409
20	17	4	40	10	left	left	1	14	15.234	919
20	18	4	40	10	left	right	0	17	15.947	1066
20	19	4	40	10	left	left	1	13	15.099	861
20	20	4	40	10	right	right	1	12	15.345	782
20	21	4	40	10	left	left	1	19	15.372	1236
20	22	4	40	10	right	right	1	28	15.427	1815
20	23	4	40	10	left	left	1	57	15.224	3744
20	24	4	40	10	left	right	0	16	15.459	1035
20	25	4	40	10	right	right	1	27	15.297	1765
20	26	4	40	10	right	left	0	15	15.045	997
20	27	4	40	10	right	right	1	38	15.194	2501
20	28	4	40	10	right	right	1	22	15.193	1448
20	29	4	40	10	left	left	1	24	15.152	1584
20	30	4	40	10	right	right	1	29	15.6	1859
20	31	4	40	10	right	right	1	54	15.385	3510
20	32	4	40	10	right	right	1	20	15.588	1283
20	33	4	40	10	right	left	0	33	15.464	2134
20	34	4	40	10	right	right	1	30	15.456	1941
20	35	4	40	10	right	right	1	33	15.442	2137
20	36	4	40	10	left	right	0	23	15.262	1507
20	37	4	40	10	left	right	0	74	15.211	4865
20	38	4	40	10	left	right	0	25	15.423	1621
20	39	4	40	10	left	right	0	48	15.123	3174
20	40	4	40	10	left	left	1	31	15.324	2023
21	1	4	40	10	left	left	1	51	15.143	3368
21	2	4	40	10	left	right	0	24	15.296	1569
21	3	4	40	10	right	right	1	30	15.361	1953
21	4	4	40	10	right	right	1	40	15.163	2638
21	5	4	40	10	left	left	1	40	15.175	2636
21	6	4	40	10	left	right	0	27	15.607	1730
21	7	4	40	10	left	right	0	18	15.873	1134
21	8	4	40	10	right	right	1	31	15.241	2034
21	9	4	40	10	right	right	1	53	15.261	3473
21	10	4	40	10	right	right	1	25	15.198	1645
21	11	4	40	10	left	left	1	39	15.415	2530
21	12	4	40	10	left	right	0	19	15.164	1253
21	13	4	40	10	left	right	0	34	15.199	2237
21	14	4	40	10	left	left	1	15	15.275	982
21	15	4	40	10	right	right	1	73	15.227	4794
21	16	4	40	10	right	right	1	28	15.292	1831
21	17	4	40	10	left	right	0	38	15.273	2488
21	18	4	40	10	right	right	1	19	15.435	1231
21	19	4	40	10	left	left	1	13	15.294	850
21	20	4	40	10	right	right	1	16	15.123	1058
21	21	4	40	10	left	right	0	45	15.203	2960
21	22	4	40	10	left	right	0	31	15.107	2052
21	23	4	40	10	right	right	1	20	15.823	1264
21	24	4	40	10	right	right	1	25	15.366	1627
21	25	4	40	10	left	left	1	24	15.152	1584
21	26	4	40	10	right	right	1	31	15.115	2051
21	27	4	40	10	right	right	1	26	15.099	1722
21	28	4	40	10	right	right	1	37	15.208	2433
21	29	4	40	10	left	left	1	23	15.112	1522
21	30	4	40	10	left	right	0	29	15.467	1875
21	31	4	40	10	right	right	1	13	15.276	851
21	32	4	40	10	left	left	1	24	15.199	1579
21	33	4	40	10	left	right	0	22	15.827	1390
21	34	4	40	10	left	left	1	18	15.28	1178
21	35	4	40	10	right	right	1	69	15.178	4546
21	36	4	40	10	right	right	1	32	15.311	2090
21	37	4	40	10	right	tooFast	2	2	25.641	78
21	38	4	40	10	left	left	1	25	15.674	1595
21	39	4	40	10	right	right	1	23	15.142	1519
21	40	4	40	10	right	right	1	22	15.363	1432
22	1	4	40	10	right	right	1	35	15.439	2267
22	2	4	40	10	left	right	0	34	15.192	2238
22	3	4	40	10	left	left	1	34	15.462	2199
22	4	4	40	10	right	right	1	26	15.231	1707
22	5	4	40	10	left	left	1	16	15.733	1017
22	6	4	40	10	left	right	0	14	15.385	910
22	7	4	40	10	left	left	1	14	15.677	893
22	8	4	40	10	left	right	0	14	15.385	910
22	9	4	40	10	left	tooFast	2	3	19.108	157
22	10	4	40	10	left	left	1	22	15.278	1440
22	11	4	40	10	right	right	1	20	15.723	1272
22	12	4	40	10	right	left	0	27	15.109	1787
22	13	4	40	10	left	right	0	14	15.625	896
22	14	4	40	10	left	left	1	14	16.073	871
22	15	4	40	10	right	right	1	32	15.326	2088
22	16	4	40	10	left	left	1	39	15.193	2567
22	17	4	40	10	right	right	1	45	15.265	2948
22	18	4	40	10	right	left	0	34	15.441	2202
22	19	4	40	10	left	right	0	19	15.702	1210
22	20	4	40	10	left	left	1	25	15.538	1609
22	21	4	40	10	left	left	1	30	15.584	1925
22	22	4	40	10	left	right	0	32	15.437	2073
22	23	4	40	10	right	left	0	19	15.055	1262
22	24	4	40	10	left	left	1	43	15.324	2806
22	25	4	40	10	right	left	0	27	15.263	1769
22	26	4	40	10	right	right	1	15	15.152	990
22	27	4	40	10	right	left	0	19	15.298	1242
22	28	4	40	10	right	right	1	22	15.526	1417
22	29	4	40	10	left	right	0	17	15.639	1087
22	30	4	40	10	right	left	0	9	15.126	595
22	31	4	40	10	right	right	1	7	15.317	457
22	32	4	40	10	right	right	1	17	15.288	1112
22	33	4	40	10	right	right	1	37	15.22	2431
22	34	4	40	10	left	left	1	21	15.813	1328
22	35	4	40	10	right	right	1	27	15.437	1749
22	36	4	40	10	right	left	0	32	15.526	2061
22	37	4	40	10	right	right	1	18	15.19	1185
22	38	4	40	10	right	right	1	70	15.129	4627
22	39	4	40	10	left	tooFast	2	2	21.277	94
22	40	4	40	10	left	left	1	22	15.225	1445
23	1	4	40	10	right	right	1	39	15.163	2572
23	2	4	40	10	right	right	1	35	15.507	2257
23	3	4	40	10	right	right	1	23	15.562	1478
23	4	4	40	10	right	right	1	57	15.168	3758
23	5	4	40	10	left	right	0	55	15.303	3594
23	6	4	40	10	left	left	1	17	15.785	1077
23	7	4	40	10	left	left	1	29	15.458	1876
23	8	4	40	10	left	right	0	25	15.567	1606
23	9	4	40	10	right	left	0	16	15.519	1031
23	10	4	40	10	right	left	0	30	15.236	1969
23	11	4	40	10	right	right	1	15	15.707	955
23	12	4	40	10	right	right	1	35	15.473	2262
23	13	4	40	10	left	left	1	17	15.469	1099
23	14	4	40	10	left	right	0	18	15.831	1137
23	15	4	40	10	left	left	1	34	15.192	2238
23	16	4	40	10	left	left	1	32	15.137	2114
23	17	4	40	10	left	left	1	26	15.376	1691
23	18	4	40	10	right	right	1	26	15.321	1697
23	19	4	40	10	left	left	1	15	15.244	984
23	20	4	40	10	right	right	1	18	15.152	1188
23	21	4	40	10	right	right	1	32	15.289	2093
23	22	4	40	10	right	right	1	29	15.516	1869
23	23	4	40	10	right	right	1	36	15.203	2368
23	24	4	40	10	left	right	0	43	15.401	2792
23	25	4	40	10	left	left	1	28	15.301	1830
23	26	4	40	10	left	left	1	26	15.403	1688
23	27	4	40	10	left	left	1	51	15.334	3326
23	28	4	40	10	left	right	0	16	15.905	1006
23	29	4	40	10	right	right	1	39	15.336	2543
23	30	4	40	10	left	right	0	30	15.159	1979
23	31	4	40	10	left	left	1	45	15.379	2926
23	32	4	40	10	right	tooFast	2	2	21.505	93
23	33	4	40	10	left	right	0	18	15.139	1189
23	34	4	40	10	right	right	1	15	15.198	987
23	35	4	40	10	left	right	0	34	15.35	2215
23	36	4	40	10	right	left	0	5	14.577	343
23	37	4	40	10	right	right	1	12	15.464	776
23	38	4	40	10	right	left	0	13	15.971	814
23	39	4	40	10	right	right	1	8	15.326	522
23	40	4	40	10	left	left	1	31	15.063	2058
24	1	4	40	10	left	right	0	53	15.243	3477
24	2	4	40	10	right	right	1	35	15.152	2310
24	3	4	40	10	right	left	0	13	15.7	828
24	4	4	40	10	right	right	1	18	15.831	1137
24	5	4	40	10	right	left	0	23	15.364	1497
24	6	4	40	10	left	right	0	5	16.077	311
24	7	4	40	10	left	left	1	5	18.45	271
24	8	4	40	10	left	left	1	10	15.06	664
24	9	4	40	10	left	right	0	22	15.67	1404
24	10	4	40	10	left	right	0	15	15.385	975
24	11	4	40	10	right	right	1	23	15.551	1479
24	12	4	40	10	right	left	0	16	15.504	1032
24	13	4	40	10	right	right	1	26	15.682	1658
24	14	4	40	10	left	right	0	29	15.368	1887
24	15	4	40	10	left	left	1	11	15.131	727
24	16	4	40	10	left	left	1	8	17.094	468
24	17	4	40	10	left	right	0	19	15.091	1259
24	18	4	40	10	left	left	1	8	16.032	499
24	19	4	40	10	right	right	1	18	15.371	1171
24	20	4	40	10	right	right	1	18	16.014	1124
24	21	4	40	10	left	left	1	18	15.371	1171
24	22	4	40	10	left	right	0	22	15.235	1444
24	23	4	40	10	right	left	0	6	16.997	353
24	24	4	40	10	left	right	0	7	17.115	409
24	25	4	40	10	left	tooFast	2	4	16.461	243
24	26	4	40	10	left	right	0	18	15.203	1184
24	27	4	40	10	right	left	0	11	15.152	726
24	28	4	40	10	right	right	1	8	15.873	504
24	29	4	40	10	left	right	0	37	15.27	2423
24	30	4	40	10	right	right	1	14	15.402	909
24	31	4	40	10	right	left	0	12	15.484	775
24	32	4	40	10	left	right	0	21	15.789	1330
24	33	4	40	10	right	right	1	20	15.576	1284
24	34	4	40	10	right	right	1	27	15.143	1783
24	35	4	40	10	left	left	1	58	15.328	3784
24	36	4	40	10	right	left	0	26	15.672	1659
24	37	4	40	10	right	right	1	15	15.674	957
24	38	4	40	10	right	right	1	39	15.228	2561
24	39	4	40	10	right	right	1	44	15.209	2893
24	40	4	40	10	left	right	0	31	15.485	2002
