
blkNum	trlNum	coherentDots	numberofDots	percentCoherence	winningDirection	response	correct	eventCount	averageFrameRate	RT
1	1	4	40	10	right	right	1	98	15.13	6477
1	2	4	40	10	right	right	1	15	15.528	966
1	3	4	40	10	right	right	1	11	15.603	705
1	4	4	40	10	left	left	1	12	15.852	757
1	5	4	40	10	left	left	1	18	15.371	1171
1	6	4	40	10	right	right	1	11	15.559	707
1	7	4	40	10	left	left	1	15	16.026	936
1	8	4	40	10	left	left	1	19	15.41	1233
1	9	4	40	10	right	right	1	24	15.345	1564
1	10	4	40	10	right	right	1	20	15.083	1326
1	11	4	40	10	left	left	1	16	15.968	1002
1	12	4	40	10	left	right	0	37	15.127	2446
1	13	4	40	10	left	left	1	17	15.683	1084
1	14	4	40	10	left	left	1	16	15.37	1041
1	15	4	40	10	left	left	1	10	16.287	614
1	16	4	40	10	right	right	1	14	15.891	881
1	17	4	40	10	left	left	1	50	15.432	3240
1	18	4	40	10	right	right	1	14	16.241	862
1	19	4	40	10	right	right	1	16	15.296	1046
1	20	4	40	10	right	right	1	27	15.67	1723
1	21	4	40	10	right	right	1	13	15.169	857
1	22	4	40	10	right	right	1	12	15.936	753
1	23	4	40	10	right	right	1	17	15.525	1095
1	24	4	40	10	left	left	1	12	15.524	773
1	25	4	40	10	right	right	1	14	16.279	860
1	26	4	40	10	right	right	1	11	16.105	683
1	27	4	40	10	right	right	1	43	15.363	2799
1	28	4	40	10	left	left	1	17	15.726	1081
1	29	4	40	10	left	left	1	9	16.334	551
1	30	4	40	10	left	left	1	21	15.184	1383
1	31	4	40	10	left	left	1	13	15.258	852
1	32	4	40	10	left	left	1	27	15.237	1772
1	33	4	40	10	right	right	1	12	16.238	739
1	34	4	40	10	left	left	1	12	15.605	769
1	35	4	40	10	right	right	1	14	15.234	919
1	36	4	40	10	left	left	1	11	16.768	656
1	37	4	40	10	right	right	1	30	15.4	1948
1	38	4	40	10	left	left	1	16	15.873	1008
1	39	4	40	10	right	right	1	14	15.982	876
1	40	4	40	10	left	left	1	11	16.272	676
2	1	4	40	10	right	right	1	41	15.46	2652
2	2	4	40	10	right	right	1	14	15.453	906
2	3	4	40	10	right	right	1	11	15.048	731
2	4	4	40	10	left	left	1	11	15.278	720
2	5	4	40	10	right	right	1	19	15.98	1189
2	6	4	40	10	left	left	1	12	15.686	765
2	7	4	40	10	right	right	1	15	15.957	940
2	8	4	40	10	left	left	1	14	16.092	870
2	9	4	40	10	left	right	0	19	15.548	1222
2	10	4	40	10	right	right	1	20	15.094	1325
2	11	4	40	10	left	left	1	11	15.471	711
2	12	4	40	10	right	right	1	12	15.385	780
2	13	4	40	10	left	left	1	15	15.091	994
2	14	4	40	10	left	left	1	12	15.504	774
2	15	4	40	10	left	left	1	9	15.734	572
2	16	4	40	10	left	left	1	19	15.176	1252
2	17	4	40	10	right	right	1	53	15.376	3447
2	18	4	40	10	right	right	1	26	15.178	1713
2	19	4	40	10	left	left	1	13	16.109	807
2	20	4	40	10	left	left	1	12	15.666	766
2	21	4	40	10	right	right	1	10	15.337	652
2	22	4	40	10	right	right	1	11	15.827	695
2	23	4	40	10	right	right	1	10	15.552	643
2	24	4	40	10	right	right	1	11	15.32	718
2	25	4	40	10	right	right	1	10	15.385	650
2	26	4	40	10	left	left	1	19	15.768	1205
2	27	4	40	10	right	right	1	10	16.502	606
2	28	4	40	10	left	left	1	18	15.203	1184
2	29	4	40	10	right	right	1	21	15.351	1368
2	30	4	40	10	right	right	1	15	15.924	942
2	31	4	40	10	left	left	1	12	16.129	744
2	32	4	40	10	left	right	0	17	16.008	1062
2	33	4	40	10	left	left	1	19	15.323	1240
2	34	4	40	10	left	left	1	44	15.352	2866
2	35	4	40	10	right	right	1	11	16.272	676
2	36	4	40	10	left	left	1	22	15.278	1440
2	37	4	40	10	left	left	1	22	15.46	1423
2	38	4	40	10	right	right	1	29	15.575	1862
2	39	4	40	10	right	right	1	19	15.224	1248
2	40	4	40	10	left	left	1	24	15.686	1530
3	1	4	40	10	left	left	1	19	15.926	1193
3	2	4	40	10	left	left	1	10	15.974	626
3	3	4	40	10	left	left	1	9	16.917	532
3	4	4	40	10	right	right	1	10	15.337	652
3	5	4	40	10	left	left	1	9	15.437	583
3	6	4	40	10	right	right	1	12	15.464	776
3	7	4	40	10	right	right	1	13	15.815	822
3	8	4	40	10	right	right	1	23	15.323	1501
3	9	4	40	10	left	left	1	12	15.365	781
3	10	4	40	10	left	left	1	14	16.129	868
3	11	4	40	10	left	left	1	10	16.129	620
3	12	4	40	10	right	right	1	13	15.815	822
3	13	4	40	10	right	right	1	12	15.852	757
3	14	4	40	10	left	left	1	12	15.424	778
3	15	4	40	10	right	right	1	12	16.129	744
3	16	4	40	10	right	right	1	18	15.228	1182
3	17	4	40	10	left	left	1	11	16.035	686
3	18	4	40	10	left	left	1	16	15.717	1018
3	19	4	40	10	right	right	1	10	15.48	646
3	20	4	40	10	right	right	1	18	15.943	1129
3	21	4	40	10	left	left	1	12	15.306	784
3	22	4	40	10	left	left	1	38	15.329	2479
3	23	4	40	10	right	right	1	9	16.544	544
3	24	4	40	10	left	left	1	11	16.591	663
3	25	4	40	10	right	right	1	9	15.986	563
3	26	4	40	10	right	right	1	13	15.569	835
3	27	4	40	10	right	right	1	20	15.117	1323
3	28	4	40	10	left	left	1	19	15.055	1262
3	29	4	40	10	left	left	1	40	15.337	2608
3	30	4	40	10	right	right	1	10	15.291	654
3	31	4	40	10	left	left	1	14	15.748	889
3	32	4	40	10	right	right	1	11	15.942	690
3	33	4	40	10	right	right	1	28	15.444	1813
3	34	4	40	10	right	right	1	14	16.241	862
3	35	4	40	10	right	right	1	11	15.299	719
3	36	4	40	10	left	left	1	10	16.807	595
3	37	4	40	10	right	right	1	10	16.75	597
3	38	4	40	10	left	left	1	9	16.334	551
3	39	4	40	10	left	left	1	18	15.859	1135
3	40	4	40	10	left	left	1	10	15.48	646
4	1	4	40	10	right	right	1	14	15.945	878
4	2	4	40	10	left	left	1	9	15.901	566
4	3	4	40	10	right	right	1	11	15.647	703
4	4	4	40	10	left	left	1	8	16	500
4	5	4	40	10	right	right	1	9	15.544	579
4	6	4	40	10	right	right	1	10	16.556	604
4	7	4	40	10	right	right	1	9	16.129	558
4	8	4	40	10	left	left	1	8	15.686	510
4	9	4	40	10	left	left	1	10	15.699	637
4	10	4	40	10	left	left	1	10	15.823	632
4	11	4	40	10	right	right	1	11	16.32	674
4	12	4	40	10	left	left	1	8	16.736	478
4	13	4	40	10	left	left	1	9	16.423	548
4	14	4	40	10	right	right	1	11	16.641	661
4	15	4	40	10	right	left	0	7	15.909	440
4	16	4	40	10	left	left	1	9	16.014	562
4	17	4	40	10	left	left	1	11	15.048	731
4	18	4	40	10	left	left	1	10	16.234	616
4	19	4	40	10	right	right	1	8	15.564	514
4	20	4	40	10	left	left	1	9	16.275	553
4	21	4	40	10	right	right	1	9	16.043	561
4	22	4	40	10	right	right	1	28	15.478	1809
4	23	4	40	10	right	right	1	13	16.23	801
4	24	4	40	10	right	right	1	10	15.083	663
4	25	4	40	10	right	right	1	9	15.358	586
4	26	4	40	10	left	left	1	13	16.169	804
4	27	4	40	10	right	right	1	44	15.22	2891
4	28	4	40	10	left	left	1	9	15.873	567
4	29	4	40	10	left	left	1	11	16.153	681
4	30	4	40	10	left	left	1	8	15.534	515
4	31	4	40	10	right	right	1	9	15.762	571
4	32	4	40	10	right	right	1	11	16.082	684
4	33	4	40	10	left	left	1	12	16.151	743
4	34	4	40	10	left	left	1	13	16.01	812
4	35	4	40	10	left	left	1	16	15.702	1019
4	36	4	40	10	right	right	1	13	15.644	831
4	37	4	40	10	left	left	1	10	16.474	607
4	38	4	40	10	right	right	1	14	16.037	873
4	39	4	40	10	left	left	1	10	15.408	649
4	40	4	40	10	right	right	1	14	15.982	876
5	1	4	40	10	right	right	1	27	15.376	1756
5	2	4	40	10	left	left	1	9	15.544	579
5	3	4	40	10	left	left	1	12	16.713	718
5	4	4	40	10	right	right	1	9	16.275	553
5	5	4	40	10	right	right	1	10	15.798	633
5	6	4	40	10	left	left	1	10	16.584	603
5	7	4	40	10	right	right	1	11	16.058	685
5	8	4	40	10	left	left	1	8	15.152	528
5	9	4	40	10	left	right	0	15	15.121	992
5	10	4	40	10	right	right	1	9	15.411	584
5	11	4	40	10	right	right	1	8	15.842	505
5	12	4	40	10	left	left	1	11	16.369	672
5	13	4	40	10	left	left	1	11	16.667	660
5	14	4	40	10	left	left	1	10	15.456	647
5	15	4	40	10	left	left	1	12	15.584	770
5	16	4	40	10	right	right	1	10	15.625	640
5	17	4	40	10	left	left	1	10	16.367	611
5	18	4	40	10	left	left	1	12	16.194	741
5	19	4	40	10	right	right	1	11	16.129	682
5	20	4	40	10	left	left	1	9	16.129	558
5	21	4	40	10	right	right	1	15	16.199	926
5	22	4	40	10	right	right	1	12	15.464	776
5	23	4	40	10	right	right	1	9	16.854	534
5	24	4	40	10	left	right	0	7	15.419	454
5	25	4	40	10	right	right	1	11	16.345	673
5	26	4	40	10	right	right	1	9	15.734	572
5	27	4	40	10	right	right	1	14	15.819	885
5	28	4	40	10	left	left	1	11	15.32	718
5	29	4	40	10	right	right	1	11	15.759	698
5	30	4	40	10	left	left	1	10	15.48	646
5	31	4	40	10	left	left	1	9	15.598	577
5	32	4	40	10	left	left	1	10	16.611	602
5	33	4	40	10	left	left	1	11	15.027	732
5	34	4	40	10	left	left	1	18	15.721	1145
5	35	4	40	10	right	right	1	35	15.297	2288
5	36	4	40	10	left	left	1	23	15.583	1476
5	37	4	40	10	right	right	1	29	15.328	1892
5	38	4	40	10	right	right	1	30	15.568	1927
5	39	4	40	10	right	right	1	16	15.717	1018
5	40	4	40	10	right	right	1	43	15.152	2838
6	1	4	40	10	right	right	1	21	15.262	1376
6	2	4	40	10	left	left	1	8	15.686	510
6	3	4	40	10	left	left	1	8	15.968	501
6	4	4	40	10	right	right	1	8	16	500
6	5	4	40	10	right	right	1	15	15.198	987
6	6	4	40	10	right	right	1	11	16.2	679
6	7	4	40	10	right	right	1	10	15.175	659
6	8	4	40	10	left	left	1	11	15.67	702
6	9	4	40	10	left	left	1	13	15.588	834
6	10	4	40	10	right	right	1	12	16.086	746
6	11	4	40	10	left	left	1	9	15.873	567
6	12	4	40	10	right	right	1	12	15.957	752
6	13	4	40	10	right	right	1	12	16	750
6	14	4	40	10	right	right	1	29	15.271	1899
6	15	4	40	10	right	right	1	17	15.654	1086
6	16	4	40	10	left	left	1	9	15.306	588
6	17	4	40	10	left	left	1	11	15.515	709
6	18	4	40	10	right	right	1	11	16.717	658
6	19	4	40	10	right	right	1	15	15.416	973
6	20	4	40	10	left	left	1	23	15.212	1512
6	21	4	40	10	left	left	1	23	15.71	1464
6	22	4	40	10	right	right	1	10	16.234	616
6	23	4	40	10	right	right	1	14	15.317	914
6	24	4	40	10	left	left	1	11	15.737	699
6	25	4	40	10	left	left	1	14	16.222	863
6	26	4	40	10	right	right	1	12	15.625	768
6	27	4	40	10	left	left	1	12	16.327	735
6	28	4	40	10	left	left	1	14	16.298	859
6	29	4	40	10	right	right	1	10	15.748	635
6	30	4	40	10	left	left	1	12	16.327	735
6	31	4	40	10	right	right	1	11	15.048	731
6	32	4	40	10	right	right	1	21	15.625	1344
6	33	4	40	10	right	right	1	32	15.289	2093
6	34	4	40	10	left	right	0	34	15.206	2236
6	35	4	40	10	left	left	1	15	15.544	965
6	36	4	40	10	right	right	1	11	15.471	711
6	37	4	40	10	left	left	1	19	15.091	1259
6	38	4	40	10	left	left	1	12	16.349	734
6	39	4	40	10	left	left	1	15	15.198	987
6	40	4	40	10	left	left	1	10	15.674	638
7	1	4	40	10	right	right	1	17	15.426	1102
7	2	4	40	10	left	left	1	10	16.313	613
7	3	4	40	10	right	right	1	9	16.334	551
7	4	4	40	10	left	left	1	8	15.414	519
7	5	4	40	10	right	right	1	9	15.437	583
7	6	4	40	10	left	left	1	9	16.544	544
7	7	4	40	10	left	left	1	12	15.306	784
7	8	4	40	10	right	right	1	10	16.694	599
7	9	4	40	10	left	left	1	16	15.152	1056
7	10	4	40	10	left	left	1	9	16.423	548
7	11	4	40	10	left	left	1	10	16.103	621
7	12	4	40	10	right	right	1	12	15.81	759
7	13	4	40	10	right	right	1	13	16.169	804
7	14	4	40	10	right	right	1	15	15.839	947
7	15	4	40	10	left	left	1	11	16.224	678
7	16	4	40	10	left	left	1	9	16.275	553
7	17	4	40	10	right	right	1	13	16.23	801
7	18	4	40	10	left	left	1	11	15.647	703
7	19	4	40	10	right	right	1	23	15.753	1460
7	20	4	40	10	left	left	1	8	15.534	515
7	21	4	40	10	left	left	1	12	16.238	739
7	22	4	40	10	right	right	1	12	16.304	736
7	23	4	40	10	right	right	1	17	16.008	1062
7	24	4	40	10	right	right	1	12	15.894	755
7	25	4	40	10	left	right	0	16	15.137	1057
7	26	4	40	10	left	left	1	10	16.807	595
7	27	4	40	10	right	right	1	22	15.759	1396
7	28	4	40	10	right	right	1	17	15.712	1082
7	29	4	40	10	right	right	1	10	16.234	616
7	30	4	40	10	left	left	1	12	16.26	738
7	31	4	40	10	right	right	1	10	15.456	647
7	32	4	40	10	left	left	1	10	16.611	602
7	33	4	40	10	right	right	1	15	15.576	963
7	34	4	40	10	right	right	1	21	15.648	1342
7	35	4	40	10	left	left	1	41	15.281	2683
7	36	4	40	10	right	right	1	30	15.167	1978
7	37	4	40	10	right	right	1	20	15.54	1287
7	38	4	40	10	left	left	1	11	15.759	698
7	39	4	40	10	left	left	1	15	16.199	926
7	40	4	40	10	left	left	1	11	15.278	720
8	1	4	40	10	right	right	1	18	15.517	1160
8	2	4	40	10	left	left	1	10	16.051	623
8	3	4	40	10	right	right	1	10	15.175	659
8	4	4	40	10	right	right	1	9	15.679	574
8	5	4	40	10	right	right	1	9	16.364	550
8	6	4	40	10	left	left	1	9	16.364	550
8	7	4	40	10	left	left	1	14	16.222	863
8	8	4	40	10	left	left	1	13	15.205	855
8	9	4	40	10	left	left	1	33	15.172	2175
8	10	4	40	10	left	left	1	15	15.74	953
8	11	4	40	10	right	right	1	11	16.467	668
8	12	4	40	10	right	right	1	15	16.181	927
8	13	4	40	10	right	right	1	11	16.743	657
8	14	4	40	10	left	left	1	9	15.491	581
8	15	4	40	10	right	right	1	44	15.417	2854
8	16	4	40	10	left	left	1	22	15.183	1449
8	17	4	40	10	right	right	1	13	16.25	800
8	18	4	40	10	right	right	1	10	15.649	639
8	19	4	40	10	right	right	1	11	16.153	681
8	20	4	40	10	left	left	1	12	15.707	764
8	21	4	40	10	right	right	1	10	15.773	634
8	22	4	40	10	right	right	1	15	15.167	989
8	23	4	40	10	left	left	1	25	15.625	1600
8	24	4	40	10	right	right	1	8	16	500
8	25	4	40	10	right	right	1	9	16.216	555
8	26	4	40	10	right	right	1	12	16.064	747
8	27	4	40	10	right	right	1	9	16.791	536
8	28	4	40	10	left	left	1	13	16.089	808
8	29	4	40	10	left	left	1	10	15.649	639
8	30	4	40	10	left	left	1	8	15.595	513
8	31	4	40	10	left	left	1	9	16.544	544
8	32	4	40	10	left	left	1	8	15.625	512
8	33	4	40	10	left	left	1	13	16.25	800
8	34	4	40	10	left	left	1	11	15.85	694
8	35	4	40	10	left	left	1	17	15.483	1098
8	36	4	40	10	right	right	1	10	15.823	632
8	37	4	40	10	right	right	1	8	15.326	522
8	38	4	40	10	left	left	1	10	15.773	634
8	39	4	40	10	left	left	1	11	16.467	668
8	40	4	40	10	right	right	1	20	15.256	1311
9	1	4	40	10	right	right	1	18	15.901	1132
9	2	4	40	10	left	left	1	9	16.187	556
9	3	4	40	10	left	left	1	9	15.306	588
9	4	4	40	10	right	right	1	8	16.227	493
9	5	4	40	10	right	right	1	8	15.504	516
9	6	4	40	10	right	right	1	8	15.748	508
9	7	4	40	10	right	right	1	9	16.453	547
9	8	4	40	10	left	left	1	9	15.332	587
9	9	4	40	10	left	left	1	9	15.517	580
9	10	4	40	10	right	right	1	13	15.682	829
9	11	4	40	10	left	left	1	8	15.968	501
9	12	4	40	10	right	right	1	9	15.957	564
9	13	4	40	10	right	right	1	11	15.692	701
9	14	4	40	10	right	right	1	16	15.253	1049
9	15	4	40	10	left	left	1	9	15.464	582
9	16	4	40	10	right	right	1	11	15.471	711
9	17	4	40	10	left	left	1	9	15.957	564
9	18	4	40	10	right	right	1	11	16.082	684
9	19	4	40	10	right	right	1	11	15.278	720
9	20	4	40	10	left	left	1	14	16.26	861
9	21	4	40	10	left	left	1	12	15.365	781
9	22	4	40	10	right	right	1	11	15.896	692
9	23	4	40	10	left	left	1	27	15.203	1776
9	24	4	40	10	right	left	0	34	15.35	2215
9	25	4	40	10	left	left	1	17	15.654	1086
9	26	4	40	10	right	right	1	11	16.467	668
9	27	4	40	10	right	right	1	9	16.304	552
9	28	4	40	10	left	left	1	11	15.278	720
9	29	4	40	10	left	left	1	12	16.043	748
9	30	4	40	10	right	right	1	9	15.571	578
9	31	4	40	10	left	left	1	14	16.129	868
9	32	4	40	10	left	left	1	10	16.367	611
9	33	4	40	10	right	right	1	11	16.442	669
9	34	4	40	10	right	right	1	10	16.667	600
9	35	4	40	10	left	left	1	10	15.576	642
9	36	4	40	10	left	left	1	10	16.34	612
9	37	4	40	10	right	right	1	15	16.199	926
9	38	4	40	10	left	left	1	9	15.845	568
9	39	4	40	10	left	left	1	10	16.42	609
9	40	4	40	10	left	left	1	13	16.189	803
10	1	4	40	10	left	left	1	17	15.165	1121
10	2	4	40	10	left	left	1	9	15.437	583
10	3	4	40	10	left	left	1	8	15.123	529
10	4	4	40	10	left	left	1	8	16.129	496
10	5	4	40	10	left	left	1	8	16.427	487
10	6	4	40	10	left	right	0	10	15.674	638
10	7	4	40	10	left	right	0	17	15.329	1109
10	8	4	40	10	right	right	1	13	16.23	801
10	9	4	40	10	right	right	1	9	15.652	575
10	10	4	40	10	left	left	1	12	15.957	752
10	11	4	40	10	right	right	1	8	15.209	526
10	12	4	40	10	right	right	1	9	16.129	558
10	13	4	40	10	right	right	1	9	15.901	566
10	14	4	40	10	right	right	1	8	16.162	495
10	15	4	40	10	left	left	1	10	16.103	621
10	16	4	40	10	right	right	1	10	16.26	615
10	17	4	40	10	right	right	1	12	16.107	745
10	18	4	40	10	right	right	1	10	16.077	622
10	19	4	40	10	right	right	1	9	15.203	592
10	20	4	40	10	left	left	1	12	16.26	738
10	21	4	40	10	left	left	1	11	15.152	726
10	22	4	40	10	right	right	1	39	15.409	2531
10	23	4	40	10	left	left	1	33	15.349	2150
10	24	4	40	10	right	right	1	9	16.129	558
10	25	4	40	10	right	right	1	9	15.228	591
10	26	4	40	10	left	left	1	12	15.957	752
10	27	4	40	10	right	right	1	12	15.666	766
10	28	4	40	10	left	left	1	10	16.556	604
10	29	4	40	10	left	left	1	10	16.529	605
10	30	4	40	10	left	left	1	9	16.575	543
10	31	4	40	10	right	right	1	26	15.7	1656
10	32	4	40	10	right	right	1	13	15.854	820
10	33	4	40	10	left	left	1	10	16.611	602
10	34	4	40	10	right	right	1	11	15.537	708
10	35	4	40	10	right	right	1	15	15.496	968
10	36	4	40	10	left	left	1	18	15.901	1132
10	37	4	40	10	left	left	1	13	15.276	851
10	38	4	40	10	right	left	0	15	15.839	947
10	39	4	40	10	left	left	1	9	15.358	586
10	40	4	40	10	right	right	1	17	15.582	1091
11	1	4	40	10	right	right	1	24	15.267	1572
11	2	4	40	10	right	right	1	10	16.287	614
11	3	4	40	10	left	left	1	10	16.447	608
11	4	4	40	10	left	left	1	8	15.326	522
11	5	4	40	10	left	left	1	10	15.038	665
11	6	4	40	10	right	right	1	15	15.06	996
11	7	4	40	10	right	right	1	13	15.187	856
11	8	4	40	10	right	right	1	9	16.544	544
11	9	4	40	10	right	right	1	9	16.071	560
11	10	4	40	10	left	left	1	10	16.42	609
11	11	4	40	10	left	left	1	8	16.064	498
11	12	4	40	10	left	right	0	10	16.026	624
11	13	4	40	10	left	left	1	8	16.393	488
11	14	4	40	10	left	left	1	8	15.686	510
11	15	4	40	10	right	right	1	14	15.819	885
11	16	4	40	10	right	right	1	34	15.138	2246
11	17	4	40	10	left	left	1	9	16.014	562
11	18	4	40	10	right	right	1	9	16.453	547
11	19	4	40	10	right	right	1	9	16.216	555
11	20	4	40	10	left	left	1	9	16.667	540
11	21	4	40	10	left	right	0	10	15.528	644
11	22	4	40	10	left	right	0	11	15.048	731
11	23	4	40	10	right	right	1	22	15.57	1413
11	24	4	40	10	left	left	1	14	15.713	891
11	25	4	40	10	left	left	1	11	16.058	685
11	26	4	40	10	right	right	1	17	15.741	1080
11	27	4	40	10	left	left	1	11	15.85	694
11	28	4	40	10	right	right	1	19	15.702	1210
11	29	4	40	10	right	right	1	19	15.286	1243
11	30	4	40	10	right	right	1	13	15.99	813
11	31	4	40	10	left	right	0	8	15.474	517
11	32	4	40	10	right	left	0	15	16.146	929
11	33	4	40	10	left	left	1	10	15.456	647
11	34	4	40	10	right	right	1	10	15.773	634
11	35	4	40	10	left	left	1	12	16.194	741
11	36	4	40	10	right	right	1	10	16.207	617
11	37	4	40	10	left	left	1	20	15.385	1300
11	38	4	40	10	right	left	0	8	16.427	487
11	39	4	40	10	left	left	1	11	15.385	715
11	40	4	40	10	right	right	1	9	15.652	575
12	1	4	40	10	right	right	1	20	15.686	1275
12	2	4	40	10	left	left	1	9	15.464	582
12	3	4	40	10	right	right	1	7	15.351	456
12	4	4	40	10	right	right	1	12	16.173	742
12	5	4	40	10	left	left	1	13	16.03	811
12	6	4	40	10	left	left	1	9	16.729	538
12	7	4	40	10	right	right	1	10	16.181	618
12	8	4	40	10	right	right	1	11	16.272	676
12	9	4	40	10	right	right	1	9	16.544	544
12	10	4	40	10	left	left	1	10	15.625	640
12	11	4	40	10	right	right	1	7	15.284	458
12	12	4	40	10	right	right	1	14	15.766	888
12	13	4	40	10	right	right	1	12	15.584	770
12	14	4	40	10	right	right	1	8	16.129	496
12	15	4	40	10	left	left	1	13	15.366	846
12	16	4	40	10	left	left	1	10	15.873	630
12	17	4	40	10	right	right	1	11	15.257	721
12	18	4	40	10	left	left	1	17	15.219	1117
12	19	4	40	10	left	left	1	32	15.595	2052
12	20	4	40	10	left	left	1	11	15.048	731
12	21	4	40	10	left	left	1	8	15.625	512
12	22	4	40	10	left	left	1	11	15.827	695
12	23	4	40	10	left	left	1	11	15.559	707
12	24	4	40	10	right	right	1	13	16.27	799
12	25	4	40	10	left	left	1	13	16.291	798
12	26	4	40	10	right	right	1	13	16.149	805
12	27	4	40	10	left	right	0	11	16.667	660
12	28	4	40	10	right	right	1	9	16.667	540
12	29	4	40	10	right	right	1	10	16.34	612
12	30	4	40	10	left	left	1	22	15.471	1422
12	31	4	40	10	right	right	1	9	15.306	588
12	32	4	40	10	left	left	1	10	15.48	646
12	33	4	40	10	left	left	1	19	15.127	1256
12	34	4	40	10	right	right	1	17	15.138	1123
12	35	4	40	10	left	left	1	31	15.492	2001
12	36	4	40	10	right	right	1	52	15.156	3431
12	37	4	40	10	right	right	1	13	15.458	841
12	38	4	40	10	left	left	1	10	16.234	616
12	39	4	40	10	left	left	1	11	15.235	722
12	40	4	40	10	right	left	0	15	15.152	990
13	1	4	40	10	left	left	1	27	15.42	1751
13	2	4	40	10	right	right	1	10	16.639	601
13	3	4	40	10	right	right	1	11	16.32	674
13	4	4	40	10	right	right	1	9	16.605	542
13	5	4	40	10	right	right	1	8	15.686	510
13	6	4	40	10	right	right	1	7	15.453	453
13	7	4	40	10	right	right	1	10	16.584	603
13	8	4	40	10	left	left	1	10	15.898	629
13	9	4	40	10	right	right	1	12	15.979	751
13	10	4	40	10	right	right	1	11	16.248	677
13	11	4	40	10	left	left	1	11	15.278	720
13	12	4	40	10	left	left	1	15	15.167	989
13	13	4	40	10	left	right	0	8	15.873	504
13	14	4	40	10	left	left	1	14	16.279	860
13	15	4	40	10	left	left	1	11	15.172	725
13	16	4	40	10	right	right	1	13	16.049	810
13	17	4	40	10	right	right	1	11	15.805	696
13	18	4	40	10	right	right	1	13	15.403	844
13	19	4	40	10	left	left	1	11	16.272	676
13	20	4	40	10	right	right	1	10	15.244	656
13	21	4	40	10	right	right	1	12	15.094	795
13	22	4	40	10	right	right	1	21	15.251	1377
13	23	4	40	10	right	right	1	17	15.992	1063
13	24	4	40	10	left	left	1	12	15.248	787
13	25	4	40	10	right	right	1	8	15.094	530
13	26	4	40	10	left	right	0	10	16.779	596
13	27	4	40	10	left	left	1	12	15.625	768
13	28	4	40	10	left	left	1	10	16.077	622
13	29	4	40	10	right	right	1	20	15.625	1280
13	30	4	40	10	left	left	1	21	15.141	1387
13	31	4	40	10	left	left	1	12	16.282	737
13	32	4	40	10	left	left	1	14	15.385	910
13	33	4	40	10	right	right	1	39	15.193	2567
13	34	4	40	10	right	right	1	12	15.894	755
13	35	4	40	10	right	right	1	10	16.639	601
13	36	4	40	10	left	left	1	17	15.138	1123
13	37	4	40	10	left	left	1	9	16.014	562
13	38	4	40	10	left	left	1	9	15.762	571
13	39	4	40	10	left	left	1	13	15.276	851
13	40	4	40	10	left	left	1	21	15.579	1348
14	1	4	40	10	right	right	1	20	15.396	1299
14	2	4	40	10	right	right	1	10	15.267	655
14	3	4	40	10	left	left	1	12	15.584	770
14	4	4	40	10	right	right	1	9	16.304	552
14	5	4	40	10	left	left	1	9	15.411	584
14	6	4	40	10	right	right	1	9	15.598	577
14	7	4	40	10	left	left	1	8	15.564	514
14	8	4	40	10	left	right	0	29	15.215	1906
14	9	4	40	10	left	left	1	11	15.257	721
14	10	4	40	10	right	right	1	15	15.924	942
14	11	4	40	10	left	right	0	16	15.748	1016
14	12	4	40	10	right	right	1	10	16.639	601
14	13	4	40	10	right	right	1	10	16.367	611
14	14	4	40	10	left	left	1	28	15.309	1829
14	15	4	40	10	right	right	1	10	15.291	654
14	16	4	40	10	left	left	1	10	15.798	633
14	17	4	40	10	left	right	0	15	15.198	987
14	18	4	40	10	right	right	1	11	15.214	723
14	19	4	40	10	left	left	1	16	15.152	1056
14	20	4	40	10	right	right	1	41	15.135	2709
14	21	4	40	10	left	right	0	50	15.446	3237
14	22	4	40	10	left	left	1	28	15.359	1823
14	23	4	40	10	left	left	1	10	16.026	624
14	24	4	40	10	left	left	1	9	16.014	562
14	25	4	40	10	left	left	1	10	16.155	619
14	26	4	40	10	left	left	1	9	15.28	589
14	27	4	40	10	right	right	1	18	15.544	1158
14	28	4	40	10	right	right	1	12	15.666	766
14	29	4	40	10	right	right	1	14	16.279	860
14	30	4	40	10	right	right	1	8	15.238	525
14	31	4	40	10	right	right	1	10	16.556	604
14	32	4	40	10	right	right	1	13	15.971	814
14	33	4	40	10	right	right	1	11	15.515	709
14	34	4	40	10	right	right	1	10	15.385	650
14	35	4	40	10	left	left	1	15	15.06	996
14	36	4	40	10	right	right	1	12	16.129	744
14	37	4	40	10	left	left	1	13	15.532	837
14	38	4	40	10	left	left	1	12	15.365	781
14	39	4	40	10	left	left	1	12	15.564	771
14	40	4	40	10	right	right	1	11	15.782	697
15	1	4	40	10	right	right	1	27	15.616	1729
15	2	4	40	10	left	left	1	14	15.642	895
15	3	4	40	10	right	right	1	8	16.667	480
15	4	4	40	10	left	left	1	9	15.437	583
15	5	4	40	10	right	right	1	10	15.625	640
15	6	4	40	10	left	left	1	10	16.155	619
15	7	4	40	10	left	left	1	10	16.129	620
15	8	4	40	10	left	left	1	8	16.461	486
15	9	4	40	10	left	left	1	13	16.149	805
15	10	4	40	10	right	right	1	10	16.129	620
15	11	4	40	10	right	right	1	10	16.502	606
15	12	4	40	10	left	left	1	9	15.437	583
15	13	4	40	10	right	right	1	11	15.449	712
15	14	4	40	10	right	right	1	37	10.063	3677
15	15	4	40	10	right	right	1	10	15.129	661
15	16	4	40	10	left	left	1	9	16.304	552
15	17	4	40	10	right	right	1	8	15.625	512
15	18	4	40	10	right	left	0	9	16.575	543
15	19	4	40	10	left	left	1	17	15.683	1084
15	20	4	40	10	right	right	1	15	15.213	986
15	21	4	40	10	right	right	1	8	15.474	517
15	22	4	40	10	left	left	1	17	15.441	1101
15	23	4	40	10	left	left	1	9	16.453	547
15	24	4	40	10	right	right	1	9	15.986	563
15	25	4	40	10	left	left	1	17	15.233	1116
15	26	4	40	10	right	right	1	14	15.855	883
15	27	4	40	10	right	right	1	12	15.873	756
15	28	4	40	10	left	left	1	10	16.639	601
15	29	4	40	10	right	right	1	14	15.73	890
15	30	4	40	10	left	left	1	14	15.982	876
15	31	4	40	10	right	right	1	9	13.636	660
15	32	4	40	10	right	right	1	11	15.11	728
15	33	4	40	10	left	left	1	12	15.707	764
15	34	4	40	10	left	right	0	11	15.406	714
15	35	4	40	10	left	left	1	19	15.794	1203
15	36	4	40	10	right	right	1	29	15.191	1909
15	37	4	40	10	left	left	1	12	15.789	760
15	38	4	40	10	left	left	1	12	16.043	748
15	39	4	40	10	right	right	1	41	15.242	2690
15	40	4	40	10	left	left	1	15	16.009	937
16	1	4	40	10	right	right	1	36	15.228	2364
16	2	4	40	10	right	right	1	8	15.534	515
16	3	4	40	10	right	right	1	11	16.32	674
16	4	4	40	10	right	right	1	11	16.418	670
16	5	4	40	10	right	right	1	9	15.817	569
16	6	4	40	10	left	left	1	11	15.965	689
16	7	4	40	10	left	left	1	11	15.873	693
16	8	4	40	10	left	left	1	11	16.153	681
16	9	4	40	10	left	left	1	9	15.929	565
16	10	4	40	10	left	left	1	8	15.686	510
16	11	4	40	10	right	right	1	10	15.898	629
16	12	4	40	10	left	left	1	17	15.639	1087
16	13	4	40	10	left	left	1	9	16.636	541
16	14	4	40	10	left	left	1	9	16.158	557
16	15	4	40	10	right	right	1	10	16.313	613
16	16	4	40	10	left	left	1	12	15.645	767
16	17	4	40	10	right	right	1	10	15.699	637
16	18	4	40	10	right	right	1	8	15.18	527
16	19	4	40	10	left	left	1	11	16.616	662
16	20	4	40	10	right	right	1	9	16.245	554
16	21	4	40	10	right	right	1	10	15.198	658
16	22	4	40	10	left	left	1	12	15.686	765
16	23	4	40	10	left	left	1	14	15.713	891
16	24	4	40	10	right	right	1	10	16.556	604
16	25	4	40	10	right	right	1	10	15.48	646
16	26	4	40	10	right	right	1	12	15.132	793
16	27	4	40	10	right	right	1	29	15.508	1870
16	28	4	40	10	left	left	1	11	15.11	728
16	29	4	40	10	right	right	1	18	15.451	1165
16	30	4	40	10	right	right	1	15	15.674	957
16	31	4	40	10	left	left	1	13	15.625	832
16	32	4	40	10	left	left	1	13	16.27	799
16	33	4	40	10	left	left	1	16	15.779	1014
16	34	4	40	10	right	right	1	53	15.186	3490
16	35	4	40	10	left	left	1	34	15.247	2230
16	36	4	40	10	left	left	1	11	15.428	713
16	37	4	40	10	left	left	1	14	15.819	885
16	38	4	40	10	right	right	1	12	15.19	790
16	39	4	40	10	right	right	1	15	15.806	949
16	40	4	40	10	left	left	1	10	15.848	631
17	1	4	40	10	right	right	1	22	15.827	1390
17	2	4	40	10	left	left	1	9	15.332	587
17	3	4	40	10	left	left	1	10	15.337	652
17	4	4	40	10	left	left	1	11	16.2	679
17	5	4	40	10	left	left	1	8	15.81	506
17	6	4	40	10	right	right	1	11	16.517	666
17	7	4	40	10	left	left	1	9	15.28	589
17	8	4	40	10	left	left	1	11	16.418	670
17	9	4	40	10	right	right	1	11	16.345	673
17	10	4	40	10	left	left	1	11	15.007	733
17	11	4	40	10	left	left	1	15	15.213	986
17	12	4	40	10	left	left	1	12	15.852	757
17	13	4	40	10	right	right	1	10	15.949	627
17	14	4	40	10	left	right	0	19	15.98	1189
17	15	4	40	10	right	right	1	12	15.248	787
17	16	4	40	10	left	left	1	20	15.244	1312
17	17	4	40	10	right	right	1	30	15.4	1948
17	18	4	40	10	left	left	1	12	16.304	736
17	19	4	40	10	right	right	1	41	15.536	2639
17	20	4	40	10	right	right	1	10	16.779	596
17	21	4	40	10	right	right	1	10	16.529	605
17	22	4	40	10	right	right	1	9	16.575	543
17	23	4	40	10	right	right	1	12	16.327	735
17	24	4	40	10	right	right	1	11	15.027	732
17	25	4	40	10	right	right	1	10	15.408	649
17	26	4	40	10	left	left	1	13	15.854	820
17	27	4	40	10	left	left	1	12	15.248	787
17	28	4	40	10	right	right	1	14	15.891	881
17	29	4	40	10	left	left	1	11	16.32	674
17	30	4	40	10	right	right	1	13	15.99	813
17	31	4	40	10	left	left	1	51	15.265	3341
17	32	4	40	10	right	right	1	11	15.172	725
17	33	4	40	10	right	right	1	15	15.74	953
17	34	4	40	10	left	left	1	47	15.201	3092
17	35	4	40	10	right	right	1	10	16.077	622
17	36	4	40	10	right	right	1	13	15.187	856
17	37	4	40	10	left	left	1	9	15.625	576
17	38	4	40	10	left	left	1	9	15.177	593
17	39	4	40	10	right	left	0	14	15.873	882
17	40	4	40	10	left	left	1	10	15.625	640
18	1	4	40	10	right	right	1	29	15.525	1868
18	2	4	40	10	left	left	1	9	16.854	534
18	3	4	40	10	right	right	1	9	16.886	533
18	4	4	40	10	right	right	1	11	15.67	702
18	5	4	40	10	right	right	1	9	16.76	537
18	6	4	40	10	left	left	1	7	15.59	449
18	7	4	40	10	left	left	1	10	16.502	606
18	8	4	40	10	left	left	1	8	15.873	504
18	9	4	40	10	left	left	1	7	15.385	455
18	10	4	40	10	right	right	1	13	15.99	813
18	11	4	40	10	left	left	1	7	16.055	436
18	12	4	40	10	left	left	1	12	15.915	754
18	13	4	40	10	right	right	1	9	16.822	535
18	14	4	40	10	left	left	1	6	15.345	391
18	15	4	40	10	left	left	1	12	15.707	764
18	16	4	40	10	left	left	1	7	15.054	465
18	17	4	40	10	right	right	1	10	16.474	607
18	18	4	40	10	right	left	0	7	15.317	457
18	19	4	40	10	left	left	1	9	16.187	556
18	20	4	40	10	right	right	1	11	16.667	660
18	21	4	40	10	right	right	1	12	15.979	751
18	22	4	40	10	right	right	1	10	15.314	653
18	23	4	40	10	right	right	1	9	15.625	576
18	24	4	40	10	left	left	1	10	16.667	600
18	25	4	40	10	right	right	1	12	16.282	737
18	26	4	40	10	right	right	1	11	16.2	679
18	27	4	40	10	right	right	1	9	15.789	570
18	28	4	40	10	right	right	1	9	16.698	539
18	29	4	40	10	left	left	1	12	15.564	771
18	30	4	40	10	left	left	1	11	15.428	713
18	31	4	40	10	left	left	1	25	15.654	1597
18	32	4	40	10	right	right	1	15	15.773	951
18	33	4	40	10	left	left	1	37	15.346	2411
18	34	4	40	10	left	left	1	11	15.759	698
18	35	4	40	10	right	right	1	14	16.222	863
18	36	4	40	10	left	right	0	38	15.435	2462
18	37	4	40	10	right	right	1	16	15.326	1044
18	38	4	40	10	left	left	1	9	16.043	561
18	39	4	40	10	right	right	1	10	15.974	626
18	40	4	40	10	left	left	1	8	15.748	508
19	1	4	40	10	right	right	1	28	15.59	1796
19	2	4	40	10	right	right	1	9	15.734	572
19	3	4	40	10	right	right	1	12	15.524	773
19	4	4	40	10	right	right	1	11	15.068	730
19	5	4	40	10	left	left	1	8	15.18	527
19	6	4	40	10	right	right	1	15	15.641	959
19	7	4	40	10	right	right	1	9	16.484	546
19	8	4	40	10	left	left	1	9	15.571	578
19	9	4	40	10	right	right	1	11	16.492	667
19	10	4	40	10	left	left	1	8	16.162	495
19	11	4	40	10	left	left	1	9	16.886	533
19	12	4	40	10	right	right	1	10	15.314	653
19	13	4	40	10	right	right	1	9	16.544	544
19	14	4	40	10	left	left	1	13	15.625	832
19	15	4	40	10	left	left	1	9	15.228	591
19	16	4	40	10	right	right	1	11	16.541	665
19	17	4	40	10	right	right	1	14	15.982	876
19	18	4	40	10	right	right	1	10	15.314	653
19	19	4	40	10	left	right	0	23	15.293	1504
19	20	4	40	10	left	left	1	25	15.272	1637
19	21	4	40	10	left	left	1	20	15.232	1313
19	22	4	40	10	left	left	1	20	15.373	1301
19	23	4	40	10	left	left	1	13	16.25	800
19	24	4	40	10	right	right	1	9	15.254	590
19	25	4	40	10	left	left	1	8	15.905	503
19	26	4	40	10	right	right	1	11	15.32	718
19	27	4	40	10	left	left	1	10	16.807	595
19	28	4	40	10	left	left	1	9	15.707	573
19	29	4	40	10	right	left	0	15	16.216	925
19	30	4	40	10	right	right	1	9	15.957	564
19	31	4	40	10	left	left	1	16	15.671	1021
19	32	4	40	10	left	left	1	11	16.129	682
19	33	4	40	10	right	right	1	32	15.231	2101
19	34	4	40	10	left	right	0	22	15.827	1390
19	35	4	40	10	right	right	1	35	15.304	2287
19	36	4	40	10	left	right	0	40	15.456	2588
19	37	4	40	10	left	left	1	16	15.195	1053
19	38	4	40	10	left	left	1	18	15.267	1179
19	39	4	40	10	right	left	0	19	15.188	1251
19	40	4	40	10	right	left	0	16	15.595	1026
20	1	4	40	10	left	left	1	24	15.18	1581
20	2	4	40	10	left	left	1	9	16.071	560
20	3	4	40	10	right	right	1	10	15.625	640
20	4	4	40	10	right	right	1	13	15.873	819
20	5	4	40	10	left	left	1	9	16.729	538
20	6	4	40	10	right	right	1	14	15.317	914
20	7	4	40	10	right	left	0	14	16.279	860
20	8	4	40	10	right	right	1	9	15.177	593
20	9	4	40	10	left	left	1	10	15.015	666
20	10	4	40	10	right	right	1	13	15.532	837
20	11	4	40	10	right	right	1	14	15.837	884
20	12	4	40	10	right	right	1	14	15.538	901
20	13	4	40	10	right	right	1	9	15.254	590
20	14	4	40	10	left	left	1	18	15.531	1159
20	15	4	40	10	left	left	1	40	15.203	2631
20	16	4	40	10	left	left	1	43	15.418	2789
20	17	4	40	10	left	left	1	20	15.748	1270
20	18	4	40	10	left	left	1	10	15.408	649
20	19	4	40	10	right	right	1	13	15.258	852
20	20	4	40	10	left	left	1	19	15.69	1211
20	21	4	40	10	left	left	1	18	15.776	1141
20	22	4	40	10	left	left	1	10	15.337	652
20	23	4	40	10	left	left	1	12	16.151	743
20	24	4	40	10	right	right	1	15	16.094	932
20	25	4	40	10	right	right	1	10	16.26	615
20	26	4	40	10	left	left	1	42	15.168	2769
20	27	4	40	10	left	right	0	15	16.269	922
20	28	4	40	10	right	right	1	10	15.601	641
20	29	4	40	10	left	left	1	9	16.698	539
20	30	4	40	10	right	right	1	10	16.367	611
20	31	4	40	10	left	left	1	12	16.194	741
20	32	4	40	10	right	right	1	39	15.264	2555
20	33	4	40	10	left	left	1	10	16.287	614
20	34	4	40	10	right	right	1	19	15.625	1216
20	35	4	40	10	left	right	0	17	15.371	1106
20	36	4	40	10	right	right	1	41	15.408	2661
20	37	4	40	10	left	left	1	14	15.573	899
20	38	4	40	10	right	right	1	23	15.416	1492
20	39	4	40	10	right	right	1	20	15.385	1300
20	40	4	40	10	right	right	1	18	15.845	1136
21	1	4	40	10	left	left	1	28	15.625	1792
21	2	4	40	10	right	right	1	10	16.026	624
21	3	4	40	10	left	left	1	10	15.949	627
21	4	4	40	10	left	left	1	7	15.184	461
21	5	4	40	10	right	right	1	9	15.332	587
21	6	4	40	10	right	right	1	8	15.267	524
21	7	4	40	10	right	right	1	7	15.487	452
21	8	4	40	10	right	left	0	10	15.408	649
21	9	4	40	10	left	left	1	7	15.59	449
21	10	4	40	10	right	right	1	10	16.26	615
21	11	4	40	10	left	left	1	8	15.123	529
21	12	4	40	10	right	right	1	9	16.791	536
21	13	4	40	10	left	left	1	7	15.909	440
21	14	4	40	10	right	right	1	8	15.936	502
21	15	4	40	10	right	right	1	9	16.886	533
21	16	4	40	10	right	right	1	10	16.313	613
21	17	4	40	10	right	right	1	10	15.291	654
21	18	4	40	10	left	left	1	9	15.598	577
21	19	4	40	10	left	left	1	10	15.773	634
21	20	4	40	10	left	left	1	9	15.762	571
21	21	4	40	10	left	left	1	9	15.929	565
21	22	4	40	10	left	left	1	10	16.103	621
21	23	4	40	10	left	left	1	9	15.873	567
21	24	4	40	10	left	left	1	9	15.845	568
21	25	4	40	10	right	right	1	16	15.137	1057
21	26	4	40	10	right	right	1	10	16.287	614
21	27	4	40	10	right	right	1	11	15.278	720
21	28	4	40	10	left	left	1	14	15.005	933
21	29	4	40	10	left	left	1	8	16.427	487
21	30	4	40	10	right	right	1	10	15.48	646
21	31	4	40	10	right	right	1	10	15.432	648
21	32	4	40	10	left	left	1	11	15.214	723
21	33	4	40	10	right	right	1	10	16.447	608
21	34	4	40	10	right	left	0	10	15.974	626
21	35	4	40	10	right	left	0	9	15.385	585
21	36	4	40	10	left	left	1	12	16.151	743
21	37	4	40	10	right	right	1	13	15.276	851
21	38	4	40	10	left	left	1	10	15.552	643
21	39	4	40	10	left	left	1	11	15.67	702
21	40	4	40	10	left	left	1	15	16.269	922
22	1	4	40	10	right	right	1	20	15.773	1268
22	2	4	40	10	left	left	1	10	15.873	630
22	3	4	40	10	right	right	1	8	15.595	513
22	4	4	40	10	right	right	1	8	15.873	504
22	5	4	40	10	left	left	1	8	15.656	511
22	6	4	40	10	left	left	1	9	16.1	559
22	7	4	40	10	right	right	1	10	16.694	599
22	8	4	40	10	right	right	1	8	16.632	481
22	9	4	40	10	left	left	1	9	15.652	575
22	10	4	40	10	left	left	1	11	16.743	657
22	11	4	40	10	left	left	1	9	15.544	579
22	12	4	40	10	right	right	1	10	16.34	612
22	13	4	40	10	right	right	1	11	15.85	694
22	14	4	40	10	left	right	0	10	16.181	618
22	15	4	40	10	left	left	1	9	16.514	545
22	16	4	40	10	right	right	1	7	15.59	449
22	17	4	40	10	left	left	1	7	16.241	431
22	18	4	40	10	left	left	1	8	16.842	475
22	19	4	40	10	left	left	1	7	16.432	426
22	20	4	40	10	left	left	1	9	15.873	567
22	21	4	40	10	right	right	1	9	15.845	568
22	22	4	40	10	left	left	1	7	15.351	456
22	23	4	40	10	left	left	1	7	15.695	446
22	24	4	40	10	left	left	1	7	16.355	428
22	25	4	40	10	right	left	0	7	16.787	417
22	26	4	40	10	right	right	1	21	15.778	1331
22	27	4	40	10	left	left	1	15	15.756	952
22	28	4	40	10	left	left	1	13	15.169	857
22	29	4	40	10	right	right	1	11	15.235	722
22	30	4	40	10	right	right	1	13	15.513	838
22	31	4	40	10	right	right	1	27	15.571	1734
22	32	4	40	10	left	left	1	12	15.209	789
22	33	4	40	10	right	right	1	12	15.894	755
22	34	4	40	10	right	right	1	15	16.009	937
22	35	4	40	10	right	right	1	18	15.584	1155
22	36	4	40	10	left	left	1	16	15.702	1019
22	37	4	40	10	right	right	1	12	15.152	792
22	38	4	40	10	right	left	0	16	15.429	1037
22	39	4	40	10	left	left	1	18	15.972	1127
22	40	4	40	10	right	right	1	10	14.925	670
23	1	4	40	10	right	right	1	26	15.578	1669
23	2	4	40	10	left	right	0	8	16.563	483
23	3	4	40	10	right	left	0	9	16.854	534
23	4	4	40	10	left	left	1	13	15.719	827
23	5	4	40	10	left	left	1	8	16.064	498
23	6	4	40	10	right	right	1	8	15.595	513
23	7	4	40	10	right	right	1	8	15.625	512
23	8	4	40	10	right	right	1	10	16.26	615
23	9	4	40	10	right	right	1	9	15.598	577
23	10	4	40	10	right	right	1	12	15.113	794
23	11	4	40	10	right	right	1	10	16.42	609
23	12	4	40	10	right	right	1	30	15.283	1963
23	13	4	40	10	left	left	1	18	15.748	1143
23	14	4	40	10	right	right	1	35	15.473	2262
23	15	4	40	10	left	left	1	9	16.453	547
23	16	4	40	10	left	right	0	19	15.472	1228
23	17	4	40	10	left	left	1	11	16.129	682
23	18	4	40	10	right	right	1	17	15.329	1109
23	19	4	40	10	right	right	1	32	15.245	2099
23	20	4	40	10	left	right	0	14	15.419	908
23	21	4	40	10	left	left	1	17	15.152	1122
23	22	4	40	10	left	left	1	12	15.936	753
23	23	4	40	10	right	left	0	8	15.686	510
23	24	4	40	10	left	left	1	11	16.129	682
23	25	4	40	10	right	right	1	12	15.504	774
23	26	4	40	10	left	left	1	13	15.258	852
23	27	4	40	10	left	left	1	11	15.737	699
23	28	4	40	10	left	left	1	12	16.304	736
23	29	4	40	10	right	left	0	12	15.524	773
23	30	4	40	10	right	left	0	11	15.625	704
23	31	4	40	10	right	right	1	13	15.606	833
23	32	4	40	10	right	right	1	11	15.089	729
23	33	4	40	10	left	right	0	11	15.342	717
23	34	4	40	10	right	left	0	14	15.642	895
23	35	4	40	10	left	left	1	9	15.491	581
23	36	4	40	10	left	left	1	9	15.228	591
23	37	4	40	10	left	left	1	39	15.234	2560
23	38	4	40	10	left	left	1	17	15.469	1099
23	39	4	40	10	right	right	1	25	15.3	1634
23	40	4	40	10	left	left	1	10	15.674	638
24	1	4	40	10	right	right	1	21	15.239	1378
24	2	4	40	10	left	left	1	11	15.988	688
24	3	4	40	10	left	left	1	10	15.949	627
24	4	4	40	10	right	right	1	12	16.173	742
24	5	4	40	10	right	left	0	12	15.727	763
24	6	4	40	10	right	right	1	9	16.158	557
24	7	4	40	10	left	left	1	8	15.717	509
24	8	4	40	10	left	left	1	14	16.26	861
24	9	4	40	10	left	left	1	10	16.529	605
24	10	4	40	10	left	left	1	12	15.645	767
24	11	4	40	10	left	left	1	13	15.682	829
24	12	4	40	10	right	left	0	25	15.586	1604
24	13	4	40	10	right	right	1	11	16.082	684
24	14	4	40	10	left	left	1	9	16.544	544
24	15	4	40	10	right	left	0	8	16.393	488
24	16	4	40	10	left	left	1	7	17.327	404
24	17	4	40	10	left	left	1	12	15.789	760
24	18	4	40	10	right	right	1	40	15.302	2614
24	19	4	40	10	left	left	1	44	15.22	2891
24	20	4	40	10	right	right	1	36	15.578	2311
24	21	4	40	10	left	left	1	12	15.365	781
24	22	4	40	10	right	right	1	9	16.216	555
24	23	4	40	10	left	left	1	8	16	500
24	24	4	40	10	left	left	1	14	15.855	883
24	25	4	40	10	left	left	1	37	15.189	2436
24	26	4	40	10	left	right	0	42	15.234	2757
24	27	4	40	10	right	right	1	12	15.267	786
24	28	4	40	10	right	right	1	41	15.157	2705
24	29	4	40	10	right	right	1	25	15.547	1608
24	30	4	40	10	right	right	1	27	15.306	1764
24	31	4	40	10	right	right	1	11	15.027	732
24	32	4	40	10	left	left	1	15	15.259	983
24	33	4	40	10	left	left	1	9	16.216	555
24	34	4	40	10	right	left	0	11	16.692	659
24	35	4	40	10	right	left	0	31	15.415	2011
24	36	4	40	10	right	right	1	15	15.4	974
24	37	4	40	10	left	left	1	17	15.152	1122
24	38	4	40	10	right	right	1	19	15.323	1240
24	39	4	40	10	right	right	1	58	15.191	3818
24	40	4	40	10	left	left	1	17	15.206	1118
