
blkNum	trlNum	coherentDots	numberofDots	percentCoherence	winningDirection	response	correct	eventCount	averageFrameRate	RT
1	1	4	40	10	right	right	1	35	15.184	2305
1	2	4	40	10	right	right	1	40	15.256	2622
1	3	4	40	10	left	left	1	24	15.666	1532
1	4	4	40	10	right	right	1	26	15.578	1669
1	5	4	40	10	right	right	1	63	15.254	4130
1	6	4	40	10	right	right	1	48	15.394	3118
1	7	4	40	10	left	left	1	18	15.957	1128
1	8	4	40	10	left	left	1	28	15.427	1815
1	9	4	40	10	right	right	1	26	15.33	1696
1	10	4	40	10	left	left	1	35	15.211	2301
1	11	4	40	10	right	right	1	38	15.304	2483
1	12	4	40	10	left	left	1	20	15.76	1269
1	13	4	40	10	left	left	1	35	15.198	2303
1	14	4	40	10	right	right	1	23	15.668	1468
1	15	4	40	10	right	right	1	26	15.152	1716
1	16	4	40	10	right	right	1	51	15.311	3331
1	17	4	40	10	right	right	1	46	15.202	3026
1	18	4	40	10	left	left	1	22	15.428	1426
1	19	4	40	10	right	right	1	32	15.437	2073
1	20	4	40	10	left	left	1	15	15.512	967
1	21	4	40	10	left	left	1	15	16.129	930
1	22	4	40	10	left	left	1	16	15.686	1020
1	23	4	40	10	left	left	1	10	15.408	649
1	24	4	40	10	left	left	1	13	15.258	852
1	25	4	40	10	right	right	1	12	15.248	787
1	26	4	40	10	right	right	1	15	15.991	938
1	27	4	40	10	right	right	1	38	15.249	2492
1	28	4	40	10	left	left	1	19	15.86	1198
1	29	4	40	10	right	right	1	18	15.748	1143
1	30	4	40	10	left	left	1	14	15.385	910
1	31	4	40	10	right	right	1	29	15.231	1904
1	32	4	40	10	right	right	1	11	15.559	707
1	33	4	40	10	left	left	1	10	16.26	615
1	34	4	40	10	left	left	1	13	15.738	826
1	35	4	40	10	left	left	1	12	16.282	737
1	36	4	40	10	left	left	1	12	15.686	765
1	37	4	40	10	left	left	1	40	15.408	2596
1	38	4	40	10	right	right	1	12	16.129	744
1	39	4	40	10	left	left	1	8	15.686	510
1	40	4	40	10	right	right	1	10	16.313	613
2	1	4	40	10	right	right	1	18	15.203	1184
2	2	4	40	10	left	left	1	13	16.23	801
2	3	4	40	10	left	right	0	10	16.447	608
2	4	4	40	10	left	left	1	37	15.385	2405
2	5	4	40	10	left	left	1	15	15.045	997
2	6	4	40	10	right	right	1	12	15.789	760
2	7	4	40	10	right	right	1	12	15.666	766
2	8	4	40	10	right	right	1	12	15.707	764
2	9	4	40	10	right	right	1	50	15.423	3242
2	10	4	40	10	right	left	0	31	15.204	2039
2	11	4	40	10	right	right	1	43	15.473	2779
2	12	4	40	10	right	right	1	55	15.295	3596
2	13	4	40	10	right	right	1	27	15.598	1731
2	14	4	40	10	left	left	1	20	15.516	1289
2	15	4	40	10	left	left	1	19	15.472	1228
2	16	4	40	10	right	right	1	10	16.722	598
2	17	4	40	10	left	left	1	12	15.326	783
2	18	4	40	10	left	left	1	14	15.251	918
2	19	4	40	10	left	left	1	11	16.566	664
2	20	4	40	10	right	right	1	11	15.214	723
2	21	4	40	10	left	left	1	10	15.649	639
2	22	4	40	10	right	right	1	11	16.32	674
2	23	4	40	10	left	left	1	12	16.327	735
2	24	4	40	10	right	right	1	17	15.582	1091
2	25	4	40	10	left	left	1	13	15.312	849
2	26	4	40	10	left	left	1	15	15.106	993
2	27	4	40	10	left	left	1	23	15.753	1460
2	28	4	40	10	right	right	1	23	15.764	1459
2	29	4	40	10	right	right	1	10	16.611	602
2	30	4	40	10	left	right	0	12	15.544	772
2	31	4	40	10	left	left	1	10	16.26	615
2	32	4	40	10	left	left	1	12	16.282	737
2	33	4	40	10	right	right	1	11	15.493	710
2	34	4	40	10	left	left	1	15	15.593	962
2	35	4	40	10	right	right	1	14	15.267	917
2	36	4	40	10	right	left	0	44	15.199	2895
2	37	4	40	10	right	right	1	11	15.449	712
2	38	4	40	10	left	left	1	16	15.686	1020
2	39	4	40	10	right	right	1	12	15.605	769
2	40	4	40	10	left	left	1	11	16.012	687
3	1	4	40	10	left	left	1	23	15.416	1492
3	2	4	40	10	right	right	1	14	15.556	900
3	3	4	40	10	left	left	1	11	16.442	669
3	4	4	40	10	right	right	1	13	16.25	800
3	5	4	40	10	right	right	1	17	15.992	1063
3	6	4	40	10	left	left	1	11	16.641	661
3	7	4	40	10	left	left	1	14	16.204	864
3	8	4	40	10	left	left	1	15	15.756	952
3	9	4	40	10	left	left	1	13	16.03	811
3	10	4	40	10	right	right	1	12	15.287	785
3	11	4	40	10	right	right	1	16	16	1000
3	12	4	40	10	right	right	1	16	15.81	1012
3	13	4	40	10	left	left	1	11	15.278	720
3	14	4	40	10	right	right	1	11	16.082	684
3	15	4	40	10	right	right	1	12	15.979	751
3	16	4	40	10	right	right	1	11	15.873	693
3	17	4	40	10	left	left	1	11	15.449	712
3	18	4	40	10	right	right	1	10	15.699	637
3	19	4	40	10	right	right	1	18	15.531	1159
3	20	4	40	10	left	left	1	13	16.27	799
3	21	4	40	10	left	left	1	12	16.349	734
3	22	4	40	10	right	right	1	12	16.238	739
3	23	4	40	10	right	left	0	10	16.207	617
3	24	4	40	10	left	left	1	22	15.288	1439
3	25	4	40	10	left	left	1	16	15.764	1015
3	26	4	40	10	right	right	1	12	15.894	755
3	27	4	40	10	right	right	1	16	15.984	1001
3	28	4	40	10	right	right	1	11	15.172	725
3	29	4	40	10	left	left	1	12	15.584	770
3	30	4	40	10	left	left	1	12	15.957	752
3	31	4	40	10	left	left	1	15	15.94	941
3	32	4	40	10	left	left	1	13	16.089	808
3	33	4	40	10	right	right	1	12	16.349	734
3	34	4	40	10	left	right	0	9	16.187	556
3	35	4	40	10	right	right	1	8	15.842	505
3	36	4	40	10	right	right	1	10	15.625	640
3	37	4	40	10	left	left	1	9	15.762	571
3	38	4	40	10	left	left	1	9	15.306	588
3	39	4	40	10	left	left	1	13	16.149	805
3	40	4	40	10	right	right	1	10	15.924	628
4	1	4	40	10	right	right	1	9	16.729	538
4	2	4	40	10	left	right	0	12	16.086	746
4	3	4	40	10	left	left	1	11	15.363	716
4	4	4	40	10	left	left	1	10	15.625	640
4	5	4	40	10	left	left	1	10	15.773	634
4	6	4	40	10	left	left	1	10	16.103	621
4	7	4	40	10	left	right	0	12	16.304	736
4	8	4	40	10	right	right	1	13	16.089	808
4	9	4	40	10	left	left	1	21	15.362	1367
4	10	4	40	10	left	left	1	18	15.254	1180
4	11	4	40	10	left	left	1	10	16.529	605
4	12	4	40	10	left	left	1	22	15.737	1398
4	13	4	40	10	right	right	1	13	16.169	804
4	14	4	40	10	left	left	1	19	15.587	1219
4	15	4	40	10	left	right	0	17	15.683	1084
4	16	4	40	10	right	right	1	15	15.773	951
4	17	4	40	10	right	left	0	12	16.26	738
4	18	4	40	10	right	right	1	15	15.06	996
4	19	4	40	10	left	left	1	14	15.217	920
4	20	4	40	10	left	right	0	11	16.153	681
4	21	4	40	10	left	left	1	25	15.615	1601
4	22	4	40	10	right	right	1	12	15.686	765
4	23	4	40	10	right	right	1	15	15.974	939
4	24	4	40	10	right	right	1	15	16.216	925
4	25	4	40	10	right	right	1	9	15.228	591
4	26	4	40	10	left	left	1	27	15.271	1768
4	27	4	40	10	left	left	1	15	15.136	991
4	28	4	40	10	right	right	1	10	15.361	651
4	29	4	40	10	left	left	1	22	15.471	1422
4	30	4	40	10	right	right	1	11	15.342	717
4	31	4	40	10	right	right	1	13	15.758	825
4	32	4	40	10	right	right	1	11	16.176	680
4	33	4	40	10	right	right	1	11	16.667	660
4	34	4	40	10	right	right	1	11	15.471	711
4	35	4	40	10	right	right	1	11	15.581	706
4	36	4	40	10	right	right	1	10	15.244	656
4	37	4	40	10	right	right	1	17	15.947	1066
4	38	4	40	10	left	left	1	11	16.393	671
4	39	4	40	10	left	left	1	16	15.34	1043
4	40	4	40	10	right	right	1	14	15.625	896
5	1	4	40	10	right	right	1	21	15.648	1342
5	2	4	40	10	left	left	1	9	15.332	587
5	3	4	40	10	right	right	1	15	15.56	964
5	4	4	40	10	left	left	1	11	16.768	656
5	5	4	40	10	left	right	0	10	16.611	602
5	6	4	40	10	left	left	1	10	15.408	649
5	7	4	40	10	right	right	1	11	16.692	659
5	8	4	40	10	left	left	1	15	15.275	982
5	9	4	40	10	right	right	1	10	15.576	642
5	10	4	40	10	left	left	1	10	14.948	669
5	11	4	40	10	left	left	1	10	15.432	648
5	12	4	40	10	left	left	1	13	16.03	811
5	13	4	40	10	left	right	0	10	15.974	626
5	14	4	40	10	right	right	1	16	15.984	1001
5	15	4	40	10	right	right	1	10	16.103	621
5	16	4	40	10	right	right	1	11	15.827	695
5	17	4	40	10	right	right	1	10	15.337	652
5	18	4	40	10	left	left	1	14	15.945	878
5	19	4	40	10	right	left	0	11	15.131	727
5	20	4	40	10	right	right	1	16	15.137	1057
5	21	4	40	10	left	left	1	12	16	750
5	22	4	40	10	right	right	1	11	16.105	683
5	23	4	40	10	right	right	1	12	15.645	767
5	24	4	40	10	right	right	1	11	15.172	725
5	25	4	40	10	left	left	1	10	16.207	617
5	26	4	40	10	left	left	1	11	16.692	659
5	27	4	40	10	right	right	1	10	16.502	606
5	28	4	40	10	left	left	1	12	16.129	744
5	29	4	40	10	left	left	1	10	16.313	613
5	30	4	40	10	left	left	1	18	15.972	1127
5	31	4	40	10	left	left	1	16	15.534	1030
5	32	4	40	10	right	right	1	10	16.807	595
5	33	4	40	10	right	right	1	14	16.279	860
5	34	4	40	10	left	left	1	9	15.929	565
5	35	4	40	10	right	right	1	11	15.67	702
5	36	4	40	10	right	right	1	17	15.483	1098
5	37	4	40	10	left	left	1	11	15.782	697
5	38	4	40	10	right	right	1	10	16.313	613
5	39	4	40	10	left	left	1	12	15.81	759
5	40	4	40	10	right	right	1	10	16.556	604
6	1	4	40	10	left	left	1	15	15.015	999
6	2	4	40	10	right	right	1	13	16.189	803
6	3	4	40	10	left	left	1	9	16.514	545
6	4	4	40	10	left	left	1	47	15.255	3081
6	5	4	40	10	left	left	1	20	15.314	1306
6	6	4	40	10	left	left	1	23	15.732	1462
6	7	4	40	10	left	left	1	11	15.873	693
6	8	4	40	10	right	right	1	15	15.48	969
6	9	4	40	10	left	left	1	11	15.896	692
6	10	4	40	10	right	right	1	10	15.244	656
6	11	4	40	10	left	left	1	18	15.358	1172
6	12	4	40	10	right	right	1	10	15.798	633
6	13	4	40	10	right	right	1	12	15.484	775
6	14	4	40	10	right	right	1	11	15.873	693
6	15	4	40	10	left	left	1	11	15.603	705
6	16	4	40	10	right	right	1	9	15.517	580
6	17	4	40	10	left	left	1	20	15.456	1294
6	18	4	40	10	right	right	1	15	15.74	953
6	19	4	40	10	left	left	1	10	16.556	604
6	20	4	40	10	left	left	1	27	15.367	1757
6	21	4	40	10	right	right	1	13	15.258	852
6	22	4	40	10	right	right	1	11	15.172	725
6	23	4	40	10	right	right	1	11	15.257	721
6	24	4	40	10	left	left	1	10	16.287	614
6	25	4	40	10	right	right	1	12	15.957	752
6	26	4	40	10	right	right	1	12	15.666	766
6	27	4	40	10	right	right	1	11	15.896	692
6	28	4	40	10	left	left	1	11	15.827	695
6	29	4	40	10	right	right	1	9	15.544	579
6	30	4	40	10	right	right	1	14	15.538	901
6	31	4	40	10	right	right	1	12	16	750
6	32	4	40	10	left	left	1	10	15.949	627
6	33	4	40	10	right	right	1	9	15.254	590
6	34	4	40	10	right	right	1	11	16.272	676
6	35	4	40	10	left	left	1	10	15.748	635
6	36	4	40	10	left	left	1	11	16.058	685
6	37	4	40	10	right	right	1	11	16.345	673
6	38	4	40	10	left	left	1	11	15.896	692
6	39	4	40	10	left	left	1	16	15.873	1008
6	40	4	40	10	left	left	1	13	16.169	804
7	1	4	40	10	right	right	1	20	15.117	1323
7	2	4	40	10	left	left	1	8	15.656	511
7	3	4	40	10	left	left	1	13	15.834	821
7	4	4	40	10	right	right	1	10	15.723	636
7	5	4	40	10	right	right	1	11	16.035	686
7	6	4	40	10	left	left	1	9	16.014	562
7	7	4	40	10	left	right	0	10	16.584	603
7	8	4	40	10	right	right	1	11	16.32	674
7	9	4	40	10	right	right	1	10	16.75	597
7	10	4	40	10	left	left	1	11	16.591	663
7	11	4	40	10	left	left	1	14	15.59	898
7	12	4	40	10	left	left	1	15	15.707	955
7	13	4	40	10	right	right	1	14	15.521	902
7	14	4	40	10	right	right	1	15	15.907	943
7	15	4	40	10	right	right	1	13	16.209	802
7	16	4	40	10	left	left	1	9	16.071	560
7	17	4	40	10	right	right	1	9	15.203	592
7	18	4	40	10	left	left	1	15	15.991	938
7	19	4	40	10	right	right	1	15	15.56	964
7	20	4	40	10	right	right	1	12	15.152	792
7	21	4	40	10	left	left	1	11	16.035	686
7	22	4	40	10	left	left	1	9	16.014	562
7	23	4	40	10	left	left	1	14	15.713	891
7	24	4	40	10	left	left	1	12	16.043	748
7	25	4	40	10	left	left	1	12	16.107	745
7	26	4	40	10	left	left	1	12	15.504	774
7	27	4	40	10	right	left	0	14	15.556	900
7	28	4	40	10	left	left	1	13	16.049	810
7	29	4	40	10	left	left	1	11	16.345	673
7	30	4	40	10	right	right	1	14	15.837	884
7	31	4	40	10	right	right	1	17	15.219	1117
7	32	4	40	10	right	right	1	11	15.027	732
7	33	4	40	10	right	right	1	9	16.043	561
7	34	4	40	10	right	right	1	10	15.798	633
7	35	4	40	10	left	right	0	8	16.563	483
7	36	4	40	10	left	left	1	12	15.831	758
7	37	4	40	10	right	right	1	12	16.064	747
7	38	4	40	10	left	left	1	11	15.11	728
7	39	4	40	10	right	right	1	17	15.233	1116
7	40	4	40	10	right	right	1	11	15.214	723
8	1	4	40	10	left	left	1	23	15.478	1486
8	2	4	40	10	left	left	1	15	16.199	926
8	3	4	40	10	left	left	1	14	15.351	912
8	4	4	40	10	right	right	1	10	15.576	642
8	5	4	40	10	left	left	1	12	15.365	781
8	6	4	40	10	right	right	1	14	16.298	859
8	7	4	40	10	right	left	0	13	16.03	811
8	8	4	40	10	right	right	1	13	15.951	815
8	9	4	40	10	right	right	1	16	15.534	1030
8	10	4	40	10	left	left	1	15	15.839	947
8	11	4	40	10	right	right	1	11	16.616	662
8	12	4	40	10	right	right	1	47	15.334	3065
8	13	4	40	10	left	left	1	11	15.965	689
8	14	4	40	10	right	right	1	10	16.313	613
8	15	4	40	10	left	left	1	11	16.012	687
8	16	4	40	10	left	left	1	20	15.209	1315
8	17	4	40	10	right	right	1	11	16.2	679
8	18	4	40	10	right	right	1	12	15.894	755
8	19	4	40	10	left	left	1	19	15.715	1209
8	20	4	40	10	left	right	0	57	15.249	3738
8	21	4	40	10	left	left	1	22	15.625	1408
8	22	4	40	10	left	left	1	15	16.199	926
8	23	4	40	10	left	left	1	21	15.173	1384
8	24	4	40	10	right	right	1	15	15.045	997
8	25	4	40	10	right	right	1	14	16.185	865
8	26	4	40	10	right	left	0	13	15.606	833
8	27	4	40	10	right	right	1	13	15.513	838
8	28	4	40	10	left	left	1	12	15.686	765
8	29	4	40	10	right	right	1	15	16.251	923
8	30	4	40	10	left	left	1	11	16.248	677
8	31	4	40	10	left	left	1	13	15.458	841
8	32	4	40	10	right	right	1	12	15.152	792
8	33	4	40	10	right	right	1	16	16	1000
8	34	4	40	10	left	left	1	23	15.678	1467
8	35	4	40	10	left	left	1	12	15.727	763
8	36	4	40	10	left	left	1	15	15.121	992
8	37	4	40	10	left	left	1	18	15.915	1131
8	38	4	40	10	right	right	1	12	15.267	786
8	39	4	40	10	right	right	1	27	15.689	1721
8	40	4	40	10	right	left	0	15	15.641	959
9	1	4	40	10	left	left	1	15	15.974	939
9	2	4	40	10	left	left	1	11	15.342	717
9	3	4	40	10	right	right	1	11	16.517	666
9	4	4	40	10	left	left	1	11	16.641	661
9	5	4	40	10	right	right	1	15	15.625	960
9	6	4	40	10	right	right	1	13	16.03	811
9	7	4	40	10	left	left	1	10	16.92	591
9	8	4	40	10	left	left	1	13	16.209	802
9	9	4	40	10	right	right	1	18	15.293	1177
9	10	4	40	10	right	left	0	9	16.76	537
9	11	4	40	10	left	left	1	19	15.86	1198
9	12	4	40	10	left	left	1	11	15.471	711
9	13	4	40	10	right	left	0	12	15.727	763
9	14	4	40	10	right	right	1	15	15.03	998
9	15	4	40	10	right	right	1	15	16.251	923
9	16	4	40	10	right	left	0	11	16.082	684
9	17	4	40	10	left	left	1	20	15.773	1268
9	18	4	40	10	right	right	1	13	16.109	807
9	19	4	40	10	right	left	0	15	16.06	934
9	20	4	40	10	right	right	1	19	15.664	1213
9	21	4	40	10	right	right	1	18	15.332	1174
9	22	4	40	10	left	left	1	30	15.198	1974
9	23	4	40	10	right	right	1	10	16.584	603
9	24	4	40	10	left	left	1	30	15.584	1925
9	25	4	40	10	left	left	1	17	15.726	1081
9	26	4	40	10	left	left	1	43	15.407	2791
9	27	4	40	10	left	left	1	13	15.777	824
9	28	4	40	10	right	right	1	11	16.2	679
9	29	4	40	10	left	left	1	10	16.367	611
9	30	4	40	10	right	right	1	43	15.33	2805
9	31	4	40	10	left	left	1	25	15.328	1631
9	32	4	40	10	left	left	1	15	15.991	938
9	33	4	40	10	left	left	1	11	16.082	684
9	34	4	40	10	left	left	1	11	16.566	664
9	35	4	40	10	right	right	1	10	16.155	619
9	36	4	40	10	left	left	1	9	15.491	581
9	37	4	40	10	left	left	1	10	15.48	646
9	38	4	40	10	right	left	0	12	15.444	777
9	39	4	40	10	right	left	0	11	15.027	732
9	40	4	40	10	right	left	0	10	15.873	630
10	1	4	40	10	left	left	1	32	15.519	2062
10	2	4	40	10	right	right	1	11	15.67	702
10	3	4	40	10	left	left	1	19	15.926	1193
10	4	4	40	10	left	left	1	19	15.31	1241
10	5	4	40	10	right	right	1	10	15.748	635
10	6	4	40	10	left	left	1	25	15.115	1654
10	7	4	40	10	left	left	1	10	16.393	610
10	8	4	40	10	right	right	1	13	16.311	797
10	9	4	40	10	left	right	0	17	15.138	1123
10	10	4	40	10	right	right	1	21	15.273	1375
10	11	4	40	10	right	left	0	16	15.209	1052
10	12	4	40	10	right	right	1	24	15.727	1526
10	13	4	40	10	left	left	1	21	15.73	1335
10	14	4	40	10	left	left	1	76	15.289	4971
10	15	4	40	10	left	left	1	15	15.416	973
10	16	4	40	10	right	left	0	28	15.152	1848
10	17	4	40	10	left	left	1	20	15.361	1302
10	18	4	40	10	right	right	1	10	16.393	610
10	19	4	40	10	left	left	1	10	16.129	620
10	20	4	40	10	right	right	1	13	15.815	822
10	21	4	40	10	right	right	1	12	16.021	749
10	22	4	40	10	left	left	1	15	15.198	987
10	23	4	40	10	right	right	1	10	15.267	655
10	24	4	40	10	right	left	0	11	15.257	721
10	25	4	40	10	left	left	1	12	15.564	771
10	26	4	40	10	left	right	0	13	15.458	841
10	27	4	40	10	left	left	1	9	15.707	573
10	28	4	40	10	right	right	1	14	15.385	910
10	29	4	40	10	right	right	1	14	15.625	896
10	30	4	40	10	right	right	1	13	15.758	825
10	31	4	40	10	right	left	0	23	15.212	1512
10	32	4	40	10	left	left	1	27	15.367	1757
10	33	4	40	10	right	right	1	36	15.28	2356
10	34	4	40	10	left	left	1	10	16.367	611
10	35	4	40	10	left	right	0	13	15.99	813
10	36	4	40	10	right	right	1	35	15.453	2265
10	37	4	40	10	right	right	1	28	15.504	1806
10	38	4	40	10	left	left	1	14	16.241	862
10	39	4	40	10	right	right	1	13	15.663	830
10	40	4	40	10	left	left	1	12	15.19	790
11	1	4	40	10	left	left	1	13	15.738	826
11	2	4	40	10	left	left	1	10	16	625
11	3	4	40	10	right	right	1	14	16	875
11	4	4	40	10	left	left	1	11	16.492	667
11	5	4	40	10	right	right	1	10	16.051	623
11	6	4	40	10	left	left	1	10	16.42	609
11	7	4	40	10	right	right	1	10	16.584	603
11	8	4	40	10	left	left	1	12	15.228	788
11	9	4	40	10	right	right	1	18	15.598	1154
11	10	4	40	10	right	right	1	11	15.406	714
11	11	4	40	10	right	right	1	11	16.393	671
11	12	4	40	10	right	right	1	11	15.406	714
11	13	4	40	10	left	left	1	12	15.831	758
11	14	4	40	10	left	left	1	14	15.695	892
11	15	4	40	10	left	left	1	12	15.365	781
11	16	4	40	10	right	right	1	14	15.837	884
11	17	4	40	10	left	left	1	10	15.528	644
11	18	4	40	10	right	right	1	11	16.591	663
11	19	4	40	10	left	left	1	15	16.129	930
11	20	4	40	10	left	left	1	12	16.238	739
11	21	4	40	10	left	left	1	10	16	625
11	22	4	40	10	right	right	1	11	15.214	723
11	23	4	40	10	left	left	1	10	15.625	640
11	24	4	40	10	left	left	1	19	15.091	1259
11	25	4	40	10	right	right	1	11	16.248	677
11	26	4	40	10	left	left	1	9	16.275	553
11	27	4	40	10	left	left	1	12	15.287	785
11	28	4	40	10	right	right	1	10	16.42	609
11	29	4	40	10	right	right	1	10	16.611	602
11	30	4	40	10	right	right	1	10	16.155	619
11	31	4	40	10	right	right	1	10	15.504	645
11	32	4	40	10	right	left	0	8	15.385	520
11	33	4	40	10	right	right	1	9	15.517	580
11	34	4	40	10	left	left	1	9	16.886	533
11	35	4	40	10	right	right	1	11	15.692	701
11	36	4	40	10	left	left	1	10	16.835	594
11	37	4	40	10	right	right	1	9	16.484	546
11	38	4	40	10	left	left	1	9	15.986	563
11	39	4	40	10	left	right	0	8	16.807	476
11	40	4	40	10	right	right	1	13	15.644	831
12	1	4	40	10	right	right	1	9	15.385	585
12	2	4	40	10	right	right	1	9	15.762	571
12	3	4	40	10	right	right	1	10	16.807	595
12	4	4	40	10	right	right	1	9	15.28	589
12	5	4	40	10	left	left	1	11	15.85	694
12	6	4	40	10	right	left	0	7	15.284	458
12	7	4	40	10	right	right	1	8	15.474	517
12	8	4	40	10	right	right	1	9	15.707	573
12	9	4	40	10	right	right	1	10	16.287	614
12	10	4	40	10	right	right	1	11	15.278	720
12	11	4	40	10	right	right	1	10	15.924	628
12	12	4	40	10	left	left	1	10	16.287	614
12	13	4	40	10	left	left	1	70	15.348	4561
12	14	4	40	10	left	left	1	23	15.467	1487
12	15	4	40	10	right	right	1	14	15.625	896
12	16	4	40	10	right	left	0	11	16.717	658
12	17	4	40	10	right	left	0	9	15.385	585
12	18	4	40	10	left	left	1	35	15.251	2295
12	19	4	40	10	left	left	1	67	15.297	4380
12	20	4	40	10	left	left	1	40	15.528	2576
12	21	4	40	10	left	left	1	39	15.312	2547
12	22	4	40	10	right	right	1	29	15.376	1886
12	23	4	40	10	right	right	1	29	15.417	1881
12	24	4	40	10	right	right	1	28	15.326	1827
12	25	4	40	10	left	left	1	15	15.69	956
12	26	4	40	10	right	right	1	12	16.173	742
12	27	4	40	10	right	right	1	17	15.343	1108
12	28	4	40	10	left	left	1	14	15.317	914
12	29	4	40	10	left	left	1	12	15.228	788
12	30	4	40	10	left	left	1	13	15.439	842
12	31	4	40	10	left	left	1	12	15.113	794
12	32	4	40	10	left	left	1	12	15.444	777
12	33	4	40	10	left	left	1	12	15.345	782
12	34	4	40	10	left	left	1	12	16.216	740
12	35	4	40	10	left	left	1	11	16.541	665
12	36	4	40	10	left	left	1	11	16.082	684
12	37	4	40	10	right	right	1	12	16.327	735
12	38	4	40	10	right	right	1	15	16.077	933
12	39	4	40	10	left	left	1	12	15.484	775
12	40	4	40	10	left	left	1	11	15.515	709
13	1	4	40	10	left	left	1	10	14.948	669
13	2	4	40	10	right	right	1	11	15.805	696
13	3	4	40	10	right	right	1	11	15.363	716
13	4	4	40	10	left	left	1	11	16.541	665
13	5	4	40	10	right	right	1	10	16.556	604
13	6	4	40	10	left	left	1	9	15.491	581
13	7	4	40	10	left	left	1	12	15.19	790
13	8	4	40	10	left	left	1	11	15.873	693
13	9	4	40	10	right	right	1	11	15.965	689
13	10	4	40	10	right	right	1	11	15.342	717
13	11	4	40	10	right	right	1	14	16.185	865
13	12	4	40	10	left	left	1	10	16.207	617
13	13	4	40	10	right	right	1	8	16.563	483
13	14	4	40	10	left	left	1	16	15.474	1034
13	15	4	40	10	left	left	1	24	15.717	1527
13	16	4	40	10	left	right	0	16	15.625	1024
13	17	4	40	10	left	left	1	12	16.26	738
13	18	4	40	10	right	right	1	9	15.873	567
13	19	4	40	10	left	left	1	13	15.33	848
13	20	4	40	10	right	right	1	10	15.244	656
13	21	4	40	10	left	left	1	10	16.584	603
13	22	4	40	10	left	left	1	36	15.544	2316
13	23	4	40	10	right	right	1	10	16.611	602
13	24	4	40	10	left	left	1	11	16.272	676
13	25	4	40	10	right	right	1	9	16.822	535
13	26	4	40	10	right	right	1	15	15.275	982
13	27	4	40	10	right	right	1	11	16.717	658
13	28	4	40	10	right	right	1	10	15.314	653
13	29	4	40	10	left	left	1	12	15.464	776
13	30	4	40	10	left	left	1	15	15.789	950
13	31	4	40	10	left	left	1	16	15.267	1048
13	32	4	40	10	right	right	1	19	15.86	1198
13	33	4	40	10	right	right	1	10	16.26	615
13	34	4	40	10	left	left	1	9	15.177	593
13	35	4	40	10	left	left	1	10	16.393	610
13	36	4	40	10	right	right	1	9	16.423	548
13	37	4	40	10	right	left	0	10	16.313	613
13	38	4	40	10	right	right	1	16	15.224	1051
13	39	4	40	10	right	left	0	10	16	625
13	40	4	40	10	left	left	1	12	16.304	736
14	1	4	40	10	right	right	1	20	15.373	1301
14	2	4	40	10	left	left	1	11	15.603	705
14	3	4	40	10	right	right	1	10	16.077	622
14	4	4	40	10	left	left	1	9	15.228	591
14	5	4	40	10	left	left	1	11	16.369	672
14	6	4	40	10	left	left	1	12	16.043	748
14	7	4	40	10	right	right	1	13	16.23	801
14	8	4	40	10	left	left	1	11	16.768	656
14	9	4	40	10	left	left	1	21	15.141	1387
14	10	4	40	10	left	left	1	21	15.162	1385
14	11	4	40	10	right	right	1	10	16.722	598
14	12	4	40	10	right	right	1	12	15.789	760
14	13	4	40	10	right	right	1	15	15.924	942
14	14	4	40	10	left	left	1	9	15.411	584
14	15	4	40	10	right	right	1	16	15.733	1017
14	16	4	40	10	left	left	1	12	15.345	782
14	17	4	40	10	left	left	1	11	15.537	708
14	18	4	40	10	right	right	1	11	16.768	656
14	19	4	40	10	left	left	1	10	15.385	650
14	20	4	40	10	right	right	1	13	15.24	853
14	21	4	40	10	right	right	1	12	16.021	749
14	22	4	40	10	left	left	1	14	15.873	882
14	23	4	40	10	right	right	1	30	15.221	1971
14	24	4	40	10	left	left	1	10	15.432	648
14	25	4	40	10	right	right	1	18	15.571	1156
14	26	4	40	10	right	right	1	12	15.248	787
14	27	4	40	10	right	right	1	13	16.23	801
14	28	4	40	10	left	left	1	10	15.649	639
14	29	4	40	10	right	right	1	9	15.571	578
14	30	4	40	10	right	right	1	11	15.737	699
14	31	4	40	10	right	right	1	10	15.823	632
14	32	4	40	10	left	left	1	9	15.598	577
14	33	4	40	10	right	right	1	9	16.453	547
14	34	4	40	10	left	left	1	11	15.919	691
14	35	4	40	10	right	right	1	9	15.652	575
14	36	4	40	10	left	left	1	8	16.393	488
14	37	4	40	10	left	left	1	9	15.437	583
14	38	4	40	10	left	left	1	11	15.988	688
14	39	4	40	10	right	left	0	9	15.517	580
14	40	4	40	10	left	left	1	10	16.611	602
15	1	4	40	10	right	right	1	17	15.903	1069
15	2	4	40	10	right	right	1	10	16.584	603
15	3	4	40	10	left	left	1	10	15.504	645
15	4	4	40	10	right	right	1	10	15.848	631
15	5	4	40	10	left	left	1	7	15.284	458
15	6	4	40	10	right	right	1	7	15.625	448
15	7	4	40	10	right	right	1	20	15.094	1325
15	8	4	40	10	left	left	1	10	16.42	609
15	9	4	40	10	left	left	1	18	15.929	1130
15	10	4	40	10	right	right	1	10	16.835	594
15	11	4	40	10	left	right	0	10	15.748	635
15	12	4	40	10	right	right	1	11	15.068	730
15	13	4	40	10	left	left	1	9	16.334	551
15	14	4	40	10	right	right	1	28	15.495	1807
15	15	4	40	10	right	right	1	27	15.634	1727
15	16	4	40	10	left	left	1	16	15.18	1054
15	17	4	40	10	right	right	1	10	15.552	643
15	18	4	40	10	left	left	1	9	16.605	542
15	19	4	40	10	right	right	1	10	15.873	630
15	20	4	40	10	right	right	1	16	16	1000
15	21	4	40	10	left	left	1	14	16.279	860
15	22	4	40	10	left	left	1	17	15.219	1117
15	23	4	40	10	right	right	1	9	15.734	572
15	24	4	40	10	left	left	1	8	16.529	484
15	25	4	40	10	left	left	1	9	15.544	579
15	26	4	40	10	left	right	0	10	15.924	628
15	27	4	40	10	right	right	1	11	16.105	683
15	28	4	40	10	left	left	1	12	15.979	751
15	29	4	40	10	right	right	1	12	15.365	781
15	30	4	40	10	left	left	1	25	15.442	1619
15	31	4	40	10	left	left	1	26	15.196	1711
15	32	4	40	10	left	left	1	19	15.164	1253
15	33	4	40	10	left	left	1	10	16.474	607
15	34	4	40	10	right	right	1	18	15.625	1152
15	35	4	40	10	right	right	1	14	15.766	888
15	36	4	40	10	left	left	1	10	16.447	608
15	37	4	40	10	left	left	1	10	15.974	626
15	38	4	40	10	right	right	1	15	15.957	940
15	39	4	40	10	right	right	1	15	15.385	975
15	40	4	40	10	right	right	1	12	15.936	753
16	1	4	40	10	right	right	1	18	15.666	1149
16	2	4	40	10	left	left	1	10	16.313	613
16	3	4	40	10	left	left	1	11	16.369	672
16	4	4	40	10	left	left	1	29	15.541	1866
16	5	4	40	10	right	right	1	12	15.544	772
16	6	4	40	10	left	left	1	12	15.113	794
16	7	4	40	10	left	left	1	13	16.069	809
16	8	4	40	10	right	right	1	19	15.94	1192
16	9	4	40	10	left	left	1	11	16.717	658
16	10	4	40	10	left	left	1	15	16.094	932
16	11	4	40	10	right	right	1	31	15.278	2029
16	12	4	40	10	right	right	1	37	15.189	2436
16	13	4	40	10	right	right	1	17	15.799	1076
16	14	4	40	10	left	left	1	11	15.048	731
16	15	4	40	10	left	left	1	10	16.051	623
16	16	4	40	10	right	right	1	16	15.489	1033
16	17	4	40	10	right	right	1	35	15.257	2294
16	18	4	40	10	left	left	1	28	15.669	1787
16	19	4	40	10	right	right	1	11	15.919	691
16	20	4	40	10	left	left	1	11	16.2	679
16	21	4	40	10	right	right	1	21	15.778	1331
16	22	4	40	10	right	right	1	17	15.639	1087
16	23	4	40	10	right	right	1	14	15.677	893
16	24	4	40	10	left	left	1	14	15.945	878
16	25	4	40	10	left	left	1	11	16.393	671
16	26	4	40	10	left	left	1	17	15.357	1107
16	27	4	40	10	left	left	1	16	15.152	1056
16	28	4	40	10	right	right	1	14	15.964	877
16	29	4	40	10	left	left	1	9	15.464	582
16	30	4	40	10	left	left	1	18	15.972	1127
16	31	4	40	10	right	right	1	13	16.27	799
16	32	4	40	10	right	right	1	11	16.418	670
16	33	4	40	10	left	left	1	12	15.789	760
16	34	4	40	10	left	left	1	13	15.971	814
16	35	4	40	10	right	right	1	14	15.402	909
16	36	4	40	10	right	right	1	12	16.173	742
16	37	4	40	10	right	right	1	36	15.228	2364
16	38	4	40	10	right	right	1	23	15.436	1490
16	39	4	40	10	left	left	1	11	15.214	723
16	40	4	40	10	right	right	1	12	15.464	776
17	1	4	40	10	left	left	1	12	15.666	766
17	2	4	40	10	left	left	1	13	16.169	804
17	3	4	40	10	left	left	1	11	16.105	683
17	4	4	40	10	left	left	1	12	15.345	782
17	5	4	40	10	left	left	1	12	15.228	788
17	6	4	40	10	left	left	1	11	16.296	675
17	7	4	40	10	right	right	1	18	15.437	1166
17	8	4	40	10	left	left	1	12	15.831	758
17	9	4	40	10	right	right	1	11	15.363	716
17	10	4	40	10	left	left	1	10	15.432	648
17	11	4	40	10	left	left	1	12	16.064	747
17	12	4	40	10	left	left	1	17	15.288	1112
17	13	4	40	10	right	right	1	11	15.67	702
17	14	4	40	10	left	left	1	12	15.404	779
17	15	4	40	10	left	left	1	17	15.288	1112
17	16	4	40	10	left	left	1	14	15.927	879
17	17	4	40	10	right	right	1	24	15.789	1520
17	18	4	40	10	left	left	1	23	15.7	1465
17	19	4	40	10	right	right	1	9	15.203	592
17	20	4	40	10	right	right	1	19	15.913	1194
17	21	4	40	10	right	right	1	19	15.385	1235
17	22	4	40	10	right	left	0	54	15.354	3517
17	23	4	40	10	right	right	1	11	15.493	710
17	24	4	40	10	right	right	1	41	15.242	2690
17	25	4	40	10	left	left	1	13	16.069	809
17	26	4	40	10	right	right	1	12	15.789	760
17	27	4	40	10	right	right	1	11	15.32	718
17	28	4	40	10	left	left	1	13	15.421	843
17	29	4	40	10	right	right	1	12	16.238	739
17	30	4	40	10	left	left	1	11	15.805	696
17	31	4	40	10	right	right	1	12	15.707	764
17	32	4	40	10	right	right	1	11	15.965	689
17	33	4	40	10	right	right	1	12	15.852	757
17	34	4	40	10	left	left	1	25	15.518	1611
17	35	4	40	10	left	left	1	14	15.927	879
17	36	4	40	10	left	left	1	14	15.217	920
17	37	4	40	10	right	right	1	9	16.275	553
17	38	4	40	10	right	right	1	12	15.113	794
17	39	4	40	10	right	right	1	13	15.33	848
17	40	4	40	10	right	right	1	11	16.176	680
18	1	4	40	10	right	right	1	20	15.291	1308
18	2	4	40	10	right	right	1	13	16.25	800
18	3	4	40	10	left	left	1	17	15.992	1063
18	4	4	40	10	left	left	1	13	15.7	828
18	5	4	40	10	right	right	1	11	15.027	732
18	6	4	40	10	right	right	1	11	15.278	720
18	7	4	40	10	right	right	1	14	16.11	869
18	8	4	40	10	left	left	1	16	15.656	1022
18	9	4	40	10	right	right	1	12	15.113	794
18	10	4	40	10	left	left	1	14	16.204	864
18	11	4	40	10	right	right	1	13	15.312	849
18	12	4	40	10	right	right	1	18	15.943	1129
18	13	4	40	10	right	right	1	13	15.796	823
18	14	4	40	10	right	right	1	13	15.495	839
18	15	4	40	10	right	right	1	15	15.924	942
18	16	4	40	10	left	left	1	14	15.608	897
18	17	4	40	10	right	right	1	10	16.393	610
18	18	4	40	10	right	right	1	12	15.707	764
18	19	4	40	10	left	left	1	11	15.603	705
18	20	4	40	10	right	right	1	12	15.831	758
18	21	4	40	10	left	left	1	15	16.234	924
18	22	4	40	10	left	left	1	20	15.949	1254
18	23	4	40	10	right	right	1	12	15.625	768
18	24	4	40	10	left	left	1	15	15.03	998
18	25	4	40	10	right	right	1	19	15.807	1202
18	26	4	40	10	left	left	1	17	15.138	1123
18	27	4	40	10	left	left	1	19	15.103	1258
18	28	4	40	10	left	left	1	13	15.99	813
18	29	4	40	10	left	left	1	15	15.182	988
18	30	4	40	10	right	right	1	14	15.909	880
18	31	4	40	10	left	left	1	15	15.756	952
18	32	4	40	10	left	left	1	12	15.267	786
18	33	4	40	10	left	left	1	13	15.169	857
18	34	4	40	10	right	right	1	13	15.476	840
18	35	4	40	10	left	left	1	11	16.566	664
18	36	4	40	10	right	right	1	11	16.105	683
18	37	4	40	10	left	left	1	12	16	750
18	38	4	40	10	right	right	1	11	16.272	676
18	39	4	40	10	left	left	1	10	16.051	623
18	40	4	40	10	left	right	0	14	15.453	906
19	1	4	40	10	left	left	1	14	15.873	882
19	2	4	40	10	left	left	1	14	16.279	860
19	3	4	40	10	left	left	1	10	15.974	626
19	4	4	40	10	right	right	1	10	16.34	612
19	5	4	40	10	right	right	1	22	15.726	1399
19	6	4	40	10	right	right	1	12	16.021	749
19	7	4	40	10	right	right	1	10	15.385	650
19	8	4	40	10	right	right	1	16	15.549	1029
19	9	4	40	10	right	right	1	13	15.758	825
19	10	4	40	10	left	left	1	15	15.369	976
19	11	4	40	10	left	left	1	14	16.26	861
19	12	4	40	10	left	left	1	19	15.993	1188
19	13	4	40	10	right	right	1	19	15.561	1221
19	14	4	40	10	right	right	1	27	15.358	1758
19	15	4	40	10	right	right	1	32	15.466	2069
19	16	4	40	10	right	right	1	11	15.027	732
19	17	4	40	10	left	left	1	21	15.801	1329
19	18	4	40	10	right	right	1	11	15.152	726
19	19	4	40	10	left	left	1	14	15.436	907
19	20	4	40	10	right	right	1	11	15.214	723
19	21	4	40	10	right	right	1	11	15.449	712
19	22	4	40	10	left	left	1	11	16.272	676
19	23	4	40	10	left	left	1	11	15.805	696
19	24	4	40	10	right	right	1	11	15.714	700
19	25	4	40	10	left	left	1	9	15.411	584
19	26	4	40	10	left	left	1	15	16.009	937
19	27	4	40	10	right	right	1	13	15.403	844
19	28	4	40	10	right	right	1	31	15.226	2036
19	29	4	40	10	right	right	1	11	15.581	706
19	30	4	40	10	left	left	1	10	16.051	623
19	31	4	40	10	right	right	1	11	15.603	705
19	32	4	40	10	left	left	1	14	15.402	909
19	33	4	40	10	left	left	1	22	15.816	1391
19	34	4	40	10	left	left	1	12	16.021	749
19	35	4	40	10	right	right	1	11	15.759	698
19	36	4	40	10	left	left	1	10	16.077	622
19	37	4	40	10	left	left	1	14	15.217	920
19	38	4	40	10	right	right	1	19	15.702	1210
19	39	4	40	10	left	left	1	10	15.552	643
19	40	4	40	10	left	left	1	16	15.534	1030
20	1	4	40	10	right	right	1	23	15.71	1464
20	2	4	40	10	left	left	1	14	15.927	879
20	3	4	40	10	right	right	1	11	15.805	696
20	4	4	40	10	left	left	1	14	15.556	900
20	5	4	40	10	left	left	1	12	15.524	773
20	6	4	40	10	right	right	1	34	15.433	2203
20	7	4	40	10	right	right	1	23	15.232	1510
20	8	4	40	10	left	left	1	19	15.638	1215
20	9	4	40	10	left	left	1	15	15.641	959
20	10	4	40	10	right	right	1	11	15.759	698
20	11	4	40	10	right	right	1	12	16	750
20	12	4	40	10	left	left	1	12	15.727	763
20	13	4	40	10	right	right	1	14	15.748	889
20	14	4	40	10	left	left	1	12	16.086	746
20	15	4	40	10	left	left	1	13	16.109	807
20	16	4	40	10	right	right	1	13	15.663	830
20	17	4	40	10	right	left	0	24	15.738	1525
20	18	4	40	10	left	left	1	12	16.064	747
20	19	4	40	10	left	left	1	13	15.777	824
20	20	4	40	10	right	right	1	10	15.649	639
20	21	4	40	10	right	right	1	34	15.554	2186
20	22	4	40	10	right	right	1	16	15.686	1020
20	23	4	40	10	left	left	1	12	16.107	745
20	24	4	40	10	right	right	1	12	15.19	790
20	25	4	40	10	right	right	1	10	16.129	620
20	26	4	40	10	left	left	1	13	16.129	806
20	27	4	40	10	left	left	1	21	15.567	1349
20	28	4	40	10	right	right	1	21	15.602	1346
20	29	4	40	10	right	right	1	23	15.551	1479
20	30	4	40	10	right	left	0	15	15.385	975
20	31	4	40	10	right	right	1	14	15.642	895
20	32	4	40	10	left	left	1	11	15.988	688
20	33	4	40	10	left	left	1	12	15.228	788
20	34	4	40	10	left	left	1	14	15.73	890
20	35	4	40	10	left	left	1	13	16.03	811
20	36	4	40	10	left	left	1	16	15.109	1059
20	37	4	40	10	left	left	1	21	15.362	1367
20	38	4	40	10	right	right	1	11	15.027	732
20	39	4	40	10	right	right	1	16	15.489	1033
20	40	4	40	10	left	left	1	14	15.251	918
21	1	4	40	10	left	left	1	21	15.637	1343
21	2	4	40	10	left	left	1	13	15.7	828
21	3	4	40	10	right	right	1	11	16.667	660
21	4	4	40	10	left	left	1	11	16.393	671
21	5	4	40	10	left	left	1	11	16.517	666
21	6	4	40	10	right	right	1	12	16	750
21	7	4	40	10	left	left	1	15	15.974	939
21	8	4	40	10	left	left	1	10	15.48	646
21	9	4	40	10	right	right	1	12	15.132	793
21	10	4	40	10	left	left	1	12	16.151	743
21	11	4	40	10	right	right	1	11	16.082	684
21	12	4	40	10	right	right	1	12	15.789	760
21	13	4	40	10	left	left	1	17	15.315	1110
21	14	4	40	10	left	left	1	11	15.342	717
21	15	4	40	10	right	right	1	10	15.601	641
21	16	4	40	10	right	right	1	16	15.579	1027
21	17	4	40	10	left	left	1	11	15.471	711
21	18	4	40	10	left	left	1	14	15.419	908
21	19	4	40	10	right	right	1	10	16.75	597
21	20	4	40	10	left	left	1	13	15.205	855
21	21	4	40	10	right	right	1	11	15.85	694
21	22	4	40	10	right	right	1	13	16.209	802
21	23	4	40	10	left	left	1	11	15.988	688
21	24	4	40	10	left	left	1	12	15.873	756
21	25	4	40	10	right	right	1	15	15.593	962
21	26	4	40	10	right	right	1	15	15.94	941
21	27	4	40	10	right	right	1	22	15.816	1391
21	28	4	40	10	left	left	1	12	15.524	773
21	29	4	40	10	left	left	1	20	15.117	1323
21	30	4	40	10	left	left	1	17	15.192	1119
21	31	4	40	10	right	right	1	15	15.658	958
21	32	4	40	10	left	left	1	12	16.107	745
21	33	4	40	10	right	right	1	13	16.291	798
21	34	4	40	10	right	right	1	21	15.396	1364
21	35	4	40	10	left	left	1	42	15.295	2746
21	36	4	40	10	right	right	1	23	15.52	1482
21	37	4	40	10	left	left	1	31	15.241	2034
21	38	4	40	10	right	right	1	40	15.379	2601
21	39	4	40	10	right	right	1	15	15.291	981
21	40	4	40	10	right	right	1	18	15.504	1161
22	1	4	40	10	right	right	1	39	2.635	14803
22	2	4	40	10	left	left	1	19	15.599	1218
22	3	4	40	10	left	left	1	13	15.719	827
22	4	4	40	10	right	right	1	9	11.921	755
22	5	4	40	10	right	right	1	10	15.823	632
22	6	4	40	10	left	left	1	10	16.155	619
22	7	4	40	10	right	right	1	11	16.641	661
22	8	4	40	10	right	right	1	12	15.306	784
22	9	4	40	10	right	right	1	11	15.152	726
22	10	4	40	10	right	right	1	11	15.048	731
22	11	4	40	10	left	left	1	10	15.823	632
22	12	4	40	10	left	left	1	25	15.674	1595
22	13	4	40	10	left	left	1	13	15.366	846
22	14	4	40	10	right	right	1	13	15.532	837
22	15	4	40	10	right	right	1	10	15.504	645
22	16	4	40	10	left	left	1	11	15.449	712
22	17	4	40	10	left	right	0	15	16.234	924
22	18	4	40	10	left	left	1	13	15.276	851
22	19	4	40	10	left	left	1	17	15.697	1083
22	20	4	40	10	right	right	1	9	15.598	577
22	21	4	40	10	right	right	1	15	15.991	938
22	22	4	40	10	left	left	1	25	15.654	1597
22	23	4	40	10	right	right	1	13	15.476	840
22	24	4	40	10	left	left	1	11	16.035	686
22	25	4	40	10	right	right	1	12	15.113	794
22	26	4	40	10	right	right	1	13	15.169	857
22	27	4	40	10	left	left	1	28	15.41	1817
22	28	4	40	10	left	left	1	24	15.365	1562
22	29	4	40	10	left	left	1	13	15.403	844
22	30	4	40	10	right	right	1	9	16.187	556
22	31	4	40	10	right	right	1	14	16.26	861
22	32	4	40	10	left	left	1	11	16.058	685
22	33	4	40	10	left	left	1	18	16.057	1121
22	34	4	40	10	left	left	1	12	15.81	759
22	35	4	40	10	right	right	1	10	16.556	604
22	36	4	40	10	left	left	1	9	15.464	582
22	37	4	40	10	right	right	1	9	15.652	575
22	38	4	40	10	right	left	0	16	16	1000
22	39	4	40	10	left	left	1	14	15.334	913
22	40	4	40	10	right	left	0	14	15.855	883
23	1	4	40	10	right	right	1	22	15.299	1438
23	2	4	40	10	right	right	1	43	15.468	2780
23	3	4	40	10	right	right	1	14	15.964	877
23	4	4	40	10	right	right	1	14	15.945	878
23	5	4	40	10	left	left	1	11	16.393	671
23	6	4	40	10	left	left	1	13	16.209	802
23	7	4	40	10	right	right	1	13	16.23	801
23	8	4	40	10	left	left	1	12	15.306	784
23	9	4	40	10	left	left	1	26	15.276	1702
23	10	4	40	10	right	right	1	26	15.294	1700
23	11	4	40	10	left	left	1	14	16.298	859
23	12	4	40	10	right	right	1	13	15.276	851
23	13	4	40	10	right	right	1	14	15.301	915
23	14	4	40	10	right	left	0	18	15.451	1165
23	15	4	40	10	right	right	1	12	15.936	753
23	16	4	40	10	left	left	1	13	15.205	855
23	17	4	40	10	right	right	1	17	15.192	1119
23	18	4	40	10	left	left	1	18	15.437	1166
23	19	4	40	10	left	left	1	16	15.534	1030
23	20	4	40	10	right	right	1	12	15.094	795
23	21	4	40	10	right	right	1	24	15.296	1569
23	22	4	40	10	left	left	1	12	15.248	787
23	23	4	40	10	left	left	1	23	15.689	1466
23	24	4	40	10	right	right	1	14	15.873	882
23	25	4	40	10	right	right	1	15	15.856	946
23	26	4	40	10	left	left	1	13	15.99	813
23	27	4	40	10	left	left	1	20	15.48	1292
23	28	4	40	10	left	left	1	12	15.979	751
23	29	4	40	10	right	right	1	13	16.169	804
23	30	4	40	10	right	right	1	24	15.355	1563
23	31	4	40	10	left	left	1	15	15.291	981
23	32	4	40	10	left	left	1	13	15.777	824
23	33	4	40	10	right	right	1	14	15.784	887
23	34	4	40	10	right	right	1	21	15.625	1344
23	35	4	40	10	left	left	1	11	15.027	732
23	36	4	40	10	left	left	1	31	15.301	2026
23	37	4	40	10	left	left	1	17	15.511	1096
23	38	4	40	10	left	left	1	14	15.66	894
23	39	4	40	10	left	left	1	11	15.827	695
23	40	4	40	10	right	right	1	15	15.448	971
24	1	4	40	10	left	left	1	27	15.28	1767
24	2	4	40	10	right	left	0	39	15.246	2558
24	3	4	40	10	left	left	1	22	15.374	1431
24	4	4	40	10	right	right	1	22	15.839	1389
24	5	4	40	10	right	right	1	18	15.693	1147
24	6	4	40	10	left	left	1	15	15.075	995
24	7	4	40	10	right	right	1	17	15.315	1110
24	8	4	40	10	right	right	1	16	15.429	1037
24	9	4	40	10	right	right	1	30	15.167	1978
24	10	4	40	10	right	right	1	42	15.135	2775
24	11	4	40	10	right	right	1	44	15.241	2887
24	12	4	40	10	left	left	1	33	15.37	2147
24	13	4	40	10	left	left	1	21	15.487	1356
24	14	4	40	10	right	right	1	12	16.107	745
24	15	4	40	10	right	right	1	23	15.646	1470
24	16	4	40	10	left	left	1	11	16.418	670
24	17	4	40	10	right	right	1	15	16.129	930
24	18	4	40	10	left	left	1	17	15.233	1116
24	19	4	40	10	right	right	1	9	16.698	539
24	20	4	40	10	left	left	1	11	15.919	691
24	21	4	40	10	left	left	1	13	16.109	807
24	22	4	40	10	right	right	1	10	16.722	598
24	23	4	40	10	right	left	0	9	15.228	591
24	24	4	40	10	left	left	1	16	15.311	1045
24	25	4	40	10	left	left	1	15	15.576	963
24	26	4	40	10	left	left	1	11	16.248	677
24	27	4	40	10	left	left	1	10	16.835	594
24	28	4	40	10	right	right	1	19	15.794	1203
24	29	4	40	10	right	right	1	19	15.079	1260
24	30	4	40	10	left	left	1	7	16.908	414
24	31	4	40	10	left	left	1	16	15.702	1019
24	32	4	40	10	right	right	1	11	16.176	680
24	33	4	40	10	left	left	1	10	15.748	635
24	34	4	40	10	right	right	1	16	15.779	1014
24	35	4	40	10	right	right	1	24	15.365	1562
24	36	4	40	10	left	left	1	36	15.228	2364
24	37	4	40	10	left	left	1	12	15.094	795
24	38	4	40	10	left	left	1	15	15.244	984
24	39	4	40	10	left	left	1	42	15.419	2724
24	40	4	40	10	right	right	1	10	15.723	636
