
blkNum	trlNum	coherentDots	numberofDots	percentCoherence	winningDirection	response	correct	eventCount	averageFrameRate	RT
1	1	4	40	10	left	right	0	27	15.698	1720
1	2	4	40	10	right	left	0	13	15.569	835
1	3	4	40	10	left	right	0	10	16.474	607
1	4	4	40	10	right	right	1	11	16.035	686
1	5	4	40	10	right	right	1	11	15.581	706
1	6	4	40	10	left	right	0	12	16.173	742
1	7	4	40	10	left	right	0	24	15.375	1561
1	8	4	40	10	left	right	0	23	15.721	1463
1	9	4	40	10	left	left	1	25	15.142	1651
1	10	4	40	10	right	right	1	18	15.845	1136
1	11	4	40	10	right	left	0	46	15.177	3031
1	12	4	40	10	left	right	0	14	15.419	908
1	13	4	40	10	left	right	0	27	15.464	1746
1	14	4	40	10	right	left	0	13	16.129	806
1	15	4	40	10	right	right	1	11	15.942	690
1	16	4	40	10	right	right	1	13	15.663	830
1	17	4	40	10	left	right	0	19	15.561	1221
1	18	4	40	10	left	right	0	15	15.69	956
1	19	4	40	10	left	right	0	11	15.919	691
1	20	4	40	10	right	right	1	11	15.363	716
1	21	4	40	10	right	right	1	18	15.203	1184
1	22	4	40	10	left	left	1	19	15.625	1216
1	23	4	40	10	left	right	0	12	15.915	754
1	24	4	40	10	right	left	0	11	15.896	692
1	25	4	40	10	left	left	1	38	15.347	2476
1	26	4	40	10	left	right	0	17	15.554	1093
1	27	4	40	10	right	right	1	23	15.53	1481
1	28	4	40	10	left	right	0	35	15.344	2281
1	29	4	40	10	left	left	1	20	15.314	1306
1	30	4	40	10	left	right	0	14	15.385	910
1	31	4	40	10	right	left	0	16	15.444	1036
1	32	4	40	10	left	left	1	24	15.484	1550
2	1	4	40	10	right	right	1	27	15.652	1725
2	2	4	40	10	left	right	0	29	15.336	1891
2	3	4	40	10	left	left	1	12	15.915	754
2	4	4	40	10	right	left	0	30	15.306	1960
2	5	4	40	10	left	left	1	17	15.165	1121
2	6	4	40	10	left	left	1	50	15.286	3271
2	7	4	40	10	right	right	1	51	15.338	3325
2	8	4	40	10	left	right	0	44	15.172	2900
2	9	4	40	10	right	left	0	21	15.556	1350
2	10	4	40	10	left	left	1	58	15.332	3783
2	11	4	40	10	left	right	0	54	15.228	3546
2	12	4	40	10	left	right	0	56	15.397	3637
2	13	4	40	10	left	left	1	54	15.233	3545
2	14	4	40	10	left	right	0	62	15.263	4062
2	15	4	40	10	left	right	0	15	15.789	950
2	16	4	40	10	right	left	0	16	15.671	1021
2	17	4	40	10	right	left	0	71	15.177	4678
2	18	4	40	10	right	right	1	33	15.313	2155
2	19	4	40	10	left	left	1	63	15.21	4142
3	1	4	40	10	left	right	0	58	15.215	3812
3	2	4	40	10	left	right	0	23	15.416	1492
3	3	4	40	10	left	left	1	29	15.475	1874
3	4	4	40	10	right	right	1	19	15.886	1196
3	5	4	40	10	left	left	1	16	15.195	1053
3	6	4	40	10	left	right	0	18	15.28	1178
3	7	4	40	10	right	right	1	35	15.466	2263
3	8	4	40	10	left	right	0	37	15.442	2396
3	9	4	40	10	right	right	1	27	15.553	1736
3	10	4	40	10	right	right	1	27	15.562	1735
3	11	4	40	10	left	left	1	31	15.271	2030
3	12	4	40	10	right	right	1	38	15.397	2468
3	13	4	40	10	left	left	1	31	15.516	1998
3	14	4	40	10	left	right	0	48	15.37	3123
3	15	4	40	10	left	right	0	28	15.686	1785
3	16	4	40	10	right	left	0	54	15.451	3495
3	17	4	40	10	right	right	1	21	15.813	1328
3	18	4	40	10	right	left	0	44	15.477	2843
3	19	4	40	10	right	right	1	41	15.236	2691
3	20	4	40	10	left	right	0	41	15.242	2690
3	21	4	40	10	left	right	0	31	15.271	2030
3	22	4	40	10	left	left	1	35	15.344	2281
4	1	4	40	10	right	left	0	63	15.258	4129
4	2	4	40	10	left	left	1	38	15.46	2458
4	3	4	40	10	right	right	1	53	15.252	3475
4	4	4	40	10	left	left	1	33	15.235	2166
4	5	4	40	10	left	left	1	39	15.234	2560
4	6	4	40	10	right	right	1	65	15.291	4251
4	7	4	40	10	left	left	1	71	15.322	4634
4	8	4	40	10	left	left	1	45	15.348	2932
4	9	4	40	10	right	left	0	81	15.312	5290
4	10	4	40	10	left	left	1	25	15.394	1624
4	11	4	40	10	left	left	1	35	15.487	2260
4	12	4	40	10	left	left	1	25	15.17	1648
4	13	4	40	10	left	left	1	44	15.428	2852
4	14	4	40	10	right	left	0	26	15.196	1711
4	15	4	40	10	right	left	0	53	15.398	3442
4	16	4	40	10	left	left	1	59	15.297	3857
4	17	4	40	10	left	left	1	33	15.292	2158
5	1	4	40	10	right	left	0	27	15.429	1750
5	2	4	40	10	right	left	0	65	15.352	4234
5	3	4	40	10	left	left	1	38	15.341	2477
5	4	4	40	10	left	right	0	26	15.412	1687
5	5	4	40	10	right	right	1	46	15.488	2970
5	6	4	40	10	left	left	1	62	15.196	4080
5	7	4	40	10	left	right	0	80	15.349	5212
5	8	4	40	10	left	left	1	19	15.422	1232
5	9	4	40	10	left	left	1	36	15.564	2313
5	10	4	40	10	right	right	1	65	15.309	4246
5	11	4	40	10	right	right	1	119	15.278	7789
5	12	4	40	10	left	left	1	195	15.188	12839
5	13	4	40	10	left	left	1	166	15.208	10915
6	1	4	40	10	left	right	0	118	15.189	7769
6	2	4	40	10	left	left	1	29	15.303	1895
6	3	4	40	10	left	left	1	67	15.385	4355
6	4	4	40	10	left	left	1	30	15.4	1948
6	5	4	40	10	right	right	1	58	15.421	3761
6	6	4	40	10	right	right	1	34	15.213	2235
6	7	4	40	10	left	left	1	80	15.27	5239
6	8	4	40	10	left	left	1	46	15.421	2983
6	9	4	40	10	left	left	1	35	15.535	2253
6	10	4	40	10	right	right	1	22	15.526	1417
6	11	4	40	10	right	left	0	35	15.405	2272
6	12	4	40	10	right	right	1	43	15.396	2793
6	13	4	40	10	right	right	1	51	15.165	3363
6	14	4	40	10	right	right	1	86	15.24	5643
6	15	4	40	10	right	right	1	38	15.391	2469
6	16	4	40	10	right	right	1	45	15.374	2927
7	1	4	40	10	left	left	1	57	15.228	3743
7	2	4	40	10	right	left	0	37	15.462	2393
7	3	4	40	10	left	right	0	65	15.337	4238
7	4	4	40	10	right	left	0	43	15.178	2833
7	5	4	40	10	left	left	1	45	15.448	2913
7	6	4	40	10	right	right	1	74	15.195	4870
7	7	4	40	10	right	right	1	35	15.535	2253
7	8	4	40	10	left	right	0	31	15.431	2009
7	9	4	40	10	right	right	1	103	15.266	6747
7	10	4	40	10	right	right	1	18	15.707	1146
7	11	4	40	10	right	left	0	56	15.276	3666
7	12	4	40	10	left	right	0	20	15.349	1303
7	13	4	40	10	left	right	0	33	15.228	2167
7	14	4	40	10	left	right	0	46	15.385	2990
7	15	4	40	10	right	right	1	48	15.262	3145
7	16	4	40	10	right	left	0	23	15.499	1484
7	17	4	40	10	right	right	1	49	15.462	3169
8	1	4	40	10	left	left	1	16	15.968	1002
8	2	4	40	10	left	right	0	54	15.28	3534
8	3	4	40	10	right	left	0	15	15.244	984
8	4	4	40	10	left	right	0	137	15.222	9000
8	5	4	40	10	left	right	0	46	15.142	3038
8	6	4	40	10	right	left	0	42	15.43	2722
8	7	4	40	10	left	right	0	18	15.216	1183
8	8	4	40	10	left	tooFast	2	4	16.949	236
8	9	4	40	10	right	left	0	25	15.235	1641
8	10	4	40	10	right	right	1	36	15.451	2330
8	11	4	40	10	right	right	1	46	15.333	3000
8	12	4	40	10	right	right	1	47	15.304	3071
8	13	4	40	10	left	left	1	58	15.328	3784
8	14	4	40	10	right	right	1	88	15.206	5787
8	15	4	40	10	right	left	0	90	15.159	5937
8	16	4	40	10	right	right	1	51	15.174	3361
9	1	4	40	10	left	left	1	74	15.192	4871
9	2	4	40	10	left	right	0	54	15.246	3542
9	3	4	40	10	left	right	0	42	15.262	2752
9	4	4	40	10	right	left	0	24	15.248	1574
9	5	4	40	10	right	right	1	111	15.154	7325
9	6	4	40	10	right	right	1	17	15.247	1115
9	7	4	40	10	right	right	1	67	15.165	4418
9	8	4	40	10	left	left	1	20	15.373	1301
9	9	4	40	10	right	right	1	80	15.126	5289
9	10	4	40	10	left	left	1	49	15.414	3179
9	11	4	40	10	right	left	0	104	15.211	6837
9	12	4	40	10	left	right	0	55	15.295	3596
9	13	4	40	10	right	left	0	60	15.279	3927
9	14	4	40	10	left	right	0	15	16.112	931
9	15	4	40	10	right	right	1	35	15.556	2250
10	1	4	40	10	right	right	1	45	15.306	2940
10	2	4	40	10	right	right	1	45	15.157	2969
10	3	4	40	10	left	left	1	49	15.279	3207
10	4	4	40	10	right	right	1	24	15.666	1532
10	5	4	40	10	right	right	1	48	15.439	3109
10	6	4	40	10	right	right	1	49	15.317	3199
10	7	4	40	10	left	left	1	71	15.262	4652
10	8	4	40	10	right	right	1	48	15.238	3150
10	9	4	40	10	left	left	1	47	15.181	3096
10	10	4	40	10	left	left	1	71	15.168	4681
10	11	4	40	10	left	left	1	67	15.353	4364
10	12	4	40	10	right	right	1	62	15.354	4038
10	13	4	40	10	right	right	1	63	15.236	4135
10	14	4	40	10	left	right	0	54	15.22	3548
10	15	4	40	10	left	left	1	24	15.81	1518
10	16	4	40	10	right	right	1	38	15.479	2455
10	17	4	40	10	left	left	1	39	15.33	2544
11	1	4	40	10	left	right	0	37	15.239	2428
11	2	4	40	10	right	right	1	34	15.554	2186
11	3	4	40	10	right	left	0	40	15.408	2596
11	4	4	40	10	right	right	1	35	15.425	2269
11	5	4	40	10	left	right	0	53	15.362	3450
11	6	4	40	10	left	left	1	18	15.504	1161
11	7	4	40	10	left	left	1	43	15.221	2825
11	8	4	40	10	right	right	1	67	15.158	4420
11	9	4	40	10	right	right	1	57	15.261	3735
11	10	4	40	10	right	right	1	108	15.269	7073
11	11	4	40	10	left	right	0	89	15.219	5848
11	12	4	40	10	left	left	1	17	15.785	1077
11	13	4	40	10	right	right	1	116	15.225	7619
11	14	4	40	10	left	right	0	135	15.201	8881
12	1	4	40	10	right	right	1	80	15.157	5278
12	2	4	40	10	left	left	1	30	15.56	1928
12	3	4	40	10	left	right	0	25	15.586	1604
12	4	4	40	10	left	left	1	37	15.139	2444
12	5	4	40	10	left	left	1	70	15.337	4564
12	6	4	40	10	right	right	1	79	15.184	5203
12	7	4	40	10	right	right	1	63	15.195	4146
12	8	4	40	10	right	right	1	76	15.2	5000
12	9	4	40	10	right	right	1	98	15.196	6449
12	10	4	40	10	right	right	1	58	15.163	3825
12	11	4	40	10	right	right	1	67	15.238	4397
12	12	4	40	10	left	left	1	54	15.306	3528
12	13	4	40	10	right	right	1	145	15.174	9556
13	1	4	40	10	right	left	0	59	15.305	3855
13	2	4	40	10	left	right	0	13	16.23	801
13	3	4	40	10	right	right	1	83	15.179	5468
13	4	4	40	10	left	right	0	67	15.356	4363
13	5	4	40	10	right	left	0	33	15.435	2138
13	6	4	40	10	left	left	1	39	15.282	2552
13	7	4	40	10	left	left	1	23	15.426	1491
13	8	4	40	10	right	right	1	62	15.362	4036
13	9	4	40	10	right	right	1	65	15.312	4245
13	10	4	40	10	left	left	1	91	15.258	5964
13	11	4	40	10	right	right	1	41	15.443	2655
13	12	4	40	10	right	left	0	86	15.192	5661
13	13	4	40	10	right	right	1	69	15.33	4501
13	14	4	40	10	right	left	0	26	15.522	1675
13	15	4	40	10	left	left	1	29	15.385	1885
14	1	4	40	10	right	left	0	28	15.342	1825
14	2	4	40	10	left	left	1	37	15.372	2407
14	3	4	40	10	left	left	1	51	15.256	3343
14	4	4	40	10	left	left	1	49	15.279	3207
14	5	4	40	10	left	left	1	62	15.275	4059
14	6	4	40	10	right	right	1	71	15.341	4628
14	7	4	40	10	left	left	1	38	15.335	2478
14	8	4	40	10	right	right	1	73	15.212	4799
14	9	4	40	10	left	left	1	66	15.32	4308
14	10	4	40	10	left	left	1	73	15.294	4773
14	11	4	40	10	right	right	1	50	15.198	3290
14	12	4	40	10	right	left	0	47	15.181	3096
14	13	4	40	10	right	left	0	63	15.177	4151
14	14	4	40	10	left	left	1	38	15.323	2480
14	15	4	40	10	right	right	1	28	15.538	1802
14	16	4	40	10	left	right	0	81	15.266	5306
15	1	4	40	10	right	right	1	37	15.488	2389
15	2	4	40	10	left	left	1	50	15.258	3277
15	3	4	40	10	left	left	1	23	15.416	1492
15	4	4	40	10	right	right	1	20	15.198	1316
15	5	4	40	10	right	right	1	39	15.433	2527
15	6	4	40	10	right	right	1	30	15.159	1979
15	7	4	40	10	left	right	0	46	15.132	3040
15	8	4	40	10	right	right	1	40	15.45	2589
15	9	4	40	10	left	right	0	71	15.298	4641
15	10	4	40	10	left	right	0	36	15.524	2319
15	11	4	40	10	right	right	1	76	15.319	4961
15	12	4	40	10	left	left	1	23	15.426	1491
15	13	4	40	10	right	right	1	23	15.678	1467
15	14	4	40	10	left	left	1	19	15.574	1220
15	15	4	40	10	right	right	1	27	15.237	1772
15	16	4	40	10	right	left	0	84	15.317	5484
15	17	4	40	10	right	left	0	54	15.276	3535
15	18	4	40	10	right	right	1	15	15.74	953
15	19	4	40	10	right	right	1	25	15.586	1604
15	20	4	40	10	right	right	1	19	15.536	1223
15	21	4	40	10	left	left	1	32	15.26	2097
16	1	4	40	10	right	right	1	25	15.635	1599
16	2	4	40	10	right	right	1	14	16.166	866
16	3	4	40	10	left	right	0	17	15.357	1107
16	4	4	40	10	right	left	0	57	15.397	3702
16	5	4	40	10	right	right	1	29	15.328	1892
16	6	4	40	10	left	left	1	84	15.264	5503
16	7	4	40	10	right	right	1	14	15.66	894
16	8	4	40	10	right	left	0	25	15.48	1615
16	9	4	40	10	left	left	1	26	15.55	1672
16	10	4	40	10	left	left	1	30	15.275	1964
16	11	4	40	10	left	right	0	72	15.174	4745
16	12	4	40	10	left	left	1	37	15.566	2377
16	13	4	40	10	right	right	1	15	16.146	929
16	14	4	40	10	right	right	1	69	15.225	4532
16	15	4	40	10	right	left	0	99	15.238	6497
16	16	4	40	10	left	left	1	119	15.15	7855
16	17	4	40	10	right	left	0	47	15.37	3058
17	1	4	40	10	right	right	1	16	15.64	1023
17	2	4	40	10	left	right	0	20	15.198	1316
17	3	4	40	10	right	left	0	34	15.532	2189
17	4	4	40	10	left	left	1	56	15.271	3667
17	5	4	40	10	right	right	1	25	15.518	1611
17	6	4	40	10	right	right	1	102	15.29	6671
17	7	4	40	10	left	left	1	147	15.23	9652
17	8	4	40	10	left	left	1	51	15.188	3358
17	9	4	40	10	right	left	0	19	15.249	1246
17	10	4	40	10	left	left	1	49	15.289	3205
17	11	4	40	10	left	left	1	50	15.314	3265
17	12	4	40	10	left	right	0	78	15.214	5127
17	13	4	40	10	left	left	1	36	15.511	2321
17	14	4	40	10	left	right	0	43	15.412	2790
17	15	4	40	10	right	left	0	17	15.785	1077
17	16	4	40	10	left	right	0	46	15.217	3023
18	1	4	40	10	right	right	1	58	15.187	3819
18	2	4	40	10	left	left	1	30	15.56	1928
18	3	4	40	10	right	right	1	21	15.59	1347
18	4	4	40	10	left	left	1	30	15.56	1928
18	5	4	40	10	right	right	1	31	15.415	2011
18	6	4	40	10	right	right	1	74	15.236	4857
18	7	4	40	10	right	right	1	23	15.132	1520
18	8	4	40	10	right	right	1	25	15.309	1633
18	9	4	40	10	left	right	0	12	16.043	748
18	10	4	40	10	left	right	0	41	15.124	2711
18	11	4	40	10	left	left	1	45	15.265	2948
18	12	4	40	10	right	left	0	46	15.369	2993
18	13	4	40	10	right	left	0	36	15.437	2332
18	14	4	40	10	right	right	1	14	15.102	927
18	15	4	40	10	right	right	1	23	15.447	1489
18	16	4	40	10	right	right	1	28	15.143	1849
18	17	4	40	10	left	left	1	51	15.274	3339
18	18	4	40	10	right	left	0	32	15.481	2067
18	19	4	40	10	left	left	1	35	15.521	2255
18	20	4	40	10	right	left	0	51	15.238	3347
18	21	4	40	10	left	left	1	68	15.152	4488
19	1	4	40	10	left	left	1	38	15.485	2454
19	2	4	40	10	right	right	1	97	15.197	6383
19	3	4	40	10	left	right	0	95	15.291	6213
19	4	4	40	10	right	right	1	45	15.475	2908
19	5	4	40	10	right	right	1	75	15.198	4935
19	6	4	40	10	left	left	1	43	15.357	2800
19	7	4	40	10	left	left	1	38	15.51	2450
19	8	4	40	10	left	left	1	24	15.831	1516
19	9	4	40	10	right	right	1	91	15.154	6005
19	10	4	40	10	right	left	0	131	15.16	8641
19	11	4	40	10	left	left	1	18	15.776	1141
19	12	4	40	10	right	right	1	14	16.11	869
19	13	4	40	10	right	left	0	33	15.186	2173
19	14	4	40	10	right	left	0	28	15.251	1836
19	15	4	40	10	left	left	1	15	15.856	946
19	16	4	40	10	right	left	0	62	15.271	4060
20	1	4	40	10	left	left	1	11	15.919	691
20	2	4	40	10	right	right	1	28	15.16	1847
20	3	4	40	10	left	left	1	100	15.242	6561
20	4	4	40	10	right	right	1	55	15.198	3619
20	5	4	40	10	right	right	1	67	15.385	4355
20	6	4	40	10	right	left	0	81	15.26	5308
20	7	4	40	10	right	tooFast	2	4	17.621	227
20	8	4	40	10	left	left	1	43	15.451	2783
20	9	4	40	10	left	left	1	24	15.697	1529
20	10	4	40	10	right	right	1	25	15.291	1635
20	11	4	40	10	left	left	1	29	15.368	1887
20	12	4	40	10	left	left	1	28	15.276	1833
20	13	4	40	10	right	left	0	28	15.334	1826
20	14	4	40	10	left	left	1	49	15.313	3200
20	15	4	40	10	right	right	1	17	15.233	1116
20	16	4	40	10	right	left	0	38	15.206	2499
20	17	4	40	10	right	right	1	42	15.212	2761
20	18	4	40	10	left	left	1	41	15.101	2715
20	19	4	40	10	left	left	1	50	15.385	3250
20	20	4	40	10	right	right	1	47	15.22	3088
21	1	4	40	10	right	left	0	50	15.142	3302
21	2	4	40	10	left	left	1	61	15.273	3994
21	3	4	40	10	left	left	1	84	15.19	5530
21	4	4	40	10	right	right	1	136	15.242	8923
21	5	4	40	10	right	left	0	163	15.159	10753
21	6	4	40	10	left	right	0	29	15.263	1900
21	7	4	40	10	left	left	1	65	15.201	4276
21	8	4	40	10	left	right	0	41	15.367	2668
21	9	4	40	10	right	right	1	35	15.459	2264
21	10	4	40	10	left	left	1	36	15.385	2340
21	11	4	40	10	right	right	1	39	15.464	2522
21	12	4	40	10	right	right	1	105	15.18	6917
22	1	4	40	10	right	right	1	32	15.116	2117
22	2	4	40	10	left	right	0	40	15.302	2614
22	3	4	40	10	left	right	0	23	15.541	1480
22	4	4	40	10	right	left	0	41	15.276	2684
22	5	4	40	10	right	right	1	8	15.842	505
22	6	4	40	10	right	right	1	19	15.536	1223
22	7	4	40	10	right	right	1	35	15.569	2248
22	8	4	40	10	right	right	1	25	15.499	1613
22	9	4	40	10	right	left	0	36	15.306	2352
22	10	4	40	10	left	left	1	29	15.467	1875
22	11	4	40	10	left	left	1	18	15.652	1150
22	12	4	40	10	left	left	1	29	15.45	1877
22	13	4	40	10	left	left	1	21	15.441	1360
22	14	4	40	10	right	right	1	23	15.572	1477
22	15	4	40	10	right	right	1	22	15.658	1405
22	16	4	40	10	left	left	1	19	15.372	1236
22	17	4	40	10	right	left	0	59	15.281	3861
22	18	4	40	10	left	left	1	16	15.748	1016
22	19	4	40	10	right	right	1	31	15.408	2012
22	20	4	40	10	right	right	1	13	15.294	850
22	21	4	40	10	left	left	1	14	13.834	1012
22	22	4	40	10	left	left	1	55	15.355	3582
22	23	4	40	10	left	left	1	18	15.254	1180
22	24	4	40	10	right	left	0	27	15.367	1757
22	25	4	40	10	left	left	1	40	15.48	2584
22	26	4	40	10	left	left	1	109	15.249	7148
23	1	4	40	10	left	left	1	33	15.145	2179
23	2	4	40	10	left	left	1	36	15.537	2317
23	3	4	40	10	right	left	0	19	15.385	1235
23	4	4	40	10	left	right	0	16	15.238	1050
23	5	4	40	10	left	right	0	18	15.901	1132
23	6	4	40	10	right	left	0	27	15.28	1767
23	7	4	40	10	left	left	1	38	15.347	2476
23	8	4	40	10	left	right	0	16	15.18	1054
23	9	4	40	10	right	right	1	36	15.517	2320
23	10	4	40	10	right	right	1	34	15.476	2197
23	11	4	40	10	right	right	1	17	15.399	1104
23	12	4	40	10	right	right	1	19	15.86	1198
23	13	4	40	10	left	left	1	14	15.368	911
23	14	4	40	10	right	left	0	27	15.544	1737
23	15	4	40	10	right	left	0	19	15.472	1228
23	16	4	40	10	right	left	0	22	15.771	1395
23	17	4	40	10	right	right	1	22	15.395	1429
23	18	4	40	10	left	left	1	77	15.149	5083
23	19	4	40	10	left	left	1	18	15.859	1135
23	20	4	40	10	left	left	1	19	15.536	1223
23	21	4	40	10	right	right	1	35	15.514	2256
23	22	4	40	10	right	right	1	38	15.447	2460
23	23	4	40	10	right	right	1	32	15.166	2110
23	24	4	40	10	right	right	1	20	15.175	1318
23	25	4	40	10	right	left	0	34	15.497	2194
23	26	4	40	10	right	right	1	17	15.371	1106
24	1	4	40	10	left	left	1	29	15.393	1884
24	2	4	40	10	left	left	1	26	15.71	1655
24	3	4	40	10	right	left	0	28	15.53	1803
24	4	4	40	10	left	left	1	29	15.491	1872
24	5	4	40	10	left	left	1	16	15.826	1011
24	6	4	40	10	left	left	1	71	15.252	4655
24	7	4	40	10	left	left	1	19	15.728	1208
24	8	4	40	10	right	left	0	17	15.274	1113
24	9	4	40	10	right	right	1	14	15.402	909
24	10	4	40	10	right	right	1	24	15.161	1583
24	11	4	40	10	right	left	0	24	15.287	1570
24	12	4	40	10	right	right	1	43	15.401	2792
24	13	4	40	10	left	left	1	13	15.588	834
24	14	4	40	10	left	left	1	27	15.689	1721
24	15	4	40	10	right	left	0	19	15.625	1216
24	16	4	40	10	left	left	1	60	15.221	3942
24	17	4	40	10	left	left	1	49	15.443	3173
24	18	4	40	10	right	left	0	17	15.843	1073
24	19	4	40	10	left	left	1	33	15.145	2179
24	20	4	40	10	left	left	1	27	15.437	1749
24	21	4	40	10	left	left	1	23	15.333	1500
24	22	4	40	10	left	left	1	13	15.532	837
24	23	4	40	10	right	right	1	39	15.446	2525
24	24	4	40	10	right	right	1	14	15.351	912
24	25	4	40	10	left	left	1	34	15.392	2209
24	26	4	40	10	right	right	1	17	15.799	1076
24	27	4	40	10	left	right	0	45	15.275	2946
