
blkNum	trlNum	coherentDots	numberofDots	percentCoherence	winningDirection	response	correct	eventCount	averageFrameRate	RT
1	1	4	40	10	left	right	0	51	15.334	3326
1	2	4	40	10	left	left	1	25	15.366	1627
1	3	4	40	10	right	left	0	21	15.637	1343
1	4	4	40	10	right	right	1	17	15.625	1088
1	5	4	40	10	left	right	0	19	15.966	1190
1	6	4	40	10	left	left	1	23	15.499	1484
1	7	4	40	10	left	left	1	13	16.01	812
1	8	4	40	10	right	right	1	11	16.667	660
1	9	4	40	10	left	left	1	10	16.051	623
1	10	4	40	10	right	left	0	17	15.165	1121
1	11	4	40	10	right	right	1	10	15.337	652
1	12	4	40	10	right	right	1	13	16.109	807
1	13	4	40	10	right	left	0	13	15.532	837
1	14	4	40	10	left	right	0	9	15.571	578
1	15	4	40	10	left	right	0	13	15.476	840
1	16	4	40	10	right	left	0	21	15.766	1332
1	17	4	40	10	left	left	1	18	15.887	1133
1	18	4	40	10	left	left	1	23	15.082	1525
1	19	4	40	10	left	left	1	15	15.275	982
1	20	4	40	10	right	right	1	14	16.037	873
1	21	4	40	10	right	left	0	16	15.152	1056
1	22	4	40	10	right	right	1	10	15.748	635
1	23	4	40	10	right	right	1	15	15.167	989
1	24	4	40	10	right	left	0	15	15.609	961
1	25	4	40	10	right	right	1	7	17.157	408
1	26	4	40	10	right	right	1	14	16.26	861
1	27	4	40	10	left	right	0	18	15.241	1181
1	28	4	40	10	right	left	0	10	16.611	602
1	29	4	40	10	left	right	0	6	18.237	329
1	30	4	40	10	right	right	1	28	15.086	1856
1	31	4	40	10	right	left	0	28	15.201	1842
1	32	4	40	10	right	right	1	13	15.312	849
1	33	4	40	10	left	right	0	17	15.497	1097
1	34	4	40	10	right	left	0	13	15.854	820
1	35	4	40	10	right	left	0	15	16.164	928
1	36	4	40	10	right	right	1	9	16.822	535
2	1	4	40	10	left	right	0	20	15.637	1279
2	2	4	40	10	right	left	0	18	15.748	1143
2	3	4	40	10	right	right	1	13	15.55	836
2	4	4	40	10	right	right	1	16	15.326	1044
2	5	4	40	10	right	right	1	16	15.267	1048
2	6	4	40	10	right	left	0	13	16.149	805
2	7	4	40	10	right	right	1	6	15.306	392
2	8	4	40	10	left	left	1	26	15.222	1708
2	9	4	40	10	right	left	0	16	15.474	1034
2	10	4	40	10	left	right	0	12	15.228	788
2	11	4	40	10	left	left	1	10	16.26	615
2	12	4	40	10	left	left	1	10	15.601	641
2	13	4	40	10	left	right	0	19	15.886	1196
2	14	4	40	10	right	left	0	8	16.878	474
2	15	4	40	10	left	right	0	11	15.515	709
2	16	4	40	10	right	left	0	13	15.663	830
2	17	4	40	10	left	left	1	11	15.942	690
2	18	4	40	10	left	left	1	14	15.801	886
2	19	4	40	10	right	left	0	17	15.302	1111
2	20	4	40	10	right	right	1	13	15.873	819
2	21	4	40	10	left	right	0	15	15.723	954
2	22	4	40	10	left	left	1	12	15.424	778
2	23	4	40	10	right	right	1	18	15.411	1168
2	24	4	40	10	right	left	0	21	15.533	1352
2	25	4	40	10	right	left	0	20	15.613	1281
2	26	4	40	10	left	right	0	10	16.207	617
2	27	4	40	10	left	left	1	13	15.33	848
2	28	4	40	10	right	left	0	23	15.374	1496
2	29	4	40	10	left	right	0	18	15.332	1174
2	30	4	40	10	right	left	0	13	15.738	826
2	31	4	40	10	right	left	0	10	16.694	599
2	32	4	40	10	right	left	0	16	15.92	1005
2	33	4	40	10	right	right	1	7	16.018	437
2	34	4	40	10	left	right	0	26	15.16	1715
2	35	4	40	10	left	right	0	18	15.873	1134
2	36	4	40	10	left	left	1	12	15.424	778
2	37	4	40	10	right	left	0	23	15.541	1480
3	1	4	40	10	left	right	0	12	15.605	769
3	2	4	40	10	right	left	0	18	15.571	1156
3	3	4	40	10	right	left	0	18	15.504	1161
3	4	4	40	10	right	right	1	12	16.021	749
3	5	4	40	10	right	right	1	14	15.436	907
3	6	4	40	10	right	right	1	16	15.195	1053
3	7	4	40	10	right	right	1	13	15.606	833
3	8	4	40	10	left	left	1	25	15.615	1601
3	9	4	40	10	right	left	0	16	15.209	1052
3	10	4	40	10	right	left	0	24	15.104	1589
3	11	4	40	10	right	right	1	15	16.216	925
3	12	4	40	10	left	right	0	22	15.204	1447
3	13	4	40	10	right	right	1	20	15.396	1299
3	14	4	40	10	right	right	1	21	15.184	1383
3	15	4	40	10	right	right	1	22	15.504	1419
3	16	4	40	10	right	right	1	24	15.132	1586
3	17	4	40	10	right	right	1	20	15.76	1269
3	18	4	40	10	left	right	0	22	15.537	1416
3	19	4	40	10	right	right	1	15	15.576	963
3	20	4	40	10	left	left	1	34	15.192	2238
3	21	4	40	10	right	right	1	27	15.689	1721
3	22	4	40	10	left	left	1	25	15.625	1600
3	23	4	40	10	left	left	1	30	15.408	1947
3	24	4	40	10	left	left	1	29	15.303	1895
3	25	4	40	10	right	left	0	35	15.446	2266
3	26	4	40	10	left	left	1	12	16.238	739
3	27	4	40	10	right	right	1	14	15.625	896
3	28	4	40	10	right	left	0	32	15.087	2121
3	29	4	40	10	left	right	0	11	16.393	671
3	30	4	40	10	left	right	0	14	16.055	872
3	31	4	40	10	left	left	1	11	15.515	709
3	32	4	40	10	left	left	1	15	15.48	969
3	33	4	40	10	right	left	0	12	16.064	747
4	1	4	40	10	left	right	0	17	15.315	1110
4	2	4	40	10	left	left	1	8	16.032	499
4	3	4	40	10	left	left	1	20	15.432	1296
4	4	4	40	10	right	left	0	15	16.234	924
4	5	4	40	10	left	left	1	10	16.181	618
4	6	4	40	10	left	right	0	12	16.021	749
4	7	4	40	10	right	left	0	6	16.349	367
4	8	4	40	10	right	left	0	19	15.139	1255
4	9	4	40	10	right	right	1	10	15.649	639
4	10	4	40	10	right	left	0	38	15.316	2481
4	11	4	40	10	right	right	1	11	15.278	720
4	12	4	40	10	left	left	1	28	15.242	1837
4	13	4	40	10	right	left	0	19	15.447	1230
4	14	4	40	10	right	right	1	7	15.184	461
4	15	4	40	10	right	right	1	12	16.064	747
4	16	4	40	10	left	right	0	10	15.432	648
4	17	4	40	10	left	left	1	7	15.625	448
4	18	4	40	10	left	left	1	15	16.077	933
4	19	4	40	10	left	left	1	11	15.299	719
4	20	4	40	10	left	left	1	12	15.873	756
4	21	4	40	10	right	right	1	16	15.842	1010
4	22	4	40	10	right	left	0	21	15.742	1334
4	23	4	40	10	right	right	1	12	15.645	767
4	24	4	40	10	right	right	1	13	15.682	829
4	25	4	40	10	left	right	0	15	15.432	972
4	26	4	40	10	right	right	1	12	16.194	741
4	27	4	40	10	left	right	0	16	15.733	1017
4	28	4	40	10	left	left	1	10	15.552	643
4	29	4	40	10	left	left	1	16	15.094	1060
4	30	4	40	10	right	left	0	12	15.424	778
4	31	4	40	10	left	right	0	11	15.515	709
4	32	4	40	10	right	left	0	7	16.908	414
4	33	4	40	10	left	left	1	9	16.544	544
4	34	4	40	10	right	left	0	17	15.873	1071
4	35	4	40	10	right	left	0	13	15.892	818
4	36	4	40	10	right	right	1	6	15.707	382
4	37	4	40	10	right	right	1	19	15.715	1209
4	38	4	40	10	right	right	1	19	15.587	1219
4	39	4	40	10	right	right	1	21	15.487	1356
4	40	4	40	10	right	right	1	18	15.943	1129
5	1	4	40	10	right	right	1	12	15.645	767
5	2	4	40	10	left	right	0	15	15.94	941
5	3	4	40	10	right	right	1	24	15.424	1556
5	4	4	40	10	left	left	1	11	15.152	726
5	5	4	40	10	right	left	0	20	15.686	1275
5	6	4	40	10	left	right	0	15	15.464	970
5	7	4	40	10	right	right	1	11	16.517	666
5	8	4	40	10	right	left	0	17	16.008	1062
5	9	4	40	10	right	left	0	12	15.152	792
5	10	4	40	10	left	right	0	26	15.231	1707
5	11	4	40	10	left	left	1	10	16.077	622
5	12	4	40	10	right	left	0	20	15.723	1272
5	13	4	40	10	right	left	0	14	15.784	887
5	14	4	40	10	left	right	0	7	16.355	428
5	15	4	40	10	left	right	0	12	15.979	751
5	16	4	40	10	right	left	0	12	15.769	761
5	17	4	40	10	right	left	0	12	16.238	739
5	18	4	40	10	left	left	1	11	15.873	693
5	19	4	40	10	right	right	1	19	15.212	1249
5	20	4	40	10	left	right	0	23	15.84	1452
5	21	4	40	10	left	left	1	18	15.424	1167
5	22	4	40	10	left	left	1	15	15.773	951
5	23	4	40	10	right	left	0	15	15.464	970
5	24	4	40	10	left	left	1	17	15.152	1122
5	25	4	40	10	right	left	0	15	16.009	937
5	26	4	40	10	right	right	1	10	16.234	616
5	27	4	40	10	right	right	1	20	15.504	1290
5	28	4	40	10	right	right	1	16	15.311	1045
5	29	4	40	10	left	left	1	20	16	1250
5	30	4	40	10	right	left	0	19	15.873	1197
5	31	4	40	10	left	left	1	13	15.738	826
5	32	4	40	10	right	right	1	18	15.707	1146
5	33	4	40	10	right	right	1	21	15.34	1369
5	34	4	40	10	left	right	0	19	15.953	1191
5	35	4	40	10	right	left	0	11	15.714	700
5	36	4	40	10	right	left	0	12	15.873	756
5	37	4	40	10	left	left	1	19	15.335	1239
6	1	4	40	10	left	left	1	14	15.73	890
6	2	4	40	10	left	right	0	16	15.224	1051
6	3	4	40	10	left	left	1	10	16.103	621
6	4	4	40	10	left	left	1	21	15.73	1335
6	5	4	40	10	left	right	0	19	15.587	1219
6	6	4	40	10	right	left	0	14	15.748	889
6	7	4	40	10	left	right	0	17	15.639	1087
6	8	4	40	10	left	left	1	13	15.294	850
6	9	4	40	10	left	left	1	22	15.342	1434
6	10	4	40	10	right	right	1	16	15.137	1057
6	11	4	40	10	right	right	1	26	15.719	1654
6	12	4	40	10	right	left	0	22	15.417	1427
6	13	4	40	10	left	right	0	16	15.519	1031
6	14	4	40	10	left	left	1	12	15.936	753
6	15	4	40	10	left	right	0	21	15.742	1334
6	16	4	40	10	left	left	1	15	15.512	967
6	17	4	40	10	right	left	0	23	15.509	1483
6	18	4	40	10	left	left	1	21	15.637	1343
6	19	4	40	10	right	right	1	23	15.753	1460
6	20	4	40	10	left	left	1	33	15.25	2164
6	21	4	40	10	left	left	1	30	15.584	1925
6	22	4	40	10	right	right	1	19	15.323	1240
6	23	4	40	10	right	left	0	21	15.419	1362
6	24	4	40	10	left	left	1	22	15.581	1412
6	25	4	40	10	right	left	0	21	15.695	1338
6	26	4	40	10	right	right	1	13	16.01	812
6	27	4	40	10	right	right	1	22	15.771	1395
6	28	4	40	10	left	right	0	24	15.375	1561
6	29	4	40	10	right	left	0	13	15.187	856
6	30	4	40	10	right	left	0	12	16.021	749
6	31	4	40	10	right	left	0	30	15.568	1927
6	32	4	40	10	left	left	1	19	15.833	1200
6	33	4	40	10	right	left	0	32	15.617	2049
7	1	4	40	10	right	right	1	12	16.064	747
7	2	4	40	10	right	right	1	17	15.511	1096
7	3	4	40	10	left	right	0	19	15.638	1215
7	4	4	40	10	left	right	0	13	15.532	837
7	5	4	40	10	right	left	0	11	15.428	713
7	6	4	40	10	right	left	0	12	15.248	787
7	7	4	40	10	right	left	0	19	15.249	1246
7	8	4	40	10	right	left	0	24	15.335	1565
7	9	4	40	10	left	right	0	10	15.949	627
7	10	4	40	10	left	left	1	26	15.312	1698
7	11	4	40	10	left	left	1	34	15.233	2232
7	12	4	40	10	left	left	1	23	15.499	1484
7	13	4	40	10	left	left	1	22	15.406	1428
7	14	4	40	10	left	left	1	19	15.188	1251
7	15	4	40	10	left	right	0	44	15.336	2869
7	16	4	40	10	right	left	0	12	15.504	774
7	17	4	40	10	left	left	1	18	15.398	1169
7	18	4	40	10	right	left	0	17	15.274	1113
7	19	4	40	10	left	right	0	22	15.581	1412
7	20	4	40	10	left	left	1	17	15.302	1111
7	21	4	40	10	left	left	1	17	15.539	1094
7	22	4	40	10	right	right	1	18	15.776	1141
7	23	4	40	10	right	right	1	17	15.918	1068
7	24	4	40	10	right	right	1	18	15.598	1154
7	25	4	40	10	left	right	0	18	15.293	1177
7	26	4	40	10	right	left	0	11	15.827	695
7	27	4	40	10	right	left	0	21	15.351	1368
7	28	4	40	10	left	right	0	16	15.842	1010
7	29	4	40	10	left	left	1	16	15.37	1041
7	30	4	40	10	right	left	0	23	15.818	1454
7	31	4	40	10	left	right	0	36	15.557	2314
7	32	4	40	10	left	right	0	14	16.26	861
8	1	4	40	10	right	left	0	30	15.19	1975
8	2	4	40	10	left	right	0	24	15.789	1520
8	3	4	40	10	left	right	0	16	15.889	1007
8	4	4	40	10	right	left	0	7	15.385	455
8	5	4	40	10	right	left	0	11	15.942	690
8	6	4	40	10	right	right	1	22	15.417	1427
8	7	4	40	10	right	right	1	36	15.451	2330
8	8	4	40	10	left	right	0	20	15.152	1320
8	9	4	40	10	left	left	1	21	15.162	1385
8	10	4	40	10	right	left	0	30	15.576	1926
8	11	4	40	10	left	left	1	23	15.721	1463
8	12	4	40	10	right	left	0	18	15.762	1142
8	13	4	40	10	left	left	1	9	15.332	587
8	14	4	40	10	left	right	0	14	15.982	876
8	15	4	40	10	left	tooFast	2	4	17.699	226
8	16	4	40	10	right	left	0	23	15.478	1486
8	17	4	40	10	right	right	1	11	16.32	674
8	18	4	40	10	left	right	0	20	15.267	1310
8	19	4	40	10	left	left	1	17	15.426	1102
8	20	4	40	10	right	left	0	24	15.257	1573
8	21	4	40	10	right	right	1	32	15.648	2045
8	22	4	40	10	left	right	0	27	15.246	1771
8	23	4	40	10	right	left	0	23	15.721	1463
8	24	4	40	10	left	right	0	13	15.258	852
8	25	4	40	10	right	right	1	7	17.115	409
8	26	4	40	10	left	right	0	13	15.24	853
8	27	4	40	10	left	right	0	7	15.284	458
8	28	4	40	10	left	left	1	9	15.929	565
8	29	4	40	10	left	left	1	20	15.456	1294
8	30	4	40	10	left	left	1	29	15.287	1897
8	31	4	40	10	right	left	0	28	15.521	1804
9	1	4	40	10	right	right	1	25	15.394	1624
9	2	4	40	10	left	right	0	26	15.152	1716
9	3	4	40	10	right	right	1	16	15.282	1047
9	4	4	40	10	right	right	1	34	15.483	2196
9	5	4	40	10	left	right	0	23	15.562	1478
9	6	4	40	10	left	left	1	17	15.829	1074
9	7	4	40	10	left	left	1	32	15.385	2080
9	8	4	40	10	left	left	1	23	15.385	1495
9	9	4	40	10	right	right	1	29	15.491	1872
9	10	4	40	10	left	left	1	28	15.538	1802
9	11	4	40	10	left	left	1	34	15.378	2211
9	12	4	40	10	right	right	1	44	15.422	2853
9	13	4	40	10	right	right	1	36	15.564	2313
9	14	4	40	10	left	right	0	35	15.257	2294
9	15	4	40	10	left	left	1	15	15.625	960
9	16	4	40	10	left	left	1	27	15.385	1755
9	17	4	40	10	left	right	0	29	15.409	1882
9	18	4	40	10	right	left	0	6	18.182	330
9	19	4	40	10	right	right	1	7	15.873	441
9	20	4	40	10	left	right	0	31	15.324	2023
9	21	4	40	10	right	left	0	18	15.598	1154
9	22	4	40	10	left	left	1	5	17.483	286
9	23	4	40	10	left	left	1	29	15.231	1904
9	24	4	40	10	left	left	1	24	15.199	1579
9	25	4	40	10	left	left	1	18	15.776	1141
9	26	4	40	10	left	right	0	17	15.903	1069
9	27	4	40	10	left	left	1	7	17.903	391
9	28	4	40	10	left	left	1	16	15.952	1003
9	29	4	40	10	right	left	0	16	16	1000
9	30	4	40	10	left	right	0	24	15.228	1576
10	1	4	40	10	right	right	1	17	15.962	1065
10	2	4	40	10	left	right	0	14	15.504	903
10	3	4	40	10	right	left	0	8	16.771	477
10	4	4	40	10	right	left	0	7	16.827	416
10	5	4	40	10	left	right	0	15	15.337	978
10	6	4	40	10	right	left	0	13	16.049	810
10	7	4	40	10	right	left	0	19	15.055	1262
10	8	4	40	10	right	right	1	24	15.257	1573
10	9	4	40	10	right	right	1	22	15.726	1399
10	10	4	40	10	right	right	1	25	15.272	1637
10	11	4	40	10	left	right	0	30	15.236	1969
10	12	4	40	10	left	left	1	18	15.477	1163
10	13	4	40	10	left	left	1	17	15.469	1099
10	14	4	40	10	right	left	0	22	15.614	1409
10	15	4	40	10	right	left	0	18	15.887	1133
10	16	4	40	10	right	right	1	10	15.823	632
10	17	4	40	10	left	right	0	19	15.298	1242
10	18	4	40	10	left	right	0	10	16.42	609
10	19	4	40	10	right	right	1	12	15.152	792
10	20	4	40	10	right	left	0	22	15.299	1438
10	21	4	40	10	left	left	1	9	15.789	570
10	22	4	40	10	left	left	1	12	16.238	739
10	23	4	40	10	right	left	0	19	15.323	1240
10	24	4	40	10	right	right	1	11	15.299	719
10	25	4	40	10	right	left	0	45	15.223	2956
10	26	4	40	10	left	right	0	8	16.736	478
10	27	4	40	10	left	left	1	7	16.432	426
10	28	4	40	10	left	left	1	23	15.818	1454
10	29	4	40	10	right	left	0	31	15.211	2038
10	30	4	40	10	left	left	1	19	15.82	1201
10	31	4	40	10	left	right	0	17	15.712	1082
10	32	4	40	10	left	left	1	15	15.806	949
10	33	4	40	10	left	left	1	19	15.638	1215
10	34	4	40	10	right	left	0	18	15.721	1145
11	1	4	40	10	right	left	0	16	15.18	1054
11	2	4	40	10	right	right	1	19	15.94	1192
11	3	4	40	10	left	right	0	32	15.26	2097
11	4	4	40	10	left	left	1	8	15.238	525
11	5	4	40	10	left	left	1	19	15.886	1196
11	6	4	40	10	left	left	1	24	15.574	1541
11	7	4	40	10	left	left	1	26	15.71	1655
11	8	4	40	10	left	left	1	18	16.014	1124
11	9	4	40	10	right	left	0	35	10.003	3499
11	10	4	40	10	right	left	0	32	15.355	2084
11	11	4	40	10	right	right	1	10	15.432	648
11	12	4	40	10	left	right	0	22	15.504	1419
11	13	4	40	10	left	left	1	21	15.556	1350
11	14	4	40	10	right	left	0	31	15.539	1995
11	15	4	40	10	left	left	1	18	15.887	1133
11	16	4	40	10	right	left	0	29	15.263	1900
11	17	4	40	10	right	left	0	10	15.361	651
11	18	4	40	10	left	right	0	17	15.814	1075
11	19	4	40	10	left	left	1	7	16.949	413
11	20	4	40	10	left	left	1	27	15.323	1762
11	21	4	40	10	right	left	0	25	15.47	1616
11	22	4	40	10	left	left	1	25	15.625	1600
11	23	4	40	10	right	left	0	18	15.557	1157
11	24	4	40	10	right	tooFast	2	4	17.778	225
11	25	4	40	10	right	left	0	22	15.658	1405
11	26	4	40	10	left	right	0	9	16.071	560
11	27	4	40	10	left	right	0	15	15.544	965
11	28	4	40	10	left	left	1	47	15.275	3077
11	29	4	40	10	left	left	1	35	15.473	2262
12	1	4	40	10	left	left	1	26	15.458	1682
12	2	4	40	10	left	left	1	19	15.833	1200
12	3	4	40	10	left	left	1	38	15.267	2489
12	4	4	40	10	right	left	0	19	15.385	1235
12	5	4	40	10	left	right	0	17	15.611	1089
12	6	4	40	10	right	left	0	13	15.403	844
12	7	4	40	10	right	left	0	20	15.613	1281
12	8	4	40	10	right	left	0	15	15.121	992
12	9	4	40	10	left	right	0	14	15.891	881
12	10	4	40	10	right	right	1	8	15.905	503
12	11	4	40	10	left	left	1	30	15.198	1974
12	12	4	40	10	right	left	0	25	15.375	1626
12	13	4	40	10	right	right	1	6	17.699	339
12	14	4	40	10	left	left	1	24	15.171	1582
12	15	4	40	10	left	right	0	17	15.625	1088
12	16	4	40	10	left	left	1	16	15.702	1019
12	17	4	40	10	right	left	0	32	15.392	2079
12	18	4	40	10	right	right	1	14	15.982	876
12	19	4	40	10	left	right	0	23	15.323	1501
12	20	4	40	10	left	left	1	26	15.169	1714
12	21	4	40	10	right	left	0	23	15.293	1504
12	22	4	40	10	left	left	1	9	15.464	582
12	23	4	40	10	left	left	1	23	15.551	1479
12	24	4	40	10	left	left	1	28	15.704	1783
12	25	4	40	10	left	left	1	18	15.424	1167
12	26	4	40	10	right	left	0	24	15.8	1519
12	27	4	40	10	left	left	1	17	15.219	1117
12	28	4	40	10	right	right	1	28	15.251	1836
12	29	4	40	10	right	right	1	31	15.516	1998
12	30	4	40	10	right	right	1	22	15.771	1395
12	31	4	40	10	left	left	1	12	15.789	760
12	32	4	40	10	left	right	0	16	15.779	1014
13	1	4	40	10	left	left	1	14	15.284	916
13	2	4	40	10	right	left	0	19	15.261	1245
13	3	4	40	10	right	left	0	13	15.403	844
13	4	4	40	10	left	right	0	11	15.603	705
13	5	4	40	10	left	right	0	13	15.588	834
13	6	4	40	10	left	right	0	12	15.345	782
13	7	4	40	10	left	left	1	8	16.632	481
13	8	4	40	10	right	left	0	18	15.859	1135
13	9	4	40	10	left	left	1	16	15.459	1035
13	10	4	40	10	left	left	1	34	15.179	2240
13	11	4	40	10	right	left	0	26	15.222	1708
13	12	4	40	10	right	left	0	21	15.453	1359
13	13	4	40	10	right	right	1	24	15.625	1536
13	14	4	40	10	left	right	0	14	15.59	898
13	15	4	40	10	left	left	1	12	15.464	776
13	16	4	40	10	right	left	0	38	15.237	2494
13	17	4	40	10	left	right	0	19	15.768	1205
13	18	4	40	10	left	left	1	6	15.504	387
13	19	4	40	10	left	left	1	16	15.282	1047
13	20	4	40	10	right	left	0	18	15.693	1147
13	21	4	40	10	left	right	0	16	15.37	1041
13	22	4	40	10	left	right	0	24	15.454	1553
13	23	4	40	10	right	left	0	7	16.827	416
13	24	4	40	10	right	left	0	11	15.089	729
13	25	4	40	10	right	left	0	37	15.245	2427
13	26	4	40	10	left	right	0	46	15.212	3024
13	27	4	40	10	right	left	0	11	15.692	701
13	28	4	40	10	right	left	0	11	15.172	725
13	29	4	40	10	right	left	0	18	15.319	1175
13	30	4	40	10	left	right	0	12	16.043	748
13	31	4	40	10	left	right	0	17	15.302	1111
14	1	4	40	10	right	left	0	14	16.26	861
14	2	4	40	10	right	left	0	10	16.181	618
14	3	4	40	10	left	right	0	17	15.843	1073
14	4	4	40	10	right	left	0	17	15.125	1124
14	5	4	40	10	right	left	0	34	15.399	2208
14	6	4	40	10	right	left	0	24	15.161	1583
14	7	4	40	10	left	right	0	8	17.021	470
14	8	4	40	10	left	left	1	12	16.107	745
14	9	4	40	10	left	left	1	17	15.525	1095
14	10	4	40	10	right	right	1	17	15.918	1068
14	11	4	40	10	right	left	0	11	15.581	706
14	12	4	40	10	left	right	0	14	16.148	867
14	13	4	40	10	left	left	1	7	15.086	464
14	14	4	40	10	left	left	1	26	15.569	1670
14	15	4	40	10	left	left	1	16	15.81	1012
14	16	4	40	10	right	left	0	19	15.728	1208
14	17	4	40	10	left	right	0	12	15.831	758
14	18	4	40	10	right	left	0	10	16.234	616
14	19	4	40	10	right	left	0	16	15.889	1007
14	20	4	40	10	left	right	0	7	16.827	416
14	21	4	40	10	right	right	1	12	16.107	745
14	22	4	40	10	left	left	1	13	16.109	807
14	23	4	40	10	left	right	0	15	15.03	998
14	24	4	40	10	right	left	0	12	15.345	782
14	25	4	40	10	left	right	0	11	16.153	681
14	26	4	40	10	left	right	0	25	15.605	1602
14	27	4	40	10	left	left	1	8	15.564	514
14	28	4	40	10	right	left	0	17	15.962	1065
14	29	4	40	10	right	right	1	9	16.949	531
14	30	4	40	10	right	right	1	21	15.778	1331
14	31	4	40	10	right	left	0	19	15.94	1192
14	32	4	40	10	right	right	1	10	15.314	653
14	33	4	40	10	left	right	0	17	15.179	1120
14	34	4	40	10	right	left	0	11	16.272	676
14	35	4	40	10	left	left	1	10	15.552	643
14	36	4	40	10	left	left	1	9	15.464	582
14	37	4	40	10	right	right	1	13	15.951	815
14	38	4	40	10	right	left	0	17	15.315	1110
15	1	4	40	10	right	left	0	16	15.474	1034
15	2	4	40	10	left	right	0	7	15.251	459
15	3	4	40	10	left	right	0	8	16.194	494
15	4	4	40	10	right	right	1	10	15.576	642
15	5	4	40	10	right	right	1	23	15.405	1493
15	6	4	40	10	left	left	1	18	15.666	1149
15	7	4	40	10	right	left	0	17	15.329	1109
15	8	4	40	10	left	left	1	11	15.11	728
15	9	4	40	10	right	left	0	23	15.242	1509
15	10	4	40	10	right	right	1	20	15.785	1267
15	11	4	40	10	right	right	1	15	15.4	974
15	12	4	40	10	right	right	1	12	16.282	737
15	13	4	40	10	right	left	0	13	15.663	830
15	14	4	40	10	left	right	0	6	15.873	378
15	15	4	40	10	right	left	0	7	15.251	459
15	16	4	40	10	right	left	0	14	16.241	862
15	17	4	40	10	left	right	0	8	16.032	499
15	18	4	40	10	right	left	0	12	15.645	767
15	19	4	40	10	right	left	0	13	15.294	850
15	20	4	40	10	left	right	0	5	16.077	311
15	21	4	40	10	left	left	1	6	17.241	348
15	22	4	40	10	left	left	1	7	17.157	408
15	23	4	40	10	left	left	1	6	14.815	405
15	24	4	40	10	right	left	0	6	14.925	402
15	25	4	40	10	left	left	1	11	15.235	722
15	26	4	40	10	left	right	0	17	15.302	1111
15	27	4	40	10	left	tooFast	2	4	17.621	227
15	28	4	40	10	right	left	0	18	15.639	1151
15	29	4	40	10	right	right	1	7	16.706	419
15	30	4	40	10	right	left	0	23	15.797	1456
15	31	4	40	10	right	right	1	6	16.129	372
15	32	4	40	10	left	right	0	8	16.097	497
15	33	4	40	10	right	left	0	12	15.248	787
15	34	4	40	10	left	right	0	6	16.76	358
15	35	4	40	10	right	left	0	5	15.337	326
15	36	4	40	10	left	tooFast	2	3	16.575	181
15	37	4	40	10	left	left	1	11	16.717	658
15	38	4	40	10	right	left	0	21	15.672	1340
15	39	4	40	10	right	left	0	8	15.238	525
15	40	4	40	10	left	left	1	6	16.216	370
15	41	4	40	10	right	left	0	18	15.776	1141
16	1	4	40	10	left	right	0	13	15.532	837
16	2	4	40	10	right	right	1	6	15.873	378
16	3	4	40	10	left	left	1	13	15.366	846
16	4	4	40	10	left	right	0	10	16.502	606
16	5	4	40	10	right	right	1	11	16.492	667
16	6	4	40	10	right	right	1	18	15.873	1134
16	7	4	40	10	right	left	0	24	15.564	1542
16	8	4	40	10	right	left	0	9	15.957	564
16	9	4	40	10	left	right	0	5	18.727	267
16	10	4	40	10	left	right	0	10	16.447	608
16	11	4	40	10	left	left	1	19	15.435	1231
16	12	4	40	10	right	right	1	31	15.196	2040
16	13	4	40	10	right	right	1	23	15.467	1487
16	14	4	40	10	left	left	1	20	15.637	1279
16	15	4	40	10	left	left	1	28	15.201	1842
16	16	4	40	10	right	left	0	32	15.414	2076
16	17	4	40	10	left	left	1	6	17.857	336
16	18	4	40	10	right	right	1	16	15.579	1027
16	19	4	40	10	right	right	1	18	15.203	1184
16	20	4	40	10	left	right	0	23	15.797	1456
16	21	4	40	10	right	right	1	5	17.123	292
16	22	4	40	10	right	left	0	19	15.249	1246
16	23	4	40	10	right	left	0	4	15.326	261
16	24	4	40	10	left	left	1	19	15.913	1194
16	25	4	40	10	left	left	1	24	15.842	1515
16	26	4	40	10	right	left	0	37	15.385	2405
16	27	4	40	10	right	left	0	25	15.17	1648
16	28	4	40	10	left	right	0	6	15.228	394
16	29	4	40	10	right	tooFast	2	4	18.957	211
16	30	4	40	10	right	right	1	9	15.437	583
16	31	4	40	10	left	right	0	30	15.244	1968
16	32	4	40	10	right	right	1	14	15.317	914
16	33	4	40	10	left	left	1	29	15.144	1915
16	34	4	40	10	left	left	1	22	15.46	1423
16	35	4	40	10	left	left	1	19	15.755	1206
17	1	4	40	10	right	right	1	14	15.801	886
17	2	4	40	10	left	left	1	24	15.554	1543
17	3	4	40	10	right	left	0	19	15.51	1225
17	4	4	40	10	right	left	0	6	17.91	335
17	5	4	40	10	left	left	1	10	15.291	654
17	6	4	40	10	left	left	1	19	15.715	1209
17	7	4	40	10	left	left	1	20	15.601	1282
17	8	4	40	10	right	left	0	15	15.291	981
17	9	4	40	10	right	tooFast	2	4	16.878	237
17	10	4	40	10	right	left	0	17	15.371	1106
17	11	4	40	10	right	right	1	13	15.532	837
17	12	4	40	10	left	right	0	24	15.656	1533
17	13	4	40	10	right	right	1	13	15.892	818
17	14	4	40	10	right	left	0	17	15.247	1115
17	15	4	40	10	right	right	1	4	15.748	254
17	16	4	40	10	left	right	0	29	15.442	1878
17	17	4	40	10	left	left	1	6	15.707	382
17	18	4	40	10	left	left	1	18	15.598	1154
17	19	4	40	10	right	left	0	16	15.474	1034
17	20	4	40	10	left	right	0	6	15.831	379
17	21	4	40	10	left	tooFast	2	4	18.182	220
17	22	4	40	10	left	left	1	11	15.089	729
17	23	4	40	10	right	right	1	11	15.692	701
17	24	4	40	10	right	left	0	10	16.42	609
17	25	4	40	10	right	left	0	8	15.152	528
17	26	4	40	10	right	right	1	6	15.789	380
17	27	4	40	10	right	left	0	8	15.152	528
17	28	4	40	10	left	right	0	9	15.517	580
17	29	4	40	10	left	left	1	7	15.837	442
17	30	4	40	10	right	left	0	32	15.209	2104
17	31	4	40	10	right	left	0	10	16.529	605
17	32	4	40	10	right	right	1	8	15.296	523
17	33	4	40	10	left	right	0	25	15.442	1619
17	34	4	40	10	left	right	0	14	15.301	915
17	35	4	40	10	left	left	1	12	15.748	762
17	36	4	40	10	left	left	1	17	15.525	1095
17	37	4	40	10	left	left	1	33	15.406	2142
17	38	4	40	10	left	left	1	17	15.639	1087
18	1	4	40	10	left	left	1	28	15.119	1852
18	2	4	40	10	left	left	1	12	15.686	765
18	3	4	40	10	right	left	0	18	15.267	1179
18	4	4	40	10	right	left	0	13	16.089	808
18	5	4	40	10	left	right	0	16	15.444	1036
18	6	4	40	10	left	left	1	11	16.641	661
18	7	4	40	10	left	left	1	14	16.185	865
18	8	4	40	10	left	left	1	17	15.962	1065
18	9	4	40	10	left	left	1	16	15.64	1023
18	10	4	40	10	left	left	1	16	15.579	1027
18	11	4	40	10	right	left	0	15	15.89	944
18	12	4	40	10	right	left	0	12	16.304	736
18	13	4	40	10	left	tooFast	2	4	16.598	241
18	14	4	40	10	left	right	0	20	15.456	1294
18	15	4	40	10	right	left	0	11	15.85	694
18	16	4	40	10	left	left	1	14	15.642	895
18	17	4	40	10	left	left	1	15	16.164	928
18	18	4	40	10	left	left	1	15	15.464	970
18	19	4	40	10	right	left	0	23	15.743	1461
18	20	4	40	10	right	right	1	16	15.253	1049
18	21	4	40	10	right	right	1	18	15.639	1151
18	22	4	40	10	left	right	0	13	15.815	822
18	23	4	40	10	left	right	0	12	15.424	778
18	24	4	40	10	right	left	0	14	15.538	901
18	25	4	40	10	right	left	0	15	15.198	987
18	26	4	40	10	right	right	1	8	15.748	508
18	27	4	40	10	right	right	1	17	15.371	1106
18	28	4	40	10	left	right	0	12	15.625	768
18	29	4	40	10	right	right	1	9	15.332	587
18	30	4	40	10	right	right	1	21	15.217	1380
18	31	4	40	10	right	right	1	12	15.584	770
18	32	4	40	10	right	left	0	16	15.385	1040
18	33	4	40	10	right	right	1	5	15.528	322
18	34	4	40	10	right	left	0	15	15.839	947
18	35	4	40	10	right	right	1	4	15.936	251
18	36	4	40	10	right	right	1	9	16.216	555
18	37	4	40	10	left	right	0	23	15.172	1516
18	38	4	40	10	left	right	0	11	15.581	706
18	39	4	40	10	right	left	0	6	17.291	347
19	1	4	40	10	left	left	1	16	15.61	1025
19	2	4	40	10	right	left	0	18	15.241	1181
19	3	4	40	10	left	left	1	14	15.873	882
19	4	4	40	10	right	right	1	24	15.444	1554
19	5	4	40	10	left	left	1	15	15.823	948
19	6	4	40	10	left	left	1	16	15.779	1014
19	7	4	40	10	left	left	1	12	15.894	755
19	8	4	40	10	left	left	1	17	15.179	1120
19	9	4	40	10	left	left	1	15	15.641	959
19	10	4	40	10	left	left	1	20	15.129	1322
19	11	4	40	10	left	left	1	18	15.873	1134
19	12	4	40	10	right	right	1	19	15.164	1253
19	13	4	40	10	right	right	1	19	15.847	1199
19	14	4	40	10	left	left	1	20	15.432	1296
19	15	4	40	10	left	left	1	17	15.918	1068
19	16	4	40	10	right	left	0	21	15.162	1385
19	17	4	40	10	left	left	1	14	15.301	915
19	18	4	40	10	right	right	1	14	15.402	909
19	19	4	40	10	left	right	0	20	15.349	1303
19	20	4	40	10	left	right	0	12	15.484	775
19	21	4	40	10	left	right	0	8	16.878	474
19	22	4	40	10	right	tooFast	2	4	19.512	205
19	23	4	40	10	right	left	0	7	15.59	449
19	24	4	40	10	left	left	1	14	15.284	916
19	25	4	40	10	left	left	1	20	15.468	1293
19	26	4	40	10	right	left	0	11	15.988	688
19	27	4	40	10	left	left	1	11	15.965	689
19	28	4	40	10	right	left	0	15	15.94	941
19	29	4	40	10	right	right	1	11	16.467	668
19	30	4	40	10	right	right	1	15	16.043	935
19	31	4	40	10	left	right	0	11	15.089	729
19	32	4	40	10	right	left	0	9	16.014	562
19	33	4	40	10	left	left	1	12	15.625	768
19	34	4	40	10	right	left	0	16	15.18	1054
19	35	4	40	10	left	left	1	11	15.805	696
19	36	4	40	10	right	left	0	23	15.252	1508
19	37	4	40	10	left	left	1	8	16.36	489
19	38	4	40	10	left	left	1	34	15.288	2224
19	39	4	40	10	right	left	0	23	15.593	1475
20	1	4	40	10	right	left	0	25	15.207	1644
20	2	4	40	10	left	left	1	11	16.442	669
20	3	4	40	10	left	left	1	15	15.89	944
20	4	4	40	10	right	right	1	16	15.702	1019
20	5	4	40	10	left	right	0	16	15.64	1023
20	6	4	40	10	left	left	1	10	15.625	640
20	7	4	40	10	right	left	0	14	15.301	915
20	8	4	40	10	right	left	0	10	16.42	609
20	9	4	40	10	right	left	0	16	15.748	1016
20	10	4	40	10	right	right	1	5	15.576	321
20	11	4	40	10	left	right	0	14	16.148	867
20	12	4	40	10	right	right	1	9	16.544	544
20	13	4	40	10	right	left	0	19	15.94	1192
20	14	4	40	10	left	left	1	8	16.771	477
20	15	4	40	10	right	left	0	18	15.693	1147
20	16	4	40	10	left	left	1	14	15.217	920
20	17	4	40	10	right	left	0	15	15.091	994
20	18	4	40	10	left	left	1	10	16.181	618
20	19	4	40	10	left	right	0	18	15.789	1140
20	20	4	40	10	right	right	1	7	16.471	425
20	21	4	40	10	right	left	0	30	15.385	1950
20	22	4	40	10	right	left	0	9	15.652	575
20	23	4	40	10	right	left	0	14	15.819	885
20	24	4	40	10	left	right	0	77	15.196	5067
20	25	4	40	10	right	left	0	14	15.419	908
20	26	4	40	10	right	left	0	8	16.878	474
20	27	4	40	10	right	left	0	10	16.75	597
20	28	4	40	10	left	left	1	9	15.517	580
20	29	4	40	10	left	right	0	19	15.98	1189
20	30	4	40	10	right	left	0	7	15.556	450
20	31	4	40	10	right	left	0	7	16.949	413
20	32	4	40	10	right	right	1	12	16.349	734
20	33	4	40	10	left	right	0	25	15.509	1612
20	34	4	40	10	left	right	0	8	16.26	492
20	35	4	40	10	right	left	0	9	15.845	568
20	36	4	40	10	right	left	0	32	15.407	2077
21	1	4	40	10	left	left	1	12	15.873	756
21	2	4	40	10	left	left	1	20	15.798	1266
21	3	4	40	10	right	left	0	16	15.92	1005
21	4	4	40	10	right	left	0	13	16.291	798
21	5	4	40	10	left	right	0	21	15.34	1369
21	6	4	40	10	right	right	1	29	15.336	1891
21	7	4	40	10	right	right	1	29	15.575	1862
21	8	4	40	10	right	right	1	33	15.392	2144
21	9	4	40	10	left	left	1	28	15.608	1794
21	10	4	40	10	left	left	1	26	15.312	1698
21	11	4	40	10	right	left	0	19	15.94	1192
21	12	4	40	10	left	left	1	21	15.567	1349
21	13	4	40	10	right	left	0	11	15.759	698
21	14	4	40	10	right	left	0	12	15.113	794
21	15	4	40	10	right	right	1	7	15.419	454
21	16	4	40	10	left	right	0	21	15.766	1332
21	17	4	40	10	left	left	1	8	15.968	501
21	18	4	40	10	right	left	0	13	15.258	852
21	19	4	40	10	left	right	0	9	16.76	537
21	20	4	40	10	right	tooFast	2	1	166.667	6
21	21	4	40	10	right	left	0	15	16.216	925
21	22	4	40	10	left	right	0	6	15.873	378
21	23	4	40	10	right	tooFast	2	4	16.461	243
21	24	4	40	10	left	left	1	22	15.625	1408
21	25	4	40	10	right	left	0	21	15.533	1352
21	26	4	40	10	left	left	1	13	15.187	856
21	27	4	40	10	left	left	1	28	15.625	1792
21	28	4	40	10	right	right	1	26	15.33	1696
21	29	4	40	10	right	left	0	19	15.347	1238
21	30	4	40	10	right	left	0	12	15.524	773
21	31	4	40	10	right	right	1	11	16.566	664
21	32	4	40	10	left	right	0	20	15.396	1299
21	33	4	40	10	left	right	0	15	15.198	987
21	34	4	40	10	left	left	1	18	15.571	1156
22	1	4	40	10	right	left	0	32	15.159	2111
22	2	4	40	10	right	left	0	9	15.491	581
22	3	4	40	10	left	right	0	11	15.919	691
22	4	4	40	10	right	left	0	7	16.092	435
22	5	4	40	10	left	left	1	8	15.717	509
22	6	4	40	10	left	left	1	18	15.464	1164
22	7	4	40	10	right	left	0	14	15.837	884
22	8	4	40	10	right	left	0	7	15.284	458
22	9	4	40	10	left	right	0	11	15.342	717
22	10	4	40	10	left	left	1	9	16.158	557
22	11	4	40	10	left	left	1	14	15.964	877
22	12	4	40	10	right	left	0	13	16.129	806
22	13	4	40	10	right	left	0	8	16.064	498
22	14	4	40	10	right	right	1	7	15.73	445
22	15	4	40	10	right	right	1	15	16.112	931
22	16	4	40	10	left	right	0	12	15.686	765
22	17	4	40	10	right	left	0	15	16.164	928
22	18	4	40	10	right	left	0	8	15.905	503
22	19	4	40	10	left	right	0	6	15.831	379
22	20	4	40	10	right	right	1	11	15.896	692
22	21	4	40	10	left	right	0	14	16.204	864
22	22	4	40	10	right	left	0	10	15.129	661
22	23	4	40	10	right	left	0	4	15.326	261
22	24	4	40	10	left	right	0	8	15.326	522
22	25	4	40	10	left	left	1	5	17.422	287
22	26	4	40	10	left	left	1	14	16.185	865
22	27	4	40	10	left	left	1	9	15.177	593
22	28	4	40	10	left	right	0	16	15.717	1018
22	29	4	40	10	right	tooFast	2	4	16.393	244
22	30	4	40	10	left	left	1	40	15.244	2624
22	31	4	40	10	right	right	1	31	15.516	1998
22	32	4	40	10	left	left	1	21	15.683	1339
22	33	4	40	10	left	left	1	28	15.419	1816
22	34	4	40	10	right	left	0	20	15.42	1297
22	35	4	40	10	left	right	0	30	15.56	1928
22	36	4	40	10	right	tooFast	2	4	18.433	217
22	37	4	40	10	right	left	0	28	15.385	1820
23	1	4	40	10	right	left	0	10	15.748	635
23	2	4	40	10	left	left	1	11	15.581	706
23	3	4	40	10	left	right	0	12	15.484	775
23	4	4	40	10	left	left	1	5	18.182	275
23	5	4	40	10	right	right	1	15	15.448	971
23	6	4	40	10	left	right	0	12	15.345	782
23	7	4	40	10	left	left	1	10	15.601	641
23	8	4	40	10	left	left	1	14	15.284	916
23	9	4	40	10	left	left	1	15	15.416	973
23	10	4	40	10	left	left	1	14	15.487	904
23	11	4	40	10	left	right	0	14	15.73	890
23	12	4	40	10	left	right	0	6	17.045	352
23	13	4	40	10	left	left	1	7	16.509	424
23	14	4	40	10	right	right	1	15	16.216	925
23	15	4	40	10	left	left	1	14	16.073	871
23	16	4	40	10	right	right	1	19	15.044	1263
23	17	4	40	10	right	right	1	14	16.018	874
23	18	4	40	10	right	left	0	14	15.855	883
23	19	4	40	10	left	right	0	6	17.391	345
23	20	4	40	10	right	right	1	8	16.097	497
23	21	4	40	10	right	right	1	19	15.323	1240
23	22	4	40	10	left	right	0	12	15.424	778
23	23	4	40	10	left	right	0	5	15.823	316
23	24	4	40	10	left	left	1	6	15.152	396
23	25	4	40	10	left	left	1	11	16.743	657
23	26	4	40	10	left	right	0	8	15.326	522
23	27	4	40	10	right	right	1	10	16.474	607
23	28	4	40	10	left	left	1	19	15.212	1249
23	29	4	40	10	right	left	0	12	16.064	747
23	30	4	40	10	right	left	0	6	17.595	341
23	31	4	40	10	right	right	1	6	15.789	380
23	32	4	40	10	right	right	1	13	15.625	832
23	33	4	40	10	left	right	0	13	15.187	856
23	34	4	40	10	left	right	0	17	15.683	1084
23	35	4	40	10	right	right	1	7	17.199	407
23	36	4	40	10	left	right	0	13	16.169	804
23	37	4	40	10	left	left	1	6	15	400
23	38	4	40	10	left	right	0	12	16.216	740
23	39	4	40	10	left	left	1	5	17.422	287
23	40	4	40	10	left	right	0	9	15.411	584
23	41	4	40	10	left	right	0	5	15.723	318
23	42	4	40	10	right	left	0	5	17.544	285
23	43	4	40	10	right	right	1	6	18.127	331
23	44	4	40	10	right	right	1	13	15.682	829
23	45	4	40	10	right	left	0	11	15.007	733
23	46	4	40	10	left	right	0	11	16.591	663
24	1	4	40	10	right	right	1	9	15.707	573
24	2	4	40	10	right	left	0	13	15.513	838
24	3	4	40	10	left	right	0	7	15.801	443
24	4	4	40	10	left	right	0	9	16.158	557
24	5	4	40	10	right	right	1	31	15.609	1986
24	6	4	40	10	left	left	1	19	15.237	1247
24	7	4	40	10	right	right	1	14	16.185	865
24	8	4	40	10	left	right	0	12	15.132	793
24	9	4	40	10	right	right	1	9	15.517	580
24	10	4	40	10	left	left	1	18	15.216	1183
24	11	4	40	10	left	right	0	13	15.222	854
24	12	4	40	10	left	right	0	6	16.529	363
24	13	4	40	10	right	left	0	8	16.563	483
24	14	4	40	10	left	left	1	9	16.1	559
24	15	4	40	10	left	left	1	13	15.476	840
24	16	4	40	10	left	right	0	14	15.368	911
24	17	4	40	10	right	right	1	6	17.595	341
24	18	4	40	10	right	right	1	12	15.306	784
24	19	4	40	10	right	right	1	13	16.129	806
24	20	4	40	10	right	right	1	14	16.26	861
24	21	4	40	10	left	left	1	13	15.99	813
24	22	4	40	10	right	right	1	12	15.524	773
24	23	4	40	10	left	right	0	11	15.214	723
24	24	4	40	10	left	left	1	5	17.123	292
24	25	4	40	10	left	right	0	11	16.616	662
24	26	4	40	10	right	left	0	4	15.326	261
24	27	4	40	10	left	tooFast	2	4	18.265	219
24	28	4	40	10	left	left	1	10	15.848	631
24	29	4	40	10	right	left	0	15	15.213	986
24	30	4	40	10	left	right	0	7	16.746	418
24	31	4	40	10	right	right	1	9	16.917	532
24	32	4	40	10	right	right	1	13	16.03	811
24	33	4	40	10	left	right	0	12	15.424	778
24	34	4	40	10	right	left	0	6	17.595	341
24	35	4	40	10	right	right	1	7	15.453	453
24	36	4	40	10	left	left	1	12	15.113	794
24	37	4	40	10	left	right	0	14	15.487	904
24	38	4	40	10	left	right	0	5	17.986	278
24	39	4	40	10	right	right	1	8	16	500
24	40	4	40	10	left	right	0	14	15.436	907
24	41	4	40	10	right	left	0	7	15.873	441
24	42	4	40	10	right	left	0	6	16.129	372
24	43	4	40	10	right	right	1	8	16	500
24	44	4	40	10	right	right	1	13	15.588	834
24	45	4	40	10	right	right	1	10	16.611	602
24	46	4	40	10	right	right	1	21	15.217	1380
