
blkNum	trlNum	coherentDots	numberofDots	percentCoherence	winningDirection	response	correct	eventCount	averageFrameRate	RT
1	1	4	40	10	left	right	0	30	15.159	1979
1	2	4	40	10	right	left	0	32	15.519	2062
1	3	4	40	10	left	left	1	58	15.352	3778
1	4	4	40	10	right	left	0	53	15.204	3486
1	5	4	40	10	right	right	1	58	15.299	3791
1	6	4	40	10	left	right	0	40	15.089	2651
1	7	4	40	10	left	right	0	85	15.143	5613
1	8	4	40	10	left	left	1	32	15.116	2117
1	9	4	40	10	left	left	1	31	15.641	1982
1	10	4	40	10	left	left	1	32	15.355	2084
1	11	4	40	10	right	left	0	34	15.539	2188
1	12	4	40	10	right	right	1	56	15.172	3691
1	13	4	40	10	left	right	0	58	15.179	3821
1	14	4	40	10	left	left	1	85	15.249	5574
1	15	4	40	10	right	left	0	42	15.396	2728
1	16	4	40	10	left	right	0	78	15.149	5149
2	1	4	40	10	right	left	0	28	15.351	1824
2	2	4	40	10	right	left	0	53	15.13	3503
2	3	4	40	10	right	left	0	116	15.247	7608
2	4	4	40	10	left	left	1	23	15.52	1482
2	5	4	40	10	right	left	0	48	15.214	3155
2	6	4	40	10	left	right	0	62	15.215	4075
2	7	4	40	10	left	left	1	71	15.318	4635
2	8	4	40	10	left	left	1	123	15.23	8076
2	9	4	40	10	right	left	0	79	15.128	5222
2	10	4	40	10	left	left	1	99	15.231	6500
2	11	4	40	10	left	right	0	91	15.297	5949
3	1	4	40	10	left	left	1	144	15.224	9459
3	2	4	40	10	left	left	1	108	15.22	7096
3	3	4	40	10	right	right	1	75	15.291	4905
3	4	4	40	10	right	right	1	67	15.138	4426
3	5	4	40	10	left	left	1	57	15.232	3742
3	6	4	40	10	left	left	1	28	15.143	1849
3	7	4	40	10	left	left	1	34	15.546	2187
3	8	4	40	10	left	right	0	53	15.274	3470
3	9	4	40	10	right	right	1	30	15.576	1926
3	10	4	40	10	right	right	1	19	15.2	1250
3	11	4	40	10	right	left	0	38	15.441	2461
3	12	4	40	10	left	left	1	22	15.771	1395
3	13	4	40	10	left	left	1	39	15.372	2537
3	14	4	40	10	left	left	1	31	15.159	2045
3	15	4	40	10	right	right	1	22	15.759	1396
3	16	4	40	10	left	right	0	25	15.596	1603
3	17	4	40	10	left	right	0	42	15.157	2771
4	1	4	40	10	right	right	1	66	15.193	4344
4	2	4	40	10	left	left	1	36	15.19	2370
4	3	4	40	10	left	left	1	55	15.376	3577
4	4	4	40	10	right	right	1	13	15.187	856
4	5	4	40	10	right	left	0	21	15.34	1369
4	6	4	40	10	left	right	0	25	15.142	1651
4	7	4	40	10	right	right	1	34	15.308	2221
4	8	4	40	10	left	left	1	54	15.135	3568
4	9	4	40	10	left	left	1	56	15.189	3687
4	10	4	40	10	left	right	0	60	15.337	3912
4	11	4	40	10	left	right	0	16	15.81	1012
4	12	4	40	10	left	left	1	48	15.316	3134
4	13	4	40	10	left	left	1	56	15.313	3657
4	14	4	40	10	right	right	1	27	15.332	1761
4	15	4	40	10	left	right	0	37	15.41	2401
4	16	4	40	10	right	right	1	35	15.145	2311
4	17	4	40	10	right	left	0	69	15.168	4549
4	18	4	40	10	right	right	1	81	15.246	5313
5	1	4	40	10	left	right	0	48	15.409	3115
5	2	4	40	10	right	left	0	87	15.269	5698
5	3	4	40	10	left	left	1	15	15.69	956
5	4	4	40	10	left	left	1	33	15.228	2167
5	5	4	40	10	left	left	1	26	15.691	1657
5	6	4	40	10	left	right	0	21	15.453	1359
5	7	4	40	10	left	right	0	17	15.962	1065
5	8	4	40	10	right	right	1	10	15.723	636
5	9	4	40	10	right	left	0	85	15.138	5615
5	10	4	40	10	right	right	1	83	15.263	5438
5	11	4	40	10	left	right	0	68	15.247	4460
5	12	4	40	10	right	left	0	76	15.182	5006
5	13	4	40	10	left	right	0	88	15.22	5782
5	14	4	40	10	right	left	0	132	15.162	8706
6	1	4	40	10	left	right	0	94	15.213	6179
6	2	4	40	10	right	right	1	14	15.086	928
6	3	4	40	10	left	right	0	32	15.137	2114
6	4	4	40	10	left	left	1	20	15.736	1271
6	5	4	40	10	right	right	1	22	15.592	1411
6	6	4	40	10	right	left	0	22	15.089	1458
6	7	4	40	10	left	left	1	56	15.355	3647
6	8	4	40	10	left	right	0	45	15.291	2943
6	9	4	40	10	right	left	0	67	15.248	4394
6	10	4	40	10	left	right	0	74	15.283	4842
6	11	4	40	10	right	left	0	63	15.239	4134
6	12	4	40	10	left	right	0	31	15.4	2013
6	13	4	40	10	left	tooFast	2	4	17.167	233
6	14	4	40	10	right	right	1	45	15.422	2918
6	15	4	40	10	left	right	0	63	15.251	4131
6	16	4	40	10	right	right	1	70	15.148	4621
6	17	4	40	10	left	left	1	64	15.362	4166
7	1	4	40	10	left	left	1	34	15.138	2246
7	2	4	40	10	left	right	0	35	15.284	2290
7	3	4	40	10	right	right	1	14	15.538	901
7	4	4	40	10	right	right	1	97	15.276	6350
7	5	4	40	10	left	left	1	66	15.179	4348
7	6	4	40	10	left	right	0	57	15.265	3734
7	7	4	40	10	right	left	0	57	15.269	3733
7	8	4	40	10	right	right	1	45	15.348	2932
7	9	4	40	10	right	left	0	102	15.192	6714
7	10	4	40	10	right	left	0	32	15.526	2061
7	11	4	40	10	left	left	1	32	15.253	2098
7	12	4	40	10	right	right	1	48	15.18	3162
7	13	4	40	10	right	left	0	116	15.235	7614
7	14	4	40	10	right	right	1	122	15.248	8001
8	1	4	40	10	right	right	1	107	15.266	7009
8	2	4	40	10	right	right	1	37	15.17	2439
8	3	4	40	10	right	left	0	49	15.199	3224
8	4	4	40	10	left	left	1	16	15.595	1026
8	5	4	40	10	left	left	1	20	15.42	1297
8	6	4	40	10	left	left	1	61	15.327	3980
8	7	4	40	10	right	right	1	42	15.239	2756
8	8	4	40	10	right	right	1	32	15.466	2069
8	9	4	40	10	left	right	0	31	15.461	2005
8	10	4	40	10	left	left	1	14	15.102	927
8	11	4	40	10	right	left	0	39	15.222	2562
8	12	4	40	10	right	right	1	31	15.233	2035
8	13	4	40	10	right	right	1	27	15.254	1770
8	14	4	40	10	left	left	1	34	15.441	2202
8	15	4	40	10	right	right	1	26	15.143	1717
8	16	4	40	10	left	left	1	20	15.291	1308
8	17	4	40	10	right	right	1	13	15.187	856
8	18	4	40	10	right	left	0	12	15.769	761
8	19	4	40	10	left	left	1	12	15.544	772
8	20	4	40	10	right	right	1	31	15.115	2051
8	21	4	40	10	right	left	0	32	15.253	2098
8	22	4	40	10	left	left	1	28	15.16	1847
8	23	4	40	10	left	right	0	53	15.296	3465
9	1	4	40	10	left	right	0	18	15.734	1144
9	2	4	40	10	right	left	0	26	15.214	1709
9	3	4	40	10	left	left	1	16	15.748	1016
9	4	4	40	10	right	right	1	49	15.137	3237
9	5	4	40	10	left	left	1	59	15.198	3882
9	6	4	40	10	right	left	0	31	15.554	1993
9	7	4	40	10	left	right	0	24	15.666	1532
9	8	4	40	10	right	left	0	14	15.184	922
9	9	4	40	10	left	left	1	8	16.598	482
9	10	4	40	10	left	left	1	14	15.748	889
9	11	4	40	10	left	right	0	26	15.303	1699
9	12	4	40	10	right	right	1	10	16.287	614
9	13	4	40	10	left	right	0	13	15.046	864
9	14	4	40	10	right	left	0	26	15.348	1694
9	15	4	40	10	left	right	0	56	15.317	3656
9	16	4	40	10	right	left	0	35	15.425	2269
9	17	4	40	10	right	left	0	8	16.427	487
9	18	4	40	10	right	right	1	43	15.254	2819
9	19	4	40	10	right	right	1	20	15.649	1278
9	20	4	40	10	left	left	1	42	15.256	2753
9	21	4	40	10	left	left	1	15	15.723	954
9	22	4	40	10	right	left	0	12	15.19	790
9	23	4	40	10	left	right	0	23	15.282	1505
9	24	4	40	10	right	left	0	29	15.239	1903
9	25	4	40	10	left	left	1	14	15.625	896
9	26	4	40	10	right	left	0	48	15.301	3137
10	1	4	40	10	left	left	1	89	15.24	5840
10	2	4	40	10	left	right	0	35	15.08	2321
10	3	4	40	10	left	left	1	49	15.142	3236
10	4	4	40	10	right	right	1	39	15.222	2562
10	5	4	40	10	right	left	0	19	15.152	1254
10	6	4	40	10	right	left	0	33	15.124	2182
10	7	4	40	10	right	right	1	33	15.356	2149
10	8	4	40	10	left	left	1	22	15.374	1431
10	9	4	40	10	right	right	1	92	15.174	6063
10	10	4	40	10	left	right	0	43	15.374	2797
10	11	4	40	10	left	right	0	66	15.324	4307
10	12	4	40	10	left	right	0	43	15.39	2794
10	13	4	40	10	left	left	1	21	15.613	1345
10	14	4	40	10	left	left	1	76	15.279	4974
10	15	4	40	10	right	right	1	87	15.207	5721
10	16	4	40	10	left	left	1	19	15.249	1246
10	17	4	40	10	right	right	1	22	15.439	1425
11	1	4	40	10	left	left	1	34	15.554	2186
11	2	4	40	10	right	right	1	25	15.198	1645
11	3	4	40	10	left	right	0	33	15.385	2145
11	4	4	40	10	right	right	1	9	15.845	568
11	5	4	40	10	right	left	0	21	15.707	1337
11	6	4	40	10	left	right	0	34	15.433	2203
11	7	4	40	10	left	left	1	35	15.067	2323
11	8	4	40	10	right	right	1	78	15.279	5105
11	9	4	40	10	right	left	0	43	15.189	2831
11	10	4	40	10	right	right	1	37	15.17	2439
11	11	4	40	10	left	left	1	77	15.254	5048
11	12	4	40	10	right	right	1	62	15.331	4044
11	13	4	40	10	right	right	1	47	15.186	3095
11	14	4	40	10	right	left	0	33	15.214	2169
11	15	4	40	10	left	left	1	11	16.393	671
11	16	4	40	10	left	left	1	35	15.385	2275
11	17	4	40	10	right	right	1	39	15.318	2546
11	18	4	40	10	right	left	0	75	15.204	4933
11	19	4	40	10	right	left	0	44	15.178	2899
12	1	4	40	10	right	left	0	38	15.224	2496
12	2	4	40	10	right	right	1	68	15.288	4448
12	3	4	40	10	right	left	0	18	15.451	1165
12	4	4	40	10	left	right	0	40	15.373	2602
12	5	4	40	10	left	left	1	13	15.116	860
12	6	4	40	10	left	right	0	39	15.397	2533
12	7	4	40	10	right	right	1	17	16.008	1062
12	8	4	40	10	right	left	0	83	15.314	5420
12	9	4	40	10	left	right	0	60	15.318	3917
12	10	4	40	10	right	right	1	19	15.397	1234
12	11	4	40	10	right	right	1	50	15.253	3278
12	12	4	40	10	left	left	1	21	15.141	1387
12	13	4	40	10	left	left	1	47	15.255	3081
12	14	4	40	10	right	right	1	11	15.559	707
12	15	4	40	10	left	left	1	12	15.464	776
12	16	4	40	10	right	left	0	47	15.349	3062
12	17	4	40	10	right	right	1	22	15.759	1396
12	18	4	40	10	right	left	0	14	15.873	882
12	19	4	40	10	left	right	0	13	15.169	857
12	20	4	40	10	right	left	0	19	15.548	1222
12	21	4	40	10	right	right	1	21	15.475	1357
12	22	4	40	10	right	right	1	44	15.178	2899
13	1	4	40	10	right	right	1	37	15.17	2439
13	2	4	40	10	left	left	1	28	15.217	1840
13	3	4	40	10	right	left	0	25	15.605	1602
13	4	4	40	10	left	left	1	18	15.817	1138
13	5	4	40	10	left	left	1	21	15.613	1345
13	6	4	40	10	left	left	1	23	15.385	1495
13	7	4	40	10	left	left	1	24	15.219	1577
13	8	4	40	10	left	right	0	43	15.335	2804
13	9	4	40	10	left	left	1	36	15.132	2379
13	10	4	40	10	right	right	1	23	15.678	1467
13	11	4	40	10	left	left	1	18	15.803	1139
13	12	4	40	10	right	left	0	17	15.469	1099
13	13	4	40	10	right	right	1	16	16.016	999
13	14	4	40	10	right	right	1	23	15.344	1499
13	15	4	40	10	left	left	1	18	15.152	1188
13	16	4	40	10	right	left	0	15	15.544	965
13	17	4	40	10	right	right	1	14	14.989	934
13	18	4	40	10	left	right	0	17	15.962	1065
13	19	4	40	10	left	left	1	15	15.322	979
13	20	4	40	10	left	left	1	36	15.158	2375
13	21	4	40	10	right	right	1	22	15.288	1439
13	22	4	40	10	right	left	0	13	14.925	871
13	23	4	40	10	left	right	0	10	16.313	613
13	24	4	40	10	right	right	1	10	14.97	668
13	25	4	40	10	left	right	0	22	15.714	1400
13	26	4	40	10	left	left	1	12	16.043	748
13	27	4	40	10	right	left	0	50	15.385	3250
13	28	4	40	10	right	left	0	14	15.168	923
13	29	4	40	10	right	left	0	5	18.727	267
13	30	4	40	10	left	right	0	17	15.497	1097
14	1	4	40	10	right	left	0	42	15.379	2731
14	2	4	40	10	right	right	1	32	15.087	2121
14	3	4	40	10	right	left	0	55	15.168	3626
14	4	4	40	10	left	left	1	12	15.831	758
14	5	4	40	10	right	right	1	27	15.376	1756
14	6	4	40	10	left	right	0	38	15.447	2460
14	7	4	40	10	right	left	0	19	15.188	1251
14	8	4	40	10	right	right	1	24	15.686	1530
14	9	4	40	10	right	right	1	21	15.13	1388
14	10	4	40	10	left	left	1	27	15.535	1738
14	11	4	40	10	left	left	1	39	15.513	2514
14	12	4	40	10	left	right	0	25	15.423	1621
14	13	4	40	10	right	right	1	68	15.158	4486
14	14	4	40	10	left	right	0	56	15.168	3692
14	15	4	40	10	left	left	1	21	15.251	1377
14	16	4	40	10	right	right	1	113	15.141	7463
14	17	4	40	10	right	right	1	72	15.148	4753
14	18	4	40	10	right	left	0	66	15.285	4318
15	1	4	40	10	right	right	1	30	15.182	1976
15	2	4	40	10	right	left	0	32	15.289	2093
15	3	4	40	10	right	left	0	12	16.086	746
15	4	4	40	10	left	left	1	25	15.576	1605
15	5	4	40	10	left	left	1	13	16.23	801
15	6	4	40	10	left	right	0	28	15.078	1857
15	7	4	40	10	right	right	1	7	16.908	414
15	8	4	40	10	left	right	0	23	15.426	1491
15	9	4	40	10	left	left	1	20	15.326	1305
15	10	4	40	10	right	right	1	16	15.311	1045
15	11	4	40	10	right	left	0	15	15.322	979
15	12	4	40	10	right	right	1	13	15.7	828
15	13	4	40	10	right	left	0	22	15.331	1435
15	14	4	40	10	right	right	1	13	15.777	824
15	15	4	40	10	right	right	1	86	15.184	5664
15	16	4	40	10	right	left	0	26	15.294	1700
15	17	4	40	10	left	right	0	8	16.427	487
15	18	4	40	10	left	right	0	5	15.48	323
15	19	4	40	10	left	right	0	25	15.291	1635
15	20	4	40	10	right	left	0	25	15.356	1628
15	21	4	40	10	right	left	0	17	15.539	1094
15	22	4	40	10	right	right	1	15	15.609	961
15	23	4	40	10	left	right	0	42	15.328	2740
15	24	4	40	10	right	left	0	6	16.62	361
15	25	4	40	10	left	right	0	12	16.086	746
15	26	4	40	10	right	right	1	14	15.135	925
15	27	4	40	10	right	left	0	42	15.179	2767
15	28	4	40	10	right	right	1	16	15.18	1054
15	29	4	40	10	left	right	0	24	15.514	1547
16	1	4	40	10	left	left	1	69	15.344	4497
16	2	4	40	10	left	right	0	23	15.062	1527
16	3	4	40	10	left	left	1	22	15.385	1430
16	4	4	40	10	left	left	1	27	15.169	1780
16	5	4	40	10	right	right	1	29	15.45	1877
16	6	4	40	10	left	left	1	23	15.457	1488
16	7	4	40	10	left	right	0	16	15.984	1001
16	8	4	40	10	right	left	0	42	15.385	2730
16	9	4	40	10	right	right	1	38	15.182	2503
16	10	4	40	10	right	right	1	35	15.231	2298
16	11	4	40	10	left	left	1	16	15.504	1032
16	12	4	40	10	left	left	1	16	15.195	1053
16	13	4	40	10	left	left	1	25	15.674	1595
16	14	4	40	10	left	right	0	13	15.663	830
16	15	4	40	10	left	left	1	16	15.34	1043
16	16	4	40	10	right	left	0	31	15.309	2025
16	17	4	40	10	right	right	1	20	15.106	1324
16	18	4	40	10	right	right	1	30	15.298	1961
16	19	4	40	10	left	right	0	20	15.649	1278
16	20	4	40	10	left	left	1	13	15.644	831
16	21	4	40	10	left	left	1	12	15.171	791
16	22	4	40	10	left	right	0	19	15.067	1261
16	23	4	40	10	right	right	1	8	16.807	476
16	24	4	40	10	right	right	1	12	15.894	755
16	25	4	40	10	left	left	1	12	15.132	793
16	26	4	40	10	right	right	1	12	15.444	777
16	27	4	40	10	left	left	1	11	15.471	711
16	28	4	40	10	left	right	0	13	15.403	844
16	29	4	40	10	left	left	1	19	15.807	1202
16	30	4	40	10	left	left	1	21	15.317	1371
16	31	4	40	10	right	right	1	19	15.115	1257
17	1	4	40	10	right	left	0	20	15.152	1320
17	2	4	40	10	right	right	1	26	15.606	1666
17	3	4	40	10	right	left	0	11	15.647	703
17	4	4	40	10	left	right	0	13	16.069	809
17	5	4	40	10	right	left	0	11	15.515	709
17	6	4	40	10	left	left	1	19	15.139	1255
17	7	4	40	10	left	right	0	15	15.593	962
17	8	4	40	10	right	right	1	8	15.355	521
17	9	4	40	10	right	left	0	34	15.385	2210
17	10	4	40	10	left	right	0	15	15.213	986
17	11	4	40	10	left	right	0	12	15.727	763
17	12	4	40	10	right	right	1	17	15.785	1077
17	13	4	40	10	right	right	1	32	15.245	2099
17	14	4	40	10	left	left	1	11	15.363	716
17	15	4	40	10	right	right	1	13	16.23	801
17	16	4	40	10	left	left	1	10	15.823	632
17	17	4	40	10	left	right	0	30	15.536	1931
17	18	4	40	10	left	left	1	18	15.05	1196
17	19	4	40	10	left	right	0	19	15.447	1230
17	20	4	40	10	right	right	1	9	14.876	605
17	21	4	40	10	left	left	1	11	15.131	727
17	22	4	40	10	left	left	1	14	15.982	876
17	23	4	40	10	right	right	1	11	15.67	702
17	24	4	40	10	left	left	1	11	15.581	706
17	25	4	40	10	right	left	0	12	15.645	767
17	26	4	40	10	left	right	0	41	15.425	2658
17	27	4	40	10	left	right	0	31	15.641	1982
17	28	4	40	10	right	right	1	7	15.054	465
17	29	4	40	10	right	left	0	13	16.109	807
17	30	4	40	10	right	left	0	5	16.234	308
17	31	4	40	10	left	left	1	5	16.287	307
17	32	4	40	10	right	left	0	52	15.376	3382
17	33	4	40	10	left	right	0	24	15.19	1580
17	34	4	40	10	right	left	0	23	15.509	1483
18	1	4	40	10	right	left	0	57	15.212	3747
18	2	4	40	10	left	right	0	18	15.584	1155
18	3	4	40	10	left	right	0	43	15.27	2816
18	4	4	40	10	left	left	1	16	15.519	1031
18	5	4	40	10	right	left	0	40	15.123	2645
18	6	4	40	10	left	left	1	13	15.187	856
18	7	4	40	10	right	left	0	23	15.614	1473
18	8	4	40	10	left	right	0	15	15.924	942
18	9	4	40	10	right	right	1	20	15.748	1270
18	10	4	40	10	left	right	0	20	15.516	1289
18	11	4	40	10	right	left	0	20	15.516	1289
18	12	4	40	10	left	left	1	10	16	625
18	13	4	40	10	right	right	1	17	15.247	1115
18	14	4	40	10	left	left	1	13	15.682	829
18	15	4	40	10	right	right	1	12	15.564	771
18	16	4	40	10	left	left	1	17	15.497	1097
18	17	4	40	10	right	left	0	35	15.086	2320
18	18	4	40	10	right	left	0	8	16.293	491
18	19	4	40	10	right	left	0	10	15.267	655
18	20	4	40	10	left	left	1	9	14.803	608
18	21	4	40	10	right	left	0	14	15.873	882
18	22	4	40	10	left	left	1	12	15.306	784
18	23	4	40	10	left	right	0	18	15.424	1167
18	24	4	40	10	left	right	0	5	18.051	277
18	25	4	40	10	right	right	1	9	16.949	531
18	26	4	40	10	left	right	0	20	15.106	1324
18	27	4	40	10	left	left	1	12	15.524	773
18	28	4	40	10	right	right	1	17	15.455	1100
18	29	4	40	10	right	left	0	8	15.296	523
18	30	4	40	10	left	tooFast	2	1	142.857	7
18	31	4	40	10	left	right	0	7	16.241	431
18	32	4	40	10	right	left	0	27	15.263	1769
19	1	4	40	10	left	right	0	22	15.839	1389
19	2	4	40	10	left	left	1	11	15.278	720
19	3	4	40	10	left	right	0	27	15.571	1734
19	4	4	40	10	left	right	0	9	16.484	546
19	5	4	40	10	left	right	0	17	15.992	1063
19	6	4	40	10	left	left	1	23	15.202	1513
19	7	4	40	10	right	right	1	31	15.107	2052
19	8	4	40	10	left	right	0	17	15.829	1074
19	9	4	40	10	left	left	1	16	15.549	1029
19	10	4	40	10	right	right	1	36	15.398	2338
19	11	4	40	10	left	left	1	48	15.224	3153
19	12	4	40	10	right	right	1	36	15.431	2333
19	13	4	40	10	right	left	0	12	15.404	779
19	14	4	40	10	left	right	0	18	15.972	1127
19	15	4	40	10	left	right	0	86	15.262	5635
19	16	4	40	10	right	left	0	9	16.917	532
19	17	4	40	10	right	left	0	37	15.208	2433
19	18	4	40	10	right	right	1	24	15.474	1551
19	19	4	40	10	left	right	0	35	15.132	2313
19	20	4	40	10	left	left	1	30	15.213	1972
19	21	4	40	10	left	left	1	14	15.487	904
19	22	4	40	10	left	right	0	14	15.184	922
19	23	4	40	10	left	right	0	45	15.234	2954
19	24	4	40	10	right	left	0	43	15.374	2797
19	25	4	40	10	right	right	1	15	15.432	972
20	1	4	40	10	left	right	0	19	15.612	1217
20	2	4	40	10	left	left	1	7	16.509	424
20	3	4	40	10	right	left	0	13	15.081	862
20	4	4	40	10	right	right	1	17	15.138	1123
20	5	4	40	10	left	left	1	12	15.727	763
20	6	4	40	10	left	right	0	12	15.444	777
20	7	4	40	10	left	right	0	38	15.152	2508
20	8	4	40	10	left	left	1	11	15.714	700
20	9	4	40	10	right	right	1	15	15.873	945
20	10	4	40	10	left	left	1	11	16.272	676
20	11	4	40	10	left	left	1	30	15.369	1952
20	12	4	40	10	right	left	0	25	15.576	1605
20	13	4	40	10	right	right	1	36	15.326	2349
20	14	4	40	10	right	right	1	34	15.426	2204
20	15	4	40	10	left	left	1	73	15.161	4815
20	16	4	40	10	right	left	0	26	15.205	1710
20	17	4	40	10	left	left	1	20	15.613	1281
20	18	4	40	10	left	left	1	22	15.235	1444
20	19	4	40	10	right	right	1	12	15.873	756
20	20	4	40	10	left	left	1	12	15.584	770
20	21	4	40	10	left	left	1	52	15.182	3425
20	22	4	40	10	right	left	0	22	15.504	1419
20	23	4	40	10	right	right	1	18	15.972	1127
20	24	4	40	10	right	right	1	16	15.296	1046
20	25	4	40	10	right	right	1	17	15.247	1115
20	26	4	40	10	left	right	0	13	15.134	859
20	27	4	40	10	right	left	0	29	15.558	1864
20	28	4	40	10	right	left	0	15	15.496	968
20	29	4	40	10	right	left	0	6	15.625	384
20	30	4	40	10	left	left	1	6	14.963	401
20	31	4	40	10	right	left	0	12	15.666	766
21	1	4	40	10	left	left	1	38	15.36	2474
21	2	4	40	10	right	right	1	16	15.209	1052
21	3	4	40	10	right	right	1	26	15.24	1706
21	4	4	40	10	right	right	1	28	15.359	1823
21	5	4	40	10	right	left	0	11	15.603	705
21	6	4	40	10	right	right	1	15	15.448	971
21	7	4	40	10	left	left	1	19	15.548	1222
21	8	4	40	10	right	left	0	34	15.343	2216
21	9	4	40	10	right	right	1	12	15.936	753
21	10	4	40	10	right	left	0	12	16.327	735
21	11	4	40	10	left	right	0	7	16.471	425
21	12	4	40	10	right	left	0	36	15.444	2331
21	13	4	40	10	right	left	0	9	16.575	543
21	14	4	40	10	right	left	0	19	15.677	1212
21	15	4	40	10	right	left	0	6	16.173	371
21	16	4	40	10	left	left	1	19	15.781	1204
21	17	4	40	10	left	left	1	14	15.801	886
21	18	4	40	10	left	right	0	18	15	1200
21	19	4	40	10	left	right	0	9	16.364	550
21	20	4	40	10	right	left	0	8	15.504	516
21	21	4	40	10	left	tooFast	2	4	17.778	225
21	22	4	40	10	right	right	1	21	15.567	1349
21	23	4	40	10	right	left	0	14	15.855	883
21	24	4	40	10	left	right	0	39	15.228	2561
21	25	4	40	10	left	left	1	17	15.712	1082
21	26	4	40	10	right	right	1	17	15.525	1095
21	27	4	40	10	left	left	1	18	15.025	1198
21	28	4	40	10	right	left	0	38	15.176	2504
21	29	4	40	10	right	right	1	10	15.456	647
21	30	4	40	10	left	left	1	26	15.231	1707
21	31	4	40	10	left	right	0	17	15.497	1097
21	32	4	40	10	left	left	1	15	15.045	997
22	1	4	40	10	right	right	1	51	15.192	3357
22	2	4	40	10	right	left	0	13	15.081	862
22	3	4	40	10	left	left	1	11	15.048	731
22	4	4	40	10	right	left	0	19	15.397	1234
22	5	4	40	10	right	right	1	13	15.777	824
22	6	4	40	10	left	left	1	16	15.152	1056
22	7	4	40	10	right	left	0	14	15.251	918
22	8	4	40	10	left	left	1	13	15.834	821
22	9	4	40	10	left	left	1	29	15.45	1877
22	10	4	40	10	right	right	1	13	14.925	871
22	11	4	40	10	right	right	1	21	15.625	1344
22	12	4	40	10	right	right	1	24	15.494	1549
22	13	4	40	10	left	left	1	34	15.288	2224
22	14	4	40	10	right	left	0	24	15.514	1547
22	15	4	40	10	left	left	1	15	15.723	954
22	16	4	40	10	left	right	0	34	15.192	2238
22	17	4	40	10	right	right	1	10	15.291	654
22	18	4	40	10	left	right	0	13	16.049	810
22	19	4	40	10	left	left	1	11	16.2	679
22	20	4	40	10	left	right	0	16	15.459	1035
22	21	4	40	10	right	right	1	7	16.949	413
22	22	4	40	10	right	left	0	12	15.267	786
22	23	4	40	10	left	left	1	5	17.065	293
22	24	4	40	10	left	right	0	31	15.625	1984
22	25	4	40	10	right	left	0	13	15.738	826
22	26	4	40	10	right	left	0	22	15.46	1423
22	27	4	40	10	right	right	1	37	15.245	2427
22	28	4	40	10	right	left	0	19	15.372	1236
22	29	4	40	10	left	left	1	25	15.442	1619
22	30	4	40	10	right	right	1	22	15.537	1416
22	31	4	40	10	right	right	1	31	15.093	2054
22	32	4	40	10	right	left	0	17	15.668	1085
23	1	4	40	10	right	left	0	23	15.293	1504
23	2	4	40	10	right	right	1	6	16.76	358
23	3	4	40	10	left	right	0	20	15.314	1306
23	4	4	40	10	right	left	0	11	15.027	732
23	5	4	40	10	left	right	0	14	15.251	918
23	6	4	40	10	right	right	1	8	16.227	493
23	7	4	40	10	right	right	1	16	15.209	1052
23	8	4	40	10	left	left	1	11	15.406	714
23	9	4	40	10	left	left	1	13	16.109	807
23	10	4	40	10	right	right	1	13	15.366	846
23	11	4	40	10	right	left	0	12	15.326	783
23	12	4	40	10	right	left	0	10	15.974	626
23	13	4	40	10	left	right	0	14	15.07	929
23	14	4	40	10	right	left	0	8	16.393	488
23	15	4	40	10	left	left	1	5	15.432	324
23	16	4	40	10	left	right	0	28	15.086	1856
23	17	4	40	10	right	right	1	5	15.674	319
23	18	4	40	10	left	left	1	11	15.068	730
23	19	4	40	10	right	right	1	41	15.168	2703
23	20	4	40	10	left	left	1	31	15.263	2031
23	21	4	40	10	right	left	0	33	15.292	2158
23	22	4	40	10	left	left	1	9	15.28	589
23	23	4	40	10	left	left	1	25	15.394	1624
23	24	4	40	10	right	left	0	31	15.601	1987
23	25	4	40	10	right	right	1	12	15.345	782
23	26	4	40	10	right	right	1	18	15.152	1188
23	27	4	40	10	right	right	1	23	15.232	1510
23	28	4	40	10	right	left	0	29	15.303	1895
23	29	4	40	10	left	left	1	6	17.094	351
23	30	4	40	10	left	left	1	17	15.947	1066
23	31	4	40	10	right	left	0	14	15.909	880
23	32	4	40	10	right	right	1	6	16.349	367
23	33	4	40	10	right	right	1	12	15.727	763
23	34	4	40	10	left	right	0	12	15.625	768
23	35	4	40	10	right	left	0	7	15.487	452
23	36	4	40	10	right	left	0	20	15.649	1278
24	1	4	40	10	right	left	0	14	15.47	905
24	2	4	40	10	left	left	1	17	15.413	1103
24	3	4	40	10	left	left	1	37	15.277	2422
24	4	4	40	10	left	right	0	19	15.044	1263
24	5	4	40	10	right	left	0	11	16.393	671
24	6	4	40	10	right	right	1	18	15.734	1144
24	7	4	40	10	right	right	1	16	15.504	1032
24	8	4	40	10	right	right	1	15	15.806	949
24	9	4	40	10	right	right	1	18	15.411	1168
24	10	4	40	10	right	left	0	19	15.612	1217
24	11	4	40	10	left	left	1	10	15.06	664
24	12	4	40	10	right	left	0	15	15.182	988
24	13	4	40	10	left	right	0	13	16.149	805
24	14	4	40	10	left	left	1	10	15.038	665
24	15	4	40	10	left	right	0	20	15.48	1292
24	16	4	40	10	right	left	0	13	16.332	796
24	17	4	40	10	right	left	0	7	15.909	440
24	18	4	40	10	left	left	1	12	15.248	787
24	19	4	40	10	right	left	0	16	15.842	1010
24	20	4	40	10	right	right	1	7	16.393	427
24	21	4	40	10	right	right	1	17	15.385	1105
24	22	4	40	10	left	left	1	13	16.089	808
24	23	4	40	10	right	right	1	14	15.086	928
24	24	4	40	10	left	left	1	13	16.049	810
24	25	4	40	10	left	right	0	16	15.474	1034
24	26	4	40	10	right	left	0	15	15.182	988
24	27	4	40	10	right	right	1	5	15.773	317
24	28	4	40	10	left	right	0	21	15.453	1359
24	29	4	40	10	left	right	0	9	15.152	594
24	30	4	40	10	right	left	0	5	15.974	313
24	31	4	40	10	right	right	1	7	17.157	408
24	32	4	40	10	right	right	1	17	15.888	1070
24	33	4	40	10	right	right	1	17	15.233	1116
24	34	4	40	10	left	right	0	14	15.284	916
24	35	4	40	10	left	right	0	12	15.152	792
24	36	4	40	10	left	right	0	11	15.172	725
24	37	4	40	10	left	right	0	11	15.152	726
24	38	4	40	10	left	left	1	13	15.33	848
24	39	4	40	10	right	right	1	22	15.625	1408
