
blkNum	trlNum	coherentDots	numberofDots	percentCoherence	winningDirection	response	correct	eventCount	averageFrameRate	RT
1	1	4	40	10	left	right	0	223	15.219	14653
1	2	4	40	10	left	right	0	93	15.248	6099
1	3	4	40	10	left	right	0	220	15.154	14518
1	4	4	40	10	left	left	1	96	15.245	6297
1	5	4	40	10	right	right	1	86	15.17	5669
1	6	4	40	10	right	right	1	31	15.554	1993
1	7	4	40	10	right	left	0	51	15.375	3317
1	8	4	40	10	left	right	0	6	15.544	386
1	9	4	40	10	left	left	1	41	15.519	2642
2	1	4	40	10	left	left	1	44	15.32	2872
2	2	4	40	10	right	left	0	21	15.217	1380
2	3	4	40	10	right	tooFast	2	4	16.26	246
2	4	4	40	10	right	right	1	58	15.283	3795
2	5	4	40	10	left	left	1	78	15.166	5143
2	6	4	40	10	left	left	1	18	15.776	1141
2	7	4	40	10	left	left	1	17	15.568	1092
2	8	4	40	10	right	right	1	20	15.492	1291
2	9	4	40	10	left	left	1	15	15.275	982
2	10	4	40	10	right	right	1	81	15.312	5290
2	11	4	40	10	right	right	1	34	15.322	2219
2	12	4	40	10	left	left	1	16	15.656	1022
2	13	4	40	10	left	left	1	21	15.51	1354
2	14	4	40	10	right	right	1	15	16.06	934
2	15	4	40	10	right	right	1	23	15.625	1472
2	16	4	40	10	right	right	1	18	15.845	1136
2	17	4	40	10	right	right	1	15	15.512	967
2	18	4	40	10	left	left	1	11	15.942	690
2	19	4	40	10	right	right	1	12	15.345	782
2	20	4	40	10	left	left	1	12	16.043	748
2	21	4	40	10	left	left	1	18	15.707	1146
2	22	4	40	10	right	right	1	17	15.483	1098
2	23	4	40	10	right	right	1	13	15.476	840
2	24	4	40	10	right	right	1	11	15.11	728
2	25	4	40	10	left	left	1	12	16.216	740
2	26	4	40	10	left	left	1	15	15.723	954
2	27	4	40	10	left	left	1	14	15.837	884
2	28	4	40	10	right	right	1	13	15.24	853
2	29	4	40	10	left	left	1	11	16.058	685
2	30	4	40	10	right	right	1	11	16.369	672
2	31	4	40	10	right	right	1	12	15.385	780
2	32	4	40	10	right	right	1	45	15.4	2922
3	1	4	40	10	right	right	1	26	15.249	1705
3	2	4	40	10	right	right	1	12	16.151	743
3	3	4	40	10	left	left	1	11	16.082	684
3	4	4	40	10	left	left	1	14	15.784	887
3	5	4	40	10	right	right	1	11	16.176	680
3	6	4	40	10	right	right	1	11	15.048	731
3	7	4	40	10	left	left	1	28	15.086	1856
3	8	4	40	10	left	left	1	13	15.738	826
3	9	4	40	10	left	left	1	13	16.25	800
3	10	4	40	10	right	right	1	11	15.988	688
3	11	4	40	10	right	right	1	14	16	875
3	12	4	40	10	left	left	1	23	15.509	1483
3	13	4	40	10	right	right	1	58	15.312	3788
3	14	4	40	10	right	right	1	53	15.234	3479
3	15	4	40	10	left	left	1	51	15.315	3330
3	16	4	40	10	right	right	1	14	15.453	906
3	17	4	40	10	left	left	1	16	15.459	1035
3	18	4	40	10	left	right	0	99	15.184	6520
3	19	4	40	10	left	left	1	36	15.531	2318
3	20	4	40	10	right	right	1	14	15.301	915
3	21	4	40	10	left	left	1	18	15.776	1141
3	22	4	40	10	left	left	1	19	15.372	1236
3	23	4	40	10	left	left	1	19	15.152	1254
3	24	4	40	10	right	right	1	11	15.089	729
3	25	4	40	10	left	left	1	15	16.216	925
3	26	4	40	10	right	right	1	15	15.512	967
3	27	4	40	10	right	right	1	14	15.713	891
3	28	4	40	10	right	right	1	58	15.279	3796
3	29	4	40	10	right	right	1	16	15.779	1014
3	30	4	40	10	left	left	1	27	15.376	1756
4	1	4	40	10	right	right	1	23	15.808	1455
4	2	4	40	10	right	right	1	13	16.109	807
4	3	4	40	10	left	left	1	12	16.349	734
4	4	4	40	10	left	left	1	13	15.569	835
4	5	4	40	10	left	right	0	54	15.332	3522
4	6	4	40	10	left	left	1	15	16.094	932
4	7	4	40	10	right	right	1	24	15.171	1582
4	8	4	40	10	right	right	1	50	15.133	3304
4	9	4	40	10	right	right	1	34	15.518	2191
4	10	4	40	10	right	right	1	90	15.18	5929
4	11	4	40	10	left	left	1	132	15.258	8651
4	12	4	40	10	right	right	1	45	15.48	2907
4	13	4	40	10	right	right	1	23	15.551	1479
4	14	4	40	10	right	right	1	76	15.227	4991
4	15	4	40	10	left	left	1	70	15.291	4578
4	16	4	40	10	right	right	1	38	15.261	2490
4	17	4	40	10	left	left	1	64	15.253	4196
4	18	4	40	10	left	left	1	69	15.289	4513
5	1	4	40	10	left	left	1	27	15.464	1746
5	2	4	40	10	right	right	1	9	16.514	545
5	3	4	40	10	right	right	1	9	15.817	569
5	4	4	40	10	right	right	1	11	15.068	730
5	5	4	40	10	left	left	1	9	16.334	551
5	6	4	40	10	right	right	1	9	16.822	535
5	7	4	40	10	right	right	1	12	16.327	735
5	8	4	40	10	right	right	1	12	15.544	772
5	9	4	40	10	right	right	1	14	16.166	866
5	10	4	40	10	right	right	1	12	15.424	778
5	11	4	40	10	left	left	1	14	15.909	880
5	12	4	40	10	left	left	1	10	16	625
5	13	4	40	10	left	left	1	10	15.924	628
5	14	4	40	10	left	left	1	9	15.254	590
5	15	4	40	10	left	left	1	9	15.228	591
5	16	4	40	10	left	left	1	10	16.447	608
5	17	4	40	10	right	right	1	10	16.207	617
5	18	4	40	10	left	left	1	10	15.949	627
5	19	4	40	10	left	left	1	11	15.515	709
5	20	4	40	10	left	left	1	14	16.037	873
5	21	4	40	10	left	left	1	9	15.571	578
5	22	4	40	10	right	right	1	10	16.155	619
5	23	4	40	10	right	right	1	10	15.699	637
5	24	4	40	10	right	left	0	13	15.205	855
5	25	4	40	10	left	right	0	5	18.727	267
5	26	4	40	10	right	right	1	10	16.393	610
5	27	4	40	10	left	left	1	10	15.924	628
5	28	4	40	10	left	left	1	20	15.361	1302
5	29	4	40	10	left	left	1	10	15.974	626
5	30	4	40	10	left	left	1	10	15.337	652
5	31	4	40	10	right	right	1	10	16.051	623
5	32	4	40	10	left	left	1	10	15.798	633
5	33	4	40	10	left	left	1	10	16.155	619
5	34	4	40	10	left	left	1	14	16.11	869
5	35	4	40	10	left	left	1	10	16.313	613
5	36	4	40	10	left	left	1	9	15.437	583
5	37	4	40	10	right	right	1	9	16.043	561
5	38	4	40	10	right	right	1	9	16.275	553
5	39	4	40	10	right	right	1	9	16.275	553
5	40	4	40	10	left	left	1	10	16.835	594
5	41	4	40	10	right	right	1	11	16.296	675
5	42	4	40	10	left	left	1	10	16.051	623
5	43	4	40	10	right	right	1	9	16.76	537
5	44	4	40	10	left	left	1	13	15.758	825
5	45	4	40	10	left	left	1	9	16.791	536
5	46	4	40	10	left	left	1	9	16.729	538
5	47	4	40	10	right	right	1	8	15.152	528
5	48	4	40	10	left	left	1	7	15.351	456
5	49	4	40	10	right	right	1	7	15.419	454
5	50	4	40	10	left	left	1	7	16.667	420
5	51	4	40	10	left	left	1	10	16.447	608
5	52	4	40	10	left	left	1	6	16.216	370
5	53	4	40	10	right	right	1	8	16.227	493
5	54	4	40	10	left	left	1	9	15.517	580
5	55	4	40	10	right	right	1	9	16.364	550
5	56	4	40	10	left	left	1	10	15.291	654
5	57	4	40	10	right	left	0	8	16.949	472
6	1	4	40	10	left	left	1	16	15.795	1013
6	2	4	40	10	left	left	1	7	15.837	442
6	3	4	40	10	left	left	1	9	16.129	558
6	4	4	40	10	right	right	1	7	15.152	462
6	5	4	40	10	right	right	1	11	16.272	676
6	6	4	40	10	left	left	1	10	16.026	624
6	7	4	40	10	left	left	1	13	15.294	850
6	8	4	40	10	left	left	1	9	15.789	570
6	9	4	40	10	right	right	1	10	15.552	643
6	10	4	40	10	right	right	1	9	15.464	582
6	11	4	40	10	left	left	1	8	15.656	511
6	12	4	40	10	right	right	1	10	15.48	646
6	13	4	40	10	right	left	0	29	15.159	1913
6	14	4	40	10	right	right	1	13	16.23	801
6	15	4	40	10	left	left	1	12	15.464	776
6	16	4	40	10	right	right	1	15	16.199	926
6	17	4	40	10	right	right	1	14	15.625	896
6	18	4	40	10	left	left	1	13	16.089	808
6	19	4	40	10	left	left	1	10	15.649	639
6	20	4	40	10	left	left	1	11	15.759	698
6	21	4	40	10	left	left	1	11	15.647	703
6	22	4	40	10	left	left	1	11	16.32	674
6	23	4	40	10	left	left	1	12	15.666	766
6	24	4	40	10	right	right	1	13	16.189	803
6	25	4	40	10	left	left	1	22	15.515	1418
6	26	4	40	10	left	left	1	20	15.723	1272
6	27	4	40	10	left	left	1	16	15.952	1003
6	28	4	40	10	left	left	1	11	15.827	695
6	29	4	40	10	left	left	1	11	15.214	723
6	30	4	40	10	right	right	1	12	16.304	736
6	31	4	40	10	left	left	1	16	15.195	1053
6	32	4	40	10	left	left	1	11	16.129	682
6	33	4	40	10	right	right	1	27	15.358	1758
6	34	4	40	10	left	left	1	86	15.235	5645
6	35	4	40	10	left	left	1	13	15.777	824
6	36	4	40	10	left	left	1	9	15.652	575
6	37	4	40	10	left	left	1	32	15.385	2080
6	38	4	40	10	left	left	1	24	15.161	1583
6	39	4	40	10	left	left	1	15	15.213	986
6	40	4	40	10	right	right	1	18	16	1125
6	41	4	40	10	left	left	1	15	15.94	941
6	42	4	40	10	left	left	1	50	15.175	3295
7	1	4	40	10	left	left	1	19	15.055	1262
7	2	4	40	10	right	right	1	13	16.25	800
7	3	4	40	10	left	left	1	9	15.437	583
7	4	4	40	10	left	left	1	10	15.823	632
7	5	4	40	10	left	left	1	11	16.129	682
7	6	4	40	10	left	left	1	10	16.077	622
7	7	4	40	10	left	left	1	11	15.805	696
7	8	4	40	10	left	left	1	10	16.779	596
7	9	4	40	10	left	left	1	10	16.313	613
7	10	4	40	10	left	left	1	10	15.848	631
7	11	4	40	10	right	right	1	9	16.484	546
7	12	4	40	10	right	right	1	8	15.81	506
7	13	4	40	10	right	right	1	38	15.17	2505
7	14	4	40	10	left	left	1	10	15.337	652
7	15	4	40	10	right	right	1	11	16.012	687
7	16	4	40	10	right	right	1	10	16.779	596
7	17	4	40	10	left	left	1	12	15.544	772
7	18	4	40	10	right	right	1	11	15.581	706
7	19	4	40	10	left	left	1	15	15.385	975
7	20	4	40	10	left	left	1	10	15.576	642
7	21	4	40	10	right	right	1	10	15.748	635
7	22	4	40	10	right	right	1	9	16.364	550
7	23	4	40	10	right	right	1	8	15.444	518
7	24	4	40	10	right	right	1	22	15.31	1437
7	25	4	40	10	right	right	1	11	15.692	701
7	26	4	40	10	left	left	1	11	16.541	665
7	27	4	40	10	right	right	1	29	15.263	1900
7	28	4	40	10	right	right	1	27	15.211	1775
7	29	4	40	10	left	left	1	15	15.658	958
7	30	4	40	10	right	right	1	12	15.132	793
7	31	4	40	10	left	left	1	13	16.27	799
7	32	4	40	10	right	right	1	28	15.642	1790
7	33	4	40	10	right	right	1	25	15.263	1638
7	34	4	40	10	right	right	1	41	15.196	2698
7	35	4	40	10	left	left	1	18	15.598	1154
7	36	4	40	10	left	left	1	42	15.34	2738
7	37	4	40	10	right	right	1	28	15.135	1850
7	38	4	40	10	left	left	1	17	15.233	1116
7	39	4	40	10	right	right	1	15	15.707	955
7	40	4	40	10	right	right	1	23	15.829	1453
7	41	4	40	10	left	left	1	47	15.435	3045
8	1	4	40	10	right	left	0	28	15.564	1799
8	2	4	40	10	right	right	1	16	15.936	1004
8	3	4	40	10	left	left	1	19	15.728	1208
8	4	4	40	10	left	left	1	15	15.353	977
8	5	4	40	10	left	left	1	11	16.058	685
8	6	4	40	10	right	left	0	17	15.179	1120
8	7	4	40	10	right	right	1	12	15.544	772
8	8	4	40	10	left	left	1	13	15.758	825
8	9	4	40	10	left	left	1	11	15.089	729
8	10	4	40	10	right	right	1	50	15.258	3277
8	11	4	40	10	left	left	1	11	16.467	668
8	12	4	40	10	right	right	1	18	15.972	1127
8	13	4	40	10	right	right	1	16	15.534	1030
8	14	4	40	10	left	left	1	40	15.273	2619
8	15	4	40	10	left	left	1	38	15.323	2480
8	16	4	40	10	right	right	1	138	15.195	9082
8	17	4	40	10	left	left	1	53	15.169	3494
8	18	4	40	10	right	right	1	28	15.478	1809
8	19	4	40	10	right	right	1	15	16.269	922
8	20	4	40	10	right	right	1	11	15.363	716
8	21	4	40	10	right	right	1	11	15.299	719
8	22	4	40	10	left	right	0	11	16.058	685
8	23	4	40	10	left	left	1	41	15.46	2652
8	24	4	40	10	right	right	1	39	15.409	2531
8	25	4	40	10	right	right	1	19	15.651	1214
8	26	4	40	10	right	right	1	15	15.512	967
8	27	4	40	10	left	right	0	15	15.337	978
8	28	4	40	10	right	right	1	16	15.842	1010
9	1	4	40	10	right	right	1	17	15.755	1079
9	2	4	40	10	right	right	1	11	15.873	693
9	3	4	40	10	left	left	1	18	15.721	1145
9	4	4	40	10	right	right	1	15	15.609	961
9	5	4	40	10	left	left	1	11	15.363	716
9	6	4	40	10	left	left	1	13	15.931	816
9	7	4	40	10	left	left	1	9	15.228	591
9	8	4	40	10	left	left	1	11	15.089	729
9	9	4	40	10	left	left	1	11	15.515	709
9	10	4	40	10	right	right	1	12	15.769	761
9	11	4	40	10	right	right	1	10	16.694	599
9	12	4	40	10	left	left	1	9	15.385	585
9	13	4	40	10	left	left	1	10	15.773	634
9	14	4	40	10	right	right	1	9	16.423	548
9	15	4	40	10	left	left	1	9	16.158	557
9	16	4	40	10	right	right	1	9	15.491	581
9	17	4	40	10	left	left	1	9	16.364	550
9	18	4	40	10	left	left	1	11	15.67	702
9	19	4	40	10	left	left	1	16	15.842	1010
9	20	4	40	10	left	left	1	9	15.464	582
9	21	4	40	10	right	right	1	10	16.474	607
9	22	4	40	10	right	right	1	20	15.516	1289
9	23	4	40	10	right	right	1	11	15.714	700
9	24	4	40	10	right	right	1	28	15.625	1792
9	25	4	40	10	right	right	1	12	15.152	792
9	26	4	40	10	right	right	1	9	15.679	574
9	27	4	40	10	right	left	0	9	15.873	567
9	28	4	40	10	right	right	1	11	16.641	661
9	29	4	40	10	left	left	1	17	15.288	1112
9	30	4	40	10	right	right	1	13	16.109	807
9	31	4	40	10	right	right	1	11	16.641	661
9	32	4	40	10	right	right	1	62	15.282	4057
9	33	4	40	10	left	left	1	16	15.34	1043
9	34	4	40	10	right	right	1	12	15.625	768
9	35	4	40	10	right	right	1	74	15.195	4870
9	36	4	40	10	left	left	1	14	15.677	893
9	37	4	40	10	right	right	1	42	15.362	2734
9	38	4	40	10	right	right	1	17	15.413	1103
9	39	4	40	10	left	left	1	16	15.795	1013
9	40	4	40	10	right	right	1	11	15.089	729
9	41	4	40	10	left	left	1	24	15.326	1566
9	42	4	40	10	right	right	1	17	15.511	1096
10	1	4	40	10	left	left	1	36	15.431	2333
10	2	4	40	10	right	right	1	11	16.296	675
10	3	4	40	10	right	right	1	11	15.299	719
10	4	4	40	10	left	left	1	13	16.03	811
10	5	4	40	10	left	left	1	19	15.397	1234
10	6	4	40	10	right	right	1	11	15.896	692
10	7	4	40	10	left	left	1	17	15.511	1096
10	8	4	40	10	left	left	1	14	16.073	871
10	9	4	40	10	left	left	1	15	15.512	967
10	10	4	40	10	right	right	1	16	15.968	1002
10	11	4	40	10	right	right	1	13	15.971	814
10	12	4	40	10	right	right	1	11	16.418	670
10	13	4	40	10	right	right	1	9	16.275	553
10	14	4	40	10	right	right	1	11	16.743	657
10	15	4	40	10	right	right	1	10	16.556	604
10	16	4	40	10	right	right	1	21	15.373	1366
10	17	4	40	10	right	right	1	17	15.814	1075
10	18	4	40	10	right	right	1	11	15.428	713
10	19	4	40	10	left	left	1	15	15.167	989
10	20	4	40	10	left	left	1	11	16.153	681
10	21	4	40	10	right	right	1	13	15.532	837
10	22	4	40	10	right	right	1	10	16.556	604
10	23	4	40	10	left	left	1	26	15.495	1678
10	24	4	40	10	right	right	1	12	15.727	763
10	25	4	40	10	right	left	0	18	15.943	1129
10	26	4	40	10	right	right	1	19	15.46	1229
10	27	4	40	10	right	right	1	38	15.435	2462
10	28	4	40	10	left	left	1	49	15.208	3222
10	29	4	40	10	right	right	1	49	15.453	3171
10	30	4	40	10	right	right	1	37	15.17	2439
10	31	4	40	10	left	left	1	59	15.305	3855
10	32	4	40	10	right	right	1	13	15.403	844
10	33	4	40	10	right	right	1	123	15.155	8116
11	1	4	40	10	right	right	1	23	15.732	1462
11	2	4	40	10	left	left	1	15	15.167	989
11	3	4	40	10	right	right	1	14	15.334	913
11	4	4	40	10	left	left	1	19	15.587	1219
11	5	4	40	10	left	right	0	13	16.03	811
11	6	4	40	10	left	left	1	17	15.639	1087
11	7	4	40	10	left	left	1	10	16.529	605
11	8	4	40	10	right	left	0	10	15.649	639
11	9	4	40	10	left	left	1	11	15.827	695
11	10	4	40	10	left	right	0	65	15.176	4283
11	11	4	40	10	left	left	1	13	15.951	815
11	12	4	40	10	right	right	1	11	15.131	727
11	13	4	40	10	left	left	1	18	15.803	1139
11	14	4	40	10	left	left	1	19	15.9	1195
11	15	4	40	10	left	left	1	13	15.258	852
11	16	4	40	10	right	left	0	62	15.241	4068
11	17	4	40	10	left	left	1	34	15.433	2203
11	18	4	40	10	left	left	1	20	15.649	1278
11	19	4	40	10	right	right	1	16	15.489	1033
11	20	4	40	10	right	right	1	38	15.237	2494
11	21	4	40	10	left	left	1	13	15.187	856
11	22	4	40	10	left	left	1	11	16.743	657
11	23	4	40	10	right	left	0	15	16.251	923
11	24	4	40	10	right	right	1	19	15.807	1202
11	25	4	40	10	left	left	1	11	16.296	675
11	26	4	40	10	left	left	1	10	16.051	623
11	27	4	40	10	left	left	1	12	15.464	776
11	28	4	40	10	left	left	1	14	15.251	918
11	29	4	40	10	right	right	1	12	16.304	736
11	30	4	40	10	left	left	1	10	15.504	645
11	31	4	40	10	left	left	1	12	15.152	792
11	32	4	40	10	left	left	1	11	15.692	701
11	33	4	40	10	right	right	1	10	15.015	666
11	34	4	40	10	right	right	1	21	15.475	1357
11	35	4	40	10	left	left	1	12	16.086	746
11	36	4	40	10	left	left	1	22	15.204	1447
11	37	4	40	10	left	left	1	13	15.513	838
12	1	4	40	10	right	right	1	14	15.801	886
12	2	4	40	10	left	left	1	9	15.254	590
12	3	4	40	10	left	left	1	10	16.026	624
12	4	4	40	10	right	right	1	9	16.043	561
12	5	4	40	10	right	right	1	10	15.576	642
12	6	4	40	10	right	right	1	12	16.194	741
12	7	4	40	10	left	left	1	9	15.571	578
12	8	4	40	10	left	left	1	15	15.432	972
12	9	4	40	10	right	right	1	11	16.2	679
12	10	4	40	10	left	left	1	10	15.576	642
12	11	4	40	10	right	right	1	11	16.248	677
12	12	4	40	10	right	right	1	9	15.177	593
12	13	4	40	10	right	right	1	14	15.73	890
12	14	4	40	10	right	right	1	10	15.723	636
12	15	4	40	10	right	right	1	15	15.789	950
12	16	4	40	10	right	right	1	12	15.464	776
12	17	4	40	10	right	right	1	15	15.152	990
12	18	4	40	10	right	right	1	13	15.294	850
12	19	4	40	10	left	left	1	12	15.748	762
12	20	4	40	10	right	right	1	13	15.931	816
12	21	4	40	10	left	left	1	14	15.234	919
12	22	4	40	10	right	right	1	12	16.107	745
12	23	4	40	10	right	left	0	13	15.366	846
12	24	4	40	10	left	right	0	18	15.371	1171
12	25	4	40	10	right	right	1	11	16.591	663
12	26	4	40	10	left	left	1	15	15.448	971
12	27	4	40	10	right	right	1	12	16.194	741
12	28	4	40	10	left	left	1	11	16.129	682
12	29	4	40	10	left	left	1	14	15.385	910
12	30	4	40	10	right	right	1	12	15.484	775
12	31	4	40	10	left	left	1	14	15.819	885
12	32	4	40	10	left	left	1	58	15.368	3774
12	33	4	40	10	right	right	1	43	15.44	2785
12	34	4	40	10	right	right	1	17	15.247	1115
12	35	4	40	10	right	right	1	12	15.769	761
12	36	4	40	10	right	right	1	15	16.043	935
12	37	4	40	10	right	right	1	13	15.312	849
12	38	4	40	10	right	right	1	14	15.608	897
12	39	4	40	10	left	left	1	15	15.337	978
12	40	4	40	10	left	left	1	13	15.366	846
12	41	4	40	10	right	right	1	12	15.209	789
12	42	4	40	10	left	left	1	13	16.169	804
12	43	4	40	10	left	left	1	13	15.892	818
12	44	4	40	10	left	left	1	14	15.317	914
12	45	4	40	10	left	left	1	23	15.84	1452
13	1	4	40	10	left	left	1	19	15.587	1219
13	2	4	40	10	right	right	1	11	16.272	676
13	3	4	40	10	left	left	1	10	15.625	640
13	4	4	40	10	right	right	1	10	15.949	627
13	5	4	40	10	right	right	1	9	15.707	573
13	6	4	40	10	left	left	1	11	15.692	701
13	7	4	40	10	left	left	1	10	16.207	617
13	8	4	40	10	right	right	1	10	16.584	603
13	9	4	40	10	right	right	1	65	15.258	4260
13	10	4	40	10	left	right	0	20	15.492	1291
13	11	4	40	10	left	left	1	41	15.281	2683
13	12	4	40	10	right	right	1	18	15.693	1147
13	13	4	40	10	right	right	1	28	15.608	1794
13	14	4	40	10	left	right	0	10	15.385	650
13	15	4	40	10	right	left	0	31	15.309	2025
13	16	4	40	10	right	right	1	39	15.211	2564
13	17	4	40	10	right	right	1	38	15.372	2472
13	18	4	40	10	right	right	1	33	15.32	2154
13	19	4	40	10	left	right	0	10	15.528	644
13	20	4	40	10	right	right	1	18	15.267	1179
13	21	4	40	10	right	right	1	23	15.252	1508
13	22	4	40	10	right	right	1	19	15.372	1236
13	23	4	40	10	left	left	1	17	16.008	1062
13	24	4	40	10	right	right	1	15	15.432	972
13	25	4	40	10	left	left	1	12	15.81	759
13	26	4	40	10	right	right	1	46	15.349	2997
13	27	4	40	10	right	right	1	23	15.333	1500
13	28	4	40	10	right	right	1	23	15.323	1501
13	29	4	40	10	right	right	1	23	15.313	1502
13	30	4	40	10	left	left	1	20	15.373	1301
13	31	4	40	10	right	right	1	15	15.609	961
13	32	4	40	10	left	left	1	20	15.385	1300
13	33	4	40	10	left	left	1	64	15.3	4183
14	1	4	40	10	left	left	1	15	16.251	923
14	2	4	40	10	left	left	1	10	15.504	645
14	3	4	40	10	right	right	1	24	15.789	1520
14	4	4	40	10	right	right	1	10	16.42	609
14	5	4	40	10	left	left	1	11	15.919	691
14	6	4	40	10	left	left	1	10	15.456	647
14	7	4	40	10	left	left	1	10	16.181	618
14	8	4	40	10	left	left	1	10	15.337	652
14	9	4	40	10	left	left	1	9	15.464	582
14	10	4	40	10	right	right	1	9	16.304	552
14	11	4	40	10	left	left	1	12	15.789	760
14	12	4	40	10	left	left	1	11	16.442	669
14	13	4	40	10	right	right	1	10	15.625	640
14	14	4	40	10	right	right	1	10	15.552	643
14	15	4	40	10	right	right	1	10	16.287	614
14	16	4	40	10	right	right	1	14	15.351	912
14	17	4	40	10	left	left	1	11	16.129	682
14	18	4	40	10	left	left	1	10	15.898	629
14	19	4	40	10	right	right	1	13	15.777	824
14	20	4	40	10	right	right	1	13	15.951	815
14	21	4	40	10	right	right	1	9	15.254	590
14	22	4	40	10	left	left	1	10	16.051	623
14	23	4	40	10	left	left	1	10	16.207	617
14	24	4	40	10	right	right	1	13	15.873	819
14	25	4	40	10	left	left	1	10	16.611	602
14	26	4	40	10	right	right	1	14	15.301	915
14	27	4	40	10	right	right	1	57	15.372	3708
14	28	4	40	10	left	left	1	14	15.677	893
14	29	4	40	10	left	left	1	25	15.179	1647
14	30	4	40	10	right	right	1	14	15.573	899
14	31	4	40	10	left	left	1	13	16.169	804
14	32	4	40	10	right	right	1	16	15.459	1035
14	33	4	40	10	right	right	1	18	15.517	1160
14	34	4	40	10	right	right	1	11	16.566	664
14	35	4	40	10	left	left	1	11	16.492	667
14	36	4	40	10	left	left	1	13	16.129	806
14	37	4	40	10	right	right	1	17	15.668	1085
14	38	4	40	10	left	left	1	13	15.421	843
14	39	4	40	10	left	left	1	15	15.075	995
14	40	4	40	10	right	right	1	11	15.471	711
14	41	4	40	10	right	right	1	14	15.713	891
14	42	4	40	10	left	right	0	29	15.199	1908
14	43	4	40	10	left	right	0	25	15.356	1628
14	44	4	40	10	right	right	1	16	15.311	1045
14	45	4	40	10	left	left	1	41	15.519	2642
15	1	4	40	10	right	right	1	67	15.227	4400
15	2	4	40	10	right	right	1	10	15.361	651
15	3	4	40	10	left	left	1	15	15.789	950
15	4	4	40	10	right	right	1	30	15.432	1944
15	5	4	40	10	left	left	1	12	15.707	764
15	6	4	40	10	right	right	1	22	15.342	1434
15	7	4	40	10	left	left	1	13	15.758	825
15	8	4	40	10	right	right	1	10	15.625	640
15	9	4	40	10	right	right	1	10	15.552	643
15	10	4	40	10	right	right	1	16	15.534	1030
15	11	4	40	10	left	left	1	18	15.385	1170
15	12	4	40	10	left	left	1	11	15.385	715
15	13	4	40	10	right	right	1	9	15.437	583
15	14	4	40	10	right	right	1	11	15.278	720
15	15	4	40	10	right	right	1	41	15.27	2685
15	16	4	40	10	left	left	1	12	15.707	764
15	17	4	40	10	right	right	1	8	15.595	513
15	18	4	40	10	left	left	1	8	15.595	513
15	19	4	40	10	left	right	0	8	15.873	504
15	20	4	40	10	right	right	1	10	15.361	651
15	21	4	40	10	left	left	1	10	15.873	630
15	22	4	40	10	right	right	1	12	15.132	793
15	23	4	40	10	left	left	1	10	16.287	614
15	24	4	40	10	left	left	1	11	15.782	697
15	25	4	40	10	right	right	1	12	15.209	789
15	26	4	40	10	right	right	1	10	15.552	643
15	27	4	40	10	right	right	1	22	15.225	1445
15	28	4	40	10	right	right	1	20	15.564	1285
15	29	4	40	10	right	right	1	11	16.2	679
15	30	4	40	10	left	left	1	12	15.248	787
15	31	4	40	10	right	right	1	11	16.345	673
15	32	4	40	10	left	left	1	11	16.058	685
15	33	4	40	10	right	right	1	10	15.601	641
15	34	4	40	10	right	right	1	12	15.248	787
15	35	4	40	10	left	left	1	11	15.068	730
15	36	4	40	10	left	left	1	16	15.166	1055
15	37	4	40	10	left	left	1	23	15.416	1492
15	38	4	40	10	right	right	1	63	15.276	4124
15	39	4	40	10	right	right	1	19	15.422	1232
15	40	4	40	10	left	left	1	15	15.091	994
15	41	4	40	10	right	right	1	10	16.722	598
16	1	4	40	10	left	right	0	12	15.81	759
16	2	4	40	10	left	left	1	9	15.817	569
16	3	4	40	10	right	right	1	9	15.571	578
16	4	4	40	10	left	left	1	12	16.238	739
16	5	4	40	10	right	right	1	9	16.544	544
16	6	4	40	10	right	right	1	10	15.823	632
16	7	4	40	10	left	left	1	13	15.294	850
16	8	4	40	10	left	left	1	11	16.32	674
16	9	4	40	10	left	left	1	9	15.491	581
16	10	4	40	10	left	left	1	10	15.48	646
16	11	4	40	10	right	right	1	9	16.76	537
16	12	4	40	10	left	left	1	9	15.598	577
16	13	4	40	10	left	left	1	10	16.393	610
16	14	4	40	10	left	left	1	9	16.187	556
16	15	4	40	10	right	right	1	9	16.187	556
16	16	4	40	10	right	right	1	12	15.228	788
16	17	4	40	10	left	left	1	11	16.492	667
16	18	4	40	10	left	left	1	10	15.873	630
16	19	4	40	10	right	right	1	9	15.177	593
16	20	4	40	10	right	right	1	10	15.773	634
16	21	4	40	10	right	right	1	18	15.776	1141
16	22	4	40	10	right	right	1	79	15.227	5188
16	23	4	40	10	left	left	1	15	15.576	963
16	24	4	40	10	left	left	1	10	15.674	638
16	25	4	40	10	right	right	1	11	16.369	672
16	26	4	40	10	right	right	1	9	15.517	580
16	27	4	40	10	left	left	1	14	15.677	893
16	28	4	40	10	right	left	0	16	15.779	1014
16	29	4	40	10	left	right	0	13	15.931	816
16	30	4	40	10	right	right	1	11	15.363	716
16	31	4	40	10	left	left	1	23	15.293	1504
16	32	4	40	10	right	right	1	13	15.625	832
16	33	4	40	10	left	left	1	12	15.306	784
16	34	4	40	10	right	right	1	47	15.27	3078
16	35	4	40	10	left	left	1	28	15.556	1800
16	36	4	40	10	right	right	1	24	15.789	1520
16	37	4	40	10	left	left	1	52	15.29	3401
16	38	4	40	10	right	right	1	21	15.498	1355
16	39	4	40	10	right	right	1	38	15.372	2472
16	40	4	40	10	left	right	0	60	15.275	3928
17	1	4	40	10	right	right	1	12	16.173	742
17	2	4	40	10	left	left	1	9	16.917	532
17	3	4	40	10	left	left	1	9	15.332	587
17	4	4	40	10	left	left	1	9	16.423	548
17	5	4	40	10	left	left	1	9	16.636	541
17	6	4	40	10	right	right	1	9	16.187	556
17	7	4	40	10	left	left	1	9	16.393	549
17	8	4	40	10	left	left	1	9	15.491	581
17	9	4	40	10	right	right	1	9	16.364	550
17	10	4	40	10	right	right	1	11	16.2	679
17	11	4	40	10	left	left	1	8	15.355	521
17	12	4	40	10	right	right	1	9	16.043	561
17	13	4	40	10	left	left	1	9	15.385	585
17	14	4	40	10	right	right	1	8	15.123	529
17	15	4	40	10	left	left	1	10	16.42	609
17	16	4	40	10	left	left	1	13	15.569	835
17	17	4	40	10	left	left	1	14	15.873	882
17	18	4	40	10	left	left	1	10	16.367	611
17	19	4	40	10	left	left	1	11	16.058	685
17	20	4	40	10	right	left	0	11	16.717	658
17	21	4	40	10	left	left	1	9	15.385	585
17	22	4	40	10	left	left	1	9	16.514	545
17	23	4	40	10	right	right	1	10	15.385	650
17	24	4	40	10	right	right	1	13	15.99	813
17	25	4	40	10	right	right	1	9	16.187	556
17	26	4	40	10	left	left	1	9	16.187	556
17	27	4	40	10	left	left	1	9	16.636	541
17	28	4	40	10	left	left	1	22	15.759	1396
17	29	4	40	10	right	right	1	14	16.166	866
17	30	4	40	10	right	right	1	15	15.448	971
17	31	4	40	10	right	left	0	14	15.385	910
17	32	4	40	10	right	right	1	10	16.556	604
17	33	4	40	10	right	right	1	12	15.504	774
17	34	4	40	10	right	right	1	13	16.01	812
17	35	4	40	10	left	left	1	13	15.719	827
17	36	4	40	10	left	left	1	10	15.773	634
17	37	4	40	10	right	left	0	18	15.887	1133
17	38	4	40	10	left	left	1	11	15.089	729
17	39	4	40	10	right	right	1	10	15.314	653
17	40	4	40	10	left	left	1	11	15.988	688
17	41	4	40	10	left	left	1	9	16.949	531
17	42	4	40	10	right	right	1	11	15.559	707
17	43	4	40	10	left	left	1	11	15.805	696
17	44	4	40	10	right	right	1	21	15.13	1388
17	45	4	40	10	right	right	1	13	16.23	801
17	46	4	40	10	left	left	1	10	16.234	616
17	47	4	40	10	right	right	1	11	16.717	658
17	48	4	40	10	right	right	1	16	15.429	1037
17	49	4	40	10	right	right	1	11	15.942	690
17	50	4	40	10	right	right	1	10	15.48	646
17	51	4	40	10	right	left	0	11	15.603	705
17	52	4	40	10	right	right	1	11	15.235	722
17	53	4	40	10	left	left	1	16	15.166	1055
18	1	4	40	10	left	left	1	15	15.48	969
18	2	4	40	10	right	right	1	9	16.667	540
18	3	4	40	10	right	right	1	8	15.267	524
18	4	4	40	10	right	right	1	9	16.886	533
18	5	4	40	10	left	left	1	9	15.306	588
18	6	4	40	10	right	right	1	10	15.898	629
18	7	4	40	10	right	right	1	9	15.625	576
18	8	4	40	10	left	left	1	8	15.152	528
18	9	4	40	10	right	right	1	9	16.791	536
18	10	4	40	10	left	left	1	7	15.086	464
18	11	4	40	10	right	right	1	18	15.873	1134
18	12	4	40	10	left	left	1	10	16.529	605
18	13	4	40	10	left	left	1	10	15.649	639
18	14	4	40	10	left	left	1	9	15.177	593
18	15	4	40	10	right	right	1	8	15.534	515
18	16	4	40	10	left	left	1	8	16.878	474
18	17	4	40	10	left	left	1	8	15.873	504
18	18	4	40	10	right	right	1	8	15.414	519
18	19	4	40	10	right	right	1	10	15.674	638
18	20	4	40	10	right	right	1	11	16.566	664
18	21	4	40	10	right	right	1	8	15.504	516
18	22	4	40	10	left	left	1	8	16.563	483
18	23	4	40	10	left	left	1	8	16.327	490
18	24	4	40	10	right	right	1	10	16.835	594
18	25	4	40	10	right	right	1	10	16.611	602
18	26	4	40	10	left	left	1	11	16.467	668
18	27	4	40	10	left	left	1	8	15.905	503
18	28	4	40	10	right	right	1	9	15.901	566
18	29	4	40	10	left	left	1	9	15.652	575
18	30	4	40	10	left	left	1	12	15.957	752
18	31	4	40	10	right	right	1	8	15.686	510
18	32	4	40	10	right	right	1	9	16.886	533
18	33	4	40	10	left	left	1	8	15.968	501
18	34	4	40	10	left	right	0	8	16.529	484
18	35	4	40	10	left	left	1	8	16.667	480
18	36	4	40	10	right	right	1	13	16.291	798
18	37	4	40	10	right	right	1	9	15.707	573
18	38	4	40	10	left	left	1	11	15.342	717
18	39	4	40	10	right	right	1	11	16.517	666
18	40	4	40	10	left	left	1	11	15.342	717
18	41	4	40	10	left	left	1	11	15.235	722
18	42	4	40	10	right	right	1	10	16.694	599
18	43	4	40	10	left	left	1	15	15.756	952
18	44	4	40	10	right	right	1	16	15.224	1051
18	45	4	40	10	right	right	1	11	15.449	712
18	46	4	40	10	left	left	1	10	16.129	620
18	47	4	40	10	right	right	1	12	16.173	742
18	48	4	40	10	left	left	1	9	16.949	531
18	49	4	40	10	right	right	1	12	16.238	739
18	50	4	40	10	right	right	1	10	16.667	600
18	51	4	40	10	right	right	1	9	15.789	570
18	52	4	40	10	right	right	1	10	15.385	650
18	53	4	40	10	left	left	1	10	15.504	645
18	54	4	40	10	left	left	1	10	16.667	600
18	55	4	40	10	right	right	1	8	15.355	521
18	56	4	40	10	right	right	1	9	15.598	577
18	57	4	40	10	left	left	1	8	16.632	481
18	58	4	40	10	right	right	1	8	15.152	528
18	59	4	40	10	left	left	1	9	15.652	575
19	1	4	40	10	left	left	1	21	15.533	1352
19	2	4	40	10	right	right	1	8	16.529	484
19	3	4	40	10	left	left	1	7	16.432	426
19	4	4	40	10	right	right	1	9	16.1	559
19	5	4	40	10	right	left	0	8	16.393	488
19	6	4	40	10	left	left	1	11	15.363	716
19	7	4	40	10	right	right	1	10	16.234	616
19	8	4	40	10	right	right	1	9	15.571	578
19	9	4	40	10	left	left	1	8	15.066	531
19	10	4	40	10	right	right	1	11	15.919	691
19	11	4	40	10	right	left	0	9	16.1	559
19	12	4	40	10	left	left	1	10	16.556	604
19	13	4	40	10	left	left	1	9	15.491	581
19	14	4	40	10	left	left	1	8	15.209	526
19	15	4	40	10	right	right	1	9	16.393	549
19	16	4	40	10	left	left	1	9	15.464	582
19	17	4	40	10	left	left	1	11	15.827	695
19	18	4	40	10	left	left	1	9	15.762	571
19	19	4	40	10	left	left	1	9	15.306	588
19	20	4	40	10	left	left	1	19	15.249	1246
19	21	4	40	10	right	right	1	10	16.474	607
19	22	4	40	10	left	left	1	11	16.369	672
19	23	4	40	10	left	left	1	24	15.831	1516
19	24	4	40	10	right	right	1	9	15.491	581
19	25	4	40	10	right	right	1	8	15.209	526
19	26	4	40	10	right	right	1	13	15.532	837
19	27	4	40	10	left	left	1	10	15.898	629
19	28	4	40	10	right	right	1	10	15.649	639
19	29	4	40	10	right	right	1	14	15.59	898
19	30	4	40	10	left	left	1	11	15.919	691
19	31	4	40	10	left	left	1	10	15.649	639
19	32	4	40	10	left	left	1	19	15.498	1226
19	33	4	40	10	left	left	1	15	15.306	980
19	34	4	40	10	right	right	1	18	15.972	1127
19	35	4	40	10	left	left	1	24	15.326	1566
19	36	4	40	10	right	right	1	10	15.408	649
19	37	4	40	10	left	left	1	9	15.306	588
19	38	4	40	10	right	right	1	10	16.103	621
19	39	4	40	10	right	right	1	21	15.184	1383
19	40	4	40	10	left	left	1	21	15.487	1356
19	41	4	40	10	right	right	1	34	15.504	2193
19	42	4	40	10	left	left	1	26	15.513	1676
19	43	4	40	10	left	left	1	16	15.984	1001
19	44	4	40	10	right	right	1	11	15.692	701
19	45	4	40	10	right	right	1	46	15.41	2985
19	46	4	40	10	left	right	0	10	16.026	624
19	47	4	40	10	left	left	1	11	16.418	670
20	1	4	40	10	right	right	1	26	15.376	1691
20	2	4	40	10	left	left	1	10	16.42	609
20	3	4	40	10	right	right	1	7	15.521	451
20	4	4	40	10	right	right	1	8	16.129	496
20	5	4	40	10	right	right	1	9	16.1	559
20	6	4	40	10	right	right	1	8	16.427	487
20	7	4	40	10	left	left	1	10	16.722	598
20	8	4	40	10	right	right	1	7	15.385	455
20	9	4	40	10	left	left	1	9	16.636	541
20	10	4	40	10	left	left	1	19	15.98	1189
20	11	4	40	10	left	left	1	23	15.818	1454
20	12	4	40	10	left	left	1	10	15.291	654
20	13	4	40	10	right	right	1	9	15.845	568
20	14	4	40	10	left	left	1	11	16.153	681
20	15	4	40	10	left	left	1	9	16.636	541
20	16	4	40	10	left	left	1	9	16.393	549
20	17	4	40	10	left	left	1	9	15.929	565
20	18	4	40	10	left	left	1	10	15.48	646
20	19	4	40	10	left	left	1	11	15.625	704
20	20	4	40	10	left	left	1	12	15.852	757
20	21	4	40	10	right	right	1	12	15.915	754
20	22	4	40	10	right	right	1	9	16.071	560
20	23	4	40	10	left	left	1	9	16.071	560
20	24	4	40	10	right	left	0	9	15.177	593
20	25	4	40	10	right	right	1	9	15.228	591
20	26	4	40	10	right	right	1	9	16.791	536
20	27	4	40	10	right	right	1	8	15.152	528
20	28	4	40	10	right	right	1	8	15.385	520
20	29	4	40	10	left	left	1	10	16.474	607
20	30	4	40	10	right	right	1	10	16.639	601
20	31	4	40	10	right	right	1	9	15.332	587
20	32	4	40	10	left	left	1	9	16.216	555
20	33	4	40	10	right	right	1	11	16.692	659
20	34	4	40	10	left	left	1	11	16.035	686
20	35	4	40	10	left	left	1	9	15.789	570
20	36	4	40	10	right	right	1	11	16.105	683
20	37	4	40	10	left	left	1	9	16.575	543
20	38	4	40	10	left	left	1	10	16.694	599
20	39	4	40	10	right	right	1	23	15.797	1456
20	40	4	40	10	left	left	1	11	16.176	680
20	41	4	40	10	left	left	1	9	16.886	533
20	42	4	40	10	right	right	1	14	15.837	884
20	43	4	40	10	right	right	1	18	15.241	1181
20	44	4	40	10	right	right	1	17	16.008	1062
20	45	4	40	10	left	left	1	12	15.727	763
20	46	4	40	10	right	right	1	10	16.667	600
20	47	4	40	10	left	left	1	9	15.789	570
20	48	4	40	10	right	right	1	10	16.807	595
20	49	4	40	10	right	left	0	9	15.957	564
20	50	4	40	10	left	left	1	40	15.279	2618
20	51	4	40	10	left	left	1	16	16	1000
20	52	4	40	10	left	left	1	11	16.296	675
20	53	4	40	10	right	right	1	13	15.495	839
21	1	4	40	10	right	right	1	10	16.103	621
21	2	4	40	10	right	left	0	8	15.905	503
21	3	4	40	10	left	left	1	9	15.762	571
21	4	4	40	10	right	right	1	10	15.528	644
21	5	4	40	10	left	left	1	8	16.736	478
21	6	4	40	10	left	left	1	10	16.103	621
21	7	4	40	10	right	right	1	9	15.873	567
21	8	4	40	10	left	left	1	9	16.544	544
21	9	4	40	10	left	left	1	9	16.544	544
21	10	4	40	10	left	left	1	10	16.026	624
21	11	4	40	10	left	left	1	9	16.484	546
21	12	4	40	10	right	right	1	9	16.698	539
21	13	4	40	10	right	right	1	8	16.064	498
21	14	4	40	10	right	right	1	11	16.717	658
21	15	4	40	10	left	left	1	9	16.886	533
21	16	4	40	10	right	right	1	8	15.717	509
21	17	4	40	10	left	left	1	10	16.556	604
21	18	4	40	10	left	left	1	9	16.636	541
21	19	4	40	10	right	right	1	10	15.504	645
21	20	4	40	10	left	left	1	8	15.625	512
21	21	4	40	10	left	left	1	10	15.848	631
21	22	4	40	10	right	right	1	9	16.76	537
21	23	4	40	10	left	left	1	8	15.355	521
21	24	4	40	10	right	right	1	9	16.043	561
21	25	4	40	10	right	left	0	8	15.326	522
21	26	4	40	10	left	left	1	9	15.464	582
21	27	4	40	10	right	right	1	9	15.845	568
21	28	4	40	10	right	right	1	9	16.304	552
21	29	4	40	10	right	right	1	8	15.595	513
21	30	4	40	10	right	right	1	11	15.278	720
21	31	4	40	10	left	left	1	10	15.699	637
21	32	4	40	10	right	right	1	8	15.414	519
21	33	4	40	10	right	right	1	8	15.905	503
21	34	4	40	10	right	right	1	8	15.444	518
21	35	4	40	10	right	right	1	9	15.254	590
21	36	4	40	10	left	left	1	9	15.652	575
21	37	4	40	10	left	left	1	10	15.267	655
21	38	4	40	10	left	left	1	10	16.611	602
21	39	4	40	10	right	right	1	9	16.187	556
21	40	4	40	10	left	left	1	10	15.924	628
21	41	4	40	10	right	right	1	12	16.151	743
21	42	4	40	10	right	right	1	10	16.34	612
21	43	4	40	10	left	left	1	12	15.19	790
21	44	4	40	10	right	right	1	10	15.337	652
21	45	4	40	10	left	left	1	9	15.228	591
21	46	4	40	10	right	right	1	12	16.129	744
21	47	4	40	10	right	right	1	18	16	1125
21	48	4	40	10	right	right	1	10	16.129	620
21	49	4	40	10	right	right	1	10	12.531	798
21	50	4	40	10	right	right	1	11	15.714	700
21	51	4	40	10	right	right	1	9	16.544	544
21	52	4	40	10	right	right	1	9	15.845	568
21	53	4	40	10	right	right	1	9	15.598	577
21	54	4	40	10	right	right	1	11	16.32	674
21	55	4	40	10	right	right	1	23	15.072	1526
21	56	4	40	10	left	left	1	9	15.437	583
21	57	4	40	10	right	right	1	11	15.11	728
21	58	4	40	10	right	right	1	9	16.158	557
21	59	4	40	10	left	left	1	12	15.524	773
22	1	4	40	10	right	right	1	11	15.493	710
22	2	4	40	10	right	right	1	6	14.888	403
22	3	4	40	10	left	left	1	9	15.652	575
22	4	4	40	10	right	right	1	10	15.625	640
22	5	4	40	10	left	left	1	8	16.064	498
22	6	4	40	10	left	left	1	9	16.043	561
22	7	4	40	10	right	right	1	8	16.598	482
22	8	4	40	10	left	left	1	8	16.393	488
22	9	4	40	10	right	right	1	9	15.679	574
22	10	4	40	10	right	right	1	10	16.694	599
22	11	4	40	10	left	left	1	8	16.913	473
22	12	4	40	10	right	right	1	7	15.119	463
22	13	4	40	10	left	left	1	8	16.495	485
22	14	4	40	10	left	left	1	11	16.467	668
22	15	4	40	10	right	right	1	9	15.873	567
22	16	4	40	10	left	left	1	9	15.411	584
22	17	4	40	10	right	right	1	9	16.514	545
22	18	4	40	10	left	left	1	9	15.817	569
22	19	4	40	10	right	right	1	9	15.177	593
22	20	4	40	10	right	right	1	10	16.807	595
22	21	4	40	10	right	right	1	7	15.73	445
22	22	4	40	10	right	right	1	9	16.729	538
22	23	4	40	10	right	right	1	10	16.639	601
22	24	4	40	10	left	left	1	10	16.393	610
22	25	4	40	10	right	right	1	9	15.957	564
22	26	4	40	10	left	left	1	8	15.238	525
22	27	4	40	10	right	right	1	9	15.929	565
22	28	4	40	10	left	left	1	10	16.722	598
22	29	4	40	10	right	right	1	10	16.051	623
22	30	4	40	10	right	right	1	12	15.424	778
22	31	4	40	10	left	left	1	9	15.203	592
22	32	4	40	10	right	right	1	11	15.965	689
22	33	4	40	10	right	right	1	9	16.636	541
22	34	4	40	10	left	left	1	10	16.529	605
22	35	4	40	10	right	right	1	10	15.456	647
22	36	4	40	10	right	right	1	11	16.345	673
22	37	4	40	10	left	left	1	9	16.886	533
22	38	4	40	10	right	right	1	15	15.674	957
22	39	4	40	10	left	left	1	11	16.176	680
22	40	4	40	10	right	right	1	9	16.423	548
22	41	4	40	10	right	right	1	10	15.723	636
22	42	4	40	10	left	left	1	9	16.575	543
22	43	4	40	10	right	right	1	13	15.796	823
22	44	4	40	10	right	right	1	17	16.008	1062
22	45	4	40	10	left	left	1	11	15.737	699
22	46	4	40	10	right	right	1	10	16.667	600
22	47	4	40	10	left	left	1	8	15.123	529
22	48	4	40	10	right	right	1	8	15.123	529
22	49	4	40	10	left	left	1	9	15.625	576
22	50	4	40	10	right	right	1	10	16.42	609
22	51	4	40	10	right	right	1	10	16.584	603
22	52	4	40	10	left	left	1	11	16.641	661
22	53	4	40	10	left	left	1	11	15.805	696
22	54	4	40	10	right	right	1	10	16.556	604
22	55	4	40	10	left	left	1	8	15.209	526
22	56	4	40	10	right	right	1	9	16.886	533
22	57	4	40	10	right	right	1	9	16.158	557
22	58	4	40	10	right	left	0	11	16.418	670
22	59	4	40	10	right	right	1	7	16.908	414
22	60	4	40	10	right	right	1	25	15.3	1634
23	1	4	40	10	right	right	1	11	16.2	679
23	2	4	40	10	right	right	1	7	15.556	450
23	3	4	40	10	right	right	1	7	15.086	464
23	4	4	40	10	right	right	1	7	15.695	446
23	5	4	40	10	left	left	1	8	16.529	484
23	6	4	40	10	left	left	1	7	16.129	434
23	7	4	40	10	right	right	1	9	15.411	584
23	8	4	40	10	left	left	1	8	15.595	513
23	9	4	40	10	right	right	1	8	15.385	520
23	10	4	40	10	left	left	1	7	16.204	432
23	11	4	40	10	right	right	1	10	16.313	613
23	12	4	40	10	left	left	1	8	16.427	487
23	13	4	40	10	right	right	1	8	16.771	477
23	14	4	40	10	right	right	1	17	15.568	1092
23	15	4	40	10	right	right	1	8	15.094	530
23	16	4	40	10	left	left	1	9	16.514	545
23	17	4	40	10	right	right	1	9	16.304	552
23	18	4	40	10	right	left	0	8	16.393	488
23	19	4	40	10	left	left	1	11	16.082	684
23	20	4	40	10	left	left	1	12	16.327	735
23	21	4	40	10	left	left	1	10	16.34	612
23	22	4	40	10	left	left	1	10	16.502	606
23	23	4	40	10	left	left	1	9	16.544	544
23	24	4	40	10	left	left	1	11	16.743	657
23	25	4	40	10	left	left	1	8	16.032	499
23	26	4	40	10	left	left	1	11	15.581	706
23	27	4	40	10	right	left	0	10	16.26	615
23	28	4	40	10	right	right	1	12	15.209	789
23	29	4	40	10	left	left	1	9	15.762	571
23	30	4	40	10	right	right	1	11	15.027	732
23	31	4	40	10	right	right	1	12	15.936	753
23	32	4	40	10	left	right	0	9	16.575	543
23	33	4	40	10	left	left	1	14	16	875
23	34	4	40	10	right	right	1	9	15.306	588
23	35	4	40	10	left	left	1	10	16.529	605
23	36	4	40	10	right	right	1	10	16.051	623
23	37	4	40	10	right	right	1	10	16.639	601
23	38	4	40	10	right	right	1	19	15.794	1203
23	39	4	40	10	left	left	1	9	15.306	588
23	40	4	40	10	left	left	1	9	16.886	533
23	41	4	40	10	right	right	1	9	15.28	589
23	42	4	40	10	left	left	1	15	15.924	942
23	43	4	40	10	right	right	1	60	15.148	3961
23	44	4	40	10	right	right	1	31	15.196	2040
23	45	4	40	10	left	right	0	13	15.815	822
23	46	4	40	10	right	right	1	11	15.406	714
23	47	4	40	10	right	right	1	18	15.544	1158
23	48	4	40	10	left	left	1	10	16.26	615
23	49	4	40	10	left	left	1	7	15.086	464
23	50	4	40	10	right	right	1	8	15.18	527
23	51	4	40	10	left	left	1	11	16.442	669
23	52	4	40	10	right	right	1	10	16.42	609
24	1	4	40	10	right	right	1	24	15.161	1583
24	2	4	40	10	left	left	1	10	15.198	658
24	3	4	40	10	left	left	1	9	16.636	541
24	4	4	40	10	right	right	1	9	15.306	588
24	5	4	40	10	right	right	1	10	15.873	630
24	6	4	40	10	left	left	1	9	16.791	536
24	7	4	40	10	right	right	1	8	15.152	528
24	8	4	40	10	left	left	1	9	15.228	591
24	9	4	40	10	right	right	1	10	16.42	609
24	10	4	40	10	left	left	1	9	16.014	562
24	11	4	40	10	left	left	1	8	16.293	491
24	12	4	40	10	right	right	1	8	15.81	506
24	13	4	40	10	left	left	1	7	16.166	433
24	14	4	40	10	right	right	1	8	15.209	526
24	15	4	40	10	right	right	1	10	16.077	622
24	16	4	40	10	right	left	0	8	16.129	496
24	17	4	40	10	left	left	1	9	15.762	571
24	18	4	40	10	right	right	1	10	15.337	652
24	19	4	40	10	left	left	1	10	16.26	615
24	20	4	40	10	left	left	1	9	16.514	545
24	21	4	40	10	right	right	1	8	15.842	505
24	22	4	40	10	right	right	1	9	15.845	568
24	23	4	40	10	left	left	1	8	15.355	521
24	24	4	40	10	left	left	1	9	16.304	552
24	25	4	40	10	left	left	1	8	15.595	513
24	26	4	40	10	left	left	1	12	15.957	752
24	27	4	40	10	left	left	1	9	15.464	582
24	28	4	40	10	right	right	1	15	15.907	943
24	29	4	40	10	left	left	1	10	16.42	609
24	30	4	40	10	right	right	1	9	15.986	563
24	31	4	40	10	left	left	1	9	16.917	532
24	32	4	40	10	right	right	1	12	15.873	756
24	33	4	40	10	left	left	1	8	16.598	482
24	34	4	40	10	left	left	1	9	15.411	584
24	35	4	40	10	left	left	1	12	15.152	792
24	36	4	40	10	left	left	1	10	15.649	639
24	37	4	40	10	right	right	1	13	15.294	850
24	38	4	40	10	right	left	0	19	15.82	1201
24	39	4	40	10	left	left	1	13	15.951	815
24	40	4	40	10	right	right	1	23	15.646	1470
24	41	4	40	10	left	left	1	10	15.291	654
24	42	4	40	10	right	right	1	9	15.817	569
24	43	4	40	10	right	right	1	10	16.611	602
24	44	4	40	10	right	right	1	12	15.248	787
24	45	4	40	10	left	left	1	12	15.605	769
24	46	4	40	10	left	right	0	27	15.211	1775
24	47	4	40	10	left	left	1	8	16.529	484
24	48	4	40	10	left	right	0	9	15.332	587
24	49	4	40	10	left	left	1	11	15.257	721
24	50	4	40	10	left	left	1	10	16.75	597
24	51	4	40	10	right	right	1	9	16.334	551
24	52	4	40	10	left	left	1	12	15.645	767
24	53	4	40	10	right	right	1	9	15.491	581
24	54	4	40	10	left	left	1	9	15.228	591
24	55	4	40	10	right	right	1	10	16.051	623
