
blkNum	trlNum	coherentDots	numberofDots	percentCoherence	winningDirection	response	correct	eventCount	averageFrameRate	RT
1	1	4	40	10	right	right	1	215	15.209	14136
1	2	4	40	10	right	right	1	68	15.295	4446
1	3	4	40	10	right	left	0	53	15.429	3435
1	4	4	40	10	left	left	1	62	15.155	4091
1	5	4	40	10	right	left	0	91	15.274	5958
1	6	4	40	10	left	right	0	24	15.094	1590
1	7	4	40	10	right	left	0	85	15.162	5606
1	8	4	40	10	right	left	0	79	15.152	5214
1	9	4	40	10	right	right	1	63	15.251	4131
1	10	4	40	10	right	right	1	50	15.207	3288
1	11	4	40	10	right	right	1	41	15.213	2695
2	1	4	40	10	left	right	0	76	15.215	4995
2	2	4	40	10	right	left	0	47	15.41	3050
2	3	4	40	10	right	left	0	114	15.208	7496
2	4	4	40	10	left	right	0	59	15.365	3840
2	5	4	40	10	right	left	0	118	15.218	7754
2	6	4	40	10	right	right	1	87	15.165	5737
2	7	4	40	10	right	left	0	93	15.261	6094
2	8	4	40	10	left	right	0	93	15.271	6090
2	9	4	40	10	right	right	1	87	15.303	5685
2	10	4	40	10	right	left	0	23	15.354	1498
3	1	4	40	10	right	right	1	137	15.18	9025
3	2	4	40	10	left	left	1	109	15.2	7171
3	3	4	40	10	right	left	0	235	15.168	15493
3	4	4	40	10	right	left	0	77	15.272	5042
3	5	4	40	10	right	left	0	118	15.153	7787
3	6	4	40	10	right	right	1	71	15.295	4642
3	7	4	40	10	right	right	1	92	15.282	6020
3	8	4	40	10	right	right	1	105	15.224	6897
4	1	4	40	10	right	right	1	133	15.184	8759
4	2	4	40	10	right	right	1	54	15.126	3570
4	3	4	40	10	right	right	1	52	15.254	3409
4	4	4	40	10	left	right	0	49	15.375	3187
4	5	4	40	10	left	right	0	73	15.246	4788
4	6	4	40	10	left	right	0	36	15.471	2327
4	7	4	40	10	left	right	0	72	15.277	4713
4	8	4	40	10	right	right	1	34	15.448	2201
4	9	4	40	10	right	right	1	50	15.258	3277
4	10	4	40	10	left	right	0	60	15.353	3908
4	11	4	40	10	right	right	1	58	15.299	3791
4	12	4	40	10	right	right	1	56	15.372	3643
4	13	4	40	10	left	right	0	55	15.299	3595
4	14	4	40	10	right	left	0	35	15.412	2271
5	1	4	40	10	right	right	1	87	15.26	5701
5	2	4	40	10	right	right	1	23	15.52	1482
5	3	4	40	10	right	right	1	14	15.573	899
5	4	4	40	10	right	right	1	14	15.538	901
5	5	4	40	10	right	left	0	12	16.173	742
5	6	4	40	10	right	left	0	100	15.149	6601
5	7	4	40	10	left	right	0	36	15.398	2338
5	8	4	40	10	left	right	0	77	15.163	5078
5	9	4	40	10	left	right	0	85	15.138	5615
5	10	4	40	10	left	left	1	85	15.247	5575
5	11	4	40	10	left	left	1	78	15.255	5113
5	12	4	40	10	right	left	0	55	15.355	3582
5	13	4	40	10	right	right	1	92	15.31	6009
5	14	4	40	10	right	right	1	62	15.233	4070
6	1	4	40	10	left	right	0	46	15.313	3004
6	2	4	40	10	right	right	1	46	15.247	3017
6	3	4	40	10	right	right	1	57	15.156	3761
6	4	4	40	10	left	right	0	53	15.389	3444
6	5	4	40	10	left	left	1	62	15.331	4044
6	6	4	40	10	right	left	0	22	15.816	1391
6	7	4	40	10	left	left	1	64	15.173	4218
6	8	4	40	10	left	right	0	51	15.394	3313
6	9	4	40	10	right	left	0	38	15.292	2485
6	10	4	40	10	left	left	1	38	15.491	2453
6	11	4	40	10	left	left	1	65	15.169	4285
6	12	4	40	10	right	right	1	44	15.204	2894
6	13	4	40	10	left	left	1	49	15.336	3195
6	14	4	40	10	left	left	1	51	15.215	3352
6	15	4	40	10	right	left	0	45	15.406	2921
6	16	4	40	10	left	right	0	69	15.255	4523
7	1	4	40	10	left	right	0	31	15.385	2015
7	2	4	40	10	right	right	1	6	17.291	347
7	3	4	40	10	right	right	1	7	15.695	446
7	4	4	40	10	left	right	0	6	17.241	348
7	5	4	40	10	left	right	0	5	15.015	333
7	6	4	40	10	right	tooFast	2	4	19.512	205
7	7	4	40	10	right	left	0	18	15.398	1169
7	8	4	40	10	right	right	1	8	16.162	495
7	9	4	40	10	right	right	1	11	16.224	678
7	10	4	40	10	left	right	0	19	15.599	1218
7	11	4	40	10	right	left	0	13	16.23	801
7	12	4	40	10	left	right	0	8	15.474	517
7	13	4	40	10	left	right	0	12	16.107	745
7	14	4	40	10	left	right	0	15	15.198	987
7	15	4	40	10	left	right	0	22	15.759	1396
7	16	4	40	10	right	left	0	28	15.427	1815
7	17	4	40	10	right	left	0	18	15.345	1173
7	18	4	40	10	right	left	0	38	15.158	2507
7	19	4	40	10	left	right	0	31	15.354	2019
7	20	4	40	10	left	left	1	38	15.286	2486
7	21	4	40	10	right	left	0	18	15.504	1161
7	22	4	40	10	left	left	1	49	15.17	3230
7	23	4	40	10	right	left	0	45	15.265	2948
7	24	4	40	10	right	right	1	18	15.216	1183
7	25	4	40	10	right	right	1	31	15.256	2032
7	26	4	40	10	left	right	0	30	15.377	1951
7	27	4	40	10	right	left	0	44	15.23	2889
7	28	4	40	10	left	right	0	65	15.348	4235
8	1	4	40	10	left	right	0	61	15.381	3966
8	2	4	40	10	right	right	1	39	15.169	2571
8	3	4	40	10	right	right	1	50	15.133	3304
8	4	4	40	10	left	right	0	45	15.291	2943
8	5	4	40	10	left	right	0	46	15.122	3042
8	6	4	40	10	left	right	0	51	15.366	3319
8	7	4	40	10	left	right	0	49	15.18	3228
8	8	4	40	10	right	right	1	25	15.188	1646
8	9	4	40	10	right	right	1	53	15.182	3491
8	10	4	40	10	right	right	1	62	15.316	4048
8	11	4	40	10	left	right	0	67	15.276	4386
8	12	4	40	10	right	right	1	66	15.186	4346
8	13	4	40	10	right	right	1	63	15.214	4141
8	14	4	40	10	left	right	0	55	15.139	3633
8	15	4	40	10	left	left	1	83	15.308	5422
9	1	4	40	10	left	right	0	83	15.252	5442
9	2	4	40	10	left	right	0	53	15.38	3446
9	3	4	40	10	left	left	1	79	15.292	5166
9	4	4	40	10	left	left	1	48	15.243	3149
9	5	4	40	10	left	left	1	69	15.182	4545
9	6	4	40	10	left	left	1	47	15.304	3071
9	7	4	40	10	left	left	1	59	15.171	3889
9	8	4	40	10	left	right	0	56	15.389	3639
9	9	4	40	10	left	left	1	43	15.248	2820
9	10	4	40	10	left	left	1	99	15.205	6511
9	11	4	40	10	left	left	1	45	15.322	2937
9	12	4	40	10	right	left	0	33	15.172	2175
9	13	4	40	10	right	right	1	48	15.233	3151
9	14	4	40	10	left	left	1	57	15.216	3746
10	1	4	40	10	right	left	0	80	15.258	5243
10	2	4	40	10	right	right	1	79	15.331	5153
10	3	4	40	10	left	right	0	102	15.179	6720
10	4	4	40	10	right	right	1	100	15.291	6540
10	5	4	40	10	left	right	0	87	15.128	5751
10	6	4	40	10	right	left	0	133	15.251	8721
10	7	4	40	10	right	right	1	53	15.195	3488
10	8	4	40	10	left	left	1	72	15.267	4716
10	9	4	40	10	left	left	1	55	15.38	3576
10	10	4	40	10	left	right	0	44	15.455	2847
10	11	4	40	10	right	right	1	96	15.212	6311
11	1	4	40	10	left	right	0	108	15.265	7075
11	2	4	40	10	right	right	1	60	15.182	3952
11	3	4	40	10	right	left	0	74	15.239	4856
11	4	4	40	10	right	left	0	48	15.094	3180
11	5	4	40	10	right	left	0	93	15.261	6094
11	6	4	40	10	right	left	0	69	15.344	4497
11	7	4	40	10	right	right	1	48	15.37	3123
11	8	4	40	10	right	left	0	109	15.279	7134
11	9	4	40	10	left	right	0	41	15.225	2693
11	10	4	40	10	right	right	1	76	15.148	5017
11	11	4	40	10	left	right	0	91	15.279	5956
12	1	4	40	10	left	left	1	163	15.197	10726
12	2	4	40	10	right	left	0	53	15.429	3435
12	3	4	40	10	left	right	0	92	15.184	6059
12	4	4	40	10	left	right	0	107	15.152	7062
12	5	4	40	10	left	left	1	58	15.215	3812
12	6	4	40	10	left	left	1	22	15.058	1461
12	7	4	40	10	left	left	1	25	15.499	1613
12	8	4	40	10	right	left	0	30	15.424	1945
12	9	4	40	10	left	left	1	21	15.498	1355
12	10	4	40	10	right	left	0	31	15.625	1984
12	11	4	40	10	left	left	1	86	15.219	5651
12	12	4	40	10	right	left	0	52	15.335	3391
12	13	4	40	10	right	left	0	52	15.38	3381
13	1	4	40	10	left	right	0	112	15.24	7349
13	2	4	40	10	right	right	1	37	15.302	2418
13	3	4	40	10	left	right	0	58	15.348	3779
13	4	4	40	10	right	left	0	25	15.518	1611
13	5	4	40	10	right	right	1	52	15.312	3396
13	6	4	40	10	right	right	1	75	15.176	4942
13	7	4	40	10	left	right	0	56	15.189	3687
13	8	4	40	10	left	right	0	60	15.194	3949
13	9	4	40	10	left	right	0	67	15.335	4369
13	10	4	40	10	right	left	0	58	15.163	3825
13	11	4	40	10	right	right	1	48	15.331	3131
13	12	4	40	10	left	right	0	72	15.261	4718
13	13	4	40	10	right	right	1	98	15.222	6438
14	1	4	40	10	right	right	1	108	15.181	7114
14	2	4	40	10	right	right	1	50	15.375	3252
14	3	4	40	10	left	left	1	58	15.223	3810
14	4	4	40	10	left	right	0	115	15.152	7590
14	5	4	40	10	left	right	0	80	15.175	5272
14	6	4	40	10	left	right	0	82	15.166	5407
14	7	4	40	10	right	right	1	40	15.326	2610
14	8	4	40	10	left	right	0	57	15.327	3719
14	9	4	40	10	right	right	1	89	15.224	5846
14	10	4	40	10	left	right	0	56	15.292	3662
14	11	4	40	10	right	left	0	86	15.283	5627
15	1	4	40	10	right	left	0	75	15.21	4931
15	2	4	40	10	left	left	1	49	15.156	3233
15	3	4	40	10	right	left	0	70	15.142	4623
15	4	4	40	10	left	left	1	75	15.158	4948
15	5	4	40	10	left	left	1	52	15.196	3422
15	6	4	40	10	right	left	0	70	15.112	4632
15	7	4	40	10	right	left	0	69	15.35	4495
15	8	4	40	10	right	left	0	62	15.339	4042
15	9	4	40	10	left	left	1	50	15.165	3297
15	10	4	40	10	right	left	0	62	15.256	4064
15	11	4	40	10	right	left	0	61	15.129	4032
15	12	4	40	10	right	right	1	111	15.183	7311
16	1	4	40	10	right	left	0	93	15.181	6126
16	2	4	40	10	right	left	0	27	15.455	1747
16	3	4	40	10	right	right	1	93	15.238	6103
16	4	4	40	10	left	right	0	64	15.271	4191
16	5	4	40	10	right	right	1	82	15.319	5353
16	6	4	40	10	left	right	0	60	15.159	3958
16	7	4	40	10	left	left	1	57	15.318	3721
16	8	4	40	10	left	left	1	24	15.113	1588
16	9	4	40	10	left	left	1	32	15.216	2103
16	10	4	40	10	left	left	1	13	15.625	832
16	11	4	40	10	left	left	1	12	16.304	736
16	12	4	40	10	left	left	1	13	15.663	830
16	13	4	40	10	right	left	0	17	15.315	1110
16	14	4	40	10	right	left	0	49	15.114	3242
16	15	4	40	10	right	right	1	43	15.418	2789
16	16	4	40	10	right	left	0	63	15.206	4143
16	17	4	40	10	left	left	1	25	15.235	1641
17	1	4	40	10	right	left	0	50	15.286	3271
17	2	4	40	10	left	left	1	80	15.244	5248
17	3	4	40	10	right	right	1	64	15.289	4186
17	4	4	40	10	left	left	1	122	15.129	8064
17	5	4	40	10	right	right	1	87	15.312	5682
17	6	4	40	10	right	right	1	44	15.422	2853
17	7	4	40	10	left	right	0	114	15.158	7521
17	8	4	40	10	right	right	1	20	15.408	1298
17	9	4	40	10	right	right	1	49	15.241	3215
17	10	4	40	10	left	right	0	34	15.158	2243
17	11	4	40	10	right	right	1	25	15.664	1596
17	12	4	40	10	left	right	0	120	15.152	7920
18	1	4	40	10	right	left	0	47	15.349	3062
18	2	4	40	10	left	left	1	14	15.152	924
18	3	4	40	10	left	left	1	26	15.719	1654
18	4	4	40	10	left	left	1	17	15.918	1068
18	5	4	40	10	right	right	1	45	15.4	2922
18	6	4	40	10	right	left	0	20	15.444	1295
18	7	4	40	10	left	left	1	18	15.625	1152
18	8	4	40	10	left	left	1	14	15.625	896
18	9	4	40	10	left	left	1	11	15.257	721
18	10	4	40	10	right	left	0	84	15.22	5519
18	11	4	40	10	right	left	0	11	15.027	732
18	12	4	40	10	left	left	1	95	15.249	6230
18	13	4	40	10	left	left	1	43	15.396	2793
18	14	4	40	10	left	left	1	39	15.312	2547
18	15	4	40	10	right	left	0	38	15.329	2479
18	16	4	40	10	right	right	1	111	15.183	7311
18	17	4	40	10	right	left	0	232	15.171	15292
19	1	4	40	10	right	right	1	38	15.194	2501
19	2	4	40	10	left	left	1	41	15.253	2688
19	3	4	40	10	left	left	1	32	15.392	2079
19	4	4	40	10	left	left	1	33	15.457	2135
19	5	4	40	10	left	left	1	40	15.192	2633
19	6	4	40	10	right	right	1	37	15.27	2423
19	7	4	40	10	right	right	1	36	15.306	2352
19	8	4	40	10	right	right	1	40	15.152	2640
19	9	4	40	10	left	right	0	47	15.39	3054
19	10	4	40	10	left	right	0	25	15.442	1619
19	11	4	40	10	left	left	1	69	15.249	4525
19	12	4	40	10	right	left	0	41	15.146	2707
19	13	4	40	10	right	right	1	16	15.504	1032
19	14	4	40	10	left	right	0	140	15.209	9205
19	15	4	40	10	left	right	0	14	15.608	897
19	16	4	40	10	left	left	1	61	15.25	4000
19	17	4	40	10	right	right	1	42	15.39	2729
19	18	4	40	10	left	right	0	50	15.385	3250
20	1	4	40	10	right	right	1	55	15.152	3630
20	2	4	40	10	right	right	1	34	15.525	2190
20	3	4	40	10	left	left	1	60	15.24	3937
20	4	4	40	10	left	left	1	20	15.326	1305
20	5	4	40	10	left	left	1	34	15.199	2237
20	6	4	40	10	right	right	1	41	15.247	2689
20	7	4	40	10	left	left	1	17	15.625	1088
20	8	4	40	10	right	left	0	16	15.519	1031
20	9	4	40	10	left	left	1	31	15.248	2033
20	10	4	40	10	right	left	0	18	15.411	1168
20	11	4	40	10	left	right	0	58	15.336	3782
20	12	4	40	10	left	right	0	14	16.092	870
20	13	4	40	10	left	left	1	29	15.328	1892
20	14	4	40	10	left	left	1	19	15.638	1215
20	15	4	40	10	left	left	1	15	15.74	953
20	16	4	40	10	right	right	1	34	15.199	2237
20	17	4	40	10	right	right	1	34	15.455	2200
20	18	4	40	10	right	right	1	37	15.195	2435
20	19	4	40	10	left	left	1	24	15.19	1580
20	20	4	40	10	right	right	1	34	15.336	2217
20	21	4	40	10	left	right	0	66	15.324	4307
20	22	4	40	10	left	left	1	33	15.158	2177
20	23	4	40	10	left	right	0	55	15.16	3628
21	1	4	40	10	left	right	0	46	15.152	3036
21	2	4	40	10	left	right	0	38	15.218	2497
21	3	4	40	10	left	left	1	25	15.461	1617
21	4	4	40	10	left	left	1	19	15.261	1245
21	5	4	40	10	right	left	0	18	15.013	1199
21	6	4	40	10	left	left	1	37	15.283	2421
21	7	4	40	10	left	right	0	31	15.324	2023
21	8	4	40	10	left	left	1	38	15.51	2450
21	9	4	40	10	right	left	0	38	15.403	2467
21	10	4	40	10	left	left	1	31	15.301	2026
21	11	4	40	10	left	left	1	27	15.203	1776
21	12	4	40	10	left	right	0	55	15.139	3633
21	13	4	40	10	right	left	0	31	15.331	2022
21	14	4	40	10	left	left	1	17	15.843	1073
21	15	4	40	10	right	right	1	25	15.404	1623
21	16	4	40	10	left	left	1	26	15.663	1660
21	17	4	40	10	right	right	1	16	15.37	1041
21	18	4	40	10	right	left	0	17	15.888	1070
21	19	4	40	10	right	right	1	17	15.274	1113
21	20	4	40	10	left	right	0	15	15.496	968
21	21	4	40	10	left	right	0	19	15.41	1233
21	22	4	40	10	left	left	1	18	15.517	1160
21	23	4	40	10	right	left	0	15	15.609	961
21	24	4	40	10	right	right	1	25	15.385	1625
21	25	4	40	10	left	left	1	20	15.373	1301
21	26	4	40	10	left	right	0	17	15.858	1072
22	1	4	40	10	left	right	0	63	15.144	4160
22	2	4	40	10	right	right	1	33	15.486	2131
22	3	4	40	10	left	left	1	19	15.176	1252
22	4	4	40	10	left	left	1	16	15.889	1007
22	5	4	40	10	right	right	1	22	15.771	1395
22	6	4	40	10	left	left	1	22	15.172	1450
22	7	4	40	10	right	right	1	20	15.699	1274
22	8	4	40	10	right	right	1	44	15.251	2885
22	9	4	40	10	left	left	1	14	15.184	922
22	10	4	40	10	right	right	1	26	15.588	1668
22	11	4	40	10	left	right	0	29	15.475	1874
22	12	4	40	10	right	left	0	17	15.371	1106
22	13	4	40	10	right	right	1	14	15.385	910
22	14	4	40	10	right	right	1	24	15.228	1576
22	15	4	40	10	right	right	1	42	15.245	2755
22	16	4	40	10	left	right	0	32	15.362	2083
22	17	4	40	10	left	left	1	50	15.207	3288
22	18	4	40	10	left	left	1	21	15.637	1343
22	19	4	40	10	right	right	1	23	15.082	1525
22	20	4	40	10	left	right	0	39	15.24	2559
22	21	4	40	10	left	right	0	36	15.203	2368
22	22	4	40	10	right	left	0	66	15.148	4357
22	23	4	40	10	left	left	1	16	15.686	1020
22	24	4	40	10	left	left	1	28	15.07	1858
23	1	4	40	10	right	right	1	57	15.123	3769
23	2	4	40	10	left	right	0	33	15.537	2124
23	3	4	40	10	right	right	1	13	15.294	850
23	4	4	40	10	right	right	1	27	15.315	1763
23	5	4	40	10	left	left	1	14	16.298	859
23	6	4	40	10	right	left	0	15	15.306	980
23	7	4	40	10	right	right	1	15	15.045	997
23	8	4	40	10	left	left	1	19	15.115	1257
23	9	4	40	10	right	right	1	19	15.574	1220
23	10	4	40	10	right	right	1	51	15.26	3342
23	11	4	40	10	right	right	1	36	15.319	2350
23	12	4	40	10	left	left	1	31	15.1	2053
23	13	4	40	10	left	right	0	29	15.45	1877
23	14	4	40	10	left	left	1	11	15.193	724
23	15	4	40	10	right	left	0	27	15.059	1793
23	16	4	40	10	left	right	0	31	15.385	2015
23	17	4	40	10	left	left	1	69	15.232	4530
23	18	4	40	10	right	left	0	24	15.454	1553
23	19	4	40	10	left	right	0	22	15.714	1400
23	20	4	40	10	left	left	1	52	15.245	3411
23	21	4	40	10	right	left	0	27	15.092	1789
23	22	4	40	10	left	left	1	27	15.177	1779
23	23	4	40	10	right	left	0	79	15.278	5171
24	1	4	40	10	left	left	1	105	15.204	6906
24	2	4	40	10	left	left	1	29	15.583	1861
24	3	4	40	10	left	left	1	19	15.224	1248
24	4	4	40	10	left	left	1	23	15.182	1515
24	5	4	40	10	right	right	1	28	15.326	1827
24	6	4	40	10	right	right	1	35	15.425	2269
24	7	4	40	10	left	right	0	40	15.468	2586
24	8	4	40	10	left	left	1	40	15.504	2580
24	9	4	40	10	left	left	1	36	15.3	2353
24	10	4	40	10	right	right	1	22	15.625	1408
24	11	4	40	10	left	left	1	21	15.273	1375
24	12	4	40	10	right	left	0	15	15.94	941
24	13	4	40	10	left	right	0	41	15.362	2669
24	14	4	40	10	left	left	1	54	15.164	3561
24	15	4	40	10	left	left	1	16	15.282	1047
24	16	4	40	10	left	left	1	18	15.05	1196
24	17	4	40	10	left	left	1	17	15.539	1094
24	18	4	40	10	right	left	0	11	15.537	708
24	19	4	40	10	right	left	0	15	15.789	950
24	20	4	40	10	right	right	1	44	15.46	2846
24	21	4	40	10	right	right	1	19	15.397	1234
24	22	4	40	10	left	right	0	22	15.759	1396
24	23	4	40	10	right	left	0	29	15.175	1911
24	24	4	40	10	right	left	0	18	15.101	1192
