
blkNum	trlNum	coherentDots	numberofDots	percentCoherence	winningDirection	response	correct	eventCount	averageFrameRate	RT
1	1	4	40	10	right	right	1	212	15.206	13942
1	2	4	40	10	left	right	0	33	15.124	2182
1	3	4	40	10	left	right	0	34	15.302	2222
1	4	4	40	10	right	right	1	47	15.309	3070
1	5	4	40	10	left	right	0	42	15.223	2759
1	6	4	40	10	left	right	0	58	15.275	3797
1	7	4	40	10	right	left	0	48	15.316	3134
1	8	4	40	10	left	right	0	34	15.302	2222
1	9	4	40	10	right	left	0	32	15.34	2086
1	10	4	40	10	right	left	0	18	15.679	1148
1	11	4	40	10	right	right	1	59	15.265	3865
1	12	4	40	10	left	right	0	52	15.231	3414
1	13	4	40	10	right	left	0	35	15.257	2294
1	14	4	40	10	left	right	0	53	15.126	3504
1	15	4	40	10	left	left	1	17	15.843	1073
1	16	4	40	10	right	left	0	18	15.517	1160
1	17	4	40	10	left	right	0	66	15.232	4333
1	18	4	40	10	left	left	1	12	15.894	755
1	19	4	40	10	right	left	0	20	15.232	1313
1	20	4	40	10	left	left	1	11	15.759	698
1	21	4	40	10	right	left	0	30	15.44	1943
1	22	4	40	10	right	right	1	70	15.271	4584
1	23	4	40	10	right	right	1	17	15.165	1121
1	24	4	40	10	right	right	1	14	16.055	872
1	25	4	40	10	right	right	1	10	15.408	649
1	26	4	40	10	left	right	0	10	15.699	637
1	27	4	40	10	left	right	0	18	15.038	1197
1	28	4	40	10	right	right	1	62	15.185	4083
1	29	4	40	10	left	right	0	54	15.28	3534
1	30	4	40	10	left	left	1	77	15.326	5024
1	31	4	40	10	right	left	0	13	16.332	796
1	32	4	40	10	left	left	1	13	16.089	808
1	33	4	40	10	left	right	0	17	15.179	1120
1	34	4	40	10	left	left	1	16	15.094	1060
1	35	4	40	10	right	left	0	12	15.936	753
1	36	4	40	10	right	right	1	12	15.686	765
1	37	4	40	10	left	right	0	12	15.727	763
1	38	4	40	10	right	right	1	11	16.224	678
1	39	4	40	10	right	right	1	13	16.209	802
1	40	4	40	10	left	right	0	38	15.267	2489
2	1	4	40	10	right	right	1	52	15.236	3413
2	2	4	40	10	right	right	1	17	15.625	1088
2	3	4	40	10	left	right	0	13	16.109	807
2	4	4	40	10	left	right	0	20	15.221	1314
2	5	4	40	10	left	right	0	38	15.304	2483
2	6	4	40	10	left	right	0	11	15.559	707
2	7	4	40	10	left	right	0	8	15.267	524
2	8	4	40	10	right	left	0	33	15.327	2153
2	9	4	40	10	right	left	0	9	16.791	536
2	10	4	40	10	left	left	1	6	15.113	397
2	11	4	40	10	left	left	1	12	15.113	794
2	12	4	40	10	right	left	0	15	15.353	977
2	13	4	40	10	left	left	1	11	16.345	673
2	14	4	40	10	left	left	1	57	15.302	3725
2	15	4	40	10	right	left	0	20	15.256	1311
2	16	4	40	10	right	left	0	14	16.204	864
2	17	4	40	10	right	left	0	9	16.854	534
2	18	4	40	10	right	right	1	11	15.559	707
2	19	4	40	10	left	right	0	11	15.278	720
2	20	4	40	10	left	right	0	8	15.326	522
2	21	4	40	10	right	right	1	12	15.979	751
2	22	4	40	10	right	left	0	12	15.524	773
2	23	4	40	10	right	right	1	8	15.873	504
2	24	4	40	10	left	left	1	9	16.304	552
2	25	4	40	10	left	right	0	9	15.598	577
2	26	4	40	10	right	left	0	7	15.385	455
2	27	4	40	10	left	right	0	5	15.528	322
2	28	4	40	10	left	left	1	7	16.129	434
2	29	4	40	10	right	left	0	30	15.306	1960
2	30	4	40	10	left	right	0	7	17.073	410
2	31	4	40	10	right	left	0	9	15.544	579
2	32	4	40	10	right	left	0	7	16.432	426
2	33	4	40	10	left	left	1	7	15.217	460
2	34	4	40	10	left	left	1	12	15.915	754
2	35	4	40	10	left	left	1	11	15.278	720
2	36	4	40	10	right	left	0	16	15.671	1021
2	37	4	40	10	right	right	1	10	14.903	671
2	38	4	40	10	right	left	0	18	15.371	1171
2	39	4	40	10	right	right	1	6	16	375
2	40	4	40	10	left	right	0	9	16.917	532
3	1	4	40	10	left	right	0	26	15.394	1689
3	2	4	40	10	right	right	1	12	15.707	764
3	3	4	40	10	left	right	0	15	15.464	970
3	4	4	40	10	right	right	1	9	16.698	539
3	5	4	40	10	left	right	0	9	15.126	595
3	6	4	40	10	left	right	0	8	16.327	490
3	7	4	40	10	right	right	1	8	17.021	470
3	8	4	40	10	left	right	0	8	16.495	485
3	9	4	40	10	left	right	0	7	16.166	433
3	10	4	40	10	left	right	0	11	15.027	732
3	11	4	40	10	left	right	0	7	16.279	430
3	12	4	40	10	left	right	0	6	14.963	401
3	13	4	40	10	right	right	1	7	15.021	466
3	14	4	40	10	right	right	1	10	16.207	617
3	15	4	40	10	left	right	0	8	15.534	515
3	16	4	40	10	left	right	0	6	15.306	392
3	17	4	40	10	right	right	1	5	16.779	298
3	18	4	40	10	right	right	1	10	15.528	644
3	19	4	40	10	right	right	1	7	15.119	463
3	20	4	40	10	left	right	0	9	16.364	550
3	21	4	40	10	right	right	1	10	15.337	652
3	22	4	40	10	left	left	1	18	15.748	1143
3	23	4	40	10	right	left	0	64	15.271	4191
3	24	4	40	10	left	left	1	8	16.097	497
3	25	4	40	10	left	left	1	14	15.351	912
3	26	4	40	10	right	left	0	14	15.891	881
3	27	4	40	10	right	left	0	9	15.228	591
3	28	4	40	10	left	left	1	6	16.043	374
3	29	4	40	10	left	left	1	14	16	875
3	30	4	40	10	left	left	1	10	15.924	628
3	31	4	40	10	left	left	1	11	15.827	695
3	32	4	40	10	right	left	0	33	15.2	2171
3	33	4	40	10	right	right	1	16	15.355	1042
3	34	4	40	10	right	right	1	13	15.625	832
3	35	4	40	10	right	right	1	11	15.278	720
3	36	4	40	10	right	right	1	10	15.898	629
3	37	4	40	10	left	right	0	14	15.625	896
3	38	4	40	10	right	left	0	8	15.444	518
3	39	4	40	10	right	right	1	5	15.48	323
3	40	4	40	10	right	right	1	8	16.194	494
4	1	4	40	10	right	right	1	18	15.625	1152
4	2	4	40	10	right	right	1	12	15.789	760
4	3	4	40	10	right	right	1	23	15.152	1518
4	4	4	40	10	left	right	0	17	15.399	1104
4	5	4	40	10	right	left	0	8	16.529	484
4	6	4	40	10	right	left	0	9	16.071	560
4	7	4	40	10	left	left	1	5	14.62	342
4	8	4	40	10	left	left	1	15	15.873	945
4	9	4	40	10	left	left	1	11	15.027	732
4	10	4	40	10	left	left	1	27	15.254	1770
4	11	4	40	10	left	left	1	8	15.564	514
4	12	4	40	10	right	left	0	7	15.054	465
4	13	4	40	10	left	right	0	6	15.789	380
4	14	4	40	10	right	left	0	8	15.686	510
4	15	4	40	10	right	right	1	9	15.789	570
4	16	4	40	10	left	right	0	11	15.919	691
4	17	4	40	10	left	right	0	8	16.227	493
4	18	4	40	10	right	right	1	8	16.36	489
4	19	4	40	10	right	right	1	8	16.129	496
4	20	4	40	10	left	right	0	8	16.162	495
4	21	4	40	10	left	left	1	9	16.423	548
4	22	4	40	10	right	left	0	8	16.771	477
4	23	4	40	10	left	right	0	7	15.086	464
4	24	4	40	10	left	right	0	15	15.56	964
4	25	4	40	10	left	left	1	6	15.152	396
4	26	4	40	10	right	right	1	15	15.228	985
4	27	4	40	10	left	right	0	8	15.238	525
4	28	4	40	10	right	left	0	6	15.544	386
4	29	4	40	10	left	left	1	6	16.129	372
4	30	4	40	10	left	left	1	9	14.803	608
4	31	4	40	10	right	left	0	7	15.284	458
4	32	4	40	10	left	left	1	5	17.483	286
4	33	4	40	10	right	left	0	8	15.152	528
4	34	4	40	10	right	left	0	5	17.065	293
4	35	4	40	10	right	right	1	5	15.823	316
4	36	4	40	10	right	right	1	8	15.18	527
4	37	4	40	10	right	right	1	8	15.414	519
4	38	4	40	10	left	right	0	13	15.348	847
4	39	4	40	10	right	left	0	7	16.018	437
4	40	4	40	10	left	tooFast	2	4	16.194	247
5	1	4	40	10	right	right	1	39	15.169	2571
5	2	4	40	10	right	right	1	11	15.449	712
5	3	4	40	10	right	right	1	10	15.898	629
5	4	4	40	10	left	right	0	13	16.25	800
5	5	4	40	10	left	left	1	15	15.823	948
5	6	4	40	10	right	left	0	13	15.495	839
5	7	4	40	10	right	left	0	11	16.272	676
5	8	4	40	10	left	right	0	9	16.886	533
5	9	4	40	10	left	left	1	10	15.773	634
5	10	4	40	10	right	left	0	10	15.898	629
5	11	4	40	10	left	right	0	9	16.393	549
5	12	4	40	10	left	left	1	6	17.291	347
5	13	4	40	10	left	right	0	22	15.048	1462
5	14	4	40	10	right	left	0	7	15.521	451
5	15	4	40	10	left	left	1	11	15.131	727
5	16	4	40	10	right	left	0	13	15.258	852
5	17	4	40	10	left	left	1	9	15.817	569
5	18	4	40	10	left	left	1	9	16.245	554
5	19	4	40	10	left	left	1	9	15.126	595
5	20	4	40	10	left	left	1	7	15.184	461
5	21	4	40	10	left	left	1	19	15.807	1202
5	22	4	40	10	right	right	1	27	15.58	1733
5	23	4	40	10	left	right	0	12	15.544	772
5	24	4	40	10	right	left	0	9	16.334	551
5	25	4	40	10	right	right	1	6	16.129	372
5	26	4	40	10	left	right	0	13	15.458	841
5	27	4	40	10	left	right	0	6	16.393	366
5	28	4	40	10	right	right	1	7	15.945	439
5	29	4	40	10	right	right	1	9	15.28	589
5	30	4	40	10	right	left	0	9	15.901	566
5	31	4	40	10	left	left	1	9	15.957	564
5	32	4	40	10	left	left	1	11	15.67	702
5	33	4	40	10	right	left	0	12	15.113	794
5	34	4	40	10	right	right	1	9	16.854	534
5	35	4	40	10	right	right	1	10	15.848	631
5	36	4	40	10	right	right	1	14	15.453	906
5	37	4	40	10	right	right	1	12	15.707	764
5	38	4	40	10	right	left	0	13	15.738	826
5	39	4	40	10	left	left	1	9	16.1	559
5	40	4	40	10	left	left	1	12	15.625	768
6	1	4	40	10	left	right	0	23	15.182	1515
6	2	4	40	10	left	left	1	8	15.564	514
6	3	4	40	10	right	left	0	8	16.327	490
6	4	4	40	10	left	left	1	11	16.035	686
6	5	4	40	10	right	left	0	9	16.245	554
6	6	4	40	10	left	right	0	8	16.393	488
6	7	4	40	10	right	right	1	6	14.851	404
6	8	4	40	10	left	right	0	8	16.949	472
6	9	4	40	10	left	right	0	8	16.807	476
6	10	4	40	10	left	left	1	14	15.504	903
6	11	4	40	10	right	right	1	9	16.484	546
6	12	4	40	10	right	left	0	9	16.729	538
6	13	4	40	10	right	right	1	13	15.777	824
6	14	4	40	10	left	right	0	15	15.121	992
6	15	4	40	10	left	right	0	8	16.667	480
6	16	4	40	10	left	right	0	8	16.529	484
6	17	4	40	10	left	right	0	5	14.881	336
6	18	4	40	10	right	right	1	8	16.129	496
6	19	4	40	10	left	right	0	9	15.203	592
6	20	4	40	10	right	right	1	7	15.945	439
6	21	4	40	10	left	right	0	8	15.474	517
6	22	4	40	10	right	right	1	65	15.18	4282
6	23	4	40	10	right	right	1	8	16.327	490
6	24	4	40	10	right	right	1	8	15.355	521
6	25	4	40	10	right	right	1	8	16.097	497
6	26	4	40	10	right	left	0	16	15.137	1057
6	27	4	40	10	left	right	0	9	15.517	580
6	28	4	40	10	right	right	1	8	16.878	474
6	29	4	40	10	left	right	0	9	16.043	561
6	30	4	40	10	right	right	1	8	15.905	503
6	31	4	40	10	right	right	1	8	16.701	479
6	32	4	40	10	left	right	0	9	16.854	534
6	33	4	40	10	left	left	1	5	16.779	298
6	34	4	40	10	right	left	0	7	16.627	421
6	35	4	40	10	left	left	1	7	16.241	431
6	36	4	40	10	left	left	1	7	16.018	437
6	37	4	40	10	left	left	1	8	15.779	507
6	38	4	40	10	right	left	0	6	15.873	378
6	39	4	40	10	right	left	0	11	15.737	699
6	40	4	40	10	right	left	0	8	16.227	493
7	1	4	40	10	left	right	0	31	15.609	1986
7	2	4	40	10	right	right	1	15	15.823	948
7	3	4	40	10	right	right	1	10	15.083	663
7	4	4	40	10	right	right	1	9	15.986	563
7	5	4	40	10	right	right	1	9	16.917	532
7	6	4	40	10	right	right	1	9	14.876	605
7	7	4	40	10	left	right	0	10	14.881	672
7	8	4	40	10	right	left	0	12	15.326	783
7	9	4	40	10	left	left	1	9	15.358	586
7	10	4	40	10	left	left	1	12	15.075	796
7	11	4	40	10	right	left	0	10	15.175	659
7	12	4	40	10	left	right	0	18	15.371	1171
7	13	4	40	10	left	left	1	7	16.509	424
7	14	4	40	10	left	left	1	11	15.67	702
7	15	4	40	10	right	left	0	12	15.894	755
7	16	4	40	10	right	left	0	13	15.663	830
7	17	4	40	10	left	left	1	14	16.317	858
7	18	4	40	10	right	left	0	10	15.552	643
7	19	4	40	10	left	left	1	5	17.668	283
7	20	4	40	10	right	left	0	9	15.28	589
7	21	4	40	10	left	left	1	7	15.487	452
7	22	4	40	10	left	left	1	6	14.925	402
7	23	4	40	10	left	left	1	8	16.393	488
7	24	4	40	10	left	left	1	9	15.025	599
7	25	4	40	10	left	left	1	9	15.817	569
7	26	4	40	10	right	left	0	16	15.968	1002
7	27	4	40	10	left	right	0	8	15.779	507
7	28	4	40	10	right	left	0	9	15.625	576
7	29	4	40	10	right	left	0	5	14.97	334
7	30	4	40	10	left	tooFast	2	4	17.391	230
7	31	4	40	10	left	left	1	8	15.534	515
7	32	4	40	10	right	left	0	14	15.713	891
7	33	4	40	10	right	left	0	8	16.913	473
7	34	4	40	10	right	left	0	8	16.771	477
7	35	4	40	10	left	left	1	7	17.115	409
7	36	4	40	10	left	left	1	10	16.287	614
7	37	4	40	10	right	left	0	7	16.204	432
7	38	4	40	10	left	left	1	7	15.521	451
7	39	4	40	10	right	left	0	9	16.484	546
7	40	4	40	10	right	left	0	9	16.575	543
8	1	4	40	10	right	right	1	16	15.429	1037
8	2	4	40	10	left	right	0	12	15.915	754
8	3	4	40	10	right	left	0	6	15.424	389
8	4	4	40	10	right	right	1	9	16.334	551
8	5	4	40	10	right	left	0	13	15.33	848
8	6	4	40	10	right	right	1	8	16.495	485
8	7	4	40	10	left	left	1	14	15.284	916
8	8	4	40	10	right	right	1	24	15.248	1574
8	9	4	40	10	left	left	1	13	15.912	817
8	10	4	40	10	left	right	0	14	15.47	905
8	11	4	40	10	left	left	1	9	16.304	552
8	12	4	40	10	left	right	0	15	15.625	960
8	13	4	40	10	left	left	1	8	15.385	520
8	14	4	40	10	left	right	0	14	15.625	896
8	15	4	40	10	left	left	1	8	16.985	471
8	16	4	40	10	right	right	1	12	16.349	734
8	17	4	40	10	right	left	0	10	14.993	667
8	18	4	40	10	left	right	0	6	15.152	396
8	19	4	40	10	right	left	0	6	15.075	398
8	20	4	40	10	right	right	1	6	16	375
8	21	4	40	10	left	right	0	10	15.337	652
8	22	4	40	10	left	left	1	7	16.667	420
8	23	4	40	10	right	left	0	10	15.576	642
8	24	4	40	10	left	right	0	7	15.873	441
8	25	4	40	10	right	right	1	5	17.544	285
8	26	4	40	10	right	left	0	9	15.05	598
8	27	4	40	10	right	right	1	7	16.949	413
8	28	4	40	10	left	left	1	11	15.759	698
8	29	4	40	10	right	right	1	12	15.666	766
8	30	4	40	10	left	left	1	9	16.636	541
8	31	4	40	10	right	right	1	12	16.349	734
8	32	4	40	10	left	left	1	10	15.175	659
8	33	4	40	10	left	right	0	10	15.106	662
8	34	4	40	10	right	left	0	8	16.701	479
8	35	4	40	10	right	right	1	6	15.19	395
8	36	4	40	10	right	left	0	11	16.176	680
8	37	4	40	10	right	right	1	6	15.957	376
8	38	4	40	10	left	left	1	9	15.491	581
8	39	4	40	10	left	right	0	11	15.152	726
8	40	4	40	10	left	left	1	6	15.584	385
9	1	4	40	10	right	left	0	16	15.444	1036
9	2	4	40	10	left	left	1	5	17.007	294
9	3	4	40	10	left	left	1	7	15.351	456
9	4	4	40	10	left	left	1	6	15.038	399
9	5	4	40	10	right	left	0	6	16.173	371
9	6	4	40	10	left	left	1	11	15.515	709
9	7	4	40	10	right	left	0	8	16.097	497
9	8	4	40	10	left	left	1	10	15.291	654
9	9	4	40	10	left	left	1	6	14.925	402
9	10	4	40	10	right	left	0	6	16.393	366
9	11	4	40	10	right	left	0	6	15.038	399
9	12	4	40	10	right	left	0	16	15.137	1057
9	13	4	40	10	left	left	1	7	16.99	412
9	14	4	40	10	right	left	0	6	17.442	344
9	15	4	40	10	right	left	0	7	16.827	416
9	16	4	40	10	right	left	0	6	16.575	362
9	17	4	40	10	left	left	1	6	16.901	355
9	18	4	40	10	right	left	0	7	16.548	423
9	19	4	40	10	left	left	1	5	15.974	313
9	20	4	40	10	right	left	0	9	16.667	540
9	21	4	40	10	left	left	1	5	18.797	266
9	22	4	40	10	right	left	0	8	15.779	507
9	23	4	40	10	left	left	1	5	16.447	304
9	24	4	40	10	left	left	1	7	16.129	434
9	25	4	40	10	right	left	0	7	16.827	416
9	26	4	40	10	right	left	0	9	15.986	563
9	27	4	40	10	left	left	1	7	17.157	408
9	28	4	40	10	right	tooFast	2	2	15.038	133
9	29	4	40	10	left	left	1	7	15.351	456
9	30	4	40	10	left	left	1	8	15.209	526
9	31	4	40	10	left	left	1	7	16.908	414
9	32	4	40	10	right	left	0	8	16.032	499
9	33	4	40	10	right	left	0	6	16.304	368
9	34	4	40	10	left	left	1	5	17.301	289
9	35	4	40	10	left	left	1	7	15.521	451
9	36	4	40	10	right	left	0	7	15.317	457
9	37	4	40	10	right	left	0	8	16.529	484
9	38	4	40	10	left	left	1	8	15.152	528
9	39	4	40	10	right	left	0	9	15.817	569
9	40	4	40	10	left	tooFast	2	1	21.277	47
10	1	4	40	10	right	left	0	22	15.342	1434
10	2	4	40	10	right	right	1	9	15.929	565
10	3	4	40	10	left	right	0	6	15.345	391
10	4	4	40	10	left	right	0	5	16.892	296
10	5	4	40	10	left	tooFast	2	1	13.889	72
10	6	4	40	10	right	left	0	5	15.244	328
10	7	4	40	10	right	right	1	6	15.957	376
10	8	4	40	10	left	left	1	7	16.317	429
10	9	4	40	10	right	right	1	8	16.327	490
10	10	4	40	10	right	left	0	7	15.021	466
10	11	4	40	10	left	right	0	13	15.99	813
10	12	4	40	10	right	left	0	5	16.34	306
10	13	4	40	10	left	right	0	5	14.837	337
10	14	4	40	10	left	left	1	5	16.779	298
10	15	4	40	10	left	right	0	8	15.534	515
10	16	4	40	10	right	left	0	6	16.304	368
10	17	4	40	10	right	right	1	6	15.915	377
10	18	4	40	10	left	left	1	9	16.886	533
10	19	4	40	10	left	right	0	9	14.851	606
10	20	4	40	10	left	left	1	8	17.058	469
10	21	4	40	10	right	right	1	8	16.529	484
10	22	4	40	10	right	left	0	9	15.126	595
10	23	4	40	10	right	right	1	7	15.837	442
10	24	4	40	10	right	left	0	9	16.544	544
10	25	4	40	10	right	right	1	6	15.748	381
10	26	4	40	10	left	left	1	8	16.327	490
10	27	4	40	10	right	right	1	8	15.355	521
10	28	4	40	10	right	left	0	8	15.842	505
10	29	4	40	10	right	left	0	10	15.873	630
10	30	4	40	10	left	left	1	6	15.424	389
10	31	4	40	10	left	left	1	7	15.556	450
10	32	4	40	10	left	left	1	8	15.152	528
10	33	4	40	10	left	left	1	8	15.842	505
10	34	4	40	10	left	left	1	8	16.949	472
10	35	4	40	10	right	left	0	11	15.152	726
10	36	4	40	10	left	right	0	12	15.936	753
10	37	4	40	10	right	right	1	9	15.544	579
10	38	4	40	10	left	right	0	8	15.474	517
10	39	4	40	10	right	right	1	8	16.064	498
10	40	4	40	10	left	right	0	8	16.36	489
11	1	4	40	10	left	left	1	19	15.561	1221
11	2	4	40	10	left	left	1	7	15.945	439
11	3	4	40	10	left	left	1	6	15.113	397
11	4	4	40	10	left	left	1	6	15.228	394
11	5	4	40	10	left	left	1	10	15.083	663
11	6	4	40	10	left	left	1	9	16.014	562
11	7	4	40	10	right	left	0	7	16.092	435
11	8	4	40	10	right	left	0	9	15.901	566
11	9	4	40	10	left	left	1	9	16.667	540
11	10	4	40	10	right	left	0	8	17.058	469
11	11	4	40	10	left	left	1	8	15.152	528
11	12	4	40	10	left	left	1	6	15.267	393
11	13	4	40	10	right	left	0	6	14.815	405
11	14	4	40	10	right	left	0	10	16.051	623
11	15	4	40	10	right	left	0	11	15.647	703
11	16	4	40	10	right	left	0	8	16.632	481
11	17	4	40	10	left	left	1	6	14.815	405
11	18	4	40	10	right	left	0	11	16.129	682
11	19	4	40	10	left	right	0	15	15.075	995
11	20	4	40	10	right	right	1	7	16.99	412
11	21	4	40	10	left	right	0	5	17.301	289
11	22	4	40	10	left	left	1	6	16.667	360
11	23	4	40	10	left	right	0	5	14.706	340
11	24	4	40	10	right	left	0	5	18.587	269
11	25	4	40	10	right	right	1	10	15.385	650
11	26	4	40	10	right	left	0	11	15.342	717
11	27	4	40	10	left	right	0	5	14.925	335
11	28	4	40	10	right	left	0	5	16.077	311
11	29	4	40	10	left	right	0	5	15.674	319
11	30	4	40	10	right	left	0	5	18.519	270
11	31	4	40	10	right	right	1	5	17.065	293
11	32	4	40	10	right	right	1	9	15.025	599
11	33	4	40	10	right	right	1	6	16.997	353
11	34	4	40	10	left	right	0	8	15.474	517
11	35	4	40	10	right	right	1	8	15.326	522
11	36	4	40	10	left	right	0	7	16.432	426
11	37	4	40	10	left	right	0	5	15.432	324
11	38	4	40	10	right	right	1	5	15.823	316
11	39	4	40	10	right	right	1	12	15.979	751
11	40	4	40	10	left	right	0	10	16.313	613
12	1	4	40	10	right	left	0	15	15.275	982
12	2	4	40	10	left	left	1	6	16.713	359
12	3	4	40	10	right	left	0	7	16.706	419
12	4	4	40	10	right	left	0	8	15.474	517
12	5	4	40	10	left	tooFast	2	4	16.529	242
12	6	4	40	10	left	left	1	6	16	375
12	7	4	40	10	left	left	1	6	16.129	372
12	8	4	40	10	right	left	0	5	17.857	280
12	9	4	40	10	right	left	0	7	16.867	415
12	10	4	40	10	right	left	0	6	16.26	369
12	11	4	40	10	right	left	0	8	15.326	522
12	12	4	40	10	left	left	1	8	16.427	487
12	13	4	40	10	left	left	1	7	16.627	421
12	14	4	40	10	right	left	0	7	16.129	434
12	15	4	40	10	left	left	1	7	16.949	413
12	16	4	40	10	left	left	1	8	15.81	506
12	17	4	40	10	right	left	0	6	15.873	378
12	18	4	40	10	right	left	0	5	15.48	323
12	19	4	40	10	right	left	0	5	18.727	267
12	20	4	40	10	left	left	1	5	17.241	290
12	21	4	40	10	left	left	1	5	17.606	284
12	22	4	40	10	left	left	1	6	15.707	382
12	23	4	40	10	left	left	1	8	15.81	506
12	24	4	40	10	right	left	0	7	16.432	426
12	25	4	40	10	left	left	1	8	17.094	468
12	26	4	40	10	left	left	1	5	15.106	331
12	27	4	40	10	right	left	0	5	14.62	342
12	28	4	40	10	right	left	0	5	15.291	327
12	29	4	40	10	left	left	1	6	15.666	383
12	30	4	40	10	left	left	1	6	15.504	387
12	31	4	40	10	left	left	1	6	17.045	352
12	32	4	40	10	right	left	0	12	15.707	764
12	33	4	40	10	left	left	1	8	16.985	471
12	34	4	40	10	right	left	0	6	16.043	374
12	35	4	40	10	right	tooFast	2	3	17.143	175
12	36	4	40	10	left	left	1	8	16.064	498
12	37	4	40	10	right	left	0	6	15.228	394
12	38	4	40	10	left	left	1	8	16.563	483
12	39	4	40	10	right	left	0	7	15.021	466
12	40	4	40	10	right	left	0	7	16.588	422
13	1	4	40	10	left	right	0	35	15.432	2268
13	2	4	40	10	left	right	0	9	15.254	590
13	3	4	40	10	left	right	0	6	16.484	364
13	4	4	40	10	left	right	0	5	15.015	333
13	5	4	40	10	left	right	0	4	15.326	261
13	6	4	40	10	right	tooFast	2	4	19.608	204
13	7	4	40	10	right	right	1	7	15.119	463
13	8	4	40	10	left	right	0	6	17.192	349
13	9	4	40	10	left	right	0	6	15.385	390
13	10	4	40	10	left	right	0	5	16.502	303
13	11	4	40	10	right	right	1	4	15.209	263
13	12	4	40	10	left	right	0	5	14.881	336
13	13	4	40	10	right	tooFast	2	4	16.129	248
13	14	4	40	10	left	right	0	8	17.021	470
13	15	4	40	10	right	right	1	5	16.393	305
13	16	4	40	10	right	right	1	6	16.484	364
13	17	4	40	10	right	right	1	10	15.432	648
13	18	4	40	10	left	right	0	8	15.779	507
13	19	4	40	10	right	right	1	5	15.291	327
13	20	4	40	10	right	right	1	6	15.873	378
13	21	4	40	10	right	right	1	9	15.025	599
13	22	4	40	10	right	right	1	7	15.317	457
13	23	4	40	10	left	right	0	6	15.345	391
13	24	4	40	10	left	right	0	6	16.997	353
13	25	4	40	10	left	tooFast	2	1	111.111	9
13	26	4	40	10	right	right	1	9	15.625	576
13	27	4	40	10	left	right	0	7	15.284	458
13	28	4	40	10	left	tooFast	2	3	18.182	165
13	29	4	40	10	left	right	0	8	16.632	481
13	30	4	40	10	right	right	1	5	16.181	309
13	31	4	40	10	left	right	0	7	15.945	439
13	32	4	40	10	left	right	0	7	17.073	410
13	33	4	40	10	right	tooFast	2	1	28.571	35
13	34	4	40	10	right	right	1	17	15.568	1092
13	35	4	40	10	right	right	1	8	16.293	491
13	36	4	40	10	right	right	1	6	15.267	393
13	37	4	40	10	right	right	1	6	15.707	382
13	38	4	40	10	right	right	1	11	15.919	691
13	39	4	40	10	left	right	0	11	15.471	711
13	40	4	40	10	right	right	1	9	16.071	560
14	1	4	40	10	left	left	1	21	15.317	1371
14	2	4	40	10	left	right	0	7	16.129	434
14	3	4	40	10	right	left	0	7	15.487	452
14	4	4	40	10	right	right	1	6	17.442	344
14	5	4	40	10	left	left	1	9	16.698	539
14	6	4	40	10	right	right	1	8	15.267	524
14	7	4	40	10	right	left	0	7	15.766	444
14	8	4	40	10	left	right	0	10	15.873	630
14	9	4	40	10	right	left	0	5	14.97	334
14	10	4	40	10	right	right	1	6	16.043	374
14	11	4	40	10	left	left	1	9	16.981	530
14	12	4	40	10	right	right	1	9	15.762	571
14	13	4	40	10	left	left	1	7	16.667	420
14	14	4	40	10	right	right	1	8	15.094	530
14	15	4	40	10	left	left	1	10	15.576	642
14	16	4	40	10	left	right	0	8	16.771	477
14	17	4	40	10	left	left	1	6	15.915	377
14	18	4	40	10	left	right	0	7	15.73	445
14	19	4	40	10	right	tooFast	2	1	62.5	16
14	20	4	40	10	left	left	1	7	16.867	415
14	21	4	40	10	right	right	1	11	15.342	717
14	22	4	40	10	right	right	1	9	15.789	570
14	23	4	40	10	right	left	0	8	16.032	499
14	24	4	40	10	right	left	0	23	15.212	1512
14	25	4	40	10	left	left	1	7	16.949	413
14	26	4	40	10	right	left	0	9	16.949	531
14	27	4	40	10	right	left	0	9	16.822	535
14	28	4	40	10	left	left	1	6	14.815	405
14	29	4	40	10	left	right	0	10	15.015	666
14	30	4	40	10	left	left	1	7	16.393	427
14	31	4	40	10	left	left	1	9	15.203	592
14	32	4	40	10	right	left	0	11	15.406	714
14	33	4	40	10	right	left	0	9	16.423	548
14	34	4	40	10	left	left	1	13	15.012	866
14	35	4	40	10	left	left	1	13	15.719	827
14	36	4	40	10	right	left	0	10	16.367	611
14	37	4	40	10	left	left	1	8	16.598	482
14	38	4	40	10	right	left	0	7	16.166	433
14	39	4	40	10	right	tooFast	2	2	16.129	124
14	40	4	40	10	left	right	0	9	16.393	549
15	1	4	40	10	left	left	1	29	15.239	1903
15	2	4	40	10	left	left	1	10	16.155	619
15	3	4	40	10	left	left	1	7	16.949	413
15	4	4	40	10	left	left	1	6	16.173	371
15	5	4	40	10	left	left	1	8	16.985	471
15	6	4	40	10	right	left	0	10	15.898	629
15	7	4	40	10	right	left	0	19	15.46	1229
15	8	4	40	10	right	left	0	6	16.901	355
15	9	4	40	10	left	left	1	6	15.789	380
15	10	4	40	10	left	left	1	6	15.306	392
15	11	4	40	10	right	left	0	5	17.065	293
15	12	4	40	10	left	left	1	9	16.667	540
15	13	4	40	10	right	left	0	5	15.015	333
15	14	4	40	10	left	left	1	5	15.385	325
15	15	4	40	10	right	tooFast	2	4	16.129	248
15	16	4	40	10	left	left	1	7	15.73	445
15	17	4	40	10	left	left	1	9	16.453	547
15	18	4	40	10	right	left	0	6	17.241	348
15	19	4	40	10	right	left	0	8	16.227	493
15	20	4	40	10	right	left	0	6	16.26	369
15	21	4	40	10	right	left	0	5	15.198	329
15	22	4	40	10	right	left	0	5	15.974	313
15	23	4	40	10	left	tooFast	2	4	17.167	233
15	24	4	40	10	right	left	0	11	15.67	702
15	25	4	40	10	right	left	0	12	16.129	744
15	26	4	40	10	left	left	1	7	15.556	450
15	27	4	40	10	left	left	1	9	16.071	560
15	28	4	40	10	right	left	0	10	15.385	650
15	29	4	40	10	right	left	0	9	16.729	538
15	30	4	40	10	right	left	0	5	15.291	327
15	31	4	40	10	left	left	1	8	16.162	495
15	32	4	40	10	right	left	0	11	15.67	702
15	33	4	40	10	left	tooFast	2	4	19.231	208
15	34	4	40	10	right	left	0	13	16.332	796
15	35	4	40	10	left	left	1	6	15	400
15	36	4	40	10	right	left	0	9	15.075	597
15	37	4	40	10	left	left	1	9	16.698	539
15	38	4	40	10	right	left	0	9	16.453	547
15	39	4	40	10	left	left	1	8	15.094	530
15	40	4	40	10	left	left	1	9	16.76	537
16	1	4	40	10	left	right	0	20	15.117	1323
16	2	4	40	10	left	left	1	9	16.917	532
16	3	4	40	10	right	right	1	11	15.007	733
16	4	4	40	10	left	left	1	13	15.738	826
16	5	4	40	10	left	right	0	15	15.991	938
16	6	4	40	10	left	left	1	11	15.068	730
16	7	4	40	10	right	right	1	13	15.187	856
16	8	4	40	10	left	left	1	13	15.931	816
16	9	4	40	10	right	right	1	14	16.055	872
16	10	4	40	10	right	left	0	17	15.274	1113
16	11	4	40	10	left	right	0	9	16.393	549
16	12	4	40	10	left	left	1	7	15.801	443
16	13	4	40	10	left	right	0	15	15.873	945
16	14	4	40	10	right	left	0	7	15.317	457
16	15	4	40	10	right	right	1	11	16.272	676
16	16	4	40	10	left	left	1	12	16.304	736
16	17	4	40	10	right	right	1	11	15.172	725
16	18	4	40	10	left	left	1	9	15.986	563
16	19	4	40	10	left	right	0	11	15.537	708
16	20	4	40	10	left	left	1	16	15.549	1029
16	21	4	40	10	right	right	1	25	15.442	1619
16	22	4	40	10	right	left	0	9	15.437	583
16	23	4	40	10	right	right	1	9	15.707	573
16	24	4	40	10	left	left	1	16	15.671	1021
16	25	4	40	10	right	right	1	13	16.209	802
16	26	4	40	10	left	left	1	15	15.609	961
16	27	4	40	10	left	right	0	14	16.11	869
16	28	4	40	10	right	left	0	10	15.361	651
16	29	4	40	10	right	right	1	7	15.766	444
16	30	4	40	10	right	left	0	18	15.101	1192
16	31	4	40	10	left	right	0	12	15.831	758
16	32	4	40	10	right	left	0	8	15.123	529
16	33	4	40	10	right	right	1	8	16.194	494
16	34	4	40	10	left	left	1	13	15.24	853
16	35	4	40	10	right	right	1	16	15.534	1030
16	36	4	40	10	right	left	0	21	15.317	1371
16	37	4	40	10	left	right	0	10	15.106	662
16	38	4	40	10	right	left	0	11	16.035	686
16	39	4	40	10	right	right	1	8	16.427	487
16	40	4	40	10	left	left	1	14	15.504	903
17	1	4	40	10	right	left	0	22	15.131	1454
17	2	4	40	10	left	right	0	9	16.216	555
17	3	4	40	10	right	right	1	6	15.625	384
17	4	4	40	10	right	right	1	12	15.365	781
17	5	4	40	10	right	right	1	17	15.469	1099
17	6	4	40	10	right	right	1	19	15.807	1202
17	7	4	40	10	left	right	0	15	15.306	980
17	8	4	40	10	right	left	0	8	15.238	525
17	9	4	40	10	left	left	1	5	15.528	322
17	10	4	40	10	left	left	1	8	17.094	468
17	11	4	40	10	left	left	1	8	15.534	515
17	12	4	40	10	right	left	0	9	15.544	579
17	13	4	40	10	left	left	1	7	15.021	466
17	14	4	40	10	left	left	1	8	16.393	488
17	15	4	40	10	right	left	0	8	16.129	496
17	16	4	40	10	right	left	0	7	16.667	420
17	17	4	40	10	left	right	0	7	15.419	454
17	18	4	40	10	right	right	1	6	15.228	394
17	19	4	40	10	right	right	1	7	15.385	455
17	20	4	40	10	right	right	1	6	17.192	349
17	21	4	40	10	left	right	0	6	15.584	385
17	22	4	40	10	left	right	0	10	15.198	658
17	23	4	40	10	left	right	0	8	16.598	482
17	24	4	40	10	left	right	0	7	17.241	406
17	25	4	40	10	right	right	1	5	15.625	320
17	26	4	40	10	left	right	0	6	16.901	355
17	27	4	40	10	left	right	0	6	15.789	380
17	28	4	40	10	left	right	0	5	18.587	269
17	29	4	40	10	right	right	1	4	15.385	260
17	30	4	40	10	right	right	1	8	15.504	516
17	31	4	40	10	left	right	0	7	16.667	420
17	32	4	40	10	right	right	1	9	16.854	534
17	33	4	40	10	right	right	1	6	15.957	376
17	34	4	40	10	left	right	0	7	16.393	427
17	35	4	40	10	right	tooFast	2	3	15.873	189
17	36	4	40	10	left	right	0	11	16.345	673
17	37	4	40	10	right	right	1	6	16.949	354
17	38	4	40	10	right	right	1	6	15.113	397
17	39	4	40	10	left	right	0	7	17.073	410
17	40	4	40	10	left	right	0	7	16.355	428
18	1	4	40	10	right	left	0	16	15.579	1027
18	2	4	40	10	left	right	0	8	16.771	477
18	3	4	40	10	right	tooFast	2	4	16.598	241
18	4	4	40	10	left	right	0	8	15.686	510
18	5	4	40	10	right	left	0	6	15.831	379
18	6	4	40	10	left	right	0	5	17.606	284
18	7	4	40	10	right	left	0	5	14.749	339
18	8	4	40	10	right	tooFast	2	4	18.957	211
18	9	4	40	10	left	left	1	7	15.945	439
18	10	4	40	10	left	left	1	8	16.495	485
18	11	4	40	10	right	left	0	7	15.487	452
18	12	4	40	10	right	left	0	6	15.038	399
18	13	4	40	10	right	tooFast	2	4	16.598	241
18	14	4	40	10	left	left	1	10	15.674	638
18	15	4	40	10	left	left	1	7	15.873	441
18	16	4	40	10	right	left	0	7	16.867	415
18	17	4	40	10	left	left	1	7	16.166	433
18	18	4	40	10	right	left	0	6	15.707	382
18	19	4	40	10	right	left	0	8	15.656	511
18	20	4	40	10	right	left	0	8	15.267	524
18	21	4	40	10	right	left	0	5	15.198	329
18	22	4	40	10	left	left	1	6	17.391	345
18	23	4	40	10	right	right	1	25	15.423	1621
18	24	4	40	10	left	right	0	9	16.275	553
18	25	4	40	10	left	right	0	19	15.139	1255
18	26	4	40	10	left	right	0	7	17.241	406
18	27	4	40	10	right	right	1	7	15.351	456
18	28	4	40	10	left	right	0	8	15.18	527
18	29	4	40	10	right	right	1	6	16.484	364
18	30	4	40	10	left	right	0	9	15.901	566
18	31	4	40	10	left	right	0	5	14.577	343
18	32	4	40	10	right	right	1	5	16.949	295
18	33	4	40	10	left	right	0	8	15.355	521
18	34	4	40	10	left	tooFast	2	1	14.286	70
18	35	4	40	10	left	right	0	9	15.025	599
18	36	4	40	10	left	right	0	5	17.007	294
18	37	4	40	10	left	right	0	5	15.385	325
18	38	4	40	10	right	tooFast	2	2	19.802	101
18	39	4	40	10	right	left	0	6	15.038	399
18	40	4	40	10	right	left	0	7	16.509	424
19	1	4	40	10	left	right	0	13	16.23	801
19	2	4	40	10	right	right	1	7	15.217	460
19	3	4	40	10	right	right	1	6	15.544	386
19	4	4	40	10	left	right	0	6	16.713	359
19	5	4	40	10	right	right	1	9	16.071	560
19	6	4	40	10	left	right	0	12	15.936	753
19	7	4	40	10	left	right	0	6	16.854	356
19	8	4	40	10	left	right	0	5	16.611	301
19	9	4	40	10	left	right	0	13	16.01	812
19	10	4	40	10	right	right	1	6	15	400
19	11	4	40	10	right	right	1	7	15.453	453
19	12	4	40	10	left	right	0	5	14.706	340
19	13	4	40	10	left	right	0	7	16.055	436
19	14	4	40	10	left	right	0	5	16.949	295
19	15	4	40	10	left	right	0	5	18.519	270
19	16	4	40	10	left	right	0	5	18.587	269
19	17	4	40	10	right	right	1	5	17.668	283
19	18	4	40	10	left	right	0	6	15.748	381
19	19	4	40	10	right	right	1	5	14.97	334
19	20	4	40	10	right	right	1	5	16.393	305
19	21	4	40	10	right	right	1	5	16.234	308
19	22	4	40	10	left	right	0	5	14.97	334
19	23	4	40	10	right	right	1	16	15.18	1054
19	24	4	40	10	left	right	0	7	15.217	460
19	25	4	40	10	left	right	0	7	15.385	455
19	26	4	40	10	right	right	1	5	17.73	282
19	27	4	40	10	right	right	1	5	18.116	276
19	28	4	40	10	left	tooFast	2	4	16.807	238
19	29	4	40	10	left	right	0	7	16.393	427
19	30	4	40	10	right	right	1	6	16.76	358
19	31	4	40	10	right	right	1	8	15.326	522
19	32	4	40	10	right	right	1	5	17.73	282
19	33	4	40	10	left	right	0	7	15.217	460
19	34	4	40	10	left	right	0	8	15.905	503
19	35	4	40	10	right	right	1	6	14.888	403
19	36	4	40	10	right	tooFast	2	3	17.751	169
19	37	4	40	10	right	right	1	6	15.831	379
19	38	4	40	10	right	right	1	12	16.151	743
19	39	4	40	10	left	right	0	7	16.018	437
19	40	4	40	10	right	right	1	13	15.777	824
20	1	4	40	10	right	left	0	18	15.411	1168
20	2	4	40	10	left	left	1	6	16.76	358
20	3	4	40	10	left	left	1	5	15.152	330
20	4	4	40	10	left	left	1	8	16.495	485
20	5	4	40	10	left	left	1	6	15.424	389
20	6	4	40	10	left	left	1	6	17.391	345
20	7	4	40	10	right	left	0	6	16.086	373
20	8	4	40	10	right	right	1	8	16.461	486
20	9	4	40	10	left	right	0	5	15.015	333
20	10	4	40	10	right	left	0	7	16.627	421
20	11	4	40	10	right	right	1	17	15.399	1104
20	12	4	40	10	left	left	1	6	16.713	359
20	13	4	40	10	left	right	0	6	15.831	379
20	14	4	40	10	right	left	0	5	15.823	316
20	15	4	40	10	left	right	0	6	17.241	348
20	16	4	40	10	left	left	1	5	14.706	340
20	17	4	40	10	left	right	0	6	17.045	352
20	18	4	40	10	right	left	0	6	17.045	352
20	19	4	40	10	left	right	0	5	14.837	337
20	20	4	40	10	right	left	0	6	14.963	401
20	21	4	40	10	right	right	1	6	16.575	362
20	22	4	40	10	right	left	0	7	16.908	414
20	23	4	40	10	left	left	1	19	15.612	1217
20	24	4	40	10	right	left	0	9	14.925	603
20	25	4	40	10	left	left	1	6	15.625	384
20	26	4	40	10	right	left	0	8	16.495	485
20	27	4	40	10	left	tooFast	2	4	17.167	233
20	28	4	40	10	left	left	1	12	16.173	742
20	29	4	40	10	right	left	0	6	14.888	403
20	30	4	40	10	left	left	1	7	16.317	429
20	31	4	40	10	left	left	1	7	15.801	443
20	32	4	40	10	right	left	0	7	15.59	449
20	33	4	40	10	right	left	0	12	16.043	748
20	34	4	40	10	right	left	0	5	14.577	343
20	35	4	40	10	left	left	1	6	17.094	351
20	36	4	40	10	right	left	0	10	16.155	619
20	37	4	40	10	left	tooFast	2	3	14.851	202
20	38	4	40	10	right	left	0	5	16.556	302
20	39	4	40	10	right	left	0	5	16.181	309
20	40	4	40	10	right	left	0	5	16.611	301
21	1	4	40	10	left	right	0	10	16.103	621
21	2	4	40	10	right	right	1	9	15.306	588
21	3	4	40	10	right	right	1	5	15.015	333
21	4	4	40	10	right	right	1	5	16.892	296
21	5	4	40	10	right	right	1	4	15.444	259
21	6	4	40	10	right	right	1	10	15.152	660
21	7	4	40	10	right	right	1	17	15.873	1071
21	8	4	40	10	right	right	1	9	16.129	558
21	9	4	40	10	left	right	0	12	15.345	782
21	10	4	40	10	left	right	0	6	16.575	362
21	11	4	40	10	left	right	0	5	16.287	307
21	12	4	40	10	right	right	1	5	17.73	282
21	13	4	40	10	right	right	1	5	16.234	308
21	14	4	40	10	right	right	1	5	15.723	318
21	15	4	40	10	right	right	1	5	16.892	296
21	16	4	40	10	left	right	0	10	15.949	627
21	17	4	40	10	right	right	1	6	17.341	346
21	18	4	40	10	right	right	1	5	17.007	294
21	19	4	40	10	left	right	0	5	15.244	328
21	20	4	40	10	right	right	1	6	15.306	392
21	21	4	40	10	left	right	0	5	15.015	333
21	22	4	40	10	left	right	0	5	17.544	285
21	23	4	40	10	left	right	0	7	16.99	412
21	24	4	40	10	left	right	0	4	15.267	262
21	25	4	40	10	left	right	0	13	16.332	796
21	26	4	40	10	left	right	0	5	16.892	296
21	27	4	40	10	right	right	1	4	15.152	264
21	28	4	40	10	right	tooFast	2	4	16.064	249
21	29	4	40	10	right	right	1	8	16.194	494
21	30	4	40	10	left	tooFast	2	4	18.018	222
21	31	4	40	10	left	left	1	7	17.073	410
21	32	4	40	10	right	tooFast	2	3	18.868	159
21	33	4	40	10	left	left	1	6	16.949	354
21	34	4	40	10	left	left	1	7	15.982	438
21	35	4	40	10	right	left	0	7	16.667	420
21	36	4	40	10	right	left	0	6	15.385	390
21	37	4	40	10	left	tooFast	2	2	17.857	112
21	38	4	40	10	left	left	1	7	15.873	441
21	39	4	40	10	left	left	1	5	15.674	319
21	40	4	40	10	left	tooFast	2	3	16.949	177
22	1	4	40	10	right	right	1	12	15.152	792
22	2	4	40	10	left	tooFast	2	4	16.129	248
22	3	4	40	10	left	right	0	6	15.789	380
22	4	4	40	10	right	left	0	6	15.424	389
22	5	4	40	10	right	right	1	6	16.713	359
22	6	4	40	10	left	left	1	7	17.032	411
22	7	4	40	10	left	right	0	7	15.086	464
22	8	4	40	10	left	left	1	5	15.432	324
22	9	4	40	10	left	right	0	5	15.291	327
22	10	4	40	10	right	left	0	4	15.209	263
22	11	4	40	10	right	tooFast	2	2	23.529	85
22	12	4	40	10	left	left	1	8	16.461	486
22	13	4	40	10	left	right	0	27	15.152	1782
22	14	4	40	10	right	left	0	38	15.453	2459
22	15	4	40	10	right	right	1	13	15.169	857
22	16	4	40	10	right	left	0	10	15.974	626
22	17	4	40	10	left	left	1	6	15.228	394
22	18	4	40	10	right	right	1	12	16.327	735
22	19	4	40	10	left	right	0	14	15.021	932
22	20	4	40	10	left	right	0	9	15.957	564
22	21	4	40	10	left	right	0	6	16.575	362
22	22	4	40	10	right	right	1	21	15.59	1347
22	23	4	40	10	left	right	0	9	14.803	608
22	24	4	40	10	right	right	1	5	14.925	335
22	25	4	40	10	right	right	1	11	15.942	690
22	26	4	40	10	left	right	0	10	15.267	655
22	27	4	40	10	left	right	0	7	17.199	407
22	28	4	40	10	left	tooFast	2	1	24.39	41
22	29	4	40	10	right	left	0	7	15.909	440
22	30	4	40	10	right	left	0	5	15.432	324
22	31	4	40	10	left	tooFast	2	1	83.333	12
22	32	4	40	10	right	left	0	7	16.129	434
22	33	4	40	10	left	left	1	5	16.611	301
22	34	4	40	10	left	left	1	8	15.152	528
22	35	4	40	10	right	left	0	9	16.791	536
22	36	4	40	10	right	left	0	8	16.227	493
22	37	4	40	10	right	left	0	6	14.963	401
22	38	4	40	10	right	tooFast	2	4	18.957	211
22	39	4	40	10	right	left	0	6	15.957	376
22	40	4	40	10	left	left	1	5	18.315	273
23	1	4	40	10	right	right	1	14	15.695	892
23	2	4	40	10	right	left	0	7	15.982	438
23	3	4	40	10	left	right	0	5	17.301	289
23	4	4	40	10	right	right	1	5	17.422	287
23	5	4	40	10	left	right	0	6	16.575	362
23	6	4	40	10	right	right	1	5	16.779	298
23	7	4	40	10	right	right	1	5	16.181	309
23	8	4	40	10	right	right	1	6	15.957	376
23	9	4	40	10	right	right	1	5	16.234	308
23	10	4	40	10	right	right	1	5	16.556	302
23	11	4	40	10	right	right	1	6	17.391	345
23	12	4	40	10	left	right	0	10	15.152	660
23	13	4	40	10	right	right	1	14	15.402	909
23	14	4	40	10	left	right	0	7	15.945	439
23	15	4	40	10	left	right	0	10	16.181	618
23	16	4	40	10	left	right	0	5	15.198	329
23	17	4	40	10	left	right	0	6	16.997	353
23	18	4	40	10	right	right	1	5	17.794	281
23	19	4	40	10	left	right	0	5	16.287	307
23	20	4	40	10	left	right	0	5	15.152	330
23	21	4	40	10	left	right	0	14	15.184	922
23	22	4	40	10	right	right	1	7	15.054	465
23	23	4	40	10	right	right	1	4	15.152	264
23	24	4	40	10	right	right	1	5	16.835	297
23	25	4	40	10	left	right	0	5	17.123	292
23	26	4	40	10	left	right	0	7	16.092	435
23	27	4	40	10	left	right	0	5	18.519	270
23	28	4	40	10	left	right	0	5	16.234	308
23	29	4	40	10	right	right	1	4	15.873	252
23	30	4	40	10	right	tooFast	2	3	18.182	165
23	31	4	40	10	right	right	1	11	15.805	696
23	32	4	40	10	right	right	1	6	14.815	405
23	33	4	40	10	left	right	0	6	16.575	362
23	34	4	40	10	right	right	1	7	14.989	467
23	35	4	40	10	left	right	0	6	14.925	402
23	36	4	40	10	left	right	0	11	16.105	683
23	37	4	40	10	left	tooFast	2	3	16.575	181
23	38	4	40	10	right	right	1	5	17.857	280
23	39	4	40	10	left	right	0	5	15.152	330
23	40	4	40	10	left	right	0	7	15.284	458
24	1	4	40	10	left	right	0	14	15.453	906
24	2	4	40	10	right	left	0	6	14.963	401
24	3	4	40	10	left	right	0	6	15.19	395
24	4	4	40	10	left	left	1	5	15.06	332
24	5	4	40	10	right	left	0	7	15.982	438
24	6	4	40	10	right	left	0	14	15.07	929
24	7	4	40	10	left	left	1	8	16.913	473
24	8	4	40	10	left	left	1	10	15.456	647
24	9	4	40	10	left	left	1	6	16.216	370
24	10	4	40	10	left	left	1	6	15.038	399
24	11	4	40	10	left	right	0	12	15.385	780
24	12	4	40	10	right	left	0	5	16.949	295
24	13	4	40	10	left	left	1	24	15.394	1559
24	14	4	40	10	right	right	1	6	15.267	393
24	15	4	40	10	right	left	0	9	14.851	606
24	16	4	40	10	right	right	1	8	15.968	501
24	17	4	40	10	right	right	1	7	15.453	453
24	18	4	40	10	left	right	0	7	16.393	427
24	19	4	40	10	left	left	1	8	16.194	494
24	20	4	40	10	left	left	1	7	15.982	438
24	21	4	40	10	right	left	0	8	16.032	499
24	22	4	40	10	left	left	1	11	15.647	703
24	23	4	40	10	left	right	0	11	15.537	708
24	24	4	40	10	right	left	0	6	16.76	358
24	25	4	40	10	right	right	1	7	16.867	415
24	26	4	40	10	right	left	0	6	15.464	388
24	27	4	40	10	right	right	1	9	15.901	566
24	28	4	40	10	left	left	1	8	15.656	511
24	29	4	40	10	left	right	0	8	15.18	527
24	30	4	40	10	left	left	1	5	15.06	332
24	31	4	40	10	right	right	1	6	16.713	359
24	32	4	40	10	left	left	1	5	18.182	275
24	33	4	40	10	left	right	0	6	16.086	373
24	34	4	40	10	right	left	0	6	15.385	390
24	35	4	40	10	right	left	0	6	15.957	376
24	36	4	40	10	right	left	0	5	17.301	289
24	37	4	40	10	left	left	1	6	16.304	368
24	38	4	40	10	right	right	1	8	16	500
24	39	4	40	10	right	right	1	8	15.779	507
24	40	4	40	10	right	right	1	6	16.529	363
