
blkNum	trlNum	coherentDots	numberofDots	percentCoherence	winningDirection	response	correct	eventCount	averageFrameRate	RT
1	1	4	40	10	right	left	0	150	15.179	9882
1	2	4	40	10	right	left	0	70	15.247	4591
1	3	4	40	10	left	right	0	69	15.198	4540
1	4	4	40	10	left	left	1	93	15.276	6088
1	5	4	40	10	left	left	1	64	15.159	4222
1	6	4	40	10	left	left	1	61	15.292	3989
1	7	4	40	10	left	left	1	84	15.267	5502
1	8	4	40	10	left	left	1	95	15.229	6238
1	9	4	40	10	left	left	1	35	15.344	2281
1	10	4	40	10	left	left	1	52	15.376	3382
1	11	4	40	10	right	left	0	44	15.455	2847
2	1	4	40	10	left	left	1	32	15.224	2102
2	2	4	40	10	left	left	1	52	15.196	3422
2	3	4	40	10	left	left	1	45	15.364	2929
2	4	4	40	10	right	right	1	53	15.309	3462
2	5	4	40	10	right	right	1	36	15.094	2385
2	6	4	40	10	right	right	1	29	15.483	1873
2	7	4	40	10	left	right	0	25	15.133	1652
2	8	4	40	10	right	right	1	29	15.575	1862
2	9	4	40	10	right	right	1	40	15.426	2593
2	10	4	40	10	right	right	1	37	15.226	2430
2	11	4	40	10	left	right	0	41	15.124	2711
2	12	4	40	10	left	left	1	36	15.504	2322
2	13	4	40	10	left	left	1	37	15.195	2435
2	14	4	40	10	left	left	1	24	15.267	1572
2	15	4	40	10	left	left	1	27	15.571	1734
2	16	4	40	10	right	left	0	26	15.495	1678
2	17	4	40	10	right	right	1	79	15.146	5216
2	18	4	40	10	left	right	0	36	15.457	2329
2	19	4	40	10	left	right	0	55	15.16	3628
2	20	4	40	10	right	right	1	85	15.154	5609
3	1	4	40	10	right	right	1	24	15.287	1570
3	2	4	40	10	right	right	1	33	15.529	2125
3	3	4	40	10	right	right	1	25	15.263	1638
3	4	4	40	10	left	left	1	40	15.134	2643
3	5	4	40	10	right	left	0	26	15.394	1689
3	6	4	40	10	left	left	1	26	15.663	1660
3	7	4	40	10	left	right	0	57	15.385	3705
3	8	4	40	10	right	left	0	39	15.379	2536
3	9	4	40	10	right	left	0	58	15.231	3808
3	10	4	40	10	left	right	0	80	15.241	5249
3	11	4	40	10	right	right	1	39	15.385	2535
3	12	4	40	10	right	right	1	31	15.294	2027
3	13	4	40	10	left	right	0	22	15.342	1434
3	14	4	40	10	left	right	0	47	15.152	3102
3	15	4	40	10	left	left	1	80	15.183	5269
3	16	4	40	10	right	left	0	23	15.303	1503
3	17	4	40	10	right	left	0	40	15.45	2589
3	18	4	40	10	right	left	0	35	15.304	2287
3	19	4	40	10	left	left	1	58	15.356	3777
4	1	4	40	10	left	left	1	28	15.538	1802
4	2	4	40	10	left	left	1	33	15.313	2155
4	3	4	40	10	left	left	1	13	15.834	821
4	4	4	40	10	right	left	0	31	15.523	1997
4	5	4	40	10	right	left	0	21	15.453	1359
4	6	4	40	10	right	right	1	34	15.281	2225
4	7	4	40	10	right	right	1	21	15.754	1333
4	8	4	40	10	left	left	1	38	15.51	2450
4	9	4	40	10	right	left	0	30	15.221	1971
4	10	4	40	10	left	left	1	22	15.048	1462
4	11	4	40	10	right	left	0	22	15.559	1414
4	12	4	40	10	left	left	1	23	15.447	1489
4	13	4	40	10	right	right	1	34	15.441	2202
4	14	4	40	10	left	left	1	80	15.253	5245
4	15	4	40	10	left	left	1	27	15.716	1718
4	16	4	40	10	right	left	0	27	15.508	1741
4	17	4	40	10	right	right	1	82	15.319	5353
4	18	4	40	10	right	right	1	26	15.285	1701
4	19	4	40	10	left	right	0	27	15.246	1771
4	20	4	40	10	right	left	0	60	15.182	3952
4	21	4	40	10	left	left	1	27	15.228	1773
4	22	4	40	10	right	right	1	42	15.413	2725
5	1	4	40	10	right	right	1	40	15.256	2622
5	2	4	40	10	right	right	1	29	15.591	1860
5	3	4	40	10	right	right	1	32	15.109	2118
5	4	4	40	10	left	left	1	25	15.713	1591
5	5	4	40	10	right	right	1	50	15.342	3259
5	6	4	40	10	left	left	1	44	15.141	2906
5	7	4	40	10	left	left	1	17	15.755	1079
5	8	4	40	10	right	right	1	39	15.348	2541
5	9	4	40	10	right	left	0	39	15.181	2569
5	10	4	40	10	left	left	1	16	15.123	1058
5	11	4	40	10	left	left	1	38	15.422	2464
5	12	4	40	10	right	left	0	33	15.152	2178
5	13	4	40	10	left	left	1	15	15.873	945
5	14	4	40	10	left	left	1	38	15.2	2500
5	15	4	40	10	right	left	0	44	15.455	2847
5	16	4	40	10	right	left	0	15	15.259	983
5	17	4	40	10	left	left	1	30	15.182	1976
5	18	4	40	10	left	left	1	23	15.572	1477
5	19	4	40	10	right	left	0	21	15.556	1350
5	20	4	40	10	left	left	1	30	15.633	1919
5	21	4	40	10	left	left	1	33	15.428	2139
5	22	4	40	10	right	left	0	31	15.523	1997
5	23	4	40	10	right	right	1	115	15.148	7592
6	1	4	40	10	left	right	0	26	15.634	1663
6	2	4	40	10	right	right	1	40	15.146	2641
6	3	4	40	10	left	right	0	19	15.224	1248
6	4	4	40	10	right	right	1	37	15.327	2414
6	5	4	40	10	right	right	1	25	15.253	1639
6	6	4	40	10	right	right	1	25	15.664	1596
6	7	4	40	10	left	right	0	36	15.254	2360
6	8	4	40	10	right	right	1	89	15.292	5820
6	9	4	40	10	left	left	1	61	15.174	4020
6	10	4	40	10	right	left	0	38	15.188	2502
6	11	4	40	10	right	right	1	48	15.166	3165
6	12	4	40	10	left	right	0	63	15.258	4129
6	13	4	40	10	right	left	0	66	15.385	4290
6	14	4	40	10	left	left	1	44	15.11	2912
6	15	4	40	10	right	left	0	45	15.259	2949
6	16	4	40	10	left	left	1	57	15.253	3737
6	17	4	40	10	left	right	0	27	15.118	1786
6	18	4	40	10	right	left	0	32	15.511	2063
7	1	4	40	10	left	right	0	18	15.748	1143
7	2	4	40	10	left	right	0	39	15.464	2522
7	3	4	40	10	right	right	1	39	15.222	2562
7	4	4	40	10	right	left	0	39	15.488	2518
7	5	4	40	10	left	left	1	32	15.407	2077
7	6	4	40	10	left	left	1	46	15.39	2989
7	7	4	40	10	right	left	0	21	15.475	1357
7	8	4	40	10	right	left	0	26	15.412	1687
7	9	4	40	10	right	right	1	34	15.274	2226
7	10	4	40	10	right	right	1	22	15.827	1390
7	11	4	40	10	right	right	1	24	15.113	1588
7	12	4	40	10	left	right	0	39	15.33	2544
7	13	4	40	10	right	right	1	32	15.377	2081
7	14	4	40	10	left	right	0	60	15.275	3928
7	15	4	40	10	right	left	0	28	15.317	1828
7	16	4	40	10	right	left	0	26	15.597	1667
7	17	4	40	10	right	right	1	26	15.214	1709
7	18	4	40	10	left	right	0	49	15.37	3188
7	19	4	40	10	left	right	0	15	15.045	997
7	20	4	40	10	right	right	1	27	15.716	1718
7	21	4	40	10	right	right	1	26	15.214	1709
7	22	4	40	10	left	right	0	20	15.385	1300
7	23	4	40	10	right	right	1	35	15.535	2253
8	1	4	40	10	right	right	1	47	15.21	3090
8	2	4	40	10	right	right	1	31	15.107	2052
8	3	4	40	10	left	left	1	63	15.162	4155
8	4	4	40	10	right	left	0	25	15.461	1617
8	5	4	40	10	right	left	0	53	15.186	3490
8	6	4	40	10	right	right	1	33	15.257	2163
8	7	4	40	10	left	right	0	35	15.425	2269
8	8	4	40	10	right	left	0	20	15.456	1294
8	9	4	40	10	right	left	0	39	15.482	2519
8	10	4	40	10	left	left	1	43	15.275	2815
8	11	4	40	10	left	left	1	22	15.428	1426
8	12	4	40	10	left	left	1	34	15.226	2233
8	13	4	40	10	right	left	0	18	15.038	1197
8	14	4	40	10	right	left	0	28	15.599	1795
8	15	4	40	10	left	left	1	26	15.616	1665
8	16	4	40	10	left	left	1	28	15.234	1838
8	17	4	40	10	right	left	0	26	15.107	1721
8	18	4	40	10	left	left	1	18	15.584	1155
8	19	4	40	10	left	left	1	22	15.581	1412
8	20	4	40	10	left	left	1	32	15.13	2115
8	21	4	40	10	right	left	0	18	15.477	1163
8	22	4	40	10	right	left	0	38	15.466	2457
8	23	4	40	10	left	left	1	35	15.093	2319
9	1	4	40	10	left	right	0	38	15.212	2498
9	2	4	40	10	left	right	0	16	15.842	1010
9	3	4	40	10	right	right	1	31	15.408	2012
9	4	4	40	10	right	right	1	16	15.123	1058
9	5	4	40	10	left	right	0	19	15.536	1223
9	6	4	40	10	left	left	1	49	15.322	3198
9	7	4	40	10	left	left	1	20	15.492	1291
9	8	4	40	10	left	left	1	22	15.636	1407
9	9	4	40	10	right	left	0	15	15.4	974
9	10	4	40	10	right	left	0	22	15.204	1447
9	11	4	40	10	right	left	0	18	15.584	1155
9	12	4	40	10	right	left	0	28	15.276	1833
9	13	4	40	10	left	right	0	18	15.531	1159
9	14	4	40	10	left	right	0	15	15.69	956
9	15	4	40	10	left	right	0	39	15.312	2547
9	16	4	40	10	right	right	1	30	15.528	1932
9	17	4	40	10	right	right	1	44	15.444	2849
9	18	4	40	10	left	left	1	33	15.131	2181
9	19	4	40	10	right	right	1	45	15.291	2943
9	20	4	40	10	right	left	0	26	15.276	1702
9	21	4	40	10	left	left	1	29	15.223	1905
9	22	4	40	10	left	left	1	20	15.198	1316
9	23	4	40	10	left	left	1	18	14.988	1201
9	24	4	40	10	right	left	0	24	15.355	1563
9	25	4	40	10	right	left	0	14	16.166	866
9	26	4	40	10	right	right	1	41	15.124	2711
10	1	4	40	10	right	left	0	22	15.017	1465
10	2	4	40	10	right	right	1	35	15.099	2318
10	3	4	40	10	right	right	1	18	15.254	1180
10	4	4	40	10	right	right	1	56	15.164	3693
10	5	4	40	10	left	right	0	23	15.072	1526
10	6	4	40	10	left	right	0	20	15.468	1293
10	7	4	40	10	right	left	0	28	15.301	1830
10	8	4	40	10	right	left	0	15	15.306	980
10	9	4	40	10	right	right	1	69	15.172	4548
10	10	4	40	10	left	left	1	25	15.207	1644
10	11	4	40	10	left	left	1	17	15.741	1080
10	12	4	40	10	right	left	0	26	15.634	1663
10	13	4	40	10	right	left	0	60	15.24	3937
10	14	4	40	10	right	left	0	18	15.345	1173
10	15	4	40	10	right	left	0	41	15.419	2659
10	16	4	40	10	left	right	0	22	15.374	1431
10	17	4	40	10	left	left	1	23	15.593	1475
10	18	4	40	10	left	left	1	16	15.444	1036
10	19	4	40	10	right	left	0	25	15.625	1600
10	20	4	40	10	right	left	0	14	16.037	873
10	21	4	40	10	right	right	1	39	15.146	2575
10	22	4	40	10	right	right	1	18	15.901	1132
10	23	4	40	10	right	right	1	25	15.142	1651
10	24	4	40	10	left	right	0	16	15.267	1048
11	1	4	40	10	right	left	0	14	15.556	900
11	2	4	40	10	right	right	1	34	15.378	2211
11	3	4	40	10	left	right	0	25	15.253	1639
11	4	4	40	10	right	right	1	13	16.25	800
11	5	4	40	10	right	right	1	17	15.625	1088
11	6	4	40	10	right	right	1	24	15.335	1565
11	7	4	40	10	left	right	0	32	15.267	2096
11	8	4	40	10	right	left	0	64	15.307	4181
11	9	4	40	10	left	left	1	34	15.399	2208
11	10	4	40	10	right	left	0	30	15.159	1979
11	11	4	40	10	right	left	0	24	15.171	1582
11	12	4	40	10	right	left	0	18	15.873	1134
11	13	4	40	10	left	right	0	15	15.593	962
11	14	4	40	10	left	left	1	26	15.385	1690
11	15	4	40	10	right	left	0	29	15.491	1872
11	16	4	40	10	right	right	1	10	15.267	655
11	17	4	40	10	right	left	0	34	15.322	2219
11	18	4	40	10	right	right	1	14	15.301	915
11	19	4	40	10	left	right	0	28	15.376	1821
11	20	4	40	10	left	right	0	18	15.358	1172
11	21	4	40	10	left	left	1	15	15.091	994
11	22	4	40	10	right	left	0	19	15.347	1238
11	23	4	40	10	left	right	0	12	15.524	773
11	24	4	40	10	left	left	1	23	15.052	1528
11	25	4	40	10	left	left	1	35	15.231	2298
11	26	4	40	10	left	right	0	32	15.152	2112
11	27	4	40	10	left	left	1	32	15.399	2078
12	1	4	40	10	left	left	1	32	15.37	2082
12	2	4	40	10	left	left	1	31	15.539	1995
12	3	4	40	10	left	left	1	23	15.122	1521
12	4	4	40	10	left	left	1	13	15.738	826
12	5	4	40	10	right	left	0	22	15.515	1418
12	6	4	40	10	right	left	0	9	16.364	550
12	7	4	40	10	left	right	0	13	15.403	844
12	8	4	40	10	right	left	0	13	15.458	841
12	9	4	40	10	left	left	1	14	15.66	894
12	10	4	40	10	left	right	0	17	15.288	1112
12	11	4	40	10	left	left	1	9	15.544	579
12	12	4	40	10	left	left	1	17	15.219	1117
12	13	4	40	10	right	left	0	14	16.279	860
12	14	4	40	10	left	left	1	16	15.717	1018
12	15	4	40	10	left	left	1	18	15.972	1127
12	16	4	40	10	right	left	0	21	15.556	1350
12	17	4	40	10	left	right	0	22	15.193	1448
12	18	4	40	10	left	right	0	10	16.313	613
12	19	4	40	10	right	right	1	64	15.166	4220
12	20	4	40	10	right	right	1	52	15.281	3403
12	21	4	40	10	right	right	1	28	15.317	1828
12	22	4	40	10	right	right	1	20	15.175	1318
12	23	4	40	10	left	left	1	22	15.417	1427
12	24	4	40	10	left	right	0	24	15.287	1570
12	25	4	40	10	right	left	0	28	15.41	1817
12	26	4	40	10	left	right	0	15	15.625	960
12	27	4	40	10	right	left	0	19	15.625	1216
12	28	4	40	10	left	right	0	32	15.511	2063
12	29	4	40	10	right	left	0	49	15.184	3227
13	1	4	40	10	left	right	0	12	15.645	767
13	2	4	40	10	left	right	0	20	15.711	1273
13	3	4	40	10	left	left	1	12	16.282	737
13	4	4	40	10	right	left	0	20	15.163	1319
13	5	4	40	10	left	left	1	23	15.293	1504
13	6	4	40	10	right	right	1	30	15.617	1921
13	7	4	40	10	right	right	1	29	15.255	1901
13	8	4	40	10	right	right	1	27	15.126	1785
13	9	4	40	10	left	right	0	21	15.613	1345
13	10	4	40	10	right	right	1	32	15.123	2116
13	11	4	40	10	left	left	1	21	15.766	1332
13	12	4	40	10	right	left	0	26	15.691	1657
13	13	4	40	10	right	left	0	38	15.453	2459
13	14	4	40	10	right	left	0	44	15.444	2849
13	15	4	40	10	left	right	0	20	15.232	1313
13	16	4	40	10	right	left	0	17	15.247	1115
13	17	4	40	10	right	right	1	10	15.083	663
13	18	4	40	10	left	right	0	15	15.723	954
13	19	4	40	10	left	right	0	38	15.46	2458
13	20	4	40	10	right	left	0	18	15.293	1177
13	21	4	40	10	left	right	0	17	15.413	1103
13	22	4	40	10	right	left	0	29	15.215	1906
13	23	4	40	10	right	right	1	17	15.138	1123
13	24	4	40	10	right	right	1	15	15.856	946
13	25	4	40	10	right	left	0	25	15.654	1597
13	26	4	40	10	right	right	1	17	15.903	1069
13	27	4	40	10	right	right	1	18	15.371	1171
13	28	4	40	10	left	right	0	14	15.419	908
14	1	4	40	10	left	left	1	15	15.957	940
14	2	4	40	10	left	right	0	17	15.873	1071
14	3	4	40	10	left	left	1	26	15.394	1689
14	4	4	40	10	left	left	1	19	15.335	1239
14	5	4	40	10	right	left	0	19	15.498	1226
14	6	4	40	10	left	left	1	30	15.496	1936
14	7	4	40	10	right	left	0	28	15.444	1813
14	8	4	40	10	left	left	1	24	15.524	1546
14	9	4	40	10	left	left	1	29	15.255	1901
14	10	4	40	10	right	left	0	23	15.625	1472
14	11	4	40	10	left	left	1	26	15.653	1661
14	12	4	40	10	right	left	0	26	15.449	1683
14	13	4	40	10	left	left	1	74	15.145	4886
14	14	4	40	10	right	left	0	21	15.648	1342
14	15	4	40	10	left	left	1	28	15.556	1800
14	16	4	40	10	right	left	0	25	15.394	1624
14	17	4	40	10	right	left	0	58	15.291	3793
14	18	4	40	10	right	right	1	30	15.609	1922
14	19	4	40	10	right	right	1	25	15.567	1606
14	20	4	40	10	right	right	1	21	15.328	1370
14	21	4	40	10	right	right	1	18	15.203	1184
14	22	4	40	10	right	right	1	31	15.129	2049
14	23	4	40	10	left	right	0	18	15.943	1129
14	24	4	40	10	right	left	0	16	15.311	1045
14	25	4	40	10	right	right	1	13	15.205	855
14	26	4	40	10	left	right	0	18	15.957	1128
15	1	4	40	10	right	right	1	13	16.049	810
15	2	4	40	10	left	left	1	14	15.217	920
15	3	4	40	10	left	right	0	18	15.164	1187
15	4	4	40	10	left	left	1	28	15.41	1817
15	5	4	40	10	right	right	1	15	15.723	954
15	6	4	40	10	left	left	1	20	15.76	1269
15	7	4	40	10	right	right	1	25	15.461	1617
15	8	4	40	10	right	left	0	17	15.668	1085
15	9	4	40	10	left	left	1	40	15.48	2584
15	10	4	40	10	left	left	1	16	15.549	1029
15	11	4	40	10	right	right	1	18	15.817	1138
15	12	4	40	10	left	left	1	20	15.504	1290
15	13	4	40	10	left	right	0	20	15.552	1286
15	14	4	40	10	right	left	0	15	15.152	990
15	15	4	40	10	right	right	1	18	15.216	1183
15	16	4	40	10	right	left	0	25	15.713	1591
15	17	4	40	10	right	right	1	17	15.977	1064
15	18	4	40	10	left	right	0	31	15.331	2022
15	19	4	40	10	left	left	1	14	15.334	913
15	20	4	40	10	right	left	0	22	15.246	1443
15	21	4	40	10	left	right	0	19	15.728	1208
15	22	4	40	10	left	left	1	17	15.426	1102
15	23	4	40	10	left	left	1	47	15.235	3085
15	24	4	40	10	left	left	1	21	15.273	1375
15	25	4	40	10	left	left	1	25	15.423	1621
15	26	4	40	10	left	left	1	23	15.436	1490
15	27	4	40	10	left	left	1	16	15.123	1058
15	28	4	40	10	right	left	0	13	15.205	855
15	29	4	40	10	left	right	0	13	15.834	821
15	30	4	40	10	left	left	1	19	15.103	1258
15	31	4	40	10	right	right	1	20	15.385	1300
15	32	4	40	10	right	right	1	17	15.858	1072
16	1	4	40	10	left	right	0	10	16.287	614
16	2	4	40	10	left	left	1	13	15.663	830
16	3	4	40	10	left	right	0	9	14.851	606
16	4	4	40	10	right	right	1	22	15.141	1453
16	5	4	40	10	right	right	1	15	15.806	949
16	6	4	40	10	right	right	1	13	14.908	872
16	7	4	40	10	left	right	0	12	16.26	738
16	8	4	40	10	right	right	1	13	15.258	852
16	9	4	40	10	left	right	0	18	15.571	1156
16	10	4	40	10	right	right	1	17	15.947	1066
16	11	4	40	10	left	left	1	35	15.198	2303
16	12	4	40	10	right	right	1	22	15.85	1388
16	13	4	40	10	left	left	1	15	15.707	955
16	14	4	40	10	right	right	1	19	15.447	1230
16	15	4	40	10	left	right	0	16	15.984	1001
16	16	4	40	10	right	right	1	16	15.842	1010
16	17	4	40	10	left	right	0	34	15.185	2239
16	18	4	40	10	right	left	0	28	15.556	1800
16	19	4	40	10	right	left	0	25	15.423	1621
16	20	4	40	10	right	left	0	25	15.404	1623
16	21	4	40	10	left	left	1	34	15.179	2240
16	22	4	40	10	right	left	0	30	15.528	1932
16	23	4	40	10	right	right	1	22	15.581	1412
16	24	4	40	10	left	left	1	35	15.171	2307
16	25	4	40	10	right	left	0	22	15.439	1425
16	26	4	40	10	right	left	0	62	15.148	4093
16	27	4	40	10	right	right	1	17	16.008	1062
16	28	4	40	10	right	right	1	34	15.26	2228
16	29	4	40	10	left	right	0	35	15.405	2272
17	1	4	40	10	left	right	0	13	15.421	843
17	2	4	40	10	left	left	1	28	15.547	1801
17	3	4	40	10	left	right	0	29	15.352	1889
17	4	4	40	10	right	left	0	10	15.408	649
17	5	4	40	10	right	left	0	19	15.702	1210
17	6	4	40	10	left	left	1	12	16.304	736
17	7	4	40	10	left	left	1	12	15.504	774
17	8	4	40	10	left	left	1	18	15.901	1132
17	9	4	40	10	left	left	1	17	15.918	1068
17	10	4	40	10	right	left	0	55	15.269	3602
17	11	4	40	10	left	left	1	26	15.348	1694
17	12	4	40	10	left	right	0	12	15.094	795
17	13	4	40	10	right	right	1	12	16.151	743
17	14	4	40	10	left	left	1	24	15.414	1557
17	15	4	40	10	left	right	0	12	15.789	760
17	16	4	40	10	left	right	0	15	15.991	938
17	17	4	40	10	right	left	0	27	15.679	1722
17	18	4	40	10	left	right	0	31	15.093	2054
17	19	4	40	10	right	right	1	13	15.439	842
17	20	4	40	10	left	left	1	39	15.366	2538
17	21	4	40	10	right	left	0	25	15.188	1646
17	22	4	40	10	left	right	0	14	15.909	880
17	23	4	40	10	right	left	0	57	15.302	3725
17	24	4	40	10	right	right	1	34	15.539	2188
17	25	4	40	10	left	right	0	26	15.71	1655
17	26	4	40	10	right	right	1	17	15.165	1121
17	27	4	40	10	left	right	0	15	16.009	937
17	28	4	40	10	right	right	1	27	15.482	1744
18	1	4	40	10	right	right	1	10	15.244	656
18	2	4	40	10	right	right	1	16	15.564	1028
18	3	4	40	10	right	right	1	13	15.606	833
18	4	4	40	10	left	right	0	12	15.132	793
18	5	4	40	10	left	left	1	33	15.471	2133
18	6	4	40	10	left	left	1	13	14.943	870
18	7	4	40	10	right	left	0	13	15.205	855
18	8	4	40	10	left	left	1	14	16.11	869
18	9	4	40	10	left	left	1	16	15.564	1028
18	10	4	40	10	left	left	1	12	15.915	754
18	11	4	40	10	right	right	1	27	15.625	1728
18	12	4	40	10	left	left	1	28	15.226	1839
18	13	4	40	10	right	right	1	13	15.312	849
18	14	4	40	10	right	left	0	17	15.385	1105
18	15	4	40	10	left	left	1	19	15.548	1222
18	16	4	40	10	right	left	0	23	15.625	1472
18	17	4	40	10	right	right	1	13	16.311	797
18	18	4	40	10	right	right	1	13	15.7	828
18	19	4	40	10	left	right	0	23	15.499	1484
18	20	4	40	10	right	right	1	10	15.773	634
18	21	4	40	10	right	left	0	28	15.582	1797
18	22	4	40	10	right	left	0	29	15.409	1882
18	23	4	40	10	left	left	1	24	15.454	1553
18	24	4	40	10	right	left	0	28	15.251	1836
18	25	4	40	10	left	right	0	25	15.528	1610
18	26	4	40	10	left	left	1	10	14.993	667
18	27	4	40	10	right	right	1	21	15.544	1351
18	28	4	40	10	right	right	1	16	15.444	1036
18	29	4	40	10	right	right	1	13	16.23	801
18	30	4	40	10	right	right	1	16	15.61	1025
18	31	4	40	10	right	right	1	21	15.385	1365
18	32	4	40	10	right	right	1	13	15.276	851
18	33	4	40	10	left	right	0	14	15.982	876
18	34	4	40	10	right	left	0	16	15.968	1002
18	35	4	40	10	left	left	1	34	15.267	2227
19	1	4	40	10	right	left	0	15	15.244	984
19	2	4	40	10	left	left	1	10	15.798	633
19	3	4	40	10	right	left	0	16	15.686	1020
19	4	4	40	10	right	left	0	33	15.124	2182
19	5	4	40	10	right	left	0	28	15.582	1797
19	6	4	40	10	right	left	0	32	15.362	2083
19	7	4	40	10	left	left	1	14	15.217	920
19	8	4	40	10	left	left	1	44	15.477	2843
19	9	4	40	10	left	left	1	34	15.357	2214
19	10	4	40	10	right	left	0	19	15.397	1234
19	11	4	40	10	left	right	0	23	15.53	1481
19	12	4	40	10	right	left	0	28	15.573	1798
19	13	4	40	10	right	right	1	16	15.094	1060
19	14	4	40	10	left	left	1	24	15.444	1554
19	15	4	40	10	left	left	1	30	15.464	1940
19	16	4	40	10	left	left	1	34	15.568	2184
19	17	4	40	10	left	left	1	62	15.335	4043
19	18	4	40	10	right	right	1	16	15.534	1030
19	19	4	40	10	left	right	0	15	15.075	995
19	20	4	40	10	right	right	1	53	15.247	3476
19	21	4	40	10	right	right	1	13	16.069	809
19	22	4	40	10	left	right	0	13	15.33	848
19	23	4	40	10	right	right	1	11	15.515	709
19	24	4	40	10	left	left	1	22	15.793	1393
19	25	4	40	10	right	left	0	26	15.116	1720
19	26	4	40	10	left	left	1	18	16.014	1124
19	27	4	40	10	right	right	1	27	15.315	1763
20	1	4	40	10	left	left	1	12	15.831	758
20	2	4	40	10	right	left	0	17	15.799	1076
20	3	4	40	10	left	left	1	16	15.64	1023
20	4	4	40	10	left	left	1	18	16.014	1124
20	5	4	40	10	left	left	1	13	15.7	828
20	6	4	40	10	left	left	1	11	15.363	716
20	7	4	40	10	left	left	1	22	15.183	1449
20	8	4	40	10	right	left	0	23	15.53	1481
20	9	4	40	10	left	right	0	20	15.748	1270
20	10	4	40	10	right	left	0	13	15.366	846
20	11	4	40	10	right	left	0	27	15.455	1747
20	12	4	40	10	left	left	1	44	15.235	2888
20	13	4	40	10	left	left	1	32	15.296	2092
20	14	4	40	10	left	left	1	15	15.167	989
20	15	4	40	10	right	left	0	51	15.21	3353
20	16	4	40	10	left	left	1	48	15.311	3135
20	17	4	40	10	left	left	1	19	15.702	1210
20	18	4	40	10	left	left	1	27	15.101	1788
20	19	4	40	10	right	right	1	46	15.157	3035
20	20	4	40	10	right	right	1	14	16.279	860
20	21	4	40	10	right	right	1	17	15.455	1100
20	22	4	40	10	left	right	0	23	15.509	1483
20	23	4	40	10	right	right	1	24	15.615	1537
20	24	4	40	10	right	right	1	20	15.209	1315
20	25	4	40	10	right	right	1	27	15.35	1759
20	26	4	40	10	left	right	0	29	15.558	1864
20	27	4	40	10	left	left	1	27	15.634	1727
20	28	4	40	10	right	left	0	43	15.237	2822
21	1	4	40	10	right	right	1	16	15.109	1059
21	2	4	40	10	left	right	0	10	16.42	609
21	3	4	40	10	right	left	0	20	15.42	1297
21	4	4	40	10	left	left	1	13	15.439	842
21	5	4	40	10	left	left	1	13	15.892	818
21	6	4	40	10	right	right	1	23	14.945	1539
21	7	4	40	10	right	right	1	21	15.407	1363
21	8	4	40	10	right	right	1	16	15.625	1024
21	9	4	40	10	right	right	1	19	15.677	1212
21	10	4	40	10	left	right	0	14	15.927	879
21	11	4	40	10	left	left	1	15	15.823	948
21	12	4	40	10	right	left	0	16	15.64	1023
21	13	4	40	10	left	left	1	12	16.107	745
21	14	4	40	10	left	left	1	26	15.56	1671
21	15	4	40	10	left	left	1	14	15.837	884
21	16	4	40	10	right	left	0	21	15.284	1374
21	17	4	40	10	right	left	0	12	15.287	785
21	18	4	40	10	right	left	0	55	15.261	3604
21	19	4	40	10	right	left	0	21	15.173	1384
21	20	4	40	10	right	right	1	15	15.823	948
21	21	4	40	10	right	right	1	12	15.666	766
21	22	4	40	10	left	right	0	27	15.437	1749
21	23	4	40	10	right	right	1	16	15.504	1032
21	24	4	40	10	left	left	1	49	15.365	3189
21	25	4	40	10	left	right	0	12	15.748	762
21	26	4	40	10	left	left	1	13	15.385	845
21	27	4	40	10	right	right	1	18	15.652	1150
21	28	4	40	10	right	left	0	17	16.008	1062
21	29	4	40	10	right	right	1	13	15.458	841
21	30	4	40	10	left	right	0	17	15.385	1105
21	31	4	40	10	left	left	1	23	15.657	1469
21	32	4	40	10	right	left	0	15	15.924	942
21	33	4	40	10	left	left	1	13	15.532	837
22	1	4	40	10	right	left	0	10	16.077	622
22	2	4	40	10	right	right	1	27	15.289	1766
22	3	4	40	10	right	right	1	14	15.677	893
22	4	4	40	10	left	left	1	23	15.142	1519
22	5	4	40	10	right	left	0	20	15.528	1288
22	6	4	40	10	right	right	1	52	15.254	3409
22	7	4	40	10	left	left	1	58	15.124	3835
22	8	4	40	10	right	left	0	23	15.625	1472
22	9	4	40	10	left	left	1	12	16.021	749
22	10	4	40	10	right	left	0	24	15.514	1547
22	11	4	40	10	left	left	1	22	15.246	1443
22	12	4	40	10	left	left	1	17	15.371	1106
22	13	4	40	10	right	left	0	26	15.532	1674
22	14	4	40	10	right	left	0	11	15.214	723
22	15	4	40	10	left	left	1	31	15.392	2014
22	16	4	40	10	right	left	0	56	15.301	3660
22	17	4	40	10	right	right	1	13	16.23	801
22	18	4	40	10	right	right	1	12	15.789	760
22	19	4	40	10	right	right	1	11	16.224	678
22	20	4	40	10	right	right	1	10	15.015	666
22	21	4	40	10	left	right	0	10	16.077	622
22	22	4	40	10	left	right	0	12	15.524	773
22	23	4	40	10	right	left	0	16	15.253	1049
22	24	4	40	10	right	left	0	19	15.587	1219
22	25	4	40	10	right	right	1	15	15.464	970
22	26	4	40	10	left	right	0	21	15.464	1358
22	27	4	40	10	right	left	0	23	15.541	1480
22	28	4	40	10	right	right	1	29	15.45	1877
22	29	4	40	10	right	right	1	51	15.143	3368
23	1	4	40	10	right	right	1	52	15.335	3391
23	2	4	40	10	right	right	1	20	15.528	1288
23	3	4	40	10	right	right	1	22	15.246	1443
23	4	4	40	10	left	right	0	13	15.134	859
23	5	4	40	10	right	left	0	28	15.547	1801
23	6	4	40	10	right	left	0	11	15.67	702
23	7	4	40	10	left	left	1	23	15.303	1503
23	8	4	40	10	right	left	0	14	15.351	912
23	9	4	40	10	right	left	0	26	15.634	1663
23	10	4	40	10	left	left	1	36	15.3	2353
23	11	4	40	10	right	left	0	15	15.625	960
23	12	4	40	10	right	right	1	15	16.026	936
23	13	4	40	10	left	left	1	20	15.686	1275
23	14	4	40	10	left	right	0	19	15.435	1231
23	15	4	40	10	right	left	0	9	15.05	598
23	16	4	40	10	left	left	1	27	15.58	1733
23	17	4	40	10	left	left	1	24	15.267	1572
23	18	4	40	10	left	left	1	19	15.728	1208
23	19	4	40	10	left	left	1	23	15.043	1529
23	20	4	40	10	right	left	0	14	15.73	890
23	21	4	40	10	right	left	0	13	15.606	833
23	22	4	40	10	right	right	1	17	15.888	1070
23	23	4	40	10	left	right	0	11	16.082	684
23	24	4	40	10	left	left	1	19	15.768	1205
23	25	4	40	10	left	left	1	20	15.456	1294
23	26	4	40	10	left	left	1	17	15.469	1099
23	27	4	40	10	left	left	1	13	15.312	849
23	28	4	40	10	right	left	0	12	15.915	754
23	29	4	40	10	right	left	0	17	15.785	1077
23	30	4	40	10	right	right	1	8	16.393	488
23	31	4	40	10	left	right	0	11	16.393	671
23	32	4	40	10	left	right	0	11	15.625	704
23	33	4	40	10	left	left	1	22	15.515	1418
24	1	4	40	10	left	right	0	8	16.129	496
24	2	4	40	10	left	left	1	28	15.184	1844
24	3	4	40	10	right	left	0	12	16.327	735
24	4	4	40	10	left	left	1	11	15.089	729
24	5	4	40	10	right	left	0	19	15.536	1223
24	6	4	40	10	left	left	1	13	15.532	837
24	7	4	40	10	left	right	0	17	16.023	1061
24	8	4	40	10	left	left	1	12	16.304	736
24	9	4	40	10	right	left	0	19	15.548	1222
24	10	4	40	10	right	right	1	15	15.94	941
24	11	4	40	10	right	right	1	11	16.176	680
24	12	4	40	10	right	right	1	23	15.499	1484
24	13	4	40	10	right	right	1	10	15.129	661
24	14	4	40	10	left	left	1	20	15.337	1304
24	15	4	40	10	left	left	1	16	15.564	1028
24	16	4	40	10	right	right	1	17	15.165	1121
24	17	4	40	10	right	left	0	13	15.458	841
24	18	4	40	10	left	left	1	18	15.776	1141
24	19	4	40	10	right	left	0	18	15.038	1197
24	20	4	40	10	left	left	1	33	15.306	2156
24	21	4	40	10	right	left	0	13	15.815	822
24	22	4	40	10	left	left	1	17	15.138	1123
24	23	4	40	10	left	left	1	14	15.054	930
24	24	4	40	10	right	right	1	14	15.402	909
24	25	4	40	10	left	left	1	18	15.859	1135
24	26	4	40	10	left	right	0	12	15.171	791
24	27	4	40	10	left	left	1	10	15.015	666
24	28	4	40	10	left	left	1	16	15.779	1014
24	29	4	40	10	left	right	0	10	15.552	643
24	30	4	40	10	left	left	1	10	16.367	611
24	31	4	40	10	right	left	0	14	15.005	933
24	32	4	40	10	left	right	0	13	15.99	813
24	33	4	40	10	left	left	1	8	15.355	521
24	34	4	40	10	right	left	0	26	15.7	1656
24	35	4	40	10	left	right	0	10	15.576	642
24	36	4	40	10	right	left	0	26	15.169	1714
24	37	4	40	10	right	left	0	29	15.575	1862
