
blkNum	trlNum	coherentDots	numberofDots	percentCoherence	winningDirection	response	correct	eventCount	averageFrameRate	RT
1	1	4	40	10	left	left	1	52	15.218	3417
1	2	4	40	10	right	right	1	59	15.257	3867
1	3	4	40	10	left	left	1	41	15.107	2714
1	4	4	40	10	right	left	0	47	15.37	3058
1	5	4	40	10	left	left	1	40	15.432	2592
1	6	4	40	10	left	right	0	37	15.127	2446
1	7	4	40	10	right	right	1	68	15.274	4452
1	8	4	40	10	right	right	1	50	15.138	3303
1	9	4	40	10	left	left	1	33	15.117	2183
1	10	4	40	10	left	left	1	52	15.357	3386
1	11	4	40	10	right	left	0	43	15.205	2828
1	12	4	40	10	left	left	1	102	15.206	6708
1	13	4	40	10	right	right	1	49	15.336	3195
1	14	4	40	10	right	left	0	66	15.165	4352
1	15	4	40	10	right	right	1	93	15.241	6102
1	16	4	40	10	right	right	1	91	15.302	5947
1	17	4	40	10	right	right	1	40	15.111	2647
1	18	4	40	10	right	right	1	34	15.476	2197
1	19	4	40	10	right	left	0	23	15.541	1480
1	20	4	40	10	left	left	1	33	15.349	2150
1	21	4	40	10	left	left	1	44	15.32	2872
1	22	4	40	10	right	right	1	24	15.19	1580
1	23	4	40	10	left	left	1	26	15.55	1672
1	24	4	40	10	left	left	1	44	15.257	2884
1	25	4	40	10	left	left	1	31	15.309	2025
1	26	4	40	10	right	right	1	25	15.394	1624
1	27	4	40	10	left	left	1	22	15.395	1429
1	28	4	40	10	right	right	1	54	15.118	3572
1	29	4	40	10	left	left	1	34	14.952	2274
1	30	4	40	10	left	left	1	33	15.221	2168
1	31	4	40	10	left	left	1	32	15.195	2106
1	32	4	40	10	left	right	0	24	15.355	1563
1	33	4	40	10	right	right	1	35	15.337	2282
1	34	4	40	10	left	left	1	21	15.173	1384
1	35	4	40	10	left	left	1	40	15.349	2606
1	36	4	40	10	right	right	1	21	15.141	1387
1	37	4	40	10	right	right	1	43	15.484	2777
1	38	4	40	10	right	right	1	31	15.354	2019
1	39	4	40	10	left	left	1	26	15.178	1713
1	40	4	40	10	right	right	1	26	15.55	1672
2	1	4	40	10	left	left	1	35	15.277	2291
2	2	4	40	10	left	left	1	41	15.293	2681
2	3	4	40	10	left	left	1	29	15.491	1872
2	4	4	40	10	right	right	1	16	15.842	1010
2	5	4	40	10	left	left	1	21	15.625	1344
2	6	4	40	10	right	right	1	19	15.273	1244
2	7	4	40	10	right	right	1	20	15.736	1271
2	8	4	40	10	right	right	1	28	15.608	1794
2	9	4	40	10	left	left	1	16	15.826	1011
2	10	4	40	10	right	right	1	28	15.556	1800
2	11	4	40	10	left	left	1	20	15.516	1289
2	12	4	40	10	left	left	1	30	15.267	1965
2	13	4	40	10	right	right	1	23	15.272	1506
2	14	4	40	10	left	left	1	19	15.286	1243
2	15	4	40	10	left	left	1	27	15.367	1757
2	16	4	40	10	left	left	1	29	15.128	1917
2	17	4	40	10	right	right	1	18	15.611	1153
2	18	4	40	10	right	right	1	18	15.491	1162
2	19	4	40	10	right	right	1	25	15.605	1602
2	20	4	40	10	right	right	1	15	15.528	966
2	21	4	40	10	left	left	1	19	15.612	1217
2	22	4	40	10	right	right	1	21	15.498	1355
2	23	4	40	10	left	left	1	16	15.385	1040
2	24	4	40	10	right	right	1	18	16	1125
2	25	4	40	10	right	right	1	20	15.279	1309
2	26	4	40	10	left	left	1	14	15.07	929
2	27	4	40	10	right	right	1	19	15.781	1204
2	28	4	40	10	right	right	1	16	15.92	1005
2	29	4	40	10	right	right	1	19	15.385	1235
2	30	4	40	10	left	left	1	23	15.593	1475
2	31	4	40	10	left	left	1	27	15.517	1740
2	32	4	40	10	left	left	1	50	15.305	3267
2	33	4	40	10	left	left	1	32	15.26	2097
2	34	4	40	10	right	right	1	38	15.46	2458
2	35	4	40	10	left	right	0	36	15.437	2332
2	36	4	40	10	right	right	1	22	15.12	1455
2	37	4	40	10	left	left	1	25	15.328	1631
2	38	4	40	10	right	right	1	14	15.573	899
2	39	4	40	10	right	right	1	18	15.358	1172
2	40	4	40	10	left	left	1	27	15.16	1781
3	1	4	40	10	right	right	1	24	15.464	1552
3	2	4	40	10	left	left	1	20	15.492	1291
3	3	4	40	10	right	right	1	12	15.345	782
3	4	4	40	10	left	left	1	15	15.291	981
3	5	4	40	10	right	right	1	22	15.703	1401
3	6	4	40	10	left	left	1	26	15.33	1696
3	7	4	40	10	right	right	1	19	15.755	1206
3	8	4	40	10	right	right	1	16	15.873	1008
3	9	4	40	10	left	left	1	21	15.13	1388
3	10	4	40	10	right	right	1	17	15.247	1115
3	11	4	40	10	right	right	1	19	15.807	1202
3	12	4	40	10	left	left	1	13	15.439	842
3	13	4	40	10	right	left	0	19	15.273	1244
3	14	4	40	10	left	left	1	26	15.231	1707
3	15	4	40	10	left	left	1	15	15.89	944
3	16	4	40	10	left	left	1	14	16.298	859
3	17	4	40	10	left	right	0	11	15.027	732
3	18	4	40	10	left	left	1	48	15.394	3118
3	19	4	40	10	left	left	1	50	15.277	3273
3	20	4	40	10	left	left	1	46	15.416	2984
3	21	4	40	10	right	right	1	28	15.427	1815
3	22	4	40	10	left	left	1	35	15.459	2264
3	23	4	40	10	right	right	1	44	15.209	2893
3	24	4	40	10	right	right	1	40	15.186	2634
3	25	4	40	10	right	right	1	26	15.178	1713
3	26	4	40	10	left	left	1	35	15.297	2288
3	27	4	40	10	right	right	1	22	15.068	1460
3	28	4	40	10	left	left	1	21	15.487	1356
3	29	4	40	10	right	right	1	21	15.251	1377
3	30	4	40	10	left	left	1	23	15.142	1519
3	31	4	40	10	right	right	1	20	15.516	1289
3	32	4	40	10	right	right	1	22	15.395	1429
3	33	4	40	10	right	right	1	17	15.683	1084
3	34	4	40	10	right	right	1	16	15.968	1002
3	35	4	40	10	right	right	1	43	15.232	2823
3	36	4	40	10	left	left	1	32	15.137	2114
3	37	4	40	10	right	right	1	24	15.595	1539
3	38	4	40	10	left	left	1	19	15.36	1237
3	39	4	40	10	left	left	1	15	15.259	983
3	40	4	40	10	left	left	1	17	15.918	1068
4	1	4	40	10	right	right	1	18	15.517	1160
4	2	4	40	10	left	left	1	31	15.617	1985
4	3	4	40	10	left	left	1	24	15.484	1550
4	4	4	40	10	right	right	1	13	15.312	849
4	5	4	40	10	right	right	1	16	15.61	1025
4	6	4	40	10	right	right	1	23	15.478	1486
4	7	4	40	10	left	left	1	20	15.54	1287
4	8	4	40	10	left	left	1	23	15.678	1467
4	9	4	40	10	right	right	1	17	15.582	1091
4	10	4	40	10	left	left	1	22	15.603	1410
4	11	4	40	10	right	right	1	27	15.263	1769
4	12	4	40	10	left	right	0	23	15.364	1497
4	13	4	40	10	right	right	1	18	15.424	1167
4	14	4	40	10	right	right	1	46	15.374	2992
4	15	4	40	10	right	right	1	27	15.634	1727
4	16	4	40	10	left	left	1	22	15.647	1406
4	17	4	40	10	right	right	1	26	15.663	1660
4	18	4	40	10	right	right	1	42	15.256	2753
4	19	4	40	10	left	left	1	25	15.528	1610
4	20	4	40	10	left	left	1	21	15.742	1334
4	21	4	40	10	left	left	1	30	15.221	1971
4	22	4	40	10	right	right	1	80	15.221	5256
4	23	4	40	10	right	right	1	39	15.513	2514
4	24	4	40	10	left	left	1	24	15.104	1589
4	25	4	40	10	right	right	1	21	15.801	1329
4	26	4	40	10	left	left	1	29	15.376	1886
4	27	4	40	10	left	left	1	26	15.616	1665
4	28	4	40	10	right	right	1	27	15.716	1718
4	29	4	40	10	right	right	1	25	15.499	1613
4	30	4	40	10	left	left	1	31	15.256	2032
4	31	4	40	10	left	left	1	27	15.075	1791
4	32	4	40	10	right	right	1	25	15.17	1648
4	33	4	40	10	left	left	1	27	15.16	1781
4	34	4	40	10	left	left	1	20	15.094	1325
4	35	4	40	10	right	right	1	16	15.474	1034
4	36	4	40	10	left	left	1	26	15.267	1703
4	37	4	40	10	left	left	1	19	15.755	1206
4	38	4	40	10	right	left	0	26	15.196	1711
4	39	4	40	10	left	left	1	19	15.385	1235
4	40	4	40	10	right	right	1	18	15.666	1149
5	1	4	40	10	left	right	0	24	15.464	1552
5	2	4	40	10	left	right	0	40	15.106	2648
5	3	4	40	10	right	left	0	37	15.353	2410
5	4	4	40	10	right	right	1	73	15.339	4759
5	5	4	40	10	right	left	0	99	15.287	6476
5	6	4	40	10	left	left	1	18	15.177	1186
5	7	4	40	10	right	right	1	24	15.199	1579
5	8	4	40	10	left	left	1	18	15.986	1126
5	9	4	40	10	right	right	1	24	15.248	1574
5	10	4	40	10	right	right	1	20	15.14	1321
5	11	4	40	10	right	right	1	41	15.264	2686
5	12	4	40	10	right	right	1	17	15.219	1117
5	13	4	40	10	left	left	1	19	15.067	1261
5	14	4	40	10	left	left	1	13	16.089	808
5	15	4	40	10	left	left	1	26	15.421	1686
5	16	4	40	10	right	right	1	15	15.182	988
5	17	4	40	10	left	left	1	16	15.748	1016
5	18	4	40	10	right	right	1	66	15.288	4317
5	19	4	40	10	left	left	1	26	15.485	1679
5	20	4	40	10	right	right	1	31	15.461	2005
5	21	4	40	10	right	left	0	36	15.339	2347
5	22	4	40	10	right	right	1	27	15.716	1718
5	23	4	40	10	left	left	1	23	15.405	1493
5	24	4	40	10	left	left	1	21	15.556	1350
5	25	4	40	10	left	left	1	16	15.579	1027
5	26	4	40	10	left	left	1	29	15.417	1881
5	27	4	40	10	left	left	1	16	15.109	1059
5	28	4	40	10	left	right	0	34	15.281	2225
5	29	4	40	10	right	right	1	16	15.857	1009
5	30	4	40	10	right	right	1	21	15.567	1349
5	31	4	40	10	left	right	0	14	15.573	899
5	32	4	40	10	left	left	1	29	15.55	1865
5	33	4	40	10	right	right	1	31	15.347	2020
5	34	4	40	10	right	right	1	18	15.385	1170
5	35	4	40	10	left	left	1	21	15.683	1339
5	36	4	40	10	right	right	1	31	15.438	2008
5	37	4	40	10	left	left	1	41	15.174	2702
5	38	4	40	10	left	left	1	33	15.292	2158
5	39	4	40	10	right	right	1	27	15.135	1784
5	40	4	40	10	right	right	1	14	15.748	889
6	1	4	40	10	left	right	0	29	15.32	1893
6	2	4	40	10	right	right	1	37	15.334	2413
6	3	4	40	10	right	right	1	19	15.261	1245
6	4	4	40	10	right	left	0	25	15.394	1624
6	5	4	40	10	right	right	1	10	15.221	657
6	6	4	40	10	right	right	1	21	15.754	1333
6	7	4	40	10	right	right	1	18	15.28	1178
6	8	4	40	10	left	left	1	29	15.207	1907
6	9	4	40	10	left	right	0	37	15.127	2446
6	10	4	40	10	right	right	1	12	15.385	780
6	11	4	40	10	right	right	1	20	15.396	1299
6	12	4	40	10	left	left	1	14	15.642	895
6	13	4	40	10	right	right	1	21	15.719	1336
6	14	4	40	10	right	right	1	22	15.748	1397
6	15	4	40	10	left	left	1	14	15.982	876
6	16	4	40	10	left	left	1	17	15.219	1117
6	17	4	40	10	left	left	1	35	15.542	2252
6	18	4	40	10	left	left	1	27	15.689	1721
6	19	4	40	10	left	left	1	58	15.267	3799
6	20	4	40	10	right	right	1	20	15.106	1324
6	21	4	40	10	right	right	1	36	15.358	2344
6	22	4	40	10	right	right	1	19	15.435	1231
6	23	4	40	10	left	left	1	13	16.209	802
6	24	4	40	10	left	left	1	28	15.41	1817
6	25	4	40	10	right	right	1	22	15.257	1442
6	26	4	40	10	right	right	1	14	16.018	874
6	27	4	40	10	left	left	1	14	15.301	915
6	28	4	40	10	left	left	1	25	15.207	1644
6	29	4	40	10	right	right	1	19	15.115	1257
6	30	4	40	10	left	left	1	15	15.69	956
6	31	4	40	10	left	left	1	12	15.326	783
6	32	4	40	10	left	left	1	19	15.249	1246
6	33	4	40	10	right	right	1	27	15.194	1777
6	34	4	40	10	left	right	0	42	15.168	2769
6	35	4	40	10	right	right	1	15	15.756	952
6	36	4	40	10	right	right	1	15	15.322	979
6	37	4	40	10	left	left	1	12	15.831	758
6	38	4	40	10	left	left	1	14	15.819	885
6	39	4	40	10	right	right	1	11	16.035	686
6	40	4	40	10	left	left	1	14	15.59	898
7	1	4	40	10	left	left	1	21	15.825	1327
7	2	4	40	10	left	left	1	24	15.199	1579
7	3	4	40	10	left	right	0	18	15.762	1142
7	4	4	40	10	left	left	1	21	15.59	1347
7	5	4	40	10	left	left	1	11	15.625	704
7	6	4	40	10	right	right	1	9	14.876	605
7	7	4	40	10	right	right	1	11	16.2	679
7	8	4	40	10	right	right	1	16	15.702	1019
7	9	4	40	10	right	right	1	12	15.152	792
7	10	4	40	10	right	right	1	30	15.44	1943
7	11	4	40	10	left	left	1	20	15.385	1300
7	12	4	40	10	left	right	0	14	15.086	928
7	13	4	40	10	left	left	1	22	15.374	1431
7	14	4	40	10	left	left	1	10	15.674	638
7	15	4	40	10	right	right	1	11	15.942	690
7	16	4	40	10	right	right	1	12	16.349	734
7	17	4	40	10	left	left	1	24	15.345	1564
7	18	4	40	10	right	right	1	14	15.521	902
7	19	4	40	10	left	right	0	26	15.403	1688
7	20	4	40	10	right	right	1	14	15.59	898
7	21	4	40	10	left	left	1	13	16.332	796
7	22	4	40	10	right	right	1	20	15.492	1291
7	23	4	40	10	right	right	1	12	15.484	775
7	24	4	40	10	right	left	0	12	16	750
7	25	4	40	10	left	right	0	10	16.42	609
7	26	4	40	10	right	right	1	23	15.625	1472
7	27	4	40	10	right	right	1	15	15.244	984
7	28	4	40	10	left	left	1	16	15.326	1044
7	29	4	40	10	right	right	1	14	15.054	930
7	30	4	40	10	right	right	1	28	15.119	1852
7	31	4	40	10	left	right	0	22	15.559	1414
7	32	4	40	10	right	right	1	38	15.164	2506
7	33	4	40	10	right	right	1	11	15.007	733
7	34	4	40	10	left	left	1	14	15.301	915
7	35	4	40	10	left	left	1	14	15.135	925
7	36	4	40	10	right	right	1	15	15.385	975
7	37	4	40	10	left	left	1	16	15.459	1035
7	38	4	40	10	right	right	1	11	15.11	728
7	39	4	40	10	left	right	0	10	15.152	660
7	40	4	40	10	left	left	1	14	15.819	885
8	1	4	40	10	right	right	1	16	15.209	1052
8	2	4	40	10	left	left	1	25	15.528	1610
8	3	4	40	10	left	left	1	15	15.528	966
8	4	4	40	10	left	left	1	56	15.376	3642
8	5	4	40	10	left	right	0	52	15.357	3386
8	6	4	40	10	left	right	0	68	15.233	4464
8	7	4	40	10	left	left	1	37	15.308	2417
8	8	4	40	10	right	right	1	14	15.453	906
8	9	4	40	10	left	left	1	16	15.936	1004
8	10	4	40	10	right	right	1	13	15.912	817
8	11	4	40	10	right	right	1	25	15.704	1592
8	12	4	40	10	right	right	1	12	15.707	764
8	13	4	40	10	right	right	1	12	16.086	746
8	14	4	40	10	right	right	1	23	15.374	1496
8	15	4	40	10	right	right	1	24	15.365	1562
8	16	4	40	10	right	right	1	30	15.205	1973
8	17	4	40	10	right	right	1	18	15.28	1178
8	18	4	40	10	right	right	1	15	15.707	955
8	19	4	40	10	left	right	0	20	15.267	1310
8	20	4	40	10	right	right	1	87	15.128	5751
8	21	4	40	10	right	right	1	69	15.279	4516
8	22	4	40	10	left	left	1	31	15.354	2019
8	23	4	40	10	left	right	0	35	15.184	2305
8	24	4	40	10	left	left	1	28	15.59	1796
8	25	4	40	10	left	left	1	47	15.196	3093
8	26	4	40	10	right	right	1	30	15.633	1919
8	27	4	40	10	left	left	1	34	15.267	2227
8	28	4	40	10	left	left	1	21	15.453	1359
8	29	4	40	10	left	left	1	23	15.162	1517
8	30	4	40	10	right	right	1	27	15.571	1734
8	31	4	40	10	right	right	1	13	15.971	814
8	32	4	40	10	right	right	1	33	15.242	2165
8	33	4	40	10	left	left	1	32	15.326	2088
8	34	4	40	10	right	right	1	20	15.54	1287
8	35	4	40	10	left	left	1	18	15.571	1156
8	36	4	40	10	left	right	0	19	15.188	1251
8	37	4	40	10	left	left	1	19	15.794	1203
8	38	4	40	10	right	right	1	14	15.005	933
8	39	4	40	10	left	right	0	18	15.216	1183
8	40	4	40	10	right	right	1	25	15.272	1637
9	1	4	40	10	right	right	1	66	15.253	4327
9	2	4	40	10	right	right	1	35	15.093	2319
9	3	4	40	10	left	left	1	24	15.335	1565
9	4	4	40	10	left	left	1	35	15.086	2320
9	5	4	40	10	right	right	1	41	15.304	2679
9	6	4	40	10	left	left	1	21	15.825	1327
9	7	4	40	10	left	right	0	62	15.185	4083
9	8	4	40	10	right	right	1	36	15.287	2355
9	9	4	40	10	right	right	1	18	15.371	1171
9	10	4	40	10	left	left	1	12	15.564	771
9	11	4	40	10	left	left	1	26	15.312	1698
9	12	4	40	10	right	right	1	47	15.26	3080
9	13	4	40	10	left	left	1	13	16.209	802
9	14	4	40	10	left	left	1	22	15.352	1433
9	15	4	40	10	right	right	1	32	15.094	2120
9	16	4	40	10	left	left	1	23	15.282	1505
9	17	4	40	10	right	right	1	29	15.344	1890
9	18	4	40	10	right	right	1	41	15.264	2686
9	19	4	40	10	left	left	1	20	15.094	1325
9	20	4	40	10	right	right	1	26	15.169	1714
9	21	4	40	10	left	left	1	20	15.14	1321
9	22	4	40	10	right	right	1	15	15.416	973
9	23	4	40	10	right	right	1	17	15.962	1065
9	24	4	40	10	left	left	1	13	15.644	831
9	25	4	40	10	right	right	1	13	15.796	823
9	26	4	40	10	right	right	1	19	15.237	1247
9	27	4	40	10	right	right	1	19	15.103	1258
9	28	4	40	10	left	left	1	16	15.444	1036
9	29	4	40	10	left	left	1	15	15.464	970
9	30	4	40	10	left	left	1	63	15.273	4125
9	31	4	40	10	right	right	1	24	15.219	1577
9	32	4	40	10	left	left	1	17	15.918	1068
9	33	4	40	10	left	left	1	47	15.21	3090
9	34	4	40	10	right	right	1	37	15.189	2436
9	35	4	40	10	right	right	1	23	15.572	1477
9	36	4	40	10	right	right	1	34	15.357	2214
9	37	4	40	10	left	left	1	22	15.793	1393
9	38	4	40	10	left	left	1	53	15.16	3496
9	39	4	40	10	right	right	1	35	15.165	2308
9	40	4	40	10	left	left	1	17	15.582	1091
10	1	4	40	10	left	left	1	36	15.326	2349
10	2	4	40	10	right	right	1	27	15.246	1771
10	3	4	40	10	right	right	1	22	15.162	1451
10	4	4	40	10	right	right	1	28	15.53	1803
10	5	4	40	10	right	right	1	27	15.109	1787
10	6	4	40	10	left	left	1	24	15.113	1588
10	7	4	40	10	right	right	1	24	15.306	1568
10	8	4	40	10	right	right	1	20	15.221	1314
10	9	4	40	10	left	left	1	20	15.637	1279
10	10	4	40	10	left	left	1	23	15.689	1466
10	11	4	40	10	right	right	1	19	15.385	1235
10	12	4	40	10	right	right	1	22	15.31	1437
10	13	4	40	10	right	right	1	21	15.295	1373
10	14	4	40	10	right	right	1	20	15.492	1291
10	15	4	40	10	left	left	1	17	15.992	1063
10	16	4	40	10	left	left	1	20	15.186	1317
10	17	4	40	10	left	left	1	37	15.208	2433
10	18	4	40	10	left	left	1	37	15.359	2409
10	19	4	40	10	right	right	1	29	15.287	1897
10	20	4	40	10	left	left	1	18	15.679	1148
10	21	4	40	10	right	right	1	53	15.108	3508
10	22	4	40	10	right	right	1	18	15.19	1185
10	23	4	40	10	left	left	1	15	15.991	938
10	24	4	40	10	left	left	1	29	15.255	1901
10	25	4	40	10	right	right	1	20	15.326	1305
10	26	4	40	10	left	left	1	17	15.441	1101
10	27	4	40	10	right	right	1	19	15.273	1244
10	28	4	40	10	left	left	1	46	15.262	3014
10	29	4	40	10	right	right	1	18	15.762	1142
10	30	4	40	10	left	right	0	25	15.413	1622
10	31	4	40	10	left	left	1	40	15.343	2607
10	32	4	40	10	left	left	1	14	15.819	885
10	33	4	40	10	right	right	1	16	15.656	1022
10	34	4	40	10	left	left	1	45	15.192	2962
10	35	4	40	10	left	left	1	27	15.059	1793
10	36	4	40	10	right	right	1	32	15.253	2098
10	37	4	40	10	right	right	1	72	15.145	4754
10	38	4	40	10	left	left	1	24	15.554	1543
10	39	4	40	10	right	right	1	40	15.14	2642
10	40	4	40	10	left	left	1	15	15.496	968
11	1	4	40	10	left	left	1	30	15.496	1936
11	2	4	40	10	left	left	1	21	15.754	1333
11	3	4	40	10	left	left	1	28	15.267	1834
11	4	4	40	10	right	right	1	15	15.322	979
11	5	4	40	10	left	left	1	42	15.141	2774
11	6	4	40	10	left	left	1	23	15.212	1512
11	7	4	40	10	right	right	1	15	15.723	954
11	8	4	40	10	right	right	1	33	15.242	2165
11	9	4	40	10	right	right	1	19	15.422	1232
11	10	4	40	10	right	right	1	21	15.789	1330
11	11	4	40	10	right	right	1	24	15.238	1575
11	12	4	40	10	left	left	1	44	15.352	2866
11	13	4	40	10	left	left	1	37	15.372	2407
11	14	4	40	10	right	right	1	52	15.407	3375
11	15	4	40	10	left	left	1	28	15.547	1801
11	16	4	40	10	left	left	1	37	15.359	2409
11	17	4	40	10	left	left	1	19	15.212	1249
11	18	4	40	10	left	left	1	26	15.588	1668
11	19	4	40	10	left	left	1	26	15.691	1657
11	20	4	40	10	right	right	1	20	15.349	1303
11	21	4	40	10	right	right	1	42	15.289	2747
11	22	4	40	10	right	right	1	31	15.107	2052
11	23	4	40	10	right	right	1	24	15.595	1539
11	24	4	40	10	left	left	1	22	15.748	1397
11	25	4	40	10	right	right	1	25	15.133	1652
11	26	4	40	10	left	left	1	43	15.308	2809
11	27	4	40	10	left	left	1	66	15.124	4364
11	28	4	40	10	right	right	1	36	15.319	2350
11	29	4	40	10	right	right	1	34	15.253	2229
11	30	4	40	10	left	left	1	25	15.17	1648
11	31	4	40	10	left	left	1	73	15.32	4765
11	32	4	40	10	left	left	1	31	15.485	2002
11	33	4	40	10	right	right	1	21	15.719	1336
11	34	4	40	10	right	right	1	31	15.461	2005
11	35	4	40	10	right	right	1	25	15.596	1603
11	36	4	40	10	right	right	1	17	15.525	1095
11	37	4	40	10	right	right	1	24	15.414	1557
11	38	4	40	10	left	left	1	22	15.449	1424
11	39	4	40	10	left	left	1	27	15.35	1759
11	40	4	40	10	right	right	1	27	15.203	1776
12	1	4	40	10	left	left	1	29	15.525	1868
12	2	4	40	10	right	right	1	42	15.179	2767
12	3	4	40	10	left	left	1	25	15.309	1633
12	4	4	40	10	left	left	1	21	15.385	1365
12	5	4	40	10	right	right	1	16	15.702	1019
12	6	4	40	10	right	right	1	23	15.052	1528
12	7	4	40	10	right	right	1	15	15.593	962
12	8	4	40	10	right	right	1	41	15.408	2661
12	9	4	40	10	left	left	1	21	15.217	1380
12	10	4	40	10	left	right	0	17	15.483	1098
12	11	4	40	10	right	right	1	48	15.434	3110
12	12	4	40	10	right	right	1	32	15.333	2087
12	13	4	40	10	left	left	1	17	15.179	1120
12	14	4	40	10	left	left	1	46	15.298	3007
12	15	4	40	10	right	right	1	17	15.639	1087
12	16	4	40	10	right	right	1	22	15.737	1398
12	17	4	40	10	right	right	1	19	15.176	1252
12	18	4	40	10	left	left	1	29	15.434	1879
12	19	4	40	10	right	right	1	28	15.608	1794
12	20	4	40	10	left	left	1	19	15.385	1235
12	21	4	40	10	left	left	1	18	15.451	1165
12	22	4	40	10	right	right	1	13	15.222	854
12	23	4	40	10	right	right	1	18	15.986	1126
12	24	4	40	10	right	right	1	19	15.548	1222
12	25	4	40	10	left	left	1	16	15.873	1008
12	26	4	40	10	left	right	0	17	15.683	1084
12	27	4	40	10	right	right	1	15	15.907	943
12	28	4	40	10	left	left	1	14	16.166	866
12	29	4	40	10	right	right	1	15	15.198	987
12	30	4	40	10	left	right	0	31	15.578	1990
12	31	4	40	10	left	left	1	14	16.185	865
12	32	4	40	10	right	right	1	17	15.962	1065
12	33	4	40	10	right	right	1	16	16	1000
12	34	4	40	10	left	left	1	23	15.416	1492
12	35	4	40	10	right	right	1	14	15.538	901
12	36	4	40	10	right	right	1	13	14.943	870
12	37	4	40	10	left	left	1	34	15.343	2216
12	38	4	40	10	left	left	1	18	15.707	1146
12	39	4	40	10	left	left	1	16	15.717	1018
12	40	4	40	10	left	left	1	14	16.073	871
13	1	4	40	10	right	right	1	18	15.477	1163
13	2	4	40	10	left	left	1	15	15.707	955
13	3	4	40	10	right	right	1	16	15.764	1015
13	4	4	40	10	right	right	1	18	15.789	1140
13	5	4	40	10	right	right	1	17	15.582	1091
13	6	4	40	10	right	right	1	19	15.807	1202
13	7	4	40	10	right	left	0	24	15.434	1555
13	8	4	40	10	right	left	0	15	15.075	995
13	9	4	40	10	left	left	1	13	15.854	820
13	10	4	40	10	left	left	1	35	15.439	2267
13	11	4	40	10	right	right	1	13	15.625	832
13	12	4	40	10	right	right	1	16	16	1000
13	13	4	40	10	left	left	1	22	15.839	1389
13	14	4	40	10	left	left	1	21	15.683	1339
13	15	4	40	10	left	left	1	31	15.438	2008
13	16	4	40	10	left	left	1	40	15.486	2583
13	17	4	40	10	left	left	1	32	15.238	2100
13	18	4	40	10	left	left	1	23	15.092	1524
13	19	4	40	10	right	right	1	13	16.129	806
13	20	4	40	10	right	right	1	15	15.94	941
13	21	4	40	10	left	left	1	14	15.909	880
13	22	4	40	10	left	left	1	32	15.209	2104
13	23	4	40	10	left	left	1	14	16.037	873
13	24	4	40	10	right	right	1	13	15.588	834
13	25	4	40	10	right	right	1	14	15.054	930
13	26	4	40	10	right	right	1	12	15.666	766
13	27	4	40	10	left	left	1	13	15.134	859
13	28	4	40	10	right	right	1	12	15.385	780
13	29	4	40	10	left	left	1	11	16.296	675
13	30	4	40	10	right	right	1	10	15.649	639
13	31	4	40	10	right	right	1	11	16.32	674
13	32	4	40	10	right	right	1	10	15.873	630
13	33	4	40	10	left	left	1	26	15.541	1673
13	34	4	40	10	left	left	1	17	15.755	1079
13	35	4	40	10	right	right	1	10	15.314	653
13	36	4	40	10	left	left	1	35	15.237	2297
13	37	4	40	10	left	left	1	13	16.291	798
13	38	4	40	10	left	left	1	14	16.11	869
13	39	4	40	10	right	right	1	50	15.404	3246
13	40	4	40	10	left	left	1	14	15.982	876
14	1	4	40	10	left	left	1	27	15.553	1736
14	2	4	40	10	left	left	1	30	15.44	1943
14	3	4	40	10	left	left	1	12	15.894	755
14	4	4	40	10	right	right	1	11	15.089	729
14	5	4	40	10	right	right	1	15	15.512	967
14	6	4	40	10	left	right	0	12	16.26	738
14	7	4	40	10	left	left	1	25	15.124	1653
14	8	4	40	10	right	right	1	10	15.576	642
14	9	4	40	10	right	right	1	25	15.272	1637
14	10	4	40	10	left	left	1	14	15.184	922
14	11	4	40	10	right	right	1	14	16.26	861
14	12	4	40	10	left	left	1	18	15.437	1166
14	13	4	40	10	left	right	0	12	15.504	774
14	14	4	40	10	left	right	0	20	15.711	1273
14	15	4	40	10	right	right	1	11	15.089	729
14	16	4	40	10	left	left	1	38	15.485	2454
14	17	4	40	10	left	left	1	13	15.625	832
14	18	4	40	10	right	right	1	14	14.957	936
14	19	4	40	10	left	left	1	22	15.417	1427
14	20	4	40	10	right	right	1	11	15.581	706
14	21	4	40	10	left	left	1	15	15.152	990
14	22	4	40	10	right	right	1	12	15.584	770
14	23	4	40	10	right	right	1	22	15.703	1401
14	24	4	40	10	right	right	1	13	16.109	807
14	25	4	40	10	right	right	1	12	16.151	743
14	26	4	40	10	right	right	1	23	15.242	1509
14	27	4	40	10	right	right	1	12	15.345	782
14	28	4	40	10	right	right	1	30	15.393	1949
14	29	4	40	10	left	left	1	13	15.152	858
14	30	4	40	10	right	right	1	10	15.015	666
14	31	4	40	10	left	left	1	18	15.652	1150
14	32	4	40	10	right	right	1	13	16.291	798
14	33	4	40	10	right	right	1	13	15.682	829
14	34	4	40	10	right	right	1	21	15.754	1333
14	35	4	40	10	left	left	1	15	15.091	994
14	36	4	40	10	left	left	1	17	15.654	1086
14	37	4	40	10	right	right	1	25	15.347	1629
14	38	4	40	10	left	right	0	15	15.609	961
14	39	4	40	10	left	left	1	13	15.912	817
14	40	4	40	10	left	left	1	12	15.132	793
15	1	4	40	10	left	left	1	27	15.499	1742
15	2	4	40	10	left	left	1	18	15.887	1133
15	3	4	40	10	right	right	1	18	15.776	1141
15	4	4	40	10	left	left	1	18	15.139	1189
15	5	4	40	10	right	right	1	11	16.035	686
15	6	4	40	10	right	right	1	21	15.228	1379
15	7	4	40	10	left	left	1	27	15.126	1785
15	8	4	40	10	right	right	1	25	15.309	1633
15	9	4	40	10	left	left	1	30	15.512	1934
15	10	4	40	10	right	right	1	19	15.599	1218
15	11	4	40	10	left	left	1	59	15.159	3892
15	12	4	40	10	right	right	1	14	15.436	907
15	13	4	40	10	left	right	0	27	15.58	1733
15	14	4	40	10	left	right	0	11	15.965	689
15	15	4	40	10	right	right	1	11	15.257	721
15	16	4	40	10	left	left	1	26	15.339	1695
15	17	4	40	10	right	right	1	52	15.276	3404
15	18	4	40	10	right	right	1	17	15.426	1102
15	19	4	40	10	right	right	1	24	15.335	1565
15	20	4	40	10	right	right	1	47	15.299	3072
15	21	4	40	10	right	right	1	20	15.408	1298
15	22	4	40	10	right	right	1	44	15.288	2878
15	23	4	40	10	right	right	1	20	15.221	1314
15	24	4	40	10	left	left	1	19	15.139	1255
15	25	4	40	10	left	left	1	19	15.2	1250
15	26	4	40	10	left	left	1	25	15.356	1628
15	27	4	40	10	right	right	1	12	15.287	785
15	28	4	40	10	left	left	1	12	15.306	784
15	29	4	40	10	right	right	1	21	15.544	1351
15	30	4	40	10	left	right	0	17	15.233	1116
15	31	4	40	10	left	left	1	25	15.704	1592
15	32	4	40	10	right	right	1	38	15.164	2506
15	33	4	40	10	right	right	1	13	15.682	829
15	34	4	40	10	right	right	1	18	15.666	1149
15	35	4	40	10	left	right	0	16	15.92	1005
15	36	4	40	10	left	right	0	28	15.564	1799
15	37	4	40	10	left	left	1	25	15.586	1604
15	38	4	40	10	right	left	0	18	15.957	1128
15	39	4	40	10	left	left	1	39	15.446	2525
15	40	4	40	10	left	left	1	27	15.135	1784
16	1	4	40	10	right	right	1	37	15.114	2448
16	2	4	40	10	left	left	1	18	15.293	1177
16	3	4	40	10	left	left	1	57	15.216	3746
16	4	4	40	10	left	left	1	17	15.799	1076
16	5	4	40	10	left	left	1	25	15.366	1627
16	6	4	40	10	right	right	1	20	15.637	1279
16	7	4	40	10	right	right	1	19	15.091	1259
16	8	4	40	10	left	left	1	15	15.03	998
16	9	4	40	10	right	right	1	17	15.829	1074
16	10	4	40	10	left	left	1	19	15.41	1233
16	11	4	40	10	right	right	1	15	15.576	963
16	12	4	40	10	right	right	1	17	15.654	1086
16	13	4	40	10	right	right	1	15	15.544	965
16	14	4	40	10	left	left	1	22	15.363	1432
16	15	4	40	10	left	right	0	18	15.734	1144
16	16	4	40	10	left	left	1	15	15.416	973
16	17	4	40	10	left	left	1	18	15.411	1168
16	18	4	40	10	right	right	1	18	15.19	1185
16	19	4	40	10	right	right	1	19	15.498	1226
16	20	4	40	10	left	left	1	21	15.766	1332
16	21	4	40	10	right	right	1	26	15.7	1656
16	22	4	40	10	left	left	1	16	15.296	1046
16	23	4	40	10	right	right	1	36	15.287	2355
16	24	4	40	10	left	left	1	16	15.238	1050
16	25	4	40	10	right	right	1	20	15.823	1264
16	26	4	40	10	left	left	1	16	15.459	1035
16	27	4	40	10	right	right	1	22	15.352	1433
16	28	4	40	10	left	left	1	13	15.777	824
16	29	4	40	10	right	right	1	19	15.323	1240
16	30	4	40	10	left	right	0	16	15.459	1035
16	31	4	40	10	right	right	1	13	15.532	837
16	32	4	40	10	right	right	1	16	15.08	1061
16	33	4	40	10	left	left	1	21	15.498	1355
16	34	4	40	10	right	right	1	80	15.241	5249
16	35	4	40	10	right	right	1	19	15.715	1209
16	36	4	40	10	left	left	1	20	15.785	1267
16	37	4	40	10	left	left	1	53	15.134	3502
16	38	4	40	10	left	left	1	17	15.483	1098
16	39	4	40	10	right	right	1	18	15.19	1185
16	40	4	40	10	right	right	1	14	16.018	874
17	1	4	40	10	right	right	1	13	15.55	836
17	2	4	40	10	right	right	1	11	15.896	692
17	3	4	40	10	right	right	1	17	15.611	1089
17	4	4	40	10	left	left	1	21	15.533	1352
17	5	4	40	10	left	left	1	42	15.413	2725
17	6	4	40	10	right	right	1	12	16.021	749
17	7	4	40	10	right	right	1	16	15.34	1043
17	8	4	40	10	right	right	1	18	15.831	1137
17	9	4	40	10	right	right	1	12	16.107	745
17	10	4	40	10	right	right	1	23	15.467	1487
17	11	4	40	10	left	left	1	21	15.273	1375
17	12	4	40	10	left	left	1	22	15.048	1462
17	13	4	40	10	right	right	1	29	15.191	1909
17	14	4	40	10	right	right	1	14	15.766	888
17	15	4	40	10	left	left	1	19	15.807	1202
17	16	4	40	10	left	left	1	17	15.582	1091
17	17	4	40	10	left	left	1	36	15.451	2330
17	18	4	40	10	right	right	1	13	16.25	800
17	19	4	40	10	left	left	1	28	15.427	1815
17	20	4	40	10	left	left	1	31	15.625	1984
17	21	4	40	10	right	right	1	24	15.326	1566
17	22	4	40	10	left	left	1	28	15.276	1833
17	23	4	40	10	right	right	1	21	15.419	1362
17	24	4	40	10	left	left	1	59	15.333	3848
17	25	4	40	10	right	right	1	18	15.887	1133
17	26	4	40	10	right	right	1	16	15.195	1053
17	27	4	40	10	left	right	0	38	15.354	2475
17	28	4	40	10	right	right	1	52	15.33	3392
17	29	4	40	10	right	right	1	23	15.272	1506
17	30	4	40	10	left	left	1	18	15.693	1147
17	31	4	40	10	left	left	1	30	15.159	1979
17	32	4	40	10	left	left	1	20	15.42	1297
17	33	4	40	10	right	right	1	14	15.267	917
17	34	4	40	10	left	left	1	22	15.625	1408
17	35	4	40	10	left	left	1	20	15.267	1310
17	36	4	40	10	right	right	1	15	15.448	971
17	37	4	40	10	right	right	1	13	15.663	830
17	38	4	40	10	left	left	1	14	16.073	871
17	39	4	40	10	left	left	1	12	15.464	776
17	40	4	40	10	left	left	1	15	15.4	974
18	1	4	40	10	left	left	1	26	15.196	1711
18	2	4	40	10	right	right	1	46	15.182	3030
18	3	4	40	10	left	left	1	9	15.05	598
18	4	4	40	10	left	left	1	15	15.496	968
18	5	4	40	10	left	left	1	16	15.702	1019
18	6	4	40	10	right	right	1	15	15.625	960
18	7	4	40	10	right	right	1	16	15.109	1059
18	8	4	40	10	left	left	1	17	15.726	1081
18	9	4	40	10	left	left	1	18	15.845	1136
18	10	4	40	10	right	right	1	16	15.748	1016
18	11	4	40	10	left	left	1	20	15.773	1268
18	12	4	40	10	right	right	1	21	15.262	1376
18	13	4	40	10	left	left	1	15	15.4	974
18	14	4	40	10	left	left	1	31	15.07	2057
18	15	4	40	10	right	right	1	12	16.107	745
18	16	4	40	10	left	left	1	10	15.456	647
18	17	4	40	10	left	left	1	14	15.054	930
18	18	4	40	10	right	right	1	12	15.727	763
18	19	4	40	10	right	right	1	13	15.152	858
18	20	4	40	10	left	left	1	12	15.727	763
18	21	4	40	10	left	left	1	26	15.616	1665
18	22	4	40	10	right	right	1	13	15.513	838
18	23	4	40	10	right	right	1	12	15.345	782
18	24	4	40	10	left	left	1	11	15.515	709
18	25	4	40	10	left	left	1	25	15.235	1641
18	26	4	40	10	right	right	1	14	15.801	886
18	27	4	40	10	left	left	1	20	15.637	1279
18	28	4	40	10	left	left	1	22	15.417	1427
18	29	4	40	10	right	right	1	13	15.588	834
18	30	4	40	10	right	right	1	14	16.317	858
18	31	4	40	10	right	right	1	21	15.228	1379
18	32	4	40	10	right	right	1	23	15.122	1521
18	33	4	40	10	left	left	1	19	15.794	1203
18	34	4	40	10	right	right	1	43	15.248	2820
18	35	4	40	10	right	right	1	13	16.089	808
18	36	4	40	10	right	right	1	15	15.259	983
18	37	4	40	10	left	right	0	20	15.785	1267
18	38	4	40	10	right	right	1	19	15.188	1251
18	39	4	40	10	left	left	1	31	15.271	2030
18	40	4	40	10	right	right	1	22	15.748	1397
19	1	4	40	10	right	right	1	14	16.055	872
19	2	4	40	10	left	right	0	18	15.293	1177
19	3	4	40	10	left	right	0	15	15.924	942
19	4	4	40	10	left	left	1	13	15.971	814
19	5	4	40	10	right	right	1	10	15.129	661
19	6	4	40	10	right	right	1	16	15.857	1009
19	7	4	40	10	left	left	1	20	15.094	1325
19	8	4	40	10	right	right	1	12	15.584	770
19	9	4	40	10	right	right	1	11	15.625	704
19	10	4	40	10	left	left	1	35	15.317	2285
19	11	4	40	10	right	right	1	16	15.34	1043
19	12	4	40	10	left	left	1	27	15.482	1744
19	13	4	40	10	right	right	1	13	15.777	824
19	14	4	40	10	left	left	1	12	16.129	744
19	15	4	40	10	left	left	1	37	15.176	2438
19	16	4	40	10	left	left	1	12	16.151	743
19	17	4	40	10	left	left	1	11	15.193	724
19	18	4	40	10	right	right	1	11	15.942	690
19	19	4	40	10	right	right	1	12	15.19	790
19	20	4	40	10	right	right	1	24	15.656	1533
19	21	4	40	10	right	right	1	21	15.195	1382
19	22	4	40	10	right	right	1	16	15.429	1037
19	23	4	40	10	left	left	1	17	15.385	1105
19	24	4	40	10	right	right	1	11	15.449	712
19	25	4	40	10	right	right	1	10	14.948	669
19	26	4	40	10	right	right	1	12	16.282	737
19	27	4	40	10	left	left	1	13	15.796	823
19	28	4	40	10	right	right	1	11	16.012	687
19	29	4	40	10	right	right	1	13	15.569	835
19	30	4	40	10	left	left	1	23	15.262	1507
19	31	4	40	10	right	right	1	14	15.402	909
19	32	4	40	10	right	right	1	12	16.151	743
19	33	4	40	10	right	right	1	11	15.714	700
19	34	4	40	10	left	left	1	11	15.782	697
19	35	4	40	10	left	left	1	14	15.945	878
19	36	4	40	10	left	left	1	13	15.951	815
19	37	4	40	10	left	left	1	15	15.924	942
19	38	4	40	10	left	left	1	13	16.23	801
19	39	4	40	10	left	right	0	18	15	1200
19	40	4	40	10	left	right	0	8	16.427	487
20	1	4	40	10	left	right	0	22	15.439	1425
20	2	4	40	10	right	right	1	9	15.28	589
20	3	4	40	10	right	right	1	12	16.151	743
20	4	4	40	10	left	left	1	15	15.06	996
20	5	4	40	10	right	right	1	11	16.153	681
20	6	4	40	10	left	left	1	21	15.754	1333
20	7	4	40	10	left	left	1	16	15.984	1001
20	8	4	40	10	left	left	1	10	15.48	646
20	9	4	40	10	left	right	0	11	15.257	721
20	10	4	40	10	right	right	1	17	15.814	1075
20	11	4	40	10	left	left	1	14	15.436	907
20	12	4	40	10	left	left	1	11	15.537	708
20	13	4	40	10	right	right	1	21	15.719	1336
20	14	4	40	10	left	left	1	10	15.314	653
20	15	4	40	10	right	left	0	11	15.965	689
20	16	4	40	10	right	left	0	20	15.129	1322
20	17	4	40	10	right	right	1	12	15.385	780
20	18	4	40	10	right	left	0	21	15.317	1371
20	19	4	40	10	left	right	0	8	16.495	485
20	20	4	40	10	left	left	1	19	15.115	1257
20	21	4	40	10	right	right	1	27	15.517	1740
20	22	4	40	10	left	left	1	25	15.133	1652
20	23	4	40	10	right	right	1	14	15.47	905
20	24	4	40	10	right	right	1	11	15.581	706
20	25	4	40	10	right	right	1	18	15.972	1127
20	26	4	40	10	left	right	0	14	15.945	878
20	27	4	40	10	right	right	1	24	15.19	1580
20	28	4	40	10	left	left	1	16	15.152	1056
20	29	4	40	10	right	right	1	47	15.196	3093
20	30	4	40	10	right	right	1	10	15.083	663
20	31	4	40	10	left	left	1	18	15.164	1187
20	32	4	40	10	left	left	1	16	15.936	1004
20	33	4	40	10	right	right	1	14	15.07	929
20	34	4	40	10	right	right	1	10	16.155	619
20	35	4	40	10	left	left	1	13	14.943	870
20	36	4	40	10	left	left	1	10	15.291	654
20	37	4	40	10	right	right	1	11	15.942	690
20	38	4	40	10	right	right	1	10	14.925	670
20	39	4	40	10	left	left	1	9	15.358	586
20	40	4	40	10	left	left	1	11	15.537	708
21	1	4	40	10	left	left	1	25	15.216	1643
21	2	4	40	10	right	right	1	10	16.026	624
21	3	4	40	10	right	right	1	15	15.707	955
21	4	4	40	10	left	left	1	17	15.903	1069
21	5	4	40	10	right	left	0	8	15.296	523
21	6	4	40	10	right	right	1	11	16.369	672
21	7	4	40	10	left	left	1	10	15.723	636
21	8	4	40	10	right	right	1	10	15.848	631
21	9	4	40	10	right	right	1	10	15.385	650
21	10	4	40	10	left	left	1	9	15.491	581
21	11	4	40	10	right	right	1	6	15.666	383
21	12	4	40	10	left	left	1	7	16.393	427
21	13	4	40	10	left	left	1	12	16.282	737
21	14	4	40	10	left	left	1	18	15.319	1175
21	15	4	40	10	right	right	1	9	15.652	575
21	16	4	40	10	right	right	1	10	16.051	623
21	17	4	40	10	left	left	1	14	15.419	908
21	18	4	40	10	right	right	1	13	15.663	830
21	19	4	40	10	right	right	1	10	15.106	662
21	20	4	40	10	left	right	0	9	16.484	546
21	21	4	40	10	right	right	1	13	16.27	799
21	22	4	40	10	left	left	1	11	16.035	686
21	23	4	40	10	left	left	1	17	15.933	1067
21	24	4	40	10	right	right	1	17	15.165	1121
21	25	4	40	10	right	right	1	10	15.408	649
21	26	4	40	10	left	right	0	12	15.075	796
21	27	4	40	10	right	right	1	11	16.393	671
21	28	4	40	10	left	left	1	18	15.254	1180
21	29	4	40	10	left	left	1	16	15.326	1044
21	30	4	40	10	left	left	1	12	16.282	737
21	31	4	40	10	left	right	0	11	15.299	719
21	32	4	40	10	left	left	1	12	15.605	769
21	33	4	40	10	right	right	1	37	15.22	2431
21	34	4	40	10	left	left	1	31	15.189	2041
21	35	4	40	10	right	right	1	18	15.101	1192
21	36	4	40	10	left	left	1	9	15.598	577
21	37	4	40	10	right	right	1	14	15.038	931
21	38	4	40	10	right	right	1	12	16.021	749
21	39	4	40	10	left	right	0	13	15.7	828
21	40	4	40	10	right	right	1	9	15.203	592
22	1	4	40	10	right	right	1	14	15.784	887
22	2	4	40	10	right	right	1	11	15.428	713
22	3	4	40	10	left	left	1	11	15.85	694
22	4	4	40	10	right	right	1	9	16.729	538
22	5	4	40	10	right	right	1	8	15.066	531
22	6	4	40	10	left	right	0	7	15.251	459
22	7	4	40	10	right	right	1	18	15.437	1166
22	8	4	40	10	left	left	1	10	15.083	663
22	9	4	40	10	left	left	1	26	15.672	1659
22	10	4	40	10	left	left	1	12	16.151	743
22	11	4	40	10	right	right	1	15	15.806	949
22	12	4	40	10	right	right	1	12	15.625	768
22	13	4	40	10	right	right	1	12	16.173	742
22	14	4	40	10	right	right	1	15	15.957	940
22	15	4	40	10	left	left	1	9	14.827	607
22	16	4	40	10	right	right	1	14	15.608	897
22	17	4	40	10	left	left	1	12	15.404	779
22	18	4	40	10	left	left	1	13	15.588	834
22	19	4	40	10	left	left	1	12	15.267	786
22	20	4	40	10	left	left	1	16	15.733	1017
22	21	4	40	10	left	right	0	11	15.873	693
22	22	4	40	10	left	left	1	10	15.848	631
22	23	4	40	10	right	right	1	16	15.137	1057
22	24	4	40	10	left	left	1	13	15.951	815
22	25	4	40	10	right	right	1	12	15.171	791
22	26	4	40	10	right	right	1	22	15.214	1446
22	27	4	40	10	left	left	1	15	15.544	965
22	28	4	40	10	right	right	1	17	15.611	1089
22	29	4	40	10	right	right	1	18	15.517	1160
22	30	4	40	10	right	right	1	13	15.476	840
22	31	4	40	10	right	right	1	23	15.614	1473
22	32	4	40	10	left	left	1	11	15.782	697
22	33	4	40	10	left	left	1	25	15.423	1621
22	34	4	40	10	right	right	1	24	15.534	1545
22	35	4	40	10	left	right	0	52	15.348	3388
22	36	4	40	10	left	left	1	14	16.166	866
22	37	4	40	10	left	left	1	13	16.03	811
22	38	4	40	10	right	right	1	43	15.341	2803
22	39	4	40	10	left	right	0	21	15.754	1333
22	40	4	40	10	right	right	1	45	15.249	2951
23	1	4	40	10	right	right	1	32	15.209	2104
23	2	4	40	10	right	right	1	10	16.42	609
23	3	4	40	10	left	left	1	14	15.152	924
23	4	4	40	10	right	right	1	11	15.85	694
23	5	4	40	10	left	left	1	18	15.075	1194
23	6	4	40	10	right	right	1	15	15.306	980
23	7	4	40	10	right	right	1	13	15.931	816
23	8	4	40	10	left	left	1	18	15.013	1199
23	9	4	40	10	right	right	1	11	15.625	704
23	10	4	40	10	left	right	0	53	15.173	3493
23	11	4	40	10	left	left	1	13	15.222	854
23	12	4	40	10	left	left	1	14	15.368	911
23	13	4	40	10	right	right	1	12	16.282	737
23	14	4	40	10	left	left	1	18	15.113	1191
23	15	4	40	10	left	left	1	16	15.873	1008
23	16	4	40	10	right	right	1	18	15.789	1140
23	17	4	40	10	left	left	1	11	15.537	708
23	18	4	40	10	left	left	1	9	15.385	585
23	19	4	40	10	right	right	1	20	15.785	1267
23	20	4	40	10	right	right	1	21	15.648	1342
23	21	4	40	10	left	left	1	24	15.434	1555
23	22	4	40	10	right	left	0	10	15.106	662
23	23	4	40	10	right	right	1	10	16.287	614
23	24	4	40	10	left	left	1	10	16	625
23	25	4	40	10	right	right	1	8	16	500
23	26	4	40	10	left	left	1	16	15.579	1027
23	27	4	40	10	left	left	1	18	15.101	1192
23	28	4	40	10	left	left	1	16	15.984	1001
23	29	4	40	10	right	right	1	12	15.524	773
23	30	4	40	10	left	left	1	11	15.559	707
23	31	4	40	10	left	left	1	21	15.173	1384
23	32	4	40	10	right	right	1	11	15.471	711
23	33	4	40	10	right	right	1	10	15.337	652
23	34	4	40	10	right	right	1	11	16.393	671
23	35	4	40	10	left	left	1	14	15.713	891
23	36	4	40	10	right	right	1	22	15.839	1389
23	37	4	40	10	left	left	1	12	15.564	771
23	38	4	40	10	left	left	1	12	15.267	786
23	39	4	40	10	right	right	1	13	15.912	817
23	40	4	40	10	right	right	1	14	15.086	928
24	1	4	40	10	right	right	1	14	16.185	865
24	2	4	40	10	right	right	1	12	16.107	745
24	3	4	40	10	left	left	1	12	15.484	775
24	4	4	40	10	left	left	1	10	14.925	670
24	5	4	40	10	right	right	1	13	15.439	842
24	6	4	40	10	left	left	1	25	15.605	1602
24	7	4	40	10	right	right	1	13	16.291	798
24	8	4	40	10	left	left	1	15	15.045	997
24	9	4	40	10	left	left	1	16	15.595	1026
24	10	4	40	10	left	left	1	12	15.504	774
24	11	4	40	10	left	left	1	15	15.045	997
24	12	4	40	10	right	right	1	11	15.625	704
24	13	4	40	10	left	left	1	11	15.515	709
24	14	4	40	10	left	left	1	14	15.054	930
24	15	4	40	10	left	left	1	23	15.668	1468
24	16	4	40	10	right	right	1	12	16.021	749
24	17	4	40	10	left	left	1	11	15.385	715
24	18	4	40	10	left	left	1	30	15.306	1960
24	19	4	40	10	right	right	1	18	15.038	1197
24	20	4	40	10	right	right	1	18	15.652	1150
24	21	4	40	10	right	left	0	14	15.927	879
24	22	4	40	10	right	right	1	28	15.111	1853
24	23	4	40	10	right	left	0	11	15.131	727
24	24	4	40	10	right	right	1	16	15.733	1017
24	25	4	40	10	right	right	1	16	15.18	1054
24	26	4	40	10	right	right	1	11	16.082	684
24	27	4	40	10	right	right	1	10	15.625	640
24	28	4	40	10	right	right	1	10	15.748	635
24	29	4	40	10	left	left	1	11	15.85	694
24	30	4	40	10	left	left	1	12	15.727	763
24	31	4	40	10	right	left	0	10	15.221	657
24	32	4	40	10	right	right	1	9	16.791	536
24	33	4	40	10	right	left	0	11	16.345	673
24	34	4	40	10	left	right	0	7	16.129	434
24	35	4	40	10	left	left	1	42	15.195	2764
24	36	4	40	10	left	left	1	9	14.851	606
24	37	4	40	10	left	left	1	25	15.385	1625
24	38	4	40	10	left	left	1	51	15.338	3325
24	39	4	40	10	right	right	1	10	15.129	661
24	40	4	40	10	left	left	1	14	15.891	881
