
blkNum	trlNum	coherentDots	numberofDots	percentCoherence	winningDirection	response	correct	eventCount	averageFrameRate	RT
1	1	4	40	10	right	right	1	20	15.373	1301
1	2	4	40	10	right	left	0	15	15.48	969
1	3	4	40	10	right	left	0	16	15.968	1002
1	4	4	40	10	left	left	1	16	15.109	1059
1	5	4	40	10	left	right	0	21	15.613	1345
1	6	4	40	10	right	right	1	17	15.138	1123
1	7	4	40	10	right	left	0	22	15.162	1451
1	8	4	40	10	left	left	1	19	15.044	1263
1	9	4	40	10	right	right	1	17	15.814	1075
1	10	4	40	10	right	right	1	21	15.707	1337
1	11	4	40	10	right	right	1	19	15.548	1222
1	12	4	40	10	left	right	0	18	15.411	1168
1	13	4	40	10	right	left	0	17	15.426	1102
1	14	4	40	10	right	right	1	21	15.43	1361
1	15	4	40	10	right	right	1	18	15.639	1151
1	16	4	40	10	right	right	1	17	15.525	1095
1	17	4	40	10	left	right	0	19	15.447	1230
1	18	4	40	10	right	right	1	15	15.167	989
1	19	4	40	10	right	right	1	18	14.988	1201
1	20	4	40	10	left	right	0	19	15.485	1227
1	21	4	40	10	left	left	1	18	15.611	1153
1	22	4	40	10	right	right	1	20	15.613	1281
1	23	4	40	10	left	right	0	20	15.468	1293
1	24	4	40	10	right	left	0	14	15.66	894
1	25	4	40	10	left	left	1	13	16.01	812
1	26	4	40	10	right	right	1	16	15.686	1020
1	27	4	40	10	right	right	1	16	15.137	1057
1	28	4	40	10	left	left	1	16	15.905	1006
1	29	4	40	10	right	right	1	13	15.873	819
1	30	4	40	10	right	right	1	19	15.599	1218
1	31	4	40	10	right	right	1	26	15.152	1716
1	32	4	40	10	left	left	1	20	15.209	1315
1	33	4	40	10	left	left	1	16	15.519	1031
1	34	4	40	10	right	right	1	25	15.198	1645
1	35	4	40	10	right	right	1	16	15.123	1058
2	1	4	40	10	right	right	1	11	15.581	706
2	2	4	40	10	left	left	1	12	15.81	759
2	3	4	40	10	left	left	1	11	15.342	717
2	4	4	40	10	right	right	1	14	15.317	914
2	5	4	40	10	left	right	0	14	16.129	868
2	6	4	40	10	left	left	1	11	15.759	698
2	7	4	40	10	left	left	1	11	15.131	727
2	8	4	40	10	left	left	1	15	15.06	996
2	9	4	40	10	right	left	0	15	15.756	952
2	10	4	40	10	right	left	0	13	16.089	808
2	11	4	40	10	left	right	0	10	15.699	637
2	12	4	40	10	left	right	0	11	15.515	709
2	13	4	40	10	left	left	1	11	16.224	678
2	14	4	40	10	right	right	1	19	15.2	1250
2	15	4	40	10	right	right	1	17	15.903	1069
2	16	4	40	10	right	right	1	15	15.839	947
2	17	4	40	10	right	right	1	13	16.291	798
2	18	4	40	10	left	right	0	14	15.677	893
2	19	4	40	10	left	left	1	18	15.358	1172
2	20	4	40	10	left	left	1	21	15.396	1364
2	21	4	40	10	left	left	1	19	15.397	1234
2	22	4	40	10	left	left	1	15	15.674	957
2	23	4	40	10	left	left	1	17	15.858	1072
2	24	4	40	10	right	right	1	17	15.426	1102
2	25	4	40	10	left	left	1	25	15.423	1621
2	26	4	40	10	right	right	1	12	16.107	745
2	27	4	40	10	left	left	1	16	15.18	1054
2	28	4	40	10	left	left	1	16	15.702	1019
2	29	4	40	10	right	right	1	15	16.009	937
2	30	4	40	10	left	left	1	15	15.839	947
2	31	4	40	10	left	left	1	17	16.008	1062
2	32	4	40	10	right	right	1	18	15.571	1156
2	33	4	40	10	right	right	1	13	14.977	868
2	34	4	40	10	right	left	0	21	15.295	1373
2	35	4	40	10	right	right	1	13	15.931	816
2	36	4	40	10	left	right	0	14	15.217	920
2	37	4	40	10	left	left	1	11	15.827	695
2	38	4	40	10	left	left	1	13	15.569	835
2	39	4	40	10	left	left	1	18	15.584	1155
2	40	4	40	10	left	left	1	17	15.455	1100
2	41	4	40	10	right	right	1	13	16.049	810
3	1	4	40	10	right	right	1	13	15.152	858
3	2	4	40	10	right	left	0	12	15.564	771
3	3	4	40	10	right	right	1	11	15.67	702
3	4	4	40	10	left	left	1	12	15.094	795
3	5	4	40	10	right	right	1	13	16.209	802
3	6	4	40	10	left	left	1	14	15.07	929
3	7	4	40	10	left	right	0	14	15.021	932
3	8	4	40	10	left	left	1	12	15.404	779
3	9	4	40	10	left	right	0	14	15.184	922
3	10	4	40	10	right	left	0	21	15.719	1336
3	11	4	40	10	left	left	1	16	15.702	1019
3	12	4	40	10	right	right	1	16	15.519	1031
3	13	4	40	10	right	right	1	15	15.806	949
3	14	4	40	10	right	right	1	17	15.858	1072
3	15	4	40	10	right	right	1	15	15.152	990
3	16	4	40	10	left	left	1	14	15.713	891
3	17	4	40	10	left	left	1	15	15.56	964
3	18	4	40	10	left	left	1	18	15.424	1167
3	19	4	40	10	left	left	1	16	15.748	1016
3	20	4	40	10	right	right	1	13	15.532	837
3	21	4	40	10	right	left	0	15	15.291	981
3	22	4	40	10	left	right	0	10	15.106	662
3	23	4	40	10	right	left	0	15	15.528	966
3	24	4	40	10	left	left	1	13	16.291	798
3	25	4	40	10	left	right	0	15	15.789	950
3	26	4	40	10	right	right	1	12	15.666	766
3	27	4	40	10	right	right	1	14	15.021	932
3	28	4	40	10	left	left	1	19	15.237	1247
3	29	4	40	10	right	right	1	17	15.152	1122
3	30	4	40	10	right	left	0	17	15.947	1066
3	31	4	40	10	right	left	0	18	15.152	1188
3	32	4	40	10	left	left	1	18	15.385	1170
3	33	4	40	10	left	left	1	19	15.103	1258
3	34	4	40	10	left	left	1	18	15.332	1174
3	35	4	40	10	right	left	0	19	15.755	1206
3	36	4	40	10	right	right	1	17	15.343	1108
3	37	4	40	10	right	right	1	13	15.134	859
3	38	4	40	10	right	right	1	16	15.326	1044
3	39	4	40	10	right	right	1	16	15.474	1034
4	1	4	40	10	left	left	1	30	15.345	1955
4	2	4	40	10	left	left	1	21	15.625	1344
4	3	4	40	10	right	right	1	21	15.754	1333
4	4	4	40	10	right	right	1	21	15.789	1330
4	5	4	40	10	left	left	1	17	15.413	1103
4	6	4	40	10	left	right	0	27	15.716	1718
4	7	4	40	10	right	right	1	18	15.398	1169
4	8	4	40	10	right	right	1	18	15.707	1146
4	9	4	40	10	left	left	1	17	15.26	1114
4	10	4	40	10	right	right	1	15	15.74	953
4	11	4	40	10	right	left	0	15	15.167	989
4	12	4	40	10	right	right	1	15	15.167	989
4	13	4	40	10	left	left	1	21	15.801	1329
4	14	4	40	10	left	right	0	14	15.119	926
4	15	4	40	10	left	left	1	11	15.493	710
4	16	4	40	10	right	right	1	14	16.018	874
4	17	4	40	10	right	right	1	16	15.826	1011
4	18	4	40	10	right	right	1	17	15.179	1120
4	19	4	40	10	left	right	0	17	15.639	1087
4	20	4	40	10	left	left	1	12	15.894	755
4	21	4	40	10	right	left	0	16	15.61	1025
4	22	4	40	10	left	right	0	10	15.748	635
4	23	4	40	10	right	right	1	10	15.773	634
4	24	4	40	10	left	left	1	14	15.402	909
4	25	4	40	10	left	left	1	23	15.551	1479
4	26	4	40	10	left	left	1	22	15.805	1392
4	27	4	40	10	left	left	1	22	15.214	1446
4	28	4	40	10	left	left	1	15	15.4	974
4	29	4	40	10	right	left	0	22	15.428	1426
4	30	4	40	10	left	right	0	22	15.048	1462
4	31	4	40	10	left	left	1	17	15.933	1067
4	32	4	40	10	right	right	1	15	15.353	977
4	33	4	40	10	right	right	1	16	15.195	1053
4	34	4	40	10	right	right	1	14	15.73	890
4	35	4	40	10	left	left	1	15	15.182	988
4	36	4	40	10	left	left	1	19	15.728	1208
4	37	4	40	10	right	right	1	15	15.991	938
5	1	4	40	10	right	right	1	13	15.366	846
5	2	4	40	10	left	left	1	12	15.504	774
5	3	4	40	10	left	left	1	14	15.402	909
5	4	4	40	10	right	right	1	16	16.016	999
5	5	4	40	10	right	right	1	14	16	875
5	6	4	40	10	left	left	1	14	15.419	908
5	7	4	40	10	right	right	1	14	15.801	886
5	8	4	40	10	right	right	1	14	14.957	936
5	9	4	40	10	right	left	0	15	15.198	987
5	10	4	40	10	left	left	1	13	15.403	844
5	11	4	40	10	left	left	1	15	15.957	940
5	12	4	40	10	right	left	0	22	15.46	1423
5	13	4	40	10	left	right	0	18	15.075	1194
5	14	4	40	10	left	left	1	18	15.101	1192
5	15	4	40	10	right	right	1	16	15.137	1057
5	16	4	40	10	right	left	0	15	15.385	975
5	17	4	40	10	right	right	1	17	15.858	1072
5	18	4	40	10	right	right	1	18	15.873	1134
5	19	4	40	10	right	right	1	15	15.806	949
5	20	4	40	10	right	right	1	15	15.353	977
5	21	4	40	10	right	right	1	16	15.326	1044
5	22	4	40	10	left	right	0	16	15.474	1034
5	23	4	40	10	right	left	0	18	15.901	1132
5	24	4	40	10	right	right	1	18	15.203	1184
5	25	4	40	10	right	right	1	16	15.733	1017
5	26	4	40	10	left	left	1	20	15.649	1278
5	27	4	40	10	left	left	1	19	15.599	1218
5	28	4	40	10	left	left	1	18	15.901	1132
5	29	4	40	10	right	right	1	15	15.839	947
5	30	4	40	10	right	right	1	25	15.337	1630
5	31	4	40	10	left	right	0	15	15.974	939
5	32	4	40	10	left	left	1	15	15.991	938
5	33	4	40	10	right	right	1	11	15.515	709
5	34	4	40	10	right	right	1	14	15.873	882
5	35	4	40	10	right	right	1	12	15.564	771
5	36	4	40	10	right	left	0	12	15.769	761
5	37	4	40	10	left	right	0	10	15.528	644
5	38	4	40	10	left	right	0	18	15.901	1132
5	39	4	40	10	right	right	1	12	15.152	792
6	1	4	40	10	left	left	1	13	15.719	827
6	2	4	40	10	right	right	1	11	16.105	683
6	3	4	40	10	right	right	1	9	14.827	607
6	4	4	40	10	left	right	0	10	15.974	626
6	5	4	40	10	left	left	1	9	15.817	569
6	6	4	40	10	right	right	1	8	15.296	523
6	7	4	40	10	right	left	0	20	15.302	1307
6	8	4	40	10	left	left	1	10	16.34	612
6	9	4	40	10	left	right	0	18	15.228	1182
6	10	4	40	10	right	right	1	11	16.082	684
6	11	4	40	10	right	right	1	14	15.47	905
6	12	4	40	10	left	left	1	11	15.214	723
6	13	4	40	10	right	right	1	10	15.823	632
6	14	4	40	10	left	right	0	10	15.748	635
6	15	4	40	10	right	right	1	13	15.439	842
6	16	4	40	10	right	right	1	12	15.094	795
6	17	4	40	10	right	right	1	14	15.873	882
6	18	4	40	10	left	right	0	13	16.03	811
6	19	4	40	10	right	right	1	22	15.193	1448
6	20	4	40	10	left	right	0	18	15.748	1143
6	21	4	40	10	left	left	1	10	15.152	660
6	22	4	40	10	right	right	1	17	15.413	1103
6	23	4	40	10	left	left	1	20	15.175	1318
6	24	4	40	10	left	left	1	12	16.238	739
6	25	4	40	10	right	right	1	23	15.541	1480
6	26	4	40	10	right	right	1	15	15.74	953
6	27	4	40	10	left	left	1	27	15.437	1749
6	28	4	40	10	left	right	0	16	15.564	1028
6	29	4	40	10	right	right	1	14	16.241	862
6	30	4	40	10	left	left	1	13	15.205	855
6	31	4	40	10	right	right	1	14	14.957	936
6	32	4	40	10	left	left	1	15	15.464	970
6	33	4	40	10	left	left	1	14	15.119	926
6	34	4	40	10	right	right	1	13	16.089	808
6	35	4	40	10	right	right	1	14	15.909	880
6	36	4	40	10	right	left	0	19	15.212	1249
6	37	4	40	10	left	left	1	13	15.169	857
6	38	4	40	10	right	left	0	25	15.225	1642
6	39	4	40	10	right	right	1	16	15.579	1027
6	40	4	40	10	left	left	1	18	15.306	1176
6	41	4	40	10	left	left	1	18	15.293	1177
7	1	4	40	10	right	right	1	14	16.26	861
7	2	4	40	10	right	right	1	11	15.85	694
7	3	4	40	10	right	right	1	12	15.584	770
7	4	4	40	10	left	left	1	10	15.798	633
7	5	4	40	10	right	right	1	18	15.267	1179
7	6	4	40	10	right	right	1	23	15.668	1468
7	7	4	40	10	right	right	1	20	15.468	1293
7	8	4	40	10	left	left	1	16	15.253	1049
7	9	4	40	10	right	right	1	14	15.385	910
7	10	4	40	10	left	left	1	16	15.267	1048
7	11	4	40	10	right	right	1	15	15.03	998
7	12	4	40	10	left	left	1	15	15.856	946
7	13	4	40	10	right	right	1	16	15.311	1045
7	14	4	40	10	left	right	0	19	15.188	1251
7	15	4	40	10	left	left	1	11	16.129	682
7	16	4	40	10	left	left	1	18	15.986	1126
7	17	4	40	10	right	right	1	16	15.18	1054
7	18	4	40	10	left	left	1	16	15.326	1044
7	19	4	40	10	left	right	0	27	15.402	1753
7	20	4	40	10	right	right	1	13	15.366	846
7	21	4	40	10	right	right	1	14	15.521	902
7	22	4	40	10	right	left	0	14	15.217	920
7	23	4	40	10	left	right	0	14	15.642	895
7	24	4	40	10	right	right	1	17	15.888	1070
7	25	4	40	10	left	right	0	18	15.571	1156
7	26	4	40	10	right	left	0	19	15.41	1233
7	27	4	40	10	left	right	0	14	15.234	919
7	28	4	40	10	right	left	0	13	15.205	855
7	29	4	40	10	left	left	1	14	15.837	884
7	30	4	40	10	left	left	1	19	15.561	1221
7	31	4	40	10	left	left	1	16	15.166	1055
7	32	4	40	10	left	right	0	18	15.887	1133
7	33	4	40	10	right	right	1	17	15.611	1089
7	34	4	40	10	left	left	1	12	15.625	768
7	35	4	40	10	left	right	0	18	15.319	1175
7	36	4	40	10	right	left	0	11	15.193	724
7	37	4	40	10	right	right	1	15	15.658	958
7	38	4	40	10	right	right	1	13	15.294	850
7	39	4	40	10	right	right	1	16	15.355	1042
8	1	4	40	10	right	right	1	17	15.712	1082
8	2	4	40	10	right	right	1	18	15.611	1153
8	3	4	40	10	right	right	1	14	15.201	921
8	4	4	40	10	right	left	0	19	15.587	1219
8	5	4	40	10	left	left	1	18	15.491	1162
8	6	4	40	10	left	right	0	18	15.915	1131
8	7	4	40	10	right	right	1	22	15.46	1423
8	8	4	40	10	left	left	1	12	16	750
8	9	4	40	10	left	left	1	18	15.063	1195
8	10	4	40	10	left	left	1	20	15.083	1326
8	11	4	40	10	right	right	1	20	15.42	1297
8	12	4	40	10	right	right	1	15	15.416	973
8	13	4	40	10	left	left	1	16	15.857	1009
8	14	4	40	10	right	right	1	17	15.554	1093
8	15	4	40	10	left	left	1	15	15.823	948
8	16	4	40	10	right	right	1	17	15.625	1088
8	17	4	40	10	left	left	1	16	15.18	1054
8	18	4	40	10	left	right	0	23	15.333	1500
8	19	4	40	10	left	left	1	13	15.588	834
8	20	4	40	10	left	right	0	13	15.012	866
8	21	4	40	10	left	left	1	11	15.647	703
8	22	4	40	10	right	left	0	13	15.116	860
8	23	4	40	10	right	left	0	23	15.604	1474
8	24	4	40	10	right	right	1	11	15.299	719
8	25	4	40	10	left	left	1	16	15.209	1052
8	26	4	40	10	right	right	1	17	15.712	1082
8	27	4	40	10	left	left	1	27	15.341	1760
8	28	4	40	10	left	left	1	24	15.464	1552
8	29	4	40	10	right	left	0	19	15.794	1203
8	30	4	40	10	left	right	0	10	15.408	649
8	31	4	40	10	left	left	1	22	15.352	1433
8	32	4	40	10	left	left	1	15	15.756	952
8	33	4	40	10	right	right	1	16	15.209	1052
8	34	4	40	10	right	right	1	28	15.402	1818
8	35	4	40	10	left	right	0	21	15.239	1378
8	36	4	40	10	right	left	0	26	15.578	1669
9	1	4	40	10	left	left	1	19	15.807	1202
9	2	4	40	10	left	left	1	16	15.826	1011
9	3	4	40	10	left	left	1	18	15.101	1192
9	4	4	40	10	right	left	0	21	15.613	1345
9	5	4	40	10	left	left	1	13	16.189	803
9	6	4	40	10	left	left	1	19	15.498	1226
9	7	4	40	10	right	right	1	18	16	1125
9	8	4	40	10	left	left	1	15	15.957	940
9	9	4	40	10	left	right	0	16	15.399	1039
9	10	4	40	10	left	left	1	15	15.353	977
9	11	4	40	10	right	right	1	18	15.557	1157
9	12	4	40	10	right	left	0	22	15.395	1429
9	13	4	40	10	right	right	1	26	15.258	1704
9	14	4	40	10	right	right	1	24	15.306	1568
9	15	4	40	10	left	left	1	13	15.912	817
9	16	4	40	10	left	left	1	22	15.352	1433
9	17	4	40	10	left	left	1	18	15.831	1137
9	18	4	40	10	right	right	1	20	15.42	1297
9	19	4	40	10	left	right	0	25	15.124	1653
9	20	4	40	10	left	left	1	25	15.253	1639
9	21	4	40	10	right	right	1	23	15.668	1468
9	22	4	40	10	right	right	1	20	15.198	1316
9	23	4	40	10	right	left	0	29	15.36	1888
9	24	4	40	10	right	right	1	22	15.714	1400
9	25	4	40	10	right	right	1	11	15.131	727
9	26	4	40	10	right	right	1	13	16.149	805
9	27	4	40	10	left	left	1	45	15.306	2940
9	28	4	40	10	right	right	1	19	15.397	1234
9	29	4	40	10	left	left	1	16	15.81	1012
9	30	4	40	10	right	right	1	12	15.132	793
9	31	4	40	10	left	left	1	14	15.909	880
9	32	4	40	10	right	right	1	15	15.723	954
9	33	4	40	10	right	left	0	15	15.291	981
9	34	4	40	10	right	right	1	12	15.19	790
9	35	4	40	10	right	right	1	14	16.279	860
10	1	4	40	10	right	right	1	15	15.625	960
10	2	4	40	10	right	right	1	14	15.436	907
10	3	4	40	10	right	right	1	12	15.524	773
10	4	4	40	10	left	left	1	9	15.332	587
10	5	4	40	10	left	right	0	12	16.021	749
10	6	4	40	10	left	left	1	10	16.026	624
10	7	4	40	10	left	left	1	12	15.915	754
10	8	4	40	10	left	left	1	13	14.891	873
10	9	4	40	10	right	right	1	12	16.26	738
10	10	4	40	10	right	right	1	11	15.827	695
10	11	4	40	10	left	left	1	11	15.193	724
10	12	4	40	10	left	left	1	13	15.758	825
10	13	4	40	10	left	left	1	16	15.253	1049
10	14	4	40	10	right	right	1	12	15.326	783
10	15	4	40	10	left	left	1	12	15.524	773
10	16	4	40	10	right	right	1	12	15.707	764
10	17	4	40	10	left	left	1	10	15.385	650
10	18	4	40	10	left	left	1	22	15.299	1438
10	19	4	40	10	left	right	0	23	15.405	1493
10	20	4	40	10	right	left	0	13	16.189	803
10	21	4	40	10	left	left	1	18	15.319	1175
10	22	4	40	10	right	right	1	13	15.931	816
10	23	4	40	10	right	right	1	40	15.391	2599
10	24	4	40	10	left	left	1	18	15.345	1173
10	25	4	40	10	right	right	1	11	15.172	725
10	26	4	40	10	left	left	1	32	15.429	2074
10	27	4	40	10	right	right	1	16	15.842	1010
10	28	4	40	10	right	right	1	38	15.329	2479
10	29	4	40	10	left	right	0	40	15.332	2609
10	30	4	40	10	right	right	1	18	16.014	1124
10	31	4	40	10	right	right	1	36	15.287	2355
10	32	4	40	10	left	right	0	22	15.771	1395
10	33	4	40	10	right	left	0	17	16.008	1062
10	34	4	40	10	left	right	0	15	15.48	969
10	35	4	40	10	left	left	1	25	15.385	1625
10	36	4	40	10	left	left	1	34	15.413	2206
11	1	4	40	10	left	left	1	23	15.678	1467
11	2	4	40	10	right	right	1	14	15.982	876
11	3	4	40	10	left	left	1	13	15.385	845
11	4	4	40	10	right	right	1	14	15.677	893
11	5	4	40	10	left	left	1	15	15.385	975
11	6	4	40	10	left	left	1	20	15.314	1306
11	7	4	40	10	right	right	1	13	14.925	871
11	8	4	40	10	right	right	1	19	15.41	1233
11	9	4	40	10	right	right	1	15	15.576	963
11	10	4	40	10	left	left	1	12	16	750
11	11	4	40	10	left	left	1	11	15.363	716
11	12	4	40	10	left	left	1	32	15.202	2105
11	13	4	40	10	right	left	0	16	15.717	1018
11	14	4	40	10	right	right	1	14	16.129	868
11	15	4	40	10	left	left	1	13	16.01	812
11	16	4	40	10	right	right	1	12	16.216	740
11	17	4	40	10	left	left	1	15	15.091	994
11	18	4	40	10	right	right	1	12	15.666	766
11	19	4	40	10	right	right	1	11	16.272	676
11	20	4	40	10	right	right	1	31	15.377	2016
11	21	4	40	10	left	left	1	17	15.992	1063
11	22	4	40	10	left	right	0	19	15.079	1260
11	23	4	40	10	left	left	1	11	16.248	677
11	24	4	40	10	right	right	1	10	16.207	617
11	25	4	40	10	left	left	1	13	15.421	843
11	26	4	40	10	left	right	0	13	16.03	811
11	27	4	40	10	left	left	1	20	15.152	1320
11	28	4	40	10	left	left	1	30	15.213	1972
11	29	4	40	10	right	right	1	23	15.212	1512
11	30	4	40	10	right	right	1	15	15.464	970
11	31	4	40	10	right	right	1	16	15.18	1054
11	32	4	40	10	right	right	1	15	15.974	939
11	33	4	40	10	left	left	1	12	15.19	790
11	34	4	40	10	left	left	1	28	15.309	1829
11	35	4	40	10	right	right	1	21	15.184	1383
11	36	4	40	10	left	left	1	32	15.526	2061
11	37	4	40	10	right	right	1	17	15.799	1076
11	38	4	40	10	left	left	1	19	15.091	1259
11	39	4	40	10	right	right	1	15	15.924	942
12	1	4	40	10	right	right	1	20	15.468	1293
12	2	4	40	10	right	left	0	10	15.038	665
12	3	4	40	10	left	right	0	8	15.123	529
12	4	4	40	10	right	right	1	10	15.848	631
12	5	4	40	10	left	left	1	9	15.177	593
12	6	4	40	10	right	right	1	11	16.296	675
12	7	4	40	10	right	right	1	9	14.827	607
12	8	4	40	10	right	right	1	9	15.152	594
12	9	4	40	10	left	left	1	10	15.337	652
12	10	4	40	10	right	right	1	10	16.26	615
12	11	4	40	10	left	left	1	10	15.773	634
12	12	4	40	10	right	right	1	8	15.717	509
12	13	4	40	10	left	left	1	9	15.762	571
12	14	4	40	10	left	right	0	9	14.876	605
12	15	4	40	10	right	right	1	14	15.284	916
12	16	4	40	10	right	left	0	14	15.521	902
12	17	4	40	10	left	left	1	10	15.528	644
12	18	4	40	10	left	left	1	20	15.244	1312
12	19	4	40	10	left	left	1	18	15.679	1148
12	20	4	40	10	left	left	1	13	16.01	812
12	21	4	40	10	right	right	1	20	15.674	1276
12	22	4	40	10	left	left	1	16	16	1000
12	23	4	40	10	left	left	1	11	15.363	716
12	24	4	40	10	right	right	1	11	15.965	689
12	25	4	40	10	left	right	0	18	15.126	1190
12	26	4	40	10	left	left	1	10	16.129	620
12	27	4	40	10	right	right	1	15	15.03	998
12	28	4	40	10	left	left	1	9	15.152	594
12	29	4	40	10	right	right	1	11	15.515	709
12	30	4	40	10	left	left	1	10	16	625
12	31	4	40	10	right	right	1	13	16.169	804
12	32	4	40	10	left	left	1	13	15.276	851
12	33	4	40	10	right	right	1	11	15.235	722
12	34	4	40	10	left	left	1	10	15.267	655
12	35	4	40	10	right	left	0	14	15.713	891
12	36	4	40	10	left	left	1	18	15.721	1145
12	37	4	40	10	right	right	1	11	16.345	673
12	38	4	40	10	right	right	1	12	16.371	733
12	39	4	40	10	left	left	1	11	15.737	699
12	40	4	40	10	left	left	1	12	15.464	776
12	41	4	40	10	right	right	1	11	16.2	679
12	42	4	40	10	right	right	1	18	15.164	1187
12	43	4	40	10	left	left	1	15	15.957	940
12	44	4	40	10	left	left	1	17	15.413	1103
12	45	4	40	10	left	left	1	15	15.275	982
12	46	4	40	10	left	left	1	16	15.474	1034
12	47	4	40	10	right	right	1	10	16.051	623
13	1	4	40	10	left	right	0	16	15.671	1021
13	2	4	40	10	left	left	1	9	15.652	575
13	3	4	40	10	left	left	1	12	15.625	768
13	4	4	40	10	left	left	1	11	15.647	703
13	5	4	40	10	right	right	1	9	16.917	532
13	6	4	40	10	left	left	1	9	14.925	603
13	7	4	40	10	right	right	1	9	15.707	573
13	8	4	40	10	right	right	1	16	15.399	1039
13	9	4	40	10	left	right	0	12	16.216	740
13	10	4	40	10	right	right	1	22	15.737	1398
13	11	4	40	10	left	left	1	15	15.544	965
13	12	4	40	10	left	left	1	25	15.547	1608
13	13	4	40	10	left	left	1	20	15.291	1308
13	14	4	40	10	right	right	1	11	15.603	705
13	15	4	40	10	left	left	1	10	15.291	654
13	16	4	40	10	right	right	1	10	16.42	609
13	17	4	40	10	left	left	1	10	16.129	620
13	18	4	40	10	left	left	1	14	14.989	934
13	19	4	40	10	right	right	1	11	16.345	673
13	20	4	40	10	right	right	1	10	15.699	637
13	21	4	40	10	right	right	1	10	15.823	632
13	22	4	40	10	right	right	1	13	16.03	811
13	23	4	40	10	left	left	1	13	16.189	803
13	24	4	40	10	right	right	1	12	15.584	770
13	25	4	40	10	left	left	1	12	15.464	776
13	26	4	40	10	right	right	1	11	15.471	711
13	27	4	40	10	right	right	1	11	15.559	707
13	28	4	40	10	right	right	1	10	15.625	640
13	29	4	40	10	right	right	1	14	16.298	859
13	30	4	40	10	right	right	1	12	15.228	788
13	31	4	40	10	right	right	1	11	15.385	715
13	32	4	40	10	right	right	1	11	15.449	712
13	33	4	40	10	right	right	1	11	15.515	709
13	34	4	40	10	left	right	0	13	15.738	826
13	35	4	40	10	left	left	1	10	15.456	647
13	36	4	40	10	left	right	0	13	15.588	834
13	37	4	40	10	left	left	1	10	15.873	630
13	38	4	40	10	right	right	1	13	15.169	857
13	39	4	40	10	left	right	0	13	15.758	825
13	40	4	40	10	left	left	1	10	14.903	671
13	41	4	40	10	left	left	1	13	15.588	834
13	42	4	40	10	right	left	0	11	15.068	730
13	43	4	40	10	right	right	1	11	15.692	701
13	44	4	40	10	right	right	1	9	14.95	602
13	45	4	40	10	left	left	1	10	15.528	644
13	46	4	40	10	left	right	0	12	15.171	791
13	47	4	40	10	right	right	1	12	15.424	778
13	48	4	40	10	left	left	1	13	16.23	801
14	1	4	40	10	left	left	1	13	15.187	856
14	2	4	40	10	left	right	0	12	15.287	785
14	3	4	40	10	left	left	1	15	15.06	996
14	4	4	40	10	left	left	1	13	15.606	833
14	5	4	40	10	left	left	1	10	15.408	649
14	6	4	40	10	right	right	1	14	15.695	892
14	7	4	40	10	left	left	1	19	15.249	1246
14	8	4	40	10	right	right	1	16	15.385	1040
14	9	4	40	10	left	left	1	26	15.276	1702
14	10	4	40	10	left	left	1	15	15.69	956
14	11	4	40	10	right	right	1	11	15.32	718
14	12	4	40	10	left	left	1	17	15.247	1115
14	13	4	40	10	right	right	1	12	15.094	795
14	14	4	40	10	left	left	1	13	16.209	802
14	15	4	40	10	right	right	1	13	16.23	801
14	16	4	40	10	left	left	1	13	16.089	808
14	17	4	40	10	right	right	1	11	15.11	728
14	18	4	40	10	right	left	0	13	16.149	805
14	19	4	40	10	left	right	0	8	15.842	505
14	20	4	40	10	right	right	1	15	15.658	958
14	21	4	40	10	left	left	1	13	15.758	825
14	22	4	40	10	left	left	1	15	15.74	953
14	23	4	40	10	left	left	1	15	15.432	972
14	24	4	40	10	left	right	0	14	15.909	880
14	25	4	40	10	left	left	1	11	15.85	694
14	26	4	40	10	right	right	1	12	16.086	746
14	27	4	40	10	left	left	1	13	16.25	800
14	28	4	40	10	right	right	1	12	16.151	743
14	29	4	40	10	left	left	1	16	15.195	1053
14	30	4	40	10	left	left	1	15	15.576	963
14	31	4	40	10	left	left	1	14	15.801	886
14	32	4	40	10	right	right	1	11	15.988	688
14	33	4	40	10	right	right	1	10	15.152	660
14	34	4	40	10	left	left	1	14	15.487	904
14	35	4	40	10	right	right	1	13	15.294	850
14	36	4	40	10	left	left	1	11	15.965	689
14	37	4	40	10	right	right	1	11	15.32	718
14	38	4	40	10	left	left	1	11	15.027	732
14	39	4	40	10	right	right	1	10	15.038	665
14	40	4	40	10	left	left	1	11	15.342	717
14	41	4	40	10	right	right	1	10	15.038	665
14	42	4	40	10	left	left	1	12	16.194	741
14	43	4	40	10	left	left	1	19	15.498	1226
14	44	4	40	10	left	left	1	17	15.455	1100
14	45	4	40	10	right	right	1	11	15.737	699
14	46	4	40	10	right	right	1	13	16.25	800
15	1	4	40	10	left	right	0	21	15.521	1353
15	2	4	40	10	left	left	1	16	15.459	1035
15	3	4	40	10	left	left	1	17	15.497	1097
15	4	4	40	10	right	right	1	11	15.988	688
15	5	4	40	10	left	left	1	13	15.7	828
15	6	4	40	10	right	right	1	11	15.714	700
15	7	4	40	10	right	right	1	11	16.153	681
15	8	4	40	10	right	right	1	12	16.021	749
15	9	4	40	10	left	left	1	9	15.332	587
15	10	4	40	10	left	left	1	11	15.896	692
15	11	4	40	10	left	left	1	22	15.703	1401
15	12	4	40	10	left	left	1	13	15.625	832
15	13	4	40	10	right	right	1	14	15.909	880
15	14	4	40	10	right	right	1	23	15.614	1473
15	15	4	40	10	left	left	1	11	15.603	705
15	16	4	40	10	left	left	1	24	15.094	1590
15	17	4	40	10	left	left	1	20	15.232	1313
15	18	4	40	10	left	left	1	18	15.038	1197
15	19	4	40	10	right	right	1	12	15.645	767
15	20	4	40	10	left	left	1	23	15.488	1485
15	21	4	40	10	right	right	1	11	15.493	710
15	22	4	40	10	left	left	1	19	15.69	1211
15	23	4	40	10	left	left	1	21	15.475	1357
15	24	4	40	10	right	right	1	15	15.337	978
15	25	4	40	10	right	right	1	17	15.206	1118
15	26	4	40	10	right	right	1	18	15.451	1165
15	27	4	40	10	right	left	0	17	16.023	1061
15	28	4	40	10	left	right	0	13	14.908	872
15	29	4	40	10	left	left	1	15	15.789	950
15	30	4	40	10	left	left	1	18	15.707	1146
15	31	4	40	10	right	right	1	11	15.428	713
15	32	4	40	10	left	right	0	16	15.534	1030
15	33	4	40	10	left	left	1	11	16.176	680
15	34	4	40	10	left	left	1	16	15.094	1060
15	35	4	40	10	left	left	1	19	15.397	1234
15	36	4	40	10	left	left	1	16	15.195	1053
15	37	4	40	10	right	right	1	10	16.181	618
15	38	4	40	10	left	left	1	13	16.149	805
15	39	4	40	10	left	left	1	11	15.363	716
15	40	4	40	10	left	left	1	12	16.282	737
15	41	4	40	10	right	right	1	11	15.647	703
15	42	4	40	10	right	right	1	13	15.258	852
16	1	4	40	10	left	left	1	13	15.606	833
16	2	4	40	10	right	right	1	13	16.069	809
16	3	4	40	10	left	left	1	15	15.625	960
16	4	4	40	10	left	left	1	17	15.697	1083
16	5	4	40	10	right	right	1	11	16.129	682
16	6	4	40	10	left	left	1	11	15.32	718
16	7	4	40	10	right	right	1	9	14.925	603
16	8	4	40	10	right	right	1	10	15.129	661
16	9	4	40	10	left	left	1	10	15.601	641
16	10	4	40	10	left	left	1	11	15.193	724
16	11	4	40	10	right	right	1	10	15.408	649
16	12	4	40	10	left	left	1	10	15.314	653
16	13	4	40	10	right	right	1	9	15.411	584
16	14	4	40	10	right	right	1	10	15.385	650
16	15	4	40	10	right	right	1	10	15.898	629
16	16	4	40	10	left	left	1	11	15.625	704
16	17	4	40	10	right	right	1	19	15.067	1261
16	18	4	40	10	left	left	1	15	15.369	976
16	19	4	40	10	left	left	1	17	15.582	1091
16	20	4	40	10	right	right	1	12	15.915	754
16	21	4	40	10	right	left	0	13	15.187	856
16	22	4	40	10	right	right	1	11	15.67	702
16	23	4	40	10	left	left	1	14	15.713	891
16	24	4	40	10	right	left	0	16	15.109	1059
16	25	4	40	10	right	right	1	14	16.092	870
16	26	4	40	10	left	right	0	13	15.796	823
16	27	4	40	10	right	right	1	31	15.594	1988
16	28	4	40	10	right	left	0	21	15.419	1362
16	29	4	40	10	left	left	1	23	15.499	1484
16	30	4	40	10	left	left	1	28	15.512	1805
16	31	4	40	10	left	left	1	18	15.652	1150
16	32	4	40	10	left	left	1	16	15.18	1054
16	33	4	40	10	left	left	1	24	15.345	1564
16	34	4	40	10	left	right	0	24	15.094	1590
16	35	4	40	10	right	right	1	21	15.184	1383
16	36	4	40	10	left	left	1	16	15.671	1021
16	37	4	40	10	right	right	1	17	15.152	1122
16	38	4	40	10	right	right	1	19	15.715	1209
16	39	4	40	10	left	left	1	18	15.063	1195
16	40	4	40	10	left	left	1	14	15.556	900
16	41	4	40	10	left	left	1	17	16.008	1062
17	1	4	40	10	left	left	1	14	15.982	876
17	2	4	40	10	right	left	0	12	15.686	765
17	3	4	40	10	right	right	1	12	15.287	785
17	4	4	40	10	left	right	0	12	16.151	743
17	5	4	40	10	right	right	1	11	15.068	730
17	6	4	40	10	right	right	1	12	15.464	776
17	7	4	40	10	left	right	0	12	16	750
17	8	4	40	10	left	left	1	12	15.936	753
17	9	4	40	10	right	right	1	10	16.26	615
17	10	4	40	10	left	left	1	13	15.892	818
17	11	4	40	10	left	left	1	18	15.611	1153
17	12	4	40	10	right	right	1	10	15.385	650
17	13	4	40	10	right	right	1	32	15.526	2061
17	14	4	40	10	right	right	1	19	15.176	1252
17	15	4	40	10	right	right	1	11	16.2	679
17	16	4	40	10	left	right	0	11	16.105	683
17	17	4	40	10	right	right	1	11	15.007	733
17	18	4	40	10	left	left	1	14	15.453	906
17	19	4	40	10	right	right	1	10	14.97	668
17	20	4	40	10	left	right	0	10	16.234	616
17	21	4	40	10	left	left	1	11	15.299	719
17	22	4	40	10	left	right	0	13	16.149	805
17	23	4	40	10	right	right	1	10	15.798	633
17	24	4	40	10	right	right	1	10	16.34	612
17	25	4	40	10	left	left	1	11	16.224	678
17	26	4	40	10	right	right	1	9	14.95	602
17	27	4	40	10	left	left	1	11	15.363	716
17	28	4	40	10	right	right	1	10	16.207	617
17	29	4	40	10	right	right	1	9	15.101	596
17	30	4	40	10	left	left	1	10	16.103	621
17	31	4	40	10	left	left	1	11	16.393	671
17	32	4	40	10	right	left	0	12	16.064	747
17	33	4	40	10	left	left	1	13	16.291	798
17	34	4	40	10	right	right	1	17	16.023	1061
17	35	4	40	10	right	right	1	12	15.564	771
17	36	4	40	10	left	left	1	11	15.235	722
17	37	4	40	10	left	right	0	18	15.531	1159
17	38	4	40	10	right	right	1	16	15.936	1004
17	39	4	40	10	left	left	1	13	15.312	849
17	40	4	40	10	left	right	0	13	15.606	833
17	41	4	40	10	left	left	1	12	15.19	790
17	42	4	40	10	right	right	1	14	15.819	885
17	43	4	40	10	left	left	1	13	16.129	806
17	44	4	40	10	left	left	1	14	15.677	893
17	45	4	40	10	right	right	1	11	15.647	703
17	46	4	40	10	right	right	1	11	15.027	732
18	1	4	40	10	left	left	1	15	15.045	997
18	2	4	40	10	right	right	1	14	15.873	882
18	3	4	40	10	right	left	0	15	15.974	939
18	4	4	40	10	left	left	1	12	15.113	794
18	5	4	40	10	right	right	1	12	15.113	794
18	6	4	40	10	left	left	1	19	15.523	1224
18	7	4	40	10	left	left	1	17	15.152	1122
18	8	4	40	10	left	left	1	17	15.829	1074
18	9	4	40	10	right	right	1	25	15.704	1592
18	10	4	40	10	right	right	1	14	15.837	884
18	11	4	40	10	right	right	1	12	15.365	781
18	12	4	40	10	left	left	1	13	16.169	804
18	13	4	40	10	right	right	1	12	15.094	795
18	14	4	40	10	left	left	1	14	15.317	914
18	15	4	40	10	right	right	1	14	15.021	932
18	16	4	40	10	left	right	0	18	15.013	1199
18	17	4	40	10	left	left	1	12	16.021	749
18	18	4	40	10	left	left	1	12	15.727	763
18	19	4	40	10	right	right	1	11	16.32	674
18	20	4	40	10	right	right	1	19	15.651	1214
18	21	4	40	10	left	right	0	11	15.278	720
18	22	4	40	10	right	left	0	17	15.371	1106
18	23	4	40	10	right	right	1	8	16.461	486
18	24	4	40	10	left	left	1	14	15.402	909
18	25	4	40	10	left	left	1	10	16.26	615
18	26	4	40	10	right	right	1	9	15.385	585
18	27	4	40	10	left	left	1	14	15.301	915
18	28	4	40	10	left	left	1	13	15.385	845
18	29	4	40	10	left	left	1	20	15.175	1318
18	30	4	40	10	left	left	1	15	15.091	994
18	31	4	40	10	right	right	1	14	14.989	934
18	32	4	40	10	right	right	1	15	15.353	977
18	33	4	40	10	left	left	1	14	15.982	876
18	34	4	40	10	left	left	1	14	14.989	934
18	35	4	40	10	right	right	1	17	15.977	1064
18	36	4	40	10	left	left	1	12	16	750
18	37	4	40	10	left	left	1	16	15.326	1044
18	38	4	40	10	right	right	1	12	15.936	753
18	39	4	40	10	left	left	1	22	15.288	1439
18	40	4	40	10	left	left	1	21	15.453	1359
18	41	4	40	10	right	right	1	18	15.05	1196
18	42	4	40	10	left	left	1	20	15.649	1278
18	43	4	40	10	right	right	1	13	15.912	817
19	1	4	40	10	right	right	1	15	15.198	987
19	2	4	40	10	right	right	1	14	15.251	918
19	3	4	40	10	left	right	0	11	15.428	713
19	4	4	40	10	right	right	1	11	16.105	683
19	5	4	40	10	left	left	1	13	15.348	847
19	6	4	40	10	right	right	1	10	16.234	616
19	7	4	40	10	left	right	0	10	15.015	666
19	8	4	40	10	left	left	1	11	16.105	683
19	9	4	40	10	right	right	1	10	15.267	655
19	10	4	40	10	left	left	1	12	16.064	747
19	11	4	40	10	right	right	1	15	15.609	961
19	12	4	40	10	left	left	1	11	15.714	700
19	13	4	40	10	left	left	1	14	15.07	929
19	14	4	40	10	right	right	1	10	14.993	667
19	15	4	40	10	left	left	1	22	15.374	1431
19	16	4	40	10	left	right	0	14	16.222	863
19	17	4	40	10	right	right	1	17	15.329	1109
19	18	4	40	10	left	left	1	12	16.216	740
19	19	4	40	10	right	right	1	12	16.26	738
19	20	4	40	10	left	left	1	14	15.784	887
19	21	4	40	10	right	right	1	10	16.207	617
19	22	4	40	10	right	right	1	10	14.993	667
19	23	4	40	10	left	left	1	15	15.136	991
19	24	4	40	10	right	right	1	15	15.707	955
19	25	4	40	10	left	left	1	10	15.674	638
19	26	4	40	10	right	right	1	16	15.842	1010
19	27	4	40	10	right	right	1	11	15.493	710
19	28	4	40	10	right	left	0	10	15.949	627
19	29	4	40	10	right	right	1	11	15.559	707
19	30	4	40	10	left	left	1	15	15.136	991
19	31	4	40	10	right	right	1	12	15.564	771
19	32	4	40	10	right	right	1	9	15.152	594
19	33	4	40	10	left	left	1	14	15.713	891
19	34	4	40	10	right	right	1	10	15.723	636
19	35	4	40	10	left	left	1	11	15.805	696
19	36	4	40	10	right	right	1	11	15.027	732
19	37	4	40	10	left	left	1	14	16.018	874
19	38	4	40	10	left	left	1	16	15.459	1035
19	39	4	40	10	right	right	1	13	16.25	800
19	40	4	40	10	left	left	1	10	15.083	663
19	41	4	40	10	left	left	1	15	15.448	971
19	42	4	40	10	right	right	1	10	15.456	647
19	43	4	40	10	right	right	1	11	15.235	722
19	44	4	40	10	left	left	1	25	15.253	1639
19	45	4	40	10	right	right	1	15	15.69	956
19	46	4	40	10	right	right	1	18	15.639	1151
19	47	4	40	10	left	left	1	12	15.484	775
20	1	4	40	10	left	left	1	16	15.094	1060
20	2	4	40	10	left	left	1	16	15.842	1010
20	3	4	40	10	right	left	0	23	15.072	1526
20	4	4	40	10	left	left	1	11	15.172	725
20	5	4	40	10	left	left	1	19	15.397	1234
20	6	4	40	10	left	left	1	11	15.172	725
20	7	4	40	10	right	right	1	10	15.015	666
20	8	4	40	10	left	left	1	12	15.852	757
20	9	4	40	10	right	right	1	15	15.464	970
20	10	4	40	10	right	right	1	15	15.275	982
20	11	4	40	10	left	left	1	12	16.26	738
20	12	4	40	10	right	right	1	10	15.432	648
20	13	4	40	10	right	right	1	9	14.925	603
20	14	4	40	10	left	left	1	29	15.255	1901
20	15	4	40	10	left	left	1	16	15.61	1025
20	16	4	40	10	left	right	0	18	15.557	1157
20	17	4	40	10	left	left	1	12	15.584	770
20	18	4	40	10	right	right	1	13	15.777	824
20	19	4	40	10	right	left	0	25	15.547	1608
20	20	4	40	10	left	right	0	15	15.873	945
20	21	4	40	10	right	right	1	20	15.81	1265
20	22	4	40	10	right	right	1	13	15.7	828
20	23	4	40	10	right	right	1	22	15.32	1436
20	24	4	40	10	right	right	1	27	15.237	1772
20	25	4	40	10	right	left	0	17	15.455	1100
20	26	4	40	10	left	left	1	22	15.038	1463
20	27	4	40	10	left	left	1	26	15.56	1671
20	28	4	40	10	right	right	1	17	15.799	1076
20	29	4	40	10	right	right	1	17	15.933	1067
20	30	4	40	10	left	left	1	17	15.843	1073
20	31	4	40	10	left	left	1	23	15.062	1527
20	32	4	40	10	left	left	1	21	15.613	1345
20	33	4	40	10	right	left	0	23	15.062	1527
20	34	4	40	10	right	right	1	11	16.248	677
20	35	4	40	10	right	right	1	10	15.408	649
20	36	4	40	10	left	left	1	20	15.564	1285
20	37	4	40	10	left	left	1	16	15.873	1008
20	38	4	40	10	right	right	1	11	15.342	717
21	1	4	40	10	left	left	1	15	15.337	978
21	2	4	40	10	left	left	1	13	15.099	861
21	3	4	40	10	left	left	1	14	15.66	894
21	4	4	40	10	right	right	1	15	15.756	952
21	5	4	40	10	right	right	1	14	15.168	923
21	6	4	40	10	right	left	0	25	15.423	1621
21	7	4	40	10	right	left	0	13	15.796	823
21	8	4	40	10	right	right	1	15	15.464	970
21	9	4	40	10	right	right	1	12	15.19	790
21	10	4	40	10	left	left	1	15	15.823	948
21	11	4	40	10	right	left	0	18	15.625	1152
21	12	4	40	10	left	left	1	12	15.666	766
21	13	4	40	10	right	right	1	10	15.175	659
21	14	4	40	10	right	right	1	9	15.025	599
21	15	4	40	10	right	right	1	12	15.287	785
21	16	4	40	10	left	left	1	12	16.129	744
21	17	4	40	10	right	left	0	11	15.873	693
21	18	4	40	10	right	right	1	11	15.827	695
21	19	4	40	10	left	right	0	12	15.727	763
21	20	4	40	10	left	left	1	11	15.67	702
21	21	4	40	10	left	right	0	12	16.064	747
21	22	4	40	10	right	right	1	15	15.528	966
21	23	4	40	10	left	left	1	17	15.26	1114
21	24	4	40	10	left	left	1	32	15.087	2121
21	25	4	40	10	right	right	1	14	15.73	890
21	26	4	40	10	right	right	1	14	15.152	924
21	27	4	40	10	left	right	0	16	15.656	1022
21	28	4	40	10	right	right	1	27	15.067	1792
21	29	4	40	10	right	right	1	15	15.106	993
21	30	4	40	10	left	left	1	9	15.075	597
21	31	4	40	10	left	left	1	11	16.012	687
21	32	4	40	10	right	right	1	11	15.048	731
21	33	4	40	10	left	left	1	12	15.605	769
21	34	4	40	10	right	right	1	11	16.012	687
21	35	4	40	10	left	left	1	10	15.175	659
21	36	4	40	10	right	right	1	14	15.504	903
21	37	4	40	10	left	left	1	11	15.428	713
21	38	4	40	10	left	right	0	14	15.251	918
21	39	4	40	10	left	left	1	10	15.723	636
21	40	4	40	10	right	right	1	11	16.393	671
21	41	4	40	10	left	left	1	12	15.894	755
21	42	4	40	10	right	right	1	13	15.912	817
21	43	4	40	10	right	left	0	19	15.115	1257
22	1	4	40	10	left	left	1	19	15.46	1229
22	2	4	40	10	right	right	1	14	15.766	888
22	3	4	40	10	right	right	1	11	15.257	721
22	4	4	40	10	right	right	1	14	15.801	886
22	5	4	40	10	right	right	1	11	15.11	728
22	6	4	40	10	right	right	1	10	14.948	669
22	7	4	40	10	left	left	1	12	15.132	793
22	8	4	40	10	left	left	1	20	15.42	1297
22	9	4	40	10	left	right	0	19	15.273	1244
22	10	4	40	10	right	left	0	23	15.252	1508
22	11	4	40	10	right	right	1	17	15.947	1066
22	12	4	40	10	left	left	1	10	15.625	640
22	13	4	40	10	right	right	1	17	15.469	1099
22	14	4	40	10	left	left	1	12	15.748	762
22	15	4	40	10	right	right	1	12	15.936	753
22	16	4	40	10	left	left	1	11	15.131	727
22	17	4	40	10	left	left	1	19	15.079	1260
22	18	4	40	10	right	right	1	13	15.064	863
22	19	4	40	10	left	left	1	21	15.173	1384
22	20	4	40	10	right	right	1	22	15.748	1397
22	21	4	40	10	left	left	1	13	15.421	843
22	22	4	40	10	left	left	1	13	15.55	836
22	23	4	40	10	right	right	1	17	15.343	1108
22	24	4	40	10	right	right	1	18	15.164	1187
22	25	4	40	10	left	left	1	13	16.332	796
22	26	4	40	10	right	right	1	17	15.799	1076
22	27	4	40	10	left	left	1	19	15.599	1218
22	28	4	40	10	left	left	1	19	15.574	1220
22	29	4	40	10	right	right	1	14	15.251	918
22	30	4	40	10	right	right	1	17	15.179	1120
22	31	4	40	10	right	left	0	16	15.385	1040
22	32	4	40	10	left	left	1	17	15.26	1114
22	33	4	40	10	left	left	1	15	15.74	953
22	34	4	40	10	left	left	1	39	15.446	2525
22	35	4	40	10	left	left	1	30	15.625	1920
22	36	4	40	10	right	right	1	12	16.216	740
22	37	4	40	10	right	right	1	13	15.892	818
22	38	4	40	10	right	right	1	25	15.152	1650
22	39	4	40	10	right	right	1	18	15.873	1134
22	40	4	40	10	left	left	1	19	15.548	1222
23	1	4	40	10	right	right	1	14	15.351	912
23	2	4	40	10	right	right	1	11	16.32	674
23	3	4	40	10	right	right	1	10	16.287	614
23	4	4	40	10	left	left	1	13	15.777	824
23	5	4	40	10	left	left	1	12	15.152	792
23	6	4	40	10	right	right	1	10	15.244	656
23	7	4	40	10	right	right	1	22	15.079	1459
23	8	4	40	10	right	right	1	19	15.587	1219
23	9	4	40	10	left	left	1	14	16.26	861
23	10	4	40	10	left	left	1	25	15.489	1614
23	11	4	40	10	left	right	0	19	15.103	1258
23	12	4	40	10	right	right	1	14	15.59	898
23	13	4	40	10	left	left	1	14	15.713	891
23	14	4	40	10	left	left	1	12	15.852	757
23	15	4	40	10	left	left	1	68	15.25	4459
23	16	4	40	10	left	left	1	23	15.293	1504
23	17	4	40	10	right	right	1	29	15.541	1866
23	18	4	40	10	right	right	1	13	16.332	796
23	19	4	40	10	right	right	1	12	15.894	755
23	20	4	40	10	left	left	1	12	15.605	769
23	21	4	40	10	right	right	1	13	15.625	832
23	22	4	40	10	right	right	1	13	15.625	832
23	23	4	40	10	left	left	1	11	15.625	704
23	24	4	40	10	left	right	0	14	15.284	916
23	25	4	40	10	right	right	1	14	16.148	867
23	26	4	40	10	right	left	0	13	15.55	836
23	27	4	40	10	left	left	1	18	15	1200
23	28	4	40	10	right	right	1	10	15.773	634
23	29	4	40	10	left	left	1	19	15.561	1221
23	30	4	40	10	right	right	1	12	15.81	759
23	31	4	40	10	right	right	1	13	15.99	813
23	32	4	40	10	right	right	1	12	16.194	741
23	33	4	40	10	right	left	0	17	15.712	1082
23	34	4	40	10	right	right	1	8	16.495	485
23	35	4	40	10	left	left	1	11	15.007	733
23	36	4	40	10	right	right	1	13	16.049	810
23	37	4	40	10	left	left	1	11	15.942	690
23	38	4	40	10	left	left	1	15	15.924	942
23	39	4	40	10	left	left	1	18	15.721	1145
23	40	4	40	10	left	left	1	21	15.162	1385
23	41	4	40	10	right	right	1	17	15.192	1119
24	1	4	40	10	left	left	1	15	15.091	994
24	2	4	40	10	left	left	1	9	16.364	550
24	3	4	40	10	left	left	1	9	14.827	607
24	4	4	40	10	left	right	0	18	15.19	1185
24	5	4	40	10	left	left	1	9	15.025	599
24	6	4	40	10	right	right	1	10	15.038	665
24	7	4	40	10	right	right	1	10	15.504	645
24	8	4	40	10	left	left	1	11	16.176	680
24	9	4	40	10	right	right	1	9	15.762	571
24	10	4	40	10	right	right	1	22	15.152	1452
24	11	4	40	10	right	right	1	9	15.101	596
24	12	4	40	10	right	right	1	12	16.173	742
24	13	4	40	10	right	right	1	15	15.69	956
24	14	4	40	10	left	left	1	11	16.393	671
24	15	4	40	10	right	right	1	9	15.126	595
24	16	4	40	10	right	left	0	8	15.717	509
24	17	4	40	10	right	right	1	9	14.95	602
24	18	4	40	10	left	right	0	12	15.385	780
24	19	4	40	10	left	left	1	23	15.142	1519
24	20	4	40	10	right	right	1	14	15.748	889
24	21	4	40	10	left	left	1	10	16.155	619
24	22	4	40	10	left	left	1	19	15.176	1252
24	23	4	40	10	right	right	1	10	16.026	624
24	24	4	40	10	right	right	1	11	16.105	683
24	25	4	40	10	left	left	1	9	15.025	599
24	26	4	40	10	right	right	1	9	15.177	593
24	27	4	40	10	left	left	1	11	15.214	723
24	28	4	40	10	left	left	1	30	15.369	1952
24	29	4	40	10	left	right	0	18	15.139	1189
24	30	4	40	10	right	right	1	13	13.598	956
24	31	4	40	10	left	left	1	11	16.224	678
24	32	4	40	10	left	left	1	14	15.873	882
24	33	4	40	10	left	right	0	12	15.727	763
24	34	4	40	10	left	left	1	9	16.129	558
24	35	4	40	10	left	left	1	9	15.203	592
24	36	4	40	10	left	left	1	10	16.181	618
24	37	4	40	10	right	left	0	9	16.667	540
24	38	4	40	10	right	right	1	10	16.42	609
24	39	4	40	10	right	right	1	15	15.707	955
24	40	4	40	10	left	left	1	10	15.106	662
24	41	4	40	10	right	right	1	10	15.974	626
24	42	4	40	10	right	right	1	17	16.023	1061
24	43	4	40	10	right	right	1	13	16.03	811
24	44	4	40	10	right	right	1	11	15.942	690
24	45	4	40	10	right	right	1	11	15.625	704
24	46	4	40	10	left	left	1	12	15.404	779
24	47	4	40	10	right	right	1	12	15.113	794
24	48	4	40	10	left	left	1	16	15.984	1001
