
blkNum	trlNum	coherentDots	numberofDots	percentCoherence	winningDirection	response	correct	eventCount	averageFrameRate	RT
1	1	4	40	10	right	right	1	85	15.208	5589
1	2	4	40	10	left	left	1	29	15.368	1887
1	3	4	40	10	left	left	1	126	15.126	8330
1	4	4	40	10	left	left	1	120	15.207	7891
1	5	4	40	10	left	left	1	70	15.324	4568
1	6	4	40	10	left	left	1	102	15.181	6719
1	7	4	40	10	left	left	1	42	15.228	2758
1	8	4	40	10	right	right	1	23	15.374	1496
1	9	4	40	10	right	right	1	19	15.82	1201
1	10	4	40	10	right	right	1	16	15.579	1027
1	11	4	40	10	left	left	1	28	15.152	1848
1	12	4	40	10	left	right	0	48	15.104	3178
1	13	4	40	10	left	left	1	26	15.09	1723
1	14	4	40	10	right	right	1	25	15.684	1594
1	15	4	40	10	left	left	1	46	15.344	2998
1	16	4	40	10	left	left	1	40	15.256	2622
1	17	4	40	10	left	left	1	29	15.328	1892
1	18	4	40	10	right	right	1	18	15.639	1151
1	19	4	40	10	right	right	1	29	15.566	1863
1	20	4	40	10	left	left	1	18	15.707	1146
1	21	4	40	10	left	left	1	18	15.707	1146
1	22	4	40	10	left	left	1	20	15.129	1322
1	23	4	40	10	left	right	0	59	15.218	3877
1	24	4	40	10	right	right	1	20	15.823	1264
1	25	4	40	10	right	right	1	22	15.592	1411
1	26	4	40	10	right	right	1	27	15.607	1730
1	27	4	40	10	right	right	1	27	15.332	1761
1	28	4	40	10	right	right	1	30	15.298	1961
1	29	4	40	10	left	left	1	55	15.385	3575
1	30	4	40	10	right	right	1	41	15.316	2677
1	31	4	40	10	left	left	1	41	15.27	2685
1	32	4	40	10	right	right	1	32	15.474	2068
1	33	4	40	10	right	right	1	27	15.661	1724
1	34	4	40	10	right	right	1	29	15.207	1907
1	35	4	40	10	right	right	1	98	15.184	6454
1	36	4	40	10	right	right	1	67	15.207	4406
1	37	4	40	10	right	right	1	35	15.132	2313
1	38	4	40	10	left	left	1	24	15.394	1559
1	39	4	40	10	left	left	1	60	15.298	3922
1	40	4	40	10	right	right	1	81	15.292	5297
2	1	4	40	10	right	right	1	57	15.323	3720
2	2	4	40	10	left	left	1	16	15.355	1042
2	3	4	40	10	left	left	1	53	15.13	3503
2	4	4	40	10	right	right	1	23	15.333	1500
2	5	4	40	10	right	right	1	27	15.367	1757
2	6	4	40	10	right	right	1	22	15.058	1461
2	7	4	40	10	left	left	1	26	15.504	1677
2	8	4	40	10	right	right	1	26	15.458	1682
2	9	4	40	10	left	left	1	18	15.306	1176
2	10	4	40	10	right	right	1	30	15.298	1961
2	11	4	40	10	right	right	1	30	15.205	1973
2	12	4	40	10	left	left	1	24	15.605	1538
2	13	4	40	10	right	right	1	38	15.2	2500
2	14	4	40	10	left	left	1	83	15.127	5487
2	15	4	40	10	left	left	1	31	15.085	2055
2	16	4	40	10	right	right	1	17	15.206	1118
2	17	4	40	10	right	right	1	26	15.285	1701
2	18	4	40	10	left	left	1	19	15.472	1228
2	19	4	40	10	left	left	1	28	15.234	1838
2	20	4	40	10	right	right	1	28	15.556	1800
2	21	4	40	10	right	right	1	21	15.707	1337
2	22	4	40	10	left	left	1	18	15.126	1190
2	23	4	40	10	right	right	1	20	15.163	1319
2	24	4	40	10	left	left	1	22	15.079	1459
2	25	4	40	10	left	left	1	23	15.509	1483
2	26	4	40	10	right	right	1	28	15.184	1844
2	27	4	40	10	right	right	1	18	15.986	1126
2	28	4	40	10	right	right	1	22	15.559	1414
2	29	4	40	10	left	left	1	15	15.045	997
2	30	4	40	10	right	right	1	17	15.274	1113
2	31	4	40	10	right	right	1	16	16	1000
2	32	4	40	10	left	left	1	43	15.335	2804
2	33	4	40	10	left	left	1	33	15.221	2168
2	34	4	40	10	right	right	1	20	15.81	1265
2	35	4	40	10	right	right	1	17	15.343	1108
2	36	4	40	10	left	left	1	15	15.823	948
2	37	4	40	10	left	left	1	23	15.062	1527
2	38	4	40	10	left	left	1	20	15.613	1281
2	39	4	40	10	left	left	1	18	16	1125
2	40	4	40	10	left	left	1	39	15.403	2532
3	1	4	40	10	right	right	1	41	15.448	2654
3	2	4	40	10	left	left	1	15	15.957	940
3	3	4	40	10	left	left	1	19	15.335	1239
3	4	4	40	10	right	right	1	20	15.699	1274
3	5	4	40	10	right	right	1	16	15.549	1029
3	6	4	40	10	right	right	1	19	15.498	1226
3	7	4	40	10	right	right	1	17	15.918	1068
3	8	4	40	10	right	right	1	23	15.604	1474
3	9	4	40	10	left	left	1	16	15.702	1019
3	10	4	40	10	right	right	1	31	15.508	1999
3	11	4	40	10	right	right	1	57	15.298	3726
3	12	4	40	10	right	right	1	33	15.349	2150
3	13	4	40	10	right	right	1	43	15.184	2832
3	14	4	40	10	right	right	1	41	15.191	2699
3	15	4	40	10	right	right	1	36	15.339	2347
3	16	4	40	10	left	left	1	35	15.556	2250
3	17	4	40	10	left	left	1	32	15.224	2102
3	18	4	40	10	left	left	1	25	15.394	1624
3	19	4	40	10	right	right	1	24	15.345	1564
3	20	4	40	10	left	left	1	18	15.228	1182
3	21	4	40	10	right	right	1	18	15.957	1128
3	22	4	40	10	left	left	1	35	15.473	2262
3	23	4	40	10	right	right	1	19	15.677	1212
3	24	4	40	10	left	left	1	23	15.405	1493
3	25	4	40	10	left	left	1	19	15.548	1222
3	26	4	40	10	right	right	1	14	15.351	912
3	27	4	40	10	left	left	1	14	15.184	922
3	28	4	40	10	right	right	1	15	15.167	989
3	29	4	40	10	right	right	1	17	15.741	1080
3	30	4	40	10	left	left	1	17	15.654	1086
3	31	4	40	10	left	left	1	17	15.785	1077
3	32	4	40	10	left	left	1	17	15.469	1099
3	33	4	40	10	right	right	1	19	15.807	1202
3	34	4	40	10	right	right	1	15	15.69	956
3	35	4	40	10	left	left	1	12	15.326	783
3	36	4	40	10	left	left	1	13	15.081	862
3	37	4	40	10	left	right	0	32	15.159	2111
3	38	4	40	10	left	left	1	20	15.773	1268
3	39	4	40	10	left	left	1	21	15.441	1360
3	40	4	40	10	left	left	1	23	15.082	1525
4	1	4	40	10	right	right	1	36	15.254	2360
4	2	4	40	10	right	right	1	25	15.319	1632
4	3	4	40	10	right	right	1	41	15.321	2676
4	4	4	40	10	left	right	0	28	15.193	1843
4	5	4	40	10	left	left	1	30	15.544	1930
4	6	4	40	10	left	left	1	18	15.437	1166
4	7	4	40	10	right	right	1	19	15.755	1206
4	8	4	40	10	right	right	1	18	15.306	1176
4	9	4	40	10	right	right	1	18	15	1200
4	10	4	40	10	left	left	1	17	15.596	1090
4	11	4	40	10	left	left	1	17	15.385	1105
4	12	4	40	10	left	left	1	16	16	1000
4	13	4	40	10	right	right	1	38	15.249	2492
4	14	4	40	10	left	left	1	19	15.435	1231
4	15	4	40	10	left	left	1	29	15.352	1889
4	16	4	40	10	right	right	1	18	15.666	1149
4	17	4	40	10	right	right	1	16	15.671	1021
4	18	4	40	10	left	left	1	14	16.018	874
4	19	4	40	10	left	left	1	14	15.713	891
4	20	4	40	10	left	left	1	11	15.363	716
4	21	4	40	10	right	right	1	12	16.26	738
4	22	4	40	10	right	right	1	13	16.27	799
4	23	4	40	10	right	right	1	13	15.644	831
4	24	4	40	10	left	left	1	19	15.638	1215
4	25	4	40	10	right	right	1	14	15.748	889
4	26	4	40	10	left	left	1	18	15.177	1186
4	27	4	40	10	left	left	1	14	15.713	891
4	28	4	40	10	right	right	1	12	15.524	773
4	29	4	40	10	left	left	1	13	16.01	812
4	30	4	40	10	right	right	1	12	16.238	739
4	31	4	40	10	left	left	1	12	15.605	769
4	32	4	40	10	left	left	1	16	15.764	1015
4	33	4	40	10	right	right	1	15	15.957	940
4	34	4	40	10	right	right	1	15	15.924	942
4	35	4	40	10	right	right	1	14	15.453	906
4	36	4	40	10	right	right	1	15	15.823	948
4	37	4	40	10	left	left	1	15	15.291	981
4	38	4	40	10	right	right	1	12	16.086	746
4	39	4	40	10	left	left	1	11	15.625	704
4	40	4	40	10	left	left	1	17	15.918	1068
5	1	4	40	10	right	right	1	21	15.152	1386
5	2	4	40	10	left	left	1	14	15.909	880
5	3	4	40	10	left	left	1	11	15.965	689
5	4	4	40	10	right	right	1	12	16.173	742
5	5	4	40	10	left	left	1	13	15.7	828
5	6	4	40	10	left	left	1	12	15.248	787
5	7	4	40	10	left	left	1	13	15.892	818
5	8	4	40	10	left	left	1	13	15.892	818
5	9	4	40	10	left	left	1	13	16.069	809
5	10	4	40	10	right	right	1	11	16.153	681
5	11	4	40	10	left	left	1	11	15.342	717
5	12	4	40	10	right	right	1	10	15.576	642
5	13	4	40	10	right	left	0	11	16.248	677
5	14	4	40	10	left	left	1	11	15.647	703
5	15	4	40	10	left	left	1	11	15.737	699
5	16	4	40	10	left	left	1	11	15.278	720
5	17	4	40	10	right	right	1	11	16.058	685
5	18	4	40	10	right	right	1	12	15.915	754
5	19	4	40	10	left	left	1	12	15.789	760
5	20	4	40	10	left	left	1	14	15.521	902
5	21	4	40	10	right	right	1	12	15.625	768
5	22	4	40	10	right	right	1	12	16	750
5	23	4	40	10	right	right	1	11	15.537	708
5	24	4	40	10	left	right	0	9	16.043	561
5	25	4	40	10	left	left	1	17	15.992	1063
5	26	4	40	10	left	right	0	10	16.313	613
5	27	4	40	10	right	right	1	12	15.544	772
5	28	4	40	10	right	right	1	12	16.064	747
5	29	4	40	10	right	right	1	12	15.769	761
5	30	4	40	10	right	right	1	11	16.2	679
5	31	4	40	10	right	right	1	10	16.367	611
5	32	4	40	10	left	left	1	14	15.267	917
5	33	4	40	10	left	left	1	9	14.803	608
5	34	4	40	10	right	right	1	11	15.782	697
5	35	4	40	10	left	left	1	13	15.815	822
5	36	4	40	10	right	right	1	12	15.666	766
5	37	4	40	10	right	right	1	11	15.896	692
5	38	4	40	10	right	right	1	10	16	625
5	39	4	40	10	left	left	1	14	15.837	884
5	40	4	40	10	right	right	1	13	15.385	845
6	1	4	40	10	right	right	1	19	15.485	1227
6	2	4	40	10	left	left	1	18	15.887	1133
6	3	4	40	10	left	left	1	12	15.707	764
6	4	4	40	10	right	right	1	10	15.949	627
6	5	4	40	10	right	right	1	11	16.224	678
6	6	4	40	10	left	left	1	11	15.942	690
6	7	4	40	10	right	right	1	8	15.686	510
6	8	4	40	10	right	left	0	9	16.129	558
6	9	4	40	10	right	right	1	8	16.807	476
6	10	4	40	10	right	right	1	8	15.066	531
6	11	4	40	10	left	left	1	9	15.571	578
6	12	4	40	10	left	left	1	9	15.491	581
6	13	4	40	10	right	right	1	10	15.699	637
6	14	4	40	10	left	left	1	11	15.988	688
6	15	4	40	10	right	right	1	9	16.393	549
6	16	4	40	10	right	right	1	13	15.815	822
6	17	4	40	10	right	right	1	9	16.886	533
6	18	4	40	10	left	left	1	9	15.679	574
6	19	4	40	10	left	left	1	9	15.437	583
6	20	4	40	10	left	left	1	9	16.76	537
6	21	4	40	10	right	right	1	10	15.408	649
6	22	4	40	10	right	right	1	9	16.886	533
6	23	4	40	10	left	right	0	8	15.717	509
6	24	4	40	10	left	left	1	17	15.947	1066
6	25	4	40	10	right	right	1	9	16.304	552
6	26	4	40	10	right	right	1	9	16.071	560
6	27	4	40	10	left	right	0	17	15.947	1066
6	28	4	40	10	left	left	1	11	15.714	700
6	29	4	40	10	left	left	1	23	15.614	1473
6	30	4	40	10	right	right	1	9	15.789	570
6	31	4	40	10	left	left	1	9	15.762	571
6	32	4	40	10	left	left	1	8	16	500
6	33	4	40	10	right	left	0	10	16.129	620
6	34	4	40	10	left	left	1	9	16.453	547
6	35	4	40	10	right	right	1	8	15.504	516
6	36	4	40	10	right	right	1	8	15.748	508
6	37	4	40	10	right	right	1	9	14.901	604
6	38	4	40	10	left	right	0	8	15.936	502
6	39	4	40	10	left	right	0	14	15.184	922
6	40	4	40	10	left	left	1	9	15.358	586
7	1	4	40	10	right	right	1	34	15.511	2192
7	2	4	40	10	right	left	0	14	16.148	867
7	3	4	40	10	left	left	1	9	14.975	601
7	4	4	40	10	left	right	0	8	16.563	483
7	5	4	40	10	left	left	1	16	15.399	1039
7	6	4	40	10	right	right	1	11	15.363	716
7	7	4	40	10	right	right	1	12	16.282	737
7	8	4	40	10	left	left	1	10	15.083	663
7	9	4	40	10	left	left	1	16	15.842	1010
7	10	4	40	10	right	right	1	10	15.649	639
7	11	4	40	10	right	right	1	12	15.915	754
7	12	4	40	10	right	left	0	14	15.625	896
7	13	4	40	10	left	left	1	14	15.642	895
7	14	4	40	10	left	right	0	12	15.287	785
7	15	4	40	10	left	left	1	13	15.55	836
7	16	4	40	10	left	left	1	10	15.723	636
7	17	4	40	10	right	right	1	12	15.171	791
7	18	4	40	10	left	left	1	11	16.035	686
7	19	4	40	10	right	right	1	10	15.576	642
7	20	4	40	10	right	right	1	12	15.504	774
7	21	4	40	10	right	right	1	9	15.517	580
7	22	4	40	10	right	right	1	9	15.254	590
7	23	4	40	10	right	left	0	21	15.262	1376
7	24	4	40	10	right	right	1	14	15.73	890
7	25	4	40	10	left	left	1	12	15.873	756
7	26	4	40	10	right	right	1	14	15.873	882
7	27	4	40	10	left	left	1	17	15.138	1123
7	28	4	40	10	right	right	1	10	15.361	651
7	29	4	40	10	right	right	1	12	16.349	734
7	30	4	40	10	left	left	1	12	16.064	747
7	31	4	40	10	left	left	1	11	15.782	697
7	32	4	40	10	left	left	1	11	15.692	701
7	33	4	40	10	left	left	1	16	15.595	1026
7	34	4	40	10	left	left	1	12	16.151	743
7	35	4	40	10	right	right	1	11	15.873	693
7	36	4	40	10	left	right	0	16	15.137	1057
7	37	4	40	10	right	right	1	11	16.272	676
7	38	4	40	10	left	left	1	9	15.203	592
7	39	4	40	10	left	left	1	9	15.789	570
7	40	4	40	10	right	right	1	8	15.296	523
8	1	4	40	10	left	left	1	13	15.873	819
8	2	4	40	10	left	left	1	13	16.189	803
8	3	4	40	10	right	left	0	8	15.326	522
8	4	4	40	10	right	right	1	8	15.18	527
8	5	4	40	10	right	right	1	10	15.083	663
8	6	4	40	10	left	left	1	9	15.332	587
8	7	4	40	10	left	left	1	12	16.021	749
8	8	4	40	10	left	left	1	12	15.727	763
8	9	4	40	10	right	right	1	9	14.975	601
8	10	4	40	10	left	left	1	12	15.404	779
8	11	4	40	10	right	right	1	10	15.773	634
8	12	4	40	10	right	right	1	15	15.416	973
8	13	4	40	10	right	right	1	9	15	600
8	14	4	40	10	left	right	0	9	16.014	562
8	15	4	40	10	left	left	1	10	15.432	648
8	16	4	40	10	right	left	0	9	16.698	539
8	17	4	40	10	right	right	1	9	15.203	592
8	18	4	40	10	right	right	1	11	16.129	682
8	19	4	40	10	left	left	1	12	15.666	766
8	20	4	40	10	left	left	1	14	15.284	916
8	21	4	40	10	left	left	1	11	16.2	679
8	22	4	40	10	right	right	1	11	15.385	715
8	23	4	40	10	right	right	1	8	15.385	520
8	24	4	40	10	right	right	1	9	15.845	568
8	25	4	40	10	right	right	1	8	16.36	489
8	26	4	40	10	right	right	1	10	16.42	609
8	27	4	40	10	right	right	1	14	15.038	931
8	28	4	40	10	right	right	1	10	14.925	670
8	29	4	40	10	right	right	1	9	15.385	585
8	30	4	40	10	left	left	1	10	15.361	651
8	31	4	40	10	left	left	1	14	15.385	910
8	32	4	40	10	right	right	1	9	16.304	552
8	33	4	40	10	left	left	1	9	16.275	553
8	34	4	40	10	left	left	1	13	16.209	802
8	35	4	40	10	left	left	1	13	15.758	825
8	36	4	40	10	right	right	1	10	16.207	617
8	37	4	40	10	left	left	1	10	16.129	620
8	38	4	40	10	left	left	1	9	15.05	598
8	39	4	40	10	left	left	1	10	16.026	624
8	40	4	40	10	left	left	1	14	15.436	907
9	1	4	40	10	right	right	1	9	15.734	572
9	2	4	40	10	right	left	0	8	15.968	501
9	3	4	40	10	right	right	1	15	15.873	945
9	4	4	40	10	left	left	1	8	15.748	508
9	5	4	40	10	right	right	1	10	15.748	635
9	6	4	40	10	left	left	1	9	15.873	567
9	7	4	40	10	right	right	1	9	15.411	584
9	8	4	40	10	right	right	1	11	15.449	712
9	9	4	40	10	right	right	1	9	15.075	597
9	10	4	40	10	left	left	1	13	16.27	799
9	11	4	40	10	left	right	0	8	15.444	518
9	12	4	40	10	right	left	0	8	15.779	507
9	13	4	40	10	right	right	1	13	15.625	832
9	14	4	40	10	right	right	1	9	16.544	544
9	15	4	40	10	left	left	1	10	15.244	656
9	16	4	40	10	left	left	1	10	16.129	620
9	17	4	40	10	right	left	0	9	16.575	543
9	18	4	40	10	left	left	1	10	15.314	653
9	19	4	40	10	left	left	1	11	15.449	712
9	20	4	40	10	left	left	1	9	15.491	581
9	21	4	40	10	left	left	1	10	15.848	631
9	22	4	40	10	right	right	1	10	15.385	650
9	23	4	40	10	right	right	1	10	15.898	629
9	24	4	40	10	right	right	1	9	15.845	568
9	25	4	40	10	left	right	0	9	16.514	545
9	26	4	40	10	left	right	0	8	15.444	518
9	27	4	40	10	left	left	1	10	15.175	659
9	28	4	40	10	right	right	1	10	15.848	631
9	29	4	40	10	right	right	1	13	15.892	818
9	30	4	40	10	right	right	1	10	15.798	633
9	31	4	40	10	left	left	1	11	15.714	700
9	32	4	40	10	left	left	1	10	15.601	641
9	33	4	40	10	left	right	0	16	15.094	1060
9	34	4	40	10	left	left	1	9	14.827	607
9	35	4	40	10	right	right	1	22	15.703	1401
9	36	4	40	10	right	right	1	17	15.179	1120
9	37	4	40	10	right	right	1	11	16.176	680
9	38	4	40	10	left	left	1	14	15.982	876
9	39	4	40	10	left	left	1	14	15.837	884
9	40	4	40	10	left	left	1	14	15.385	910
10	1	4	40	10	left	right	0	8	15.534	515
10	2	4	40	10	right	right	1	12	15.152	792
10	3	4	40	10	left	left	1	9	15.025	599
10	4	4	40	10	right	right	1	9	16.275	553
10	5	4	40	10	right	right	1	12	16.086	746
10	6	4	40	10	right	right	1	9	15.411	584
10	7	4	40	10	left	left	1	9	16.484	546
10	8	4	40	10	left	left	1	16	15.34	1043
10	9	4	40	10	right	right	1	9	16.304	552
10	10	4	40	10	right	right	1	8	16.632	481
10	11	4	40	10	left	left	1	9	16.071	560
10	12	4	40	10	left	left	1	13	15.152	858
10	13	4	40	10	left	left	1	8	16.598	482
10	14	4	40	10	left	left	1	9	16.245	554
10	15	4	40	10	right	right	1	11	16.105	683
10	16	4	40	10	left	left	1	8	16.162	495
10	17	4	40	10	right	right	1	8	16.461	486
10	18	4	40	10	right	right	1	10	16.103	621
10	19	4	40	10	right	left	0	9	15.845	568
10	20	4	40	10	right	right	1	9	16.605	542
10	21	4	40	10	right	right	1	8	16.162	495
10	22	4	40	10	right	right	1	14	15.66	894
10	23	4	40	10	right	right	1	10	15.823	632
10	24	4	40	10	left	right	0	8	15.81	506
10	25	4	40	10	left	left	1	9	16.1	559
10	26	4	40	10	left	left	1	16	15.267	1048
10	27	4	40	10	right	right	1	10	15.674	638
10	28	4	40	10	right	right	1	10	16.207	617
10	29	4	40	10	right	right	1	9	16.216	555
10	30	4	40	10	left	left	1	11	15.737	699
10	31	4	40	10	right	left	0	10	16.026	624
10	32	4	40	10	right	right	1	8	15.625	512
10	33	4	40	10	left	left	1	10	16.026	624
10	34	4	40	10	left	left	1	14	16.317	858
10	35	4	40	10	right	right	1	10	15.748	635
10	36	4	40	10	left	right	0	9	15.901	566
10	37	4	40	10	left	left	1	9	16.423	548
10	38	4	40	10	left	left	1	10	14.948	669
10	39	4	40	10	left	left	1	10	15.408	649
10	40	4	40	10	left	left	1	10	16.129	620
11	1	4	40	10	right	left	0	489	15.15	32278
11	2	4	40	10	left	left	1	29	15.368	1887
11	3	4	40	10	right	right	1	79	15.186	5202
11	4	4	40	10	right	right	1	11	15.048	731
11	5	4	40	10	right	right	1	15	15.89	944
11	6	4	40	10	left	left	1	10	15.949	627
11	7	4	40	10	right	right	1	11	16.224	678
11	8	4	40	10	left	left	1	9	14.95	602
11	9	4	40	10	right	right	1	8	16.26	492
11	10	4	40	10	right	right	1	9	16.216	555
11	11	4	40	10	left	right	0	9	15.734	572
11	12	4	40	10	right	right	1	12	16.086	746
11	13	4	40	10	left	right	0	8	15.385	520
11	14	4	40	10	left	left	1	14	15.402	909
11	15	4	40	10	right	right	1	13	15.951	815
11	16	4	40	10	left	left	1	12	15.504	774
11	17	4	40	10	right	right	1	11	15.515	709
11	18	4	40	10	right	left	0	13	16.209	802
11	19	4	40	10	right	right	1	14	15.801	886
11	20	4	40	10	right	right	1	9	15.025	599
11	21	4	40	10	left	left	1	16	15.489	1033
11	22	4	40	10	right	right	1	12	15.484	775
11	23	4	40	10	left	left	1	14	15.005	933
11	24	4	40	10	left	left	1	10	15.823	632
11	25	4	40	10	right	right	1	10	15.361	651
11	26	4	40	10	right	right	1	9	15.901	566
11	27	4	40	10	left	left	1	11	15.647	703
11	28	4	40	10	right	left	0	11	15.214	723
11	29	4	40	10	left	left	1	10	15.699	637
11	30	4	40	10	left	left	1	14	16.204	864
11	31	4	40	10	right	right	1	9	16.76	537
11	32	4	40	10	left	left	1	10	16.207	617
11	33	4	40	10	left	right	0	13	15.403	844
11	34	4	40	10	left	left	1	30	15.617	1921
11	35	4	40	10	left	left	1	11	15.515	709
11	36	4	40	10	right	right	1	10	15.015	666
11	37	4	40	10	left	left	1	11	16.224	678
11	38	4	40	10	left	left	1	12	15.584	770
11	39	4	40	10	right	right	1	17	15.511	1096
11	40	4	40	10	left	left	1	11	15.471	711
12	1	4	40	10	left	left	1	17	15.247	1115
12	2	4	40	10	right	right	1	12	16.086	746
12	3	4	40	10	right	right	1	10	16.026	624
12	4	4	40	10	right	right	1	9	16.453	547
12	5	4	40	10	right	right	1	10	15.723	636
12	6	4	40	10	right	right	1	9	15.873	567
12	7	4	40	10	left	left	1	11	15.988	688
12	8	4	40	10	right	right	1	9	16.636	541
12	9	4	40	10	right	right	1	18	15.887	1133
12	10	4	40	10	right	left	0	17	15.329	1109
12	11	4	40	10	left	left	1	8	16.129	496
12	12	4	40	10	right	right	1	8	15.905	503
12	13	4	40	10	right	right	1	10	15.848	631
12	14	4	40	10	left	left	1	11	15.235	722
12	15	4	40	10	left	left	1	15	15.385	975
12	16	4	40	10	right	right	1	8	16.032	499
12	17	4	40	10	left	left	1	9	15.358	586
12	18	4	40	10	left	left	1	18	15.901	1132
12	19	4	40	10	left	left	1	9	15.101	596
12	20	4	40	10	left	left	1	12	15.504	774
12	21	4	40	10	left	left	1	9	14.901	604
12	22	4	40	10	right	right	1	10	15.674	638
12	23	4	40	10	left	right	0	8	15.842	505
12	24	4	40	10	right	right	1	10	15.106	662
12	25	4	40	10	left	left	1	13	15.912	817
12	26	4	40	10	right	right	1	9	14.975	601
12	27	4	40	10	right	left	0	11	15.559	707
12	28	4	40	10	left	left	1	8	15.504	516
12	29	4	40	10	left	left	1	24	15.574	1541
12	30	4	40	10	left	left	1	11	15.647	703
12	31	4	40	10	right	right	1	14	15.021	932
12	32	4	40	10	right	right	1	10	15.699	637
12	33	4	40	10	right	right	1	11	15.782	697
12	34	4	40	10	left	left	1	10	15.898	629
12	35	4	40	10	left	left	1	10	15.432	648
12	36	4	40	10	left	left	1	11	15.942	690
12	37	4	40	10	left	left	1	14	15.234	919
12	38	4	40	10	right	right	1	13	14.874	874
12	39	4	40	10	right	right	1	11	15.942	690
12	40	4	40	10	left	left	1	9	14.827	607
13	1	4	40	10	left	left	1	14	15.07	929
13	2	4	40	10	left	left	1	8	15.779	507
13	3	4	40	10	left	left	1	12	15.727	763
13	4	4	40	10	left	left	1	10	16.181	618
13	5	4	40	10	left	left	1	9	16.187	556
13	6	4	40	10	right	right	1	10	14.948	669
13	7	4	40	10	left	left	1	10	16.42	609
13	8	4	40	10	left	left	1	10	16.155	619
13	9	4	40	10	right	right	1	12	15.831	758
13	10	4	40	10	left	left	1	11	15.537	708
13	11	4	40	10	right	right	1	9	15.625	576
13	12	4	40	10	right	right	1	10	15.576	642
13	13	4	40	10	right	right	1	11	15.692	701
13	14	4	40	10	left	left	1	10	15.773	634
13	15	4	40	10	left	right	0	17	15.329	1109
13	16	4	40	10	left	left	1	9	14.975	601
13	17	4	40	10	right	right	1	14	15.301	915
13	18	4	40	10	right	right	1	10	15.314	653
13	19	4	40	10	right	right	1	9	16.514	545
13	20	4	40	10	right	right	1	10	16.42	609
13	21	4	40	10	right	right	1	8	15.504	516
13	22	4	40	10	left	left	1	10	16.129	620
13	23	4	40	10	right	right	1	11	16.058	685
13	24	4	40	10	right	left	0	9	14.925	603
13	25	4	40	10	left	left	1	16	15.717	1018
13	26	4	40	10	right	right	1	11	16.248	677
13	27	4	40	10	right	right	1	13	15.458	841
13	28	4	40	10	right	right	1	13	16.209	802
13	29	4	40	10	right	right	1	11	15.965	689
13	30	4	40	10	right	right	1	9	14.851	606
13	31	4	40	10	left	left	1	12	15.625	768
13	32	4	40	10	right	right	1	12	16.349	734
13	33	4	40	10	left	left	1	11	15.896	692
13	34	4	40	10	left	left	1	12	15.306	784
13	35	4	40	10	left	left	1	12	15.81	759
13	36	4	40	10	left	left	1	13	15.99	813
13	37	4	40	10	left	right	0	13	15.532	837
13	38	4	40	10	right	right	1	7	15.021	466
13	39	4	40	10	right	right	1	9	14.975	601
13	40	4	40	10	left	left	1	32	15.362	2083
14	1	4	40	10	right	right	1	18	15.531	1159
14	2	4	40	10	left	left	1	10	16.234	616
14	3	4	40	10	right	right	1	14	15.873	882
14	4	4	40	10	right	right	1	10	15.175	659
14	5	4	40	10	left	left	1	10	15.267	655
14	6	4	40	10	left	left	1	10	16.367	611
14	7	4	40	10	left	left	1	15	15.94	941
14	8	4	40	10	right	right	1	10	15.823	632
14	9	4	40	10	left	left	1	9	16.216	555
14	10	4	40	10	right	right	1	9	15.544	579
14	11	4	40	10	right	right	1	9	15.929	565
14	12	4	40	10	right	right	1	9	15.901	566
14	13	4	40	10	left	left	1	11	15.131	727
14	14	4	40	10	left	left	1	22	15.31	1437
14	15	4	40	10	left	left	1	13	16.332	796
14	16	4	40	10	right	right	1	10	15.385	650
14	17	4	40	10	right	right	1	10	16.051	623
14	18	4	40	10	left	left	1	10	15.221	657
14	19	4	40	10	left	left	1	13	15.854	820
14	20	4	40	10	right	right	1	9	15.101	596
14	21	4	40	10	left	left	1	11	16.224	678
14	22	4	40	10	left	left	1	9	15.152	594
14	23	4	40	10	right	right	1	11	15.027	732
14	24	4	40	10	right	right	1	9	14.95	602
14	25	4	40	10	left	left	1	10	15.314	653
14	26	4	40	10	right	left	0	10	15.456	647
14	27	4	40	10	right	right	1	8	15.414	519
14	28	4	40	10	left	left	1	15	15.773	951
14	29	4	40	10	right	left	0	9	16.698	539
14	30	4	40	10	left	right	0	9	14.803	608
14	31	4	40	10	right	right	1	12	15.81	759
14	32	4	40	10	left	left	1	9	15.28	589
14	33	4	40	10	right	left	0	9	15.437	583
14	34	4	40	10	left	right	0	10	16.313	613
14	35	4	40	10	right	right	1	17	15.785	1077
14	36	4	40	10	left	left	1	13	16.189	803
14	37	4	40	10	right	right	1	13	15.294	850
14	38	4	40	10	left	left	1	15	15.075	995
14	39	4	40	10	right	right	1	15	15.641	959
14	40	4	40	10	left	left	1	12	15.113	794
15	1	4	40	10	right	right	1	21	15.273	1375
15	2	4	40	10	right	right	1	9	16.158	557
15	3	4	40	10	left	left	1	11	16.035	686
15	4	4	40	10	left	left	1	9	15.789	570
15	5	4	40	10	left	left	1	9	16.981	530
15	6	4	40	10	left	left	1	9	16.187	556
15	7	4	40	10	right	right	1	12	15.852	757
15	8	4	40	10	right	right	1	9	14.925	603
15	9	4	40	10	left	left	1	10	16.129	620
15	10	4	40	10	right	right	1	9	15.625	576
15	11	4	40	10	right	right	1	12	16.304	736
15	12	4	40	10	left	left	1	8	15.209	526
15	13	4	40	10	right	right	1	9	14.851	606
15	14	4	40	10	right	right	1	10	15.432	648
15	15	4	40	10	right	right	1	11	16.296	675
15	16	4	40	10	left	left	1	10	16.026	624
15	17	4	40	10	left	left	1	11	16.129	682
15	18	4	40	10	left	right	0	10	15.848	631
15	19	4	40	10	left	left	1	21	15.742	1334
15	20	4	40	10	right	right	1	8	15.779	507
15	21	4	40	10	right	right	1	9	16.216	555
15	22	4	40	10	left	left	1	11	15.193	724
15	23	4	40	10	right	right	1	11	15.428	713
15	24	4	40	10	right	right	1	23	15.152	1518
15	25	4	40	10	right	right	1	12	15.645	767
15	26	4	40	10	left	right	0	11	15.493	710
15	27	4	40	10	right	right	1	15	15.641	959
15	28	4	40	10	left	left	1	9	15.126	595
15	29	4	40	10	right	right	1	12	16.194	741
15	30	4	40	10	left	left	1	11	15.235	722
15	31	4	40	10	left	right	0	11	15.625	704
15	32	4	40	10	right	right	1	13	15.312	849
15	33	4	40	10	left	left	1	8	15.81	506
15	34	4	40	10	left	left	1	11	16.153	681
15	35	4	40	10	left	left	1	11	15.692	701
15	36	4	40	10	right	right	1	13	15.738	826
15	37	4	40	10	right	right	1	10	15.015	666
15	38	4	40	10	left	left	1	10	15.106	662
15	39	4	40	10	left	left	1	13	15.606	833
15	40	4	40	10	right	right	1	10	15.408	649
16	1	4	40	10	right	right	1	19	15.625	1216
16	2	4	40	10	right	right	1	15	15.091	994
16	3	4	40	10	left	left	1	9	16.1	559
16	4	4	40	10	left	left	1	9	15	600
16	5	4	40	10	right	right	1	14	15.73	890
16	6	4	40	10	left	left	1	10	15.152	660
16	7	4	40	10	left	left	1	18	15.113	1191
16	8	4	40	10	left	left	1	10	15.823	632
16	9	4	40	10	left	left	1	10	15.949	627
16	10	4	40	10	right	left	0	10	16.287	614
16	11	4	40	10	right	right	1	10	16.103	621
16	12	4	40	10	left	left	1	17	15.741	1080
16	13	4	40	10	left	left	1	25	15.489	1614
16	14	4	40	10	right	right	1	9	15.571	578
16	15	4	40	10	right	left	0	9	15.734	572
16	16	4	40	10	right	right	1	23	15.436	1490
16	17	4	40	10	left	left	1	10	15.552	643
16	18	4	40	10	left	left	1	12	16.349	734
16	19	4	40	10	left	left	1	16	15.444	1036
16	20	4	40	10	left	left	1	21	15.707	1337
16	21	4	40	10	left	right	0	9	14.851	606
16	22	4	40	10	left	left	1	29	15.45	1877
16	23	4	40	10	right	right	1	9	14.803	608
16	24	4	40	10	left	left	1	20	15.504	1290
16	25	4	40	10	left	left	1	13	15.222	854
16	26	4	40	10	right	right	1	12	16	750
16	27	4	40	10	left	left	1	26	15.653	1661
16	28	4	40	10	right	right	1	12	15.132	793
16	29	4	40	10	left	right	0	13	15.606	833
16	30	4	40	10	right	right	1	10	15.674	638
16	31	4	40	10	right	right	1	10	15.038	665
16	32	4	40	10	right	right	1	11	15.896	692
16	33	4	40	10	left	left	1	20	15.723	1272
16	34	4	40	10	right	right	1	22	15.493	1420
16	35	4	40	10	right	right	1	12	15.404	779
16	36	4	40	10	right	right	1	12	15.769	761
16	37	4	40	10	right	right	1	12	15.625	768
16	38	4	40	10	right	right	1	12	15.831	758
16	39	4	40	10	right	right	1	14	15.556	900
16	40	4	40	10	left	left	1	12	15.504	774
17	1	4	40	10	right	right	1	19	15.677	1212
17	2	4	40	10	right	right	1	10	16.077	622
17	3	4	40	10	left	left	1	14	16.037	873
17	4	4	40	10	left	left	1	13	16.049	810
17	5	4	40	10	left	left	1	11	16.32	674
17	6	4	40	10	right	right	1	12	15.666	766
17	7	4	40	10	left	left	1	10	16.129	620
17	8	4	40	10	left	left	1	13	15.951	815
17	9	4	40	10	right	right	1	19	15.435	1231
17	10	4	40	10	right	right	1	9	15.598	577
17	11	4	40	10	right	right	1	14	15.436	907
17	12	4	40	10	right	right	1	11	15.515	709
17	13	4	40	10	left	left	1	18	15.075	1194
17	14	4	40	10	right	right	1	9	15.126	595
17	15	4	40	10	left	left	1	13	16.149	805
17	16	4	40	10	left	left	1	10	15.528	644
17	17	4	40	10	right	right	1	11	15.131	727
17	18	4	40	10	right	right	1	11	15.172	725
17	19	4	40	10	left	left	1	15	15.213	986
17	20	4	40	10	left	left	1	15	15.275	982
17	21	4	40	10	left	left	1	12	15.915	754
17	22	4	40	10	right	right	1	13	15.931	816
17	23	4	40	10	right	right	1	14	15.801	886
17	24	4	40	10	right	right	1	13	15.476	840
17	25	4	40	10	right	right	1	13	15.758	825
17	26	4	40	10	right	left	0	11	15.603	705
17	27	4	40	10	right	right	1	17	15.829	1074
17	28	4	40	10	right	right	1	10	15.221	657
17	29	4	40	10	right	right	1	15	15.306	980
17	30	4	40	10	left	left	1	10	15.432	648
17	31	4	40	10	left	right	0	11	15.537	708
17	32	4	40	10	right	right	1	28	15.582	1797
17	33	4	40	10	left	left	1	70	15.277	4582
17	34	4	40	10	left	left	1	16	15.519	1031
17	35	4	40	10	left	left	1	19	15.794	1203
17	36	4	40	10	right	right	1	16	15.311	1045
17	37	4	40	10	left	left	1	11	16.105	683
17	38	4	40	10	left	left	1	10	15.649	639
17	39	4	40	10	left	left	1	11	15.235	722
17	40	4	40	10	left	left	1	14	15.102	927
18	1	4	40	10	left	left	1	21	15.637	1343
18	2	4	40	10	right	right	1	10	16.129	620
18	3	4	40	10	right	right	1	11	15.131	727
18	4	4	40	10	right	right	1	10	15.175	659
18	5	4	40	10	left	left	1	9	14.803	608
18	6	4	40	10	right	right	1	11	16.129	682
18	7	4	40	10	left	left	1	9	15.05	598
18	8	4	40	10	left	left	1	10	15.625	640
18	9	4	40	10	right	right	1	13	16.049	810
18	10	4	40	10	left	left	1	27	15.535	1738
18	11	4	40	10	right	right	1	11	15.089	729
18	12	4	40	10	right	right	1	12	15.484	775
18	13	4	40	10	left	left	1	10	15.898	629
18	14	4	40	10	right	right	1	37	15.365	2408
18	15	4	40	10	left	left	1	11	15.965	689
18	16	4	40	10	right	right	1	10	15.898	629
18	17	4	40	10	left	right	0	11	15.805	696
18	18	4	40	10	right	right	1	10	15.408	649
18	19	4	40	10	left	left	1	9	15.306	588
18	20	4	40	10	left	left	1	9	15.464	582
18	21	4	40	10	left	left	1	16	16.016	999
18	22	4	40	10	left	left	1	13	16.332	796
18	23	4	40	10	right	right	1	25	15.216	1643
18	24	4	40	10	left	left	1	50	15.281	3272
18	25	4	40	10	right	right	1	14	16.073	871
18	26	4	40	10	right	right	1	12	15.464	776
18	27	4	40	10	left	left	1	12	16.349	734
18	28	4	40	10	right	right	1	14	15.695	892
18	29	4	40	10	left	left	1	9	15.28	589
18	30	4	40	10	right	left	0	22	15.816	1391
18	31	4	40	10	left	left	1	13	16.189	803
18	32	4	40	10	left	left	1	11	15.235	722
18	33	4	40	10	right	right	1	10	15.848	631
18	34	4	40	10	right	right	1	13	15.439	842
18	35	4	40	10	right	right	1	10	15.576	642
18	36	4	40	10	left	left	1	13	15.366	846
18	37	4	40	10	left	left	1	12	15.666	766
18	38	4	40	10	right	right	1	10	15.504	645
18	39	4	40	10	left	left	1	9	15.845	568
18	40	4	40	10	right	right	1	10	16.42	609
19	1	4	40	10	right	right	1	17	15.385	1105
19	2	4	40	10	right	left	0	7	15.625	448
19	3	4	40	10	left	left	1	13	15.719	827
19	4	4	40	10	left	left	1	12	15.727	763
19	5	4	40	10	right	right	1	11	15.603	705
19	6	4	40	10	right	right	1	10	15.106	662
19	7	4	40	10	left	left	1	12	16.086	746
19	8	4	40	10	right	right	1	9	16.071	560
19	9	4	40	10	right	left	0	11	15.428	713
19	10	4	40	10	right	left	0	13	15.719	827
19	11	4	40	10	left	left	1	18	15.734	1144
19	12	4	40	10	right	right	1	13	16.089	808
19	13	4	40	10	right	right	1	11	15.11	728
19	14	4	40	10	left	left	1	12	15.365	781
19	15	4	40	10	left	left	1	10	15.337	652
19	16	4	40	10	left	left	1	11	15.827	695
19	17	4	40	10	right	right	1	10	15.337	652
19	18	4	40	10	left	left	1	12	15.326	783
19	19	4	40	10	left	right	0	17	15.539	1094
19	20	4	40	10	right	right	1	11	15.581	706
19	21	4	40	10	left	left	1	10	15.649	639
19	22	4	40	10	right	right	1	13	15.892	818
19	23	4	40	10	left	left	1	9	15.358	586
19	24	4	40	10	right	right	1	12	15.894	755
19	25	4	40	10	left	left	1	15	15.74	953
19	26	4	40	10	left	left	1	12	15.385	780
19	27	4	40	10	left	left	1	14	15.168	923
19	28	4	40	10	left	left	1	31	15.531	1996
19	29	4	40	10	right	right	1	9	15.126	595
19	30	4	40	10	right	right	1	8	15.474	517
19	31	4	40	10	left	left	1	17	15.554	1093
19	32	4	40	10	right	right	1	10	15.337	652
19	33	4	40	10	left	left	1	15	15.136	991
19	34	4	40	10	left	left	1	10	15.361	651
19	35	4	40	10	left	left	1	11	15.827	695
19	36	4	40	10	right	right	1	11	15.385	715
19	37	4	40	10	right	right	1	10	16.42	609
19	38	4	40	10	right	right	1	10	15.175	659
19	39	4	40	10	right	right	1	12	15.81	759
19	40	4	40	10	left	left	1	15	15.167	989
20	1	4	40	10	right	right	1	21	15.625	1344
20	2	4	40	10	right	right	1	9	16.854	534
20	3	4	40	10	right	right	1	12	16.173	742
20	4	4	40	10	left	right	0	11	15.537	708
20	5	4	40	10	left	right	0	11	15.873	693
20	6	4	40	10	right	right	1	21	15.195	1382
20	7	4	40	10	right	right	1	12	15.385	780
20	8	4	40	10	left	left	1	14	15.573	899
20	9	4	40	10	right	right	1	15	15.544	965
20	10	4	40	10	left	left	1	11	15.257	721
20	11	4	40	10	right	right	1	9	14.851	606
20	12	4	40	10	left	left	1	14	16.055	872
20	13	4	40	10	right	right	1	10	15.385	650
20	14	4	40	10	left	left	1	11	16.058	685
20	15	4	40	10	left	left	1	10	15.038	665
20	16	4	40	10	right	right	1	16	15.311	1045
20	17	4	40	10	left	left	1	10	15.198	658
20	18	4	40	10	left	left	1	15	15.045	997
20	19	4	40	10	right	right	1	10	16	625
20	20	4	40	10	left	left	1	14	15.695	892
20	21	4	40	10	left	left	1	10	15.106	662
20	22	4	40	10	left	left	1	13	15.152	858
20	23	4	40	10	right	right	1	16	15.474	1034
20	24	4	40	10	left	left	1	14	15.608	897
20	25	4	40	10	right	right	1	11	15.428	713
20	26	4	40	10	right	right	1	15	15.528	966
20	27	4	40	10	right	right	1	13	15.892	818
20	28	4	40	10	left	right	0	18	15.817	1138
20	29	4	40	10	left	left	1	16	16.016	999
20	30	4	40	10	left	left	1	11	16.105	683
20	31	4	40	10	left	left	1	14	15.234	919
20	32	4	40	10	left	left	1	10	15.015	666
20	33	4	40	10	right	right	1	12	16.371	733
20	34	4	40	10	right	right	1	12	16.238	739
20	35	4	40	10	left	left	1	11	15.257	721
20	36	4	40	10	left	right	0	17	15.206	1118
20	37	4	40	10	right	right	1	12	15.424	778
20	38	4	40	10	right	left	0	10	15.408	649
20	39	4	40	10	right	right	1	17	15.611	1089
20	40	4	40	10	right	right	1	10	15.06	664
21	1	4	40	10	right	right	1	23	15.668	1468
21	2	4	40	10	left	left	1	8	15.504	516
21	3	4	40	10	right	right	1	11	16.082	684
21	4	4	40	10	right	right	1	9	14.778	609
21	5	4	40	10	left	left	1	10	16.155	619
21	6	4	40	10	right	right	1	16	15.195	1053
21	7	4	40	10	left	right	0	10	16.155	619
21	8	4	40	10	right	right	1	13	15.912	817
21	9	4	40	10	left	left	1	10	15.221	657
21	10	4	40	10	right	right	1	10	15.48	646
21	11	4	40	10	left	left	1	11	16.176	680
21	12	4	40	10	right	right	1	12	15.873	756
21	13	4	40	10	left	right	0	10	16.393	610
21	14	4	40	10	left	left	1	11	15.965	689
21	15	4	40	10	left	left	1	17	15.426	1102
21	16	4	40	10	right	right	1	10	14.97	668
21	17	4	40	10	right	right	1	11	15.625	704
21	18	4	40	10	left	left	1	11	15.342	717
21	19	4	40	10	left	left	1	10	16.181	618
21	20	4	40	10	left	left	1	18	15.139	1189
21	21	4	40	10	right	right	1	11	15.152	726
21	22	4	40	10	right	right	1	13	15.421	843
21	23	4	40	10	left	left	1	10	15.723	636
21	24	4	40	10	left	left	1	12	15.81	759
21	25	4	40	10	left	left	1	13	16.311	797
21	26	4	40	10	left	left	1	9	15.101	596
21	27	4	40	10	left	left	1	12	15.666	766
21	28	4	40	10	left	left	1	10	16.103	621
21	29	4	40	10	right	right	1	10	15.244	656
21	30	4	40	10	right	right	1	9	16.216	555
21	31	4	40	10	right	right	1	12	16.043	748
21	32	4	40	10	left	right	0	11	15.11	728
21	33	4	40	10	right	right	1	13	16.01	812
21	34	4	40	10	right	right	1	10	15.152	660
21	35	4	40	10	right	right	1	10	16.026	624
21	36	4	40	10	left	left	1	9	14.925	603
21	37	4	40	10	right	right	1	12	15.852	757
21	38	4	40	10	right	right	1	9	15.544	579
21	39	4	40	10	right	right	1	11	15.896	692
21	40	4	40	10	left	left	1	12	15.605	769
22	1	4	40	10	left	left	1	18	15.831	1137
22	2	4	40	10	left	left	1	15	16.009	937
22	3	4	40	10	left	left	1	16	15.952	1003
22	4	4	40	10	right	right	1	18	15.504	1161
22	5	4	40	10	right	right	1	16	15.873	1008
22	6	4	40	10	left	right	0	12	15.666	766
22	7	4	40	10	right	right	1	15	15.369	976
22	8	4	40	10	left	left	1	13	15.258	852
22	9	4	40	10	left	left	1	13	16.01	812
22	10	4	40	10	left	right	0	17	15.683	1084
22	11	4	40	10	left	left	1	47	15.304	3071
22	12	4	40	10	right	right	1	12	16.282	737
22	13	4	40	10	right	right	1	10	15.291	654
22	14	4	40	10	left	right	0	15	15.593	962
22	15	4	40	10	left	left	1	16	15.842	1010
22	16	4	40	10	right	right	1	13	15.513	838
22	17	4	40	10	left	left	1	17	15.639	1087
22	18	4	40	10	right	right	1	13	15.385	845
22	19	4	40	10	left	left	1	20	15.456	1294
22	20	4	40	10	right	right	1	16	15.355	1042
22	21	4	40	10	left	left	1	16	16.016	999
22	22	4	40	10	left	left	1	12	15.544	772
22	23	4	40	10	left	left	1	15	15.991	938
22	24	4	40	10	left	left	1	22	15.57	1413
22	25	4	40	10	right	right	1	12	16.043	748
22	26	4	40	10	right	right	1	11	16.32	674
22	27	4	40	10	right	right	1	14	15.251	918
22	28	4	40	10	left	right	0	30	15.568	1927
22	29	4	40	10	right	right	1	18	15.088	1193
22	30	4	40	10	right	right	1	9	16.514	545
22	31	4	40	10	right	right	1	11	15.235	722
22	32	4	40	10	right	right	1	10	15.848	631
22	33	4	40	10	left	left	1	17	15.152	1122
22	34	4	40	10	right	right	1	13	15.294	850
22	35	4	40	10	right	right	1	14	15.453	906
22	36	4	40	10	left	right	0	15	15.56	964
22	37	4	40	10	right	right	1	11	16.058	685
22	38	4	40	10	left	left	1	15	15.106	993
22	39	4	40	10	right	right	1	10	15.504	645
22	40	4	40	10	right	right	1	14	16.204	864
23	1	4	40	10	left	left	1	17	15.274	1113
23	2	4	40	10	right	right	1	18	15.203	1184
23	3	4	40	10	left	left	1	12	16.26	738
23	4	4	40	10	left	left	1	11	15.471	711
23	5	4	40	10	left	left	1	14	15.982	876
23	6	4	40	10	right	right	1	11	15.172	725
23	7	4	40	10	right	right	1	10	15.576	642
23	8	4	40	10	left	left	1	10	15.291	654
23	9	4	40	10	left	left	1	11	15.428	713
23	10	4	40	10	right	right	1	11	15.67	702
23	11	4	40	10	left	left	1	10	15.175	659
23	12	4	40	10	left	right	0	11	16.2	679
23	13	4	40	10	left	left	1	13	16.109	807
23	14	4	40	10	right	right	1	10	15.649	639
23	15	4	40	10	left	left	1	10	15.576	642
23	16	4	40	10	left	left	1	13	15.385	845
23	17	4	40	10	left	left	1	10	15.723	636
23	18	4	40	10	right	right	1	9	15.203	592
23	19	4	40	10	left	left	1	10	16.393	610
23	20	4	40	10	right	right	1	9	14.901	604
23	21	4	40	10	right	right	1	14	15.927	879
23	22	4	40	10	right	right	1	10	15.06	664
23	23	4	40	10	right	right	1	14	16.148	867
23	24	4	40	10	right	right	1	10	14.97	668
23	25	4	40	10	left	left	1	13	15.777	824
23	26	4	40	10	right	right	1	11	15.278	720
23	27	4	40	10	right	right	1	10	15.456	647
23	28	4	40	10	left	left	1	27	15.402	1753
23	29	4	40	10	right	right	1	13	16.25	800
23	30	4	40	10	right	right	1	19	15.127	1256
23	31	4	40	10	right	right	1	10	15.773	634
23	32	4	40	10	left	left	1	9	15.28	589
23	33	4	40	10	left	right	0	13	15.796	823
23	34	4	40	10	right	right	1	10	15.152	660
23	35	4	40	10	left	left	1	18	15.101	1192
23	36	4	40	10	left	left	1	12	16.282	737
23	37	4	40	10	right	right	1	11	15.827	695
23	38	4	40	10	right	right	1	11	15.559	707
23	39	4	40	10	left	right	0	16	15.873	1008
23	40	4	40	10	right	right	1	12	15.132	793
24	1	4	40	10	right	right	1	19	15.728	1208
24	2	4	40	10	right	right	1	10	15.408	649
24	3	4	40	10	left	left	1	11	15.692	701
24	4	4	40	10	left	left	1	12	15.769	761
24	5	4	40	10	right	right	1	10	16.26	615
24	6	4	40	10	left	left	1	14	15.73	890
24	7	4	40	10	left	left	1	15	15.69	956
24	8	4	40	10	left	left	1	19	15.237	1247
24	9	4	40	10	left	left	1	10	15.038	665
24	10	4	40	10	right	right	1	11	15.027	732
24	11	4	40	10	right	right	1	11	16.32	674
24	12	4	40	10	left	left	1	9	15.679	574
24	13	4	40	10	left	left	1	9	16.304	552
24	14	4	40	10	right	right	1	13	15.169	857
24	15	4	40	10	right	right	1	12	16.282	737
24	16	4	40	10	right	right	1	11	16.2	679
24	17	4	40	10	right	right	1	14	15.855	883
24	18	4	40	10	left	left	1	9	15.957	564
24	19	4	40	10	right	right	1	9	15.464	582
24	20	4	40	10	left	right	0	10	15.848	631
24	21	4	40	10	right	right	1	17	15.192	1119
24	22	4	40	10	left	left	1	21	15.373	1366
24	23	4	40	10	left	left	1	14	15.284	916
24	24	4	40	10	right	right	1	9	14.851	606
24	25	4	40	10	right	right	1	9	14.803	608
24	26	4	40	10	left	right	0	20	15.314	1306
24	27	4	40	10	left	left	1	15	15.432	972
24	28	4	40	10	left	left	1	10	15.083	663
24	29	4	40	10	left	left	1	14	16.148	867
24	30	4	40	10	right	right	1	20	15.198	1316
24	31	4	40	10	right	right	1	15	15.244	984
24	32	4	40	10	right	right	1	18	15.901	1132
24	33	4	40	10	left	left	1	29	15.263	1900
24	34	4	40	10	right	right	1	14	15.487	904
24	35	4	40	10	left	left	1	11	15.068	730
24	36	4	40	10	left	left	1	15	15.907	943
24	37	4	40	10	right	right	1	14	15.317	914
24	38	4	40	10	right	right	1	12	15.544	772
24	39	4	40	10	right	right	1	14	15.59	898
24	40	4	40	10	left	left	1	12	15.707	764
