
blkNum	trlNum	coherentDots	numberofDots	percentCoherence	winningDirection	response	correct	eventCount	averageFrameRate	RT
1	1	4	40	10	left	left	1	157	15.198	10330
1	2	4	40	10	right	right	1	53	15.416	3438
1	3	4	40	10	left	left	1	31	15.316	2024
1	4	4	40	10	right	right	1	34	15.247	2230
1	5	4	40	10	right	left	0	35	15.344	2281
1	6	4	40	10	left	left	1	100	15.277	6546
1	7	4	40	10	left	right	0	163	15.177	10740
1	8	4	40	10	left	left	1	71	15.152	4686
1	9	4	40	10	left	left	1	50	15.277	3273
1	10	4	40	10	left	left	1	29	15.434	1879
1	11	4	40	10	left	left	1	35	15.237	2297
1	12	4	40	10	left	left	1	50	15.48	3230
1	13	4	40	10	left	right	0	98	15.303	6404
2	1	4	40	10	left	right	0	91	15.294	5950
2	2	4	40	10	right	left	0	124	15.185	8166
2	3	4	40	10	left	left	1	92	15.257	6030
2	4	4	40	10	left	left	1	59	15.163	3891
2	5	4	40	10	right	left	0	52	15.398	3377
2	6	4	40	10	left	left	1	58	15.203	3815
2	7	4	40	10	right	right	1	67	15.134	4427
2	8	4	40	10	left	left	1	31	15.211	2038
2	9	4	40	10	right	right	1	19	15.472	1228
2	10	4	40	10	left	left	1	16	15.311	1045
2	11	4	40	10	left	left	1	17	15.814	1075
2	12	4	40	10	right	right	1	15	16.026	936
2	13	4	40	10	left	left	1	18	15.371	1171
2	14	4	40	10	right	right	1	17	15.138	1123
2	15	4	40	10	right	right	1	23	15.354	1498
2	16	4	40	10	left	left	1	44	15.304	2875
2	17	4	40	10	right	right	1	22	15.46	1423
2	18	4	40	10	right	left	0	17	16.008	1062
3	1	4	40	10	right	right	1	34	15.518	2191
3	2	4	40	10	left	left	1	19	15.926	1193
3	3	4	40	10	right	right	1	21	15.695	1338
3	4	4	40	10	right	left	0	50	15.211	3287
3	5	4	40	10	right	right	1	16	15.355	1042
3	6	4	40	10	right	left	0	49	15.443	3173
3	7	4	40	10	left	right	0	24	15.727	1526
3	8	4	40	10	left	left	1	22	15.581	1412
3	9	4	40	10	right	right	1	20	15.798	1266
3	10	4	40	10	left	left	1	23	15.405	1493
3	11	4	40	10	right	right	1	15	16.216	925
3	12	4	40	10	right	right	1	157	15.203	10327
3	13	4	40	10	right	left	0	41	15.466	2651
3	14	4	40	10	left	left	1	51	15.334	3326
3	15	4	40	10	right	right	1	15	15.291	981
3	16	4	40	10	left	left	1	17	15.611	1089
3	17	4	40	10	left	left	1	16	15.64	1023
3	18	4	40	10	right	right	1	11	15.919	691
3	19	4	40	10	right	left	0	136	15.25	8918
3	20	4	40	10	left	left	1	60	15.267	3930
4	1	4	40	10	right	right	1	20	15.14	1321
4	2	4	40	10	right	right	1	37	15.436	2397
4	3	4	40	10	left	left	1	54	15.354	3517
4	4	4	40	10	right	right	1	13	15.458	841
4	5	4	40	10	left	left	1	21	15.521	1353
4	6	4	40	10	right	right	1	14	15.66	894
4	7	4	40	10	left	left	1	78	15.166	5143
4	8	4	40	10	right	right	1	14	15.267	917
4	9	4	40	10	left	left	1	12	15.326	783
4	10	4	40	10	left	left	1	115	15.138	7597
4	11	4	40	10	right	right	1	15	16.129	930
4	12	4	40	10	right	right	1	13	16.311	797
4	13	4	40	10	right	right	1	58	15.128	3834
4	14	4	40	10	right	right	1	48	15.233	3151
4	15	4	40	10	right	right	1	18	15.598	1154
4	16	4	40	10	left	left	1	11	15.581	706
4	17	4	40	10	left	left	1	135	15.234	8862
4	18	4	40	10	left	left	1	65	15.287	4252
4	19	4	40	10	right	right	1	13	16.189	803
4	20	4	40	10	right	right	1	44	15.183	2898
5	1	4	40	10	right	right	1	31	15.469	2004
5	2	4	40	10	right	right	1	55	15.303	3594
5	3	4	40	10	left	left	1	21	15.441	1360
5	4	4	40	10	right	right	1	12	15.686	765
5	5	4	40	10	left	left	1	13	16.209	802
5	6	4	40	10	right	right	1	110	14.733	7466
5	7	4	40	10	left	left	1	19	15.794	1203
5	8	4	40	10	left	left	1	90	15.296	5884
5	9	4	40	10	left	right	0	140	15.156	9237
5	10	4	40	10	left	left	1	15	16.146	929
5	11	4	40	10	left	left	1	61	15.327	3980
5	12	4	40	10	left	left	1	153	15.174	10083
5	13	4	40	10	right	right	1	23	15.797	1456
5	14	4	40	10	left	left	1	19	15.536	1223
5	15	4	40	10	right	right	1	16	15.37	1041
5	16	4	40	10	left	left	1	27	15.289	1766
5	17	4	40	10	left	left	1	75	15.179	4941
6	1	4	40	10	right	right	1	42	15.351	2736
6	2	4	40	10	right	right	1	20	15.244	1312
6	3	4	40	10	right	right	1	51	15.161	3364
6	4	4	40	10	left	left	1	13	16.01	812
6	5	4	40	10	right	right	1	13	15.258	852
6	6	4	40	10	right	right	1	97	15.147	6404
6	7	4	40	10	right	right	1	57	15.216	3746
6	8	4	40	10	right	right	1	25	15.281	1636
6	9	4	40	10	left	left	1	18	15.734	1144
6	10	4	40	10	right	right	1	21	15.362	1367
6	11	4	40	10	left	left	1	38	15.347	2476
6	12	4	40	10	left	left	1	30	15.448	1942
6	13	4	40	10	right	right	1	15	15.991	938
6	14	4	40	10	left	left	1	28	15.582	1797
6	15	4	40	10	left	left	1	50	15.184	3293
6	16	4	40	10	left	right	0	18	15.358	1172
6	17	4	40	10	left	left	1	17	15.274	1113
6	18	4	40	10	left	left	1	25	15.48	1615
6	19	4	40	10	left	left	1	252	15.2	16579
7	1	4	40	10	left	left	1	86	15.229	5647
7	2	4	40	10	right	right	1	13	16.189	803
7	3	4	40	10	left	left	1	155	15.147	10233
7	4	4	40	10	right	right	1	14	15.47	905
7	5	4	40	10	right	right	1	28	15.53	1803
7	6	4	40	10	right	right	1	28	15.599	1795
7	7	4	40	10	right	right	1	24	15.267	1572
7	8	4	40	10	left	left	1	17	15.315	1110
7	9	4	40	10	left	right	0	40	15.261	2621
7	10	4	40	10	right	right	1	25	15.244	1640
7	11	4	40	10	left	left	1	66	15.239	4331
7	12	4	40	10	left	left	1	28	15.385	1820
7	13	4	40	10	left	left	1	129	15.16	8509
7	14	4	40	10	left	left	1	49	15.189	3226
7	15	4	40	10	right	right	1	110	15.198	7238
7	16	4	40	10	right	right	1	17	15.596	1090
8	1	4	40	10	left	left	1	301	15.193	19812
8	2	4	40	10	left	left	1	97	15.152	6402
8	3	4	40	10	right	right	1	17	15.165	1121
8	4	4	40	10	right	right	1	53	15.265	3472
8	5	4	40	10	left	left	1	25	15.518	1611
8	6	4	40	10	left	right	0	102	15.199	6711
8	7	4	40	10	right	right	1	24	15.605	1538
8	8	4	40	10	right	right	1	39	15.211	2564
8	9	4	40	10	left	left	1	15	16.164	928
8	10	4	40	10	right	right	1	29	15.344	1890
8	11	4	40	10	right	right	1	30	15.601	1923
8	12	4	40	10	right	right	1	21	15.544	1351
8	13	4	40	10	right	right	1	24	15.123	1587
8	14	4	40	10	left	left	1	205	15.201	13486
9	1	4	40	10	right	right	1	18	15.776	1141
9	2	4	40	10	right	right	1	34	15.371	2212
9	3	4	40	10	right	right	1	20	15.54	1287
9	4	4	40	10	left	left	1	95	15.219	6242
9	5	4	40	10	left	left	1	66	15.176	4349
9	6	4	40	10	right	right	1	15	15.512	967
9	7	4	40	10	left	left	1	17	15.726	1081
9	8	4	40	10	right	right	1	12	16.151	743
9	9	4	40	10	right	right	1	49	15.293	3204
9	10	4	40	10	right	right	1	32	15.326	2088
9	11	4	40	10	left	left	1	133	15.183	8760
9	12	4	40	10	left	left	1	249	15.173	16411
9	13	4	40	10	right	right	1	12	15.584	770
9	14	4	40	10	right	right	1	13	15.476	840
9	15	4	40	10	right	right	1	120	15.246	7871
10	1	4	40	10	left	right	0	38	15.316	2481
10	2	4	40	10	left	left	1	282	15.155	18608
10	3	4	40	10	left	right	0	17	15.302	1111
10	4	4	40	10	left	left	1	179	15.188	11786
10	5	4	40	10	right	right	1	13	15.276	851
10	6	4	40	10	left	left	1	110	15.221	7227
10	7	4	40	10	right	right	1	19	15.86	1198
10	8	4	40	10	left	left	1	19	15.638	1215
10	9	4	40	10	right	right	1	16	15.873	1008
10	10	4	40	10	left	left	1	106	15.291	6932
10	11	4	40	10	left	left	1	57	15.385	3705
11	1	4	40	10	left	left	1	98	15.161	6464
11	2	4	40	10	right	right	1	30	15.432	1944
11	3	4	40	10	left	left	1	17	15.683	1084
11	4	4	40	10	right	right	1	13	16.23	801
11	5	4	40	10	left	left	1	19	15.523	1224
11	6	4	40	10	left	right	0	62	15.192	4081
11	7	4	40	10	right	right	1	15	16.164	928
11	8	4	40	10	right	right	1	50	15.385	3250
11	9	4	40	10	right	right	1	107	15.147	7064
11	10	4	40	10	right	right	1	57	15.261	3735
11	11	4	40	10	right	right	1	12	15.287	785
11	12	4	40	10	right	right	1	14	15.784	887
11	13	4	40	10	left	left	1	68	15.206	4472
11	14	4	40	10	left	right	0	83	15.288	5429
11	15	4	40	10	right	right	1	14	15.351	912
11	16	4	40	10	left	left	1	59	15.14	3897
11	17	4	40	10	left	right	0	244	15.184	16070
12	1	4	40	10	right	right	1	34	15.267	2227
12	2	4	40	10	right	right	1	14	15.251	918
12	3	4	40	10	left	left	1	17	15.192	1119
12	4	4	40	10	right	right	1	83	15.285	5430
12	5	4	40	10	right	right	1	15	15.957	940
12	6	4	40	10	right	right	1	58	15.144	3830
12	7	4	40	10	right	right	1	33	15.544	2123
12	8	4	40	10	right	right	1	38	15.403	2467
12	9	4	40	10	right	right	1	19	15.372	1236
12	10	4	40	10	right	right	1	17	15.315	1110
12	11	4	40	10	right	right	1	17	15.668	1085
12	12	4	40	10	right	right	1	13	15.873	819
12	13	4	40	10	left	left	1	65	15.208	4274
12	14	4	40	10	right	right	1	13	15.569	835
12	15	4	40	10	right	right	1	40	15.516	2578
12	16	4	40	10	right	right	1	34	15.357	2214
12	17	4	40	10	right	right	1	20	15.42	1297
12	18	4	40	10	left	left	1	36	15.274	2357
12	19	4	40	10	left	right	0	104	15.16	6860
12	20	4	40	10	right	right	1	76	15.292	4970
12	21	4	40	10	left	left	1	113	15.198	7435
13	1	4	40	10	right	right	1	17	15.726	1081
13	2	4	40	10	right	right	1	14	15.927	879
13	3	4	40	10	left	left	1	10	16.026	624
13	4	4	40	10	left	left	1	110	15.274	7202
13	5	4	40	10	left	right	0	58	15.405	3765
13	6	4	40	10	left	left	1	67	15.293	4381
13	7	4	40	10	right	right	1	12	15.645	767
13	8	4	40	10	right	right	1	12	15.209	789
13	9	4	40	10	right	right	1	38	15.447	2460
13	10	4	40	10	right	right	1	94	15.169	6197
13	11	4	40	10	right	right	1	19	15.98	1189
13	12	4	40	10	left	left	1	79	15.198	5198
13	13	4	40	10	left	left	1	53	15.278	3469
13	14	4	40	10	left	left	1	182	15.186	11985
13	15	4	40	10	right	right	1	17	15.315	1110
13	16	4	40	10	left	left	1	46	15.187	3029
14	1	4	40	10	left	right	0	134	15.253	8785
14	2	4	40	10	left	right	0	466	15.157	30744
14	3	4	40	10	right	right	1	37	15.289	2420
14	4	4	40	10	left	left	1	37	15.289	2420
14	5	4	40	10	left	left	1	43	15.379	2796
14	6	4	40	10	right	right	1	17	15.654	1086
14	7	4	40	10	right	right	1	28	15.184	1844
14	8	4	40	10	left	left	1	13	16.149	805
14	9	4	40	10	left	left	1	15	15.06	996
14	10	4	40	10	left	left	1	132	15.193	8688
15	1	4	40	10	right	right	1	23	15.53	1481
15	2	4	40	10	right	right	1	43	15.445	2784
15	3	4	40	10	right	right	1	19	15.298	1242
15	4	4	40	10	left	left	1	40	15.267	2620
15	5	4	40	10	right	right	1	13	15.606	833
15	6	4	40	10	right	right	1	17	15.165	1121
15	7	4	40	10	left	left	1	14	15.368	911
15	8	4	40	10	right	right	1	24	15.615	1537
15	9	4	40	10	left	left	1	37	15.195	2435
15	10	4	40	10	right	right	1	12	15.075	796
15	11	4	40	10	left	left	1	13	15.588	834
15	12	4	40	10	right	right	1	14	16.185	865
15	13	4	40	10	right	right	1	13	16.23	801
15	14	4	40	10	right	right	1	14	16.204	864
15	15	4	40	10	left	left	1	19	15.41	1233
15	16	4	40	10	right	right	1	11	15.759	698
15	17	4	40	10	right	right	1	16	15.296	1046
15	18	4	40	10	right	right	1	16	15.224	1051
15	19	4	40	10	right	right	1	15	15.369	976
15	20	4	40	10	right	right	1	14	15.695	892
15	21	4	40	10	right	right	1	24	15.335	1565
15	22	4	40	10	left	left	1	21	15.273	1375
15	23	4	40	10	right	right	1	19	15.561	1221
15	24	4	40	10	right	right	1	52	15.376	3382
15	25	4	40	10	right	right	1	30	15.625	1920
15	26	4	40	10	left	left	1	54	15.363	3515
15	27	4	40	10	right	right	1	11	16.591	663
15	28	4	40	10	right	right	1	20	15.117	1323
15	29	4	40	10	right	right	1	37	15.22	2431
15	30	4	40	10	right	right	1	11	16.012	687
15	31	4	40	10	right	right	1	14	15.436	907
15	32	4	40	10	left	right	0	160	15.192	10532
16	1	4	40	10	left	left	1	91	15.297	5949
16	2	4	40	10	right	right	1	12	15.957	752
16	3	4	40	10	left	left	1	23	15.646	1470
16	4	4	40	10	right	right	1	15	15.291	981
16	5	4	40	10	left	right	0	127	15.161	8377
16	6	4	40	10	left	left	1	37	15.586	2374
16	7	4	40	10	left	left	1	13	15.366	846
16	8	4	40	10	right	right	1	15	15.924	942
16	9	4	40	10	right	right	1	11	15.625	704
16	10	4	40	10	left	left	1	84	15.298	5491
16	11	4	40	10	left	right	0	12	15.248	787
16	12	4	40	10	left	left	1	22	15.214	1446
16	13	4	40	10	left	left	1	141	15.263	9238
16	14	4	40	10	right	right	1	16	15.549	1029
16	15	4	40	10	right	right	1	31	15.301	2026
16	16	4	40	10	right	right	1	52	15.294	3400
16	17	4	40	10	right	right	1	20	15.81	1265
16	18	4	40	10	right	right	1	41	15.507	2644
16	19	4	40	10	right	right	1	48	15.219	3154
17	1	4	40	10	right	right	1	33	15.5	2129
17	2	4	40	10	left	left	1	12	15.605	769
17	3	4	40	10	right	right	1	36	15.411	2336
17	4	4	40	10	right	right	1	42	15.234	2757
17	5	4	40	10	right	right	1	10	15.873	630
17	6	4	40	10	left	left	1	57	15.323	3720
17	7	4	40	10	left	left	1	107	15.162	7057
17	8	4	40	10	right	right	1	11	15.257	721
17	9	4	40	10	left	left	1	58	15.405	3765
17	10	4	40	10	left	left	1	23	15.797	1456
17	11	4	40	10	left	left	1	59	15.238	3872
17	12	4	40	10	right	right	1	11	15.67	702
17	13	4	40	10	right	right	1	25	15.225	1642
17	14	4	40	10	left	right	0	130	15.178	8565
17	15	4	40	10	right	right	1	39	15.282	2552
17	16	4	40	10	left	left	1	24	15.514	1547
17	17	4	40	10	right	right	1	12	16.194	741
17	18	4	40	10	right	right	1	28	15.669	1787
17	19	4	40	10	right	right	1	16	15.459	1035
17	20	4	40	10	right	right	1	148	15.24	9711
18	1	4	40	10	right	right	1	15	15.924	942
18	2	4	40	10	right	right	1	14	16.185	865
18	3	4	40	10	left	left	1	84	15.127	5553
18	4	4	40	10	right	right	1	17	15.712	1082
18	5	4	40	10	left	left	1	14	15.487	904
18	6	4	40	10	right	right	1	11	15.782	697
18	7	4	40	10	right	right	1	22	15.57	1413
18	8	4	40	10	left	left	1	11	15.385	715
18	9	4	40	10	right	right	1	12	16.304	736
18	10	4	40	10	left	left	1	12	15.873	756
18	11	4	40	10	right	right	1	11	15.759	698
18	12	4	40	10	right	right	1	19	15.249	1246
18	13	4	40	10	left	left	1	41	15.483	2648
18	14	4	40	10	left	right	0	97	15.312	6335
18	15	4	40	10	right	right	1	15	15.259	983
18	16	4	40	10	left	left	1	32	15.481	2067
18	17	4	40	10	right	right	1	32	15.489	2066
18	18	4	40	10	left	left	1	20	15.42	1297
18	19	4	40	10	right	right	1	11	15.692	701
18	20	4	40	10	right	right	1	11	15.089	729
18	21	4	40	10	left	left	1	15	15.03	998
18	22	4	40	10	left	left	1	90	14.761	6097
18	23	4	40	10	left	right	0	17	15.179	1120
18	24	4	40	10	right	right	1	17	15.814	1075
18	25	4	40	10	left	left	1	35	15.351	2280
18	26	4	40	10	right	right	1	15	16.094	932
18	27	4	40	10	left	left	1	22	15.816	1391
18	28	4	40	10	left	left	1	209	15.22	13732
19	1	4	40	10	right	right	1	42	15.345	2737
19	2	4	40	10	left	left	1	25	15.161	1649
19	3	4	40	10	left	left	1	34	15.525	2190
19	4	4	40	10	left	right	0	13	15.931	816
19	5	4	40	10	right	right	1	16	15.209	1052
19	6	4	40	10	right	right	1	51	15.21	3353
19	7	4	40	10	left	left	1	32	15.144	2113
19	8	4	40	10	left	left	1	29	15.152	1914
19	9	4	40	10	left	left	1	93	15.286	6084
19	10	4	40	10	right	right	1	12	15.424	778
19	11	4	40	10	right	right	1	40	15.244	2624
19	12	4	40	10	left	left	1	33	15.464	2134
19	13	4	40	10	left	left	1	21	15.273	1375
19	14	4	40	10	right	right	1	31	15.531	1996
19	15	4	40	10	right	right	1	25	15.152	1650
19	16	4	40	10	left	left	1	15	15.528	966
19	17	4	40	10	right	right	1	11	16.345	673
19	18	4	40	10	right	right	1	28	15.309	1829
19	19	4	40	10	left	left	1	20	15.175	1318
19	20	4	40	10	right	right	1	12	16.26	738
19	21	4	40	10	right	right	1	13	15.205	855
19	22	4	40	10	left	left	1	17	15.992	1063
19	23	4	40	10	left	left	1	74	15.248	4853
19	24	4	40	10	right	right	1	12	15.385	780
19	25	4	40	10	right	right	1	11	15.235	722
19	26	4	40	10	right	right	1	23	15.636	1471
19	27	4	40	10	left	left	1	16	15.889	1007
19	28	4	40	10	left	left	1	84	15.278	5498
20	1	4	40	10	right	right	1	17	15.712	1082
20	2	4	40	10	left	left	1	14	16.204	864
20	3	4	40	10	left	left	1	42	15.306	2744
20	4	4	40	10	right	right	1	12	16.107	745
20	5	4	40	10	right	right	1	13	16.129	806
20	6	4	40	10	right	right	1	25	15.654	1597
20	7	4	40	10	left	left	1	10	15.823	632
20	8	4	40	10	left	right	0	37	15.449	2395
20	9	4	40	10	right	right	1	25	15.404	1623
20	10	4	40	10	left	left	1	38	15.403	2467
20	11	4	40	10	right	right	1	17	15.329	1109
20	12	4	40	10	left	left	1	13	16.03	811
20	13	4	40	10	right	right	1	12	16.238	739
20	14	4	40	10	left	left	1	104	15.225	6831
20	15	4	40	10	right	right	1	13	16.089	808
20	16	4	40	10	right	right	1	11	15.299	719
20	17	4	40	10	right	right	1	13	15.569	835
20	18	4	40	10	left	left	1	94	15.174	6195
20	19	4	40	10	right	right	1	20	15.198	1316
20	20	4	40	10	left	left	1	45	15.491	2905
20	21	4	40	10	left	right	0	12	16.021	749
20	22	4	40	10	left	left	1	71	15.252	4655
20	23	4	40	10	left	left	1	128	15.207	8417
21	1	4	40	10	left	right	0	130	15.208	8548
21	2	4	40	10	right	right	1	14	16.092	870
21	3	4	40	10	right	right	1	18	15.873	1134
21	4	4	40	10	left	left	1	59	15.377	3837
21	5	4	40	10	right	right	1	11	15.235	722
21	6	4	40	10	left	left	1	11	16.012	687
21	7	4	40	10	right	right	1	11	15.048	731
21	8	4	40	10	left	left	1	14	16.055	872
21	9	4	40	10	right	right	1	10	15.432	648
21	10	4	40	10	left	left	1	14	15.713	891
21	11	4	40	10	left	left	1	10	15.361	651
21	12	4	40	10	right	right	1	10	16.077	622
21	13	4	40	10	right	right	1	41	15.344	2672
21	14	4	40	10	left	left	1	12	15.979	751
21	15	4	40	10	left	left	1	99	15.266	6485
21	16	4	40	10	right	right	1	11	16.058	685
21	17	4	40	10	right	right	1	12	15.769	761
21	18	4	40	10	left	left	1	101	15.234	6630
21	19	4	40	10	left	left	1	131	15.215	8610
21	20	4	40	10	left	left	1	84	15.149	5545
22	1	4	40	10	right	right	1	38	15.329	2479
22	2	4	40	10	right	right	1	13	16.23	801
22	3	4	40	10	left	right	0	68	15.288	4448
22	4	4	40	10	right	right	1	11	15.089	729
22	5	4	40	10	left	left	1	11	15.172	725
22	6	4	40	10	left	right	0	55	15.202	3618
22	7	4	40	10	left	left	1	27	15.22	1774
22	8	4	40	10	left	left	1	29	15.263	1900
22	9	4	40	10	left	left	1	25	15.328	1631
22	10	4	40	10	right	right	1	13	16.189	803
22	11	4	40	10	right	right	1	51	15.389	3314
22	12	4	40	10	right	right	1	15	15.106	993
22	13	4	40	10	right	right	1	16	15.671	1021
22	14	4	40	10	left	left	1	37	15.208	2433
22	15	4	40	10	left	left	1	40	15.232	2626
22	16	4	40	10	right	right	1	14	15.217	920
22	17	4	40	10	right	right	1	25	15.161	1649
22	18	4	40	10	right	right	1	28	15.102	1854
22	19	4	40	10	right	left	0	49	15.317	3199
22	20	4	40	10	left	left	1	46	15.212	3024
22	21	4	40	10	left	left	1	15	15.773	951
22	22	4	40	10	right	right	1	14	15.59	898
22	23	4	40	10	right	right	1	11	15.385	715
22	24	4	40	10	left	left	1	21	15.813	1328
22	25	4	40	10	right	right	1	10	15.337	652
22	26	4	40	10	right	right	1	43	15.146	2839
22	27	4	40	10	left	left	1	20	15.699	1274
23	1	4	40	10	left	left	1	36	15.391	2339
23	2	4	40	10	left	left	1	74	15.261	4849
23	3	4	40	10	left	left	1	40	15.25	2623
23	4	4	40	10	right	right	1	12	15.524	773
23	5	4	40	10	right	left	0	16	15.842	1010
23	6	4	40	10	right	right	1	11	16.717	658
23	7	4	40	10	right	right	1	10	16.077	622
23	8	4	40	10	left	left	1	20	15.444	1295
23	9	4	40	10	left	right	0	16	15.109	1059
23	10	4	40	10	right	right	1	10	15.898	629
23	11	4	40	10	right	right	1	16	15.519	1031
23	12	4	40	10	right	right	1	18	15.817	1138
23	13	4	40	10	right	right	1	16	15.34	1043
23	14	4	40	10	left	left	1	34	15.343	2216
23	15	4	40	10	right	right	1	11	15.385	715
23	16	4	40	10	right	right	1	11	16.591	663
23	17	4	40	10	right	right	1	12	15.404	779
23	18	4	40	10	right	right	1	44	15.32	2872
23	19	4	40	10	left	left	1	13	15.258	852
23	20	4	40	10	left	left	1	42	15.239	2756
23	21	4	40	10	right	right	1	10	15.898	629
23	22	4	40	10	right	right	1	12	16.151	743
23	23	4	40	10	right	right	1	11	15.714	700
23	24	4	40	10	left	left	1	36	15.248	2361
23	25	4	40	10	left	left	1	15	15.641	959
23	26	4	40	10	right	right	1	10	15.576	642
23	27	4	40	10	left	left	1	23	15.818	1454
23	28	4	40	10	left	left	1	58	15.376	3772
23	29	4	40	10	right	right	1	10	15.898	629
23	30	4	40	10	left	left	1	13	16.25	800
23	31	4	40	10	left	right	0	13	15.348	847
23	32	4	40	10	right	right	1	11	15.363	716
23	33	4	40	10	left	left	1	54	15.237	3544
24	1	4	40	10	right	right	1	28	15.127	1851
24	2	4	40	10	right	right	1	12	15.228	788
24	3	4	40	10	right	right	1	15	16.269	922
24	4	4	40	10	left	left	1	53	15.178	3492
24	5	4	40	10	left	right	0	17	15.858	1072
24	6	4	40	10	right	right	1	16	15.717	1018
24	7	4	40	10	right	right	1	24	15.8	1519
24	8	4	40	10	right	right	1	46	15.333	3000
24	9	4	40	10	right	right	1	16	15.64	1023
24	10	4	40	10	right	right	1	24	15.267	1572
24	11	4	40	10	left	right	0	92	15.217	6046
24	12	4	40	10	right	right	1	28	15.086	1856
24	13	4	40	10	left	left	1	13	15.312	849
24	14	4	40	10	right	right	1	18	15.491	1162
24	15	4	40	10	left	right	0	79	15.283	5169
24	16	4	40	10	left	left	1	119	15.153	7853
24	17	4	40	10	left	right	0	13	15.777	824
24	18	4	40	10	right	right	1	39	15.403	2532
24	19	4	40	10	right	right	1	12	15.464	776
24	20	4	40	10	right	right	1	14	16.092	870
24	21	4	40	10	right	right	1	20	15.083	1326
24	22	4	40	10	left	left	1	19	15.9	1195
24	23	4	40	10	left	left	1	37	15.501	2387
