
blkNum	trlNum	coherentDots	numberofDots	percentCoherence	winningDirection	response	correct	eventCount	averageFrameRate	RT
1	1	4	40	10	right	right	1	101	15.245	6625
1	2	4	40	10	right	left	0	63	15.181	4150
1	3	4	40	10	right	left	0	102	15.215	6704
1	4	4	40	10	right	right	1	157	15.231	10308
1	5	4	40	10	left	right	0	68	15.346	4431
1	6	4	40	10	right	left	0	59	15.337	3847
1	7	4	40	10	right	right	1	74	15.283	4842
1	8	4	40	10	left	right	0	57	15.22	3745
1	9	4	40	10	right	left	0	71	15.197	4672
1	10	4	40	10	right	right	1	148	15.164	9760
1	11	4	40	10	left	left	1	112	15.176	7380
1	12	4	40	10	left	left	1	93	15.226	6108
1	13	4	40	10	right	right	1	124	15.176	8171
1	14	4	40	10	left	left	1	123	15.193	8096
1	15	4	40	10	right	right	1	239	15.186	15738
1	16	4	40	10	right	right	1	125	15.199	8224
1	17	4	40	10	right	left	0	142	15.161	9366
1	18	4	40	10	right	right	1	124	15.155	8182
1	19	4	40	10	left	left	1	63	15.166	4154
1	20	4	40	10	right	right	1	124	15.211	8152
1	21	4	40	10	left	left	1	36	15.235	2363
1	22	4	40	10	left	left	1	53	15.186	3490
1	23	4	40	10	left	left	1	65	15.366	4230
1	24	4	40	10	right	right	1	100	15.195	6581
1	25	4	40	10	left	left	1	68	15.312	4441
1	26	4	40	10	left	left	1	74	15.248	4853
1	27	4	40	10	right	left	0	163	15.177	10740
1	28	4	40	10	right	right	1	114	15.178	7511
1	29	4	40	10	right	right	1	102	15.265	6682
1	30	4	40	10	left	left	1	87	15.189	5728
1	31	4	40	10	left	right	0	152	15.142	10038
1	32	4	40	10	right	left	0	87	15.212	5719
1	33	4	40	10	left	right	0	121	15.184	7969
1	34	4	40	10	left	right	0	92	15.142	6076
1	35	4	40	10	left	right	0	118	15.128	7800
1	36	4	40	10	left	left	1	220	15.186	14487
1	37	4	40	10	left	left	1	59	15.245	3870
1	38	4	40	10	left	right	0	81	15.191	5332
1	39	4	40	10	right	right	1	146	15.178	9619
1	40	4	40	10	left	left	1	163	15.209	10717
2	1	4	40	10	right	right	1	47	15.37	3058
2	2	4	40	10	left	left	1	37	15.494	2388
2	3	4	40	10	left	left	1	44	15.257	2884
2	4	4	40	10	left	right	0	63	15.199	4145
2	5	4	40	10	left	right	0	126	15.26	8257
2	6	4	40	10	left	left	1	38	15.188	2502
2	7	4	40	10	right	right	1	58	15.36	3776
2	8	4	40	10	left	left	1	122	15.153	8051
2	9	4	40	10	left	right	0	122	15.256	7997
2	10	4	40	10	right	right	1	123	15.146	8121
2	11	4	40	10	right	right	1	139	15.13	9187
2	12	4	40	10	right	left	0	68	15.145	4490
2	13	4	40	10	right	left	0	78	15.172	5141
2	14	4	40	10	left	right	0	183	15.23	12016
2	15	4	40	10	right	right	1	146	15.242	9579
2	16	4	40	10	right	left	0	94	15.27	6156
2	17	4	40	10	right	right	1	130	15.244	8528
2	18	4	40	10	left	left	1	171	15.185	11261
2	19	4	40	10	right	right	1	88	15.275	5761
2	20	4	40	10	left	left	1	210	15.173	13840
2	21	4	40	10	right	left	0	200	15.126	13222
2	22	4	40	10	right	right	1	177	15.157	11678
2	23	4	40	10	left	left	1	143	15.18	9420
2	24	4	40	10	left	left	1	96	15.287	6280
2	25	4	40	10	right	right	1	147	15.155	9700
2	26	4	40	10	left	right	0	203	15.141	13407
2	27	4	40	10	left	right	0	144	15.179	9487
2	28	4	40	10	right	left	0	74	15.334	4826
2	29	4	40	10	right	right	1	88	15.18	5797
2	30	4	40	10	left	left	1	43	15.423	2788
2	31	4	40	10	left	left	1	107	15.27	7007
2	32	4	40	10	right	right	1	71	15.207	4669
2	33	4	40	10	right	right	1	87	15.125	5752
2	34	4	40	10	left	left	1	100	15.195	6581
2	35	4	40	10	right	right	1	99	15.2	6513
2	36	4	40	10	right	right	1	157	15.222	10314
2	37	4	40	10	left	right	0	234	15.213	15382
2	38	4	40	10	left	left	1	124	15.181	8168
2	39	4	40	10	right	right	1	177	15.211	11636
2	40	4	40	10	left	left	1	107	15.266	7009
3	1	4	40	10	right	right	1	161	15.232	10570
3	2	4	40	10	left	right	0	89	15.253	5835
3	3	4	40	10	right	left	0	36	15.152	2376
3	4	4	40	10	right	right	1	54	15.147	3565
3	5	4	40	10	left	right	0	42	15.295	2746
3	6	4	40	10	right	right	1	165	15.164	10881
3	7	4	40	10	left	left	1	83	15.185	5466
3	8	4	40	10	right	left	0	96	15.207	6313
3	9	4	40	10	right	right	1	129	15.178	8499
3	10	4	40	10	right	right	1	122	15.206	8023
3	11	4	40	10	left	right	0	225	15.171	14831
3	12	4	40	10	right	left	0	69	15.225	4532
3	13	4	40	10	right	right	1	66	15.141	4359
3	14	4	40	10	left	right	0	130	15.226	8538
3	15	4	40	10	right	left	0	97	15.264	6355
3	16	4	40	10	left	left	1	100	15.119	6614
3	17	4	40	10	left	left	1	80	15.282	5235
3	18	4	40	10	left	left	1	131	15.199	8619
3	19	4	40	10	right	right	1	130	15.239	8531
3	20	4	40	10	left	left	1	142	15.158	9368
3	21	4	40	10	left	left	1	167	15.156	11019
3	22	4	40	10	right	left	0	201	15.171	13249
3	23	4	40	10	right	right	1	179	15.176	11795
3	24	4	40	10	right	left	0	106	15.184	6981
3	25	4	40	10	left	left	1	88	15.133	5815
3	26	4	40	10	left	left	1	93	15.139	6143
3	27	4	40	10	left	left	1	87	15.167	5736
3	28	4	40	10	right	right	1	137	15.214	9005
3	29	4	40	10	right	right	1	95	15.266	6223
3	30	4	40	10	right	right	1	123	15.193	8096
3	31	4	40	10	left	left	1	109	15.251	7147
3	32	4	40	10	right	left	0	149	15.17	9822
3	33	4	40	10	left	left	1	105	15.277	6873
3	34	4	40	10	left	right	0	173	15.159	11412
3	35	4	40	10	right	left	0	139	15.256	9111
3	36	4	40	10	left	left	1	81	15.246	5313
3	37	4	40	10	left	left	1	59	15.253	3868
3	38	4	40	10	right	left	0	142	15.207	9338
3	39	4	40	10	left	right	0	137	15.207	9009
3	40	4	40	10	left	left	1	118	15.163	7782
4	1	4	40	10	right	right	1	101	15.183	6652
4	2	4	40	10	left	left	1	77	15.299	5033
4	3	4	40	10	left	left	1	123	15.153	8117
4	4	4	40	10	left	left	1	149	15.204	9800
4	5	4	40	10	left	left	1	174	15.181	11462
4	6	4	40	10	left	right	0	132	15.225	8670
4	7	4	40	10	right	left	0	177	15.211	11636
4	8	4	40	10	left	right	0	123	15.165	8111
4	9	4	40	10	right	right	1	221	15.197	14542
4	10	4	40	10	right	right	1	89	15.248	5837
4	11	4	40	10	left	left	1	48	15.199	3158
4	12	4	40	10	left	left	1	97	15.189	6386
4	13	4	40	10	right	right	1	51	15.251	3344
4	14	4	40	10	right	right	1	49	15.27	3209
4	15	4	40	10	right	right	1	54	15.143	3566
4	16	4	40	10	right	right	1	53	15.425	3436
4	17	4	40	10	left	left	1	61	15.354	3973
4	18	4	40	10	left	left	1	34	15.192	2238
4	19	4	40	10	right	right	1	22	15.515	1418
4	20	4	40	10	left	left	1	31	15.189	2041
4	21	4	40	10	left	left	1	28	15.276	1833
4	22	4	40	10	left	left	1	38	15.51	2450
4	23	4	40	10	left	left	1	27	15.661	1724
4	24	4	40	10	right	right	1	189	15.199	12435
4	25	4	40	10	left	right	0	43	15.2	2829
4	26	4	40	10	right	right	1	77	15.311	5029
4	27	4	40	10	left	left	1	42	15.179	2767
4	28	4	40	10	left	left	1	54	15.337	3521
4	29	4	40	10	right	right	1	98	15.222	6438
4	30	4	40	10	right	right	1	114	15.212	7494
4	31	4	40	10	right	right	1	163	15.159	10753
4	32	4	40	10	left	left	1	107	15.149	7063
4	33	4	40	10	right	left	0	100	15.172	6591
4	34	4	40	10	left	right	0	67	15.207	4406
4	35	4	40	10	right	right	1	118	15.24	7743
4	36	4	40	10	right	left	0	82	15.205	5393
4	37	4	40	10	left	right	0	85	15.173	5602
4	38	4	40	10	right	left	0	127	15.202	8354
4	39	4	40	10	right	right	1	46	15.217	3023
4	40	4	40	10	right	right	1	38	15.341	2477
5	1	4	40	10	left	right	0	29	15.409	1882
5	2	4	40	10	left	left	1	16	15.355	1042
5	3	4	40	10	left	left	1	26	15.7	1656
5	4	4	40	10	left	left	1	21	15.672	1340
5	5	4	40	10	right	right	1	25	15.152	1650
5	6	4	40	10	right	left	0	30	15.19	1975
5	7	4	40	10	right	right	1	31	15.316	2024
5	8	4	40	10	right	right	1	28	15.359	1823
5	9	4	40	10	right	right	1	18	15.101	1192
5	10	4	40	10	left	left	1	15	15.464	970
5	11	4	40	10	right	right	1	12	15.686	765
5	12	4	40	10	left	left	1	11	15.537	708
5	13	4	40	10	left	left	1	18	15.088	1193
5	14	4	40	10	right	right	1	32	15.253	2098
5	15	4	40	10	right	right	1	23	15.192	1514
5	16	4	40	10	right	right	1	16	15.444	1036
5	17	4	40	10	left	left	1	12	15.132	793
5	18	4	40	10	left	left	1	17	15.511	1096
5	19	4	40	10	left	left	1	17	15.525	1095
5	20	4	40	10	left	left	1	14	16.092	870
5	21	4	40	10	left	left	1	20	15.163	1319
5	22	4	40	10	right	right	1	14	15.556	900
5	23	4	40	10	right	left	0	17	15.441	1101
5	24	4	40	10	right	right	1	17	15.843	1073
5	25	4	40	10	right	left	0	21	15.637	1343
5	26	4	40	10	right	right	1	26	15.691	1657
5	27	4	40	10	right	left	0	20	15.637	1279
5	28	4	40	10	right	right	1	19	15.638	1215
5	29	4	40	10	left	left	1	14	15.748	889
5	30	4	40	10	left	left	1	15	15.974	939
5	31	4	40	10	right	right	1	14	15.267	917
5	32	4	40	10	left	left	1	51	15.399	3312
5	33	4	40	10	left	left	1	35	15.521	2255
5	34	4	40	10	left	left	1	22	15.771	1395
5	35	4	40	10	left	left	1	16	15.842	1010
5	36	4	40	10	left	left	1	31	15.454	2006
5	37	4	40	10	right	left	0	26	15.439	1684
5	38	4	40	10	right	right	1	26	15.339	1695
5	39	4	40	10	left	left	1	14	15.964	877
5	40	4	40	10	right	left	0	10	15.873	630
6	1	4	40	10	left	left	1	30	15.528	1932
6	2	4	40	10	right	left	0	9	16.304	552
6	3	4	40	10	right	right	1	17	15.426	1102
6	4	4	40	10	left	left	1	11	16.248	677
6	5	4	40	10	right	left	0	18	15.611	1153
6	6	4	40	10	left	left	1	22	15.131	1454
6	7	4	40	10	right	right	1	15	15.528	966
6	8	4	40	10	right	left	0	13	16.23	801
6	9	4	40	10	left	left	1	17	15.903	1069
6	10	4	40	10	right	right	1	20	15.773	1268
6	11	4	40	10	left	left	1	17	15.873	1071
6	12	4	40	10	left	left	1	19	15.561	1221
6	13	4	40	10	left	left	1	38	15.435	2462
6	14	4	40	10	right	right	1	15	16.009	937
6	15	4	40	10	right	left	0	13	16.189	803
6	16	4	40	10	left	right	0	18	15.748	1143
6	17	4	40	10	right	left	0	31	15.408	2012
6	18	4	40	10	left	left	1	33	15.285	2159
6	19	4	40	10	left	left	1	27	15.059	1793
6	20	4	40	10	left	left	1	35	15.446	2266
6	21	4	40	10	left	left	1	34	15.35	2215
6	22	4	40	10	right	right	1	23	15.436	1490
6	23	4	40	10	left	right	0	36	15.183	2371
6	24	4	40	10	right	right	1	31	15.5	2000
6	25	4	40	10	right	left	0	16	15.656	1022
6	26	4	40	10	left	left	1	29	15.368	1887
6	27	4	40	10	right	right	1	14	15.038	931
6	28	4	40	10	right	right	1	20	15.662	1277
6	29	4	40	10	left	left	1	21	15.251	1377
6	30	4	40	10	right	right	1	25	15.557	1607
6	31	4	40	10	left	left	1	27	15.315	1763
6	32	4	40	10	right	right	1	19	15.2	1250
6	33	4	40	10	left	left	1	19	15.36	1237
6	34	4	40	10	right	right	1	33	15.399	2143
6	35	4	40	10	right	left	0	28	15.209	1841
6	36	4	40	10	right	right	1	19	15.728	1208
6	37	4	40	10	left	left	1	17	15.611	1089
6	38	4	40	10	right	left	0	39	15.093	2584
6	39	4	40	10	left	left	1	36	15.398	2338
6	40	4	40	10	left	right	0	27	15.194	1777
7	1	4	40	10	left	left	1	22	15.504	1419
7	2	4	40	10	left	left	1	16	15.595	1026
7	3	4	40	10	right	right	1	15	15.496	968
7	4	4	40	10	left	left	1	14	16	875
7	5	4	40	10	right	right	1	16	15.795	1013
7	6	4	40	10	left	left	1	14	15.334	913
7	7	4	40	10	right	right	1	13	15.873	819
7	8	4	40	10	right	left	0	15	15.839	947
7	9	4	40	10	right	left	0	12	15.894	755
7	10	4	40	10	left	left	1	18	15.345	1173
7	11	4	40	10	right	right	1	22	15.214	1446
7	12	4	40	10	left	left	1	33	15.242	2165
7	13	4	40	10	left	left	1	15	15.756	952
7	14	4	40	10	left	left	1	15	15.198	987
7	15	4	40	10	right	right	1	18	15.013	1199
7	16	4	40	10	left	left	1	26	15.187	1712
7	17	4	40	10	right	right	1	18	15.748	1143
7	18	4	40	10	left	left	1	17	15.413	1103
7	19	4	40	10	right	right	1	16	15.296	1046
7	20	4	40	10	right	left	0	16	15.444	1036
7	21	4	40	10	right	right	1	23	15.072	1526
7	22	4	40	10	left	left	1	18	15.625	1152
7	23	4	40	10	left	left	1	22	15.805	1392
7	24	4	40	10	right	left	0	23	15.062	1527
7	25	4	40	10	left	right	0	35	15.528	2254
7	26	4	40	10	left	left	1	38	15.279	2487
7	27	4	40	10	left	left	1	37	15.208	2433
7	28	4	40	10	right	right	1	50	15.119	3307
7	29	4	40	10	left	right	0	31	15.547	1994
7	30	4	40	10	left	left	1	32	15.231	2101
7	31	4	40	10	right	left	0	29	15.128	1917
7	32	4	40	10	right	right	1	31	15.461	2005
7	33	4	40	10	left	right	0	38	15.206	2499
7	34	4	40	10	right	right	1	40	15.134	2643
7	35	4	40	10	left	right	0	21	15.51	1354
7	36	4	40	10	right	right	1	41	15.14	2708
7	37	4	40	10	right	right	1	49	15.18	3228
7	38	4	40	10	right	right	1	35	15.073	2322
7	39	4	40	10	left	left	1	72	15.228	4728
7	40	4	40	10	right	right	1	23	15.092	1524
8	1	4	40	10	right	right	1	21	15.672	1340
8	2	4	40	10	left	left	1	12	15.936	753
8	3	4	40	10	right	right	1	12	16.327	735
8	4	4	40	10	left	left	1	9	15.075	597
8	5	4	40	10	left	left	1	15	15.136	991
8	6	4	40	10	left	left	1	14	15.168	923
8	7	4	40	10	left	left	1	26	15.588	1668
8	8	4	40	10	left	right	0	31	15.485	2002
8	9	4	40	10	left	right	0	17	15.539	1094
8	10	4	40	10	left	right	0	21	15.625	1344
8	11	4	40	10	right	right	1	14	16.166	866
8	12	4	40	10	left	left	1	33	15.313	2155
8	13	4	40	10	right	right	1	16	15.195	1053
8	14	4	40	10	left	left	1	15	15.198	987
8	15	4	40	10	right	left	0	22	15.548	1415
8	16	4	40	10	left	left	1	16	15.952	1003
8	17	4	40	10	left	right	0	14	15.368	911
8	18	4	40	10	right	right	1	20	15.649	1278
8	19	4	40	10	left	right	0	12	15.424	778
8	20	4	40	10	right	left	0	17	15.785	1077
8	21	4	40	10	right	right	1	13	15.912	817
8	22	4	40	10	right	right	1	15	15.496	968
8	23	4	40	10	left	right	0	18	15.901	1132
8	24	4	40	10	left	right	0	24	15.385	1560
8	25	4	40	10	right	left	0	23	15.457	1488
8	26	4	40	10	left	right	0	13	15.366	846
8	27	4	40	10	right	left	0	24	15.595	1539
8	28	4	40	10	right	right	1	30	15.416	1946
8	29	4	40	10	right	right	1	14	15.964	877
8	30	4	40	10	left	right	0	22	15.647	1406
8	31	4	40	10	left	right	0	41	15.152	2706
8	32	4	40	10	right	right	1	33	15.172	2175
8	33	4	40	10	right	right	1	24	15.524	1546
8	34	4	40	10	right	right	1	17	15.568	1092
8	35	4	40	10	right	right	1	19	15.69	1211
8	36	4	40	10	right	right	1	24	15.19	1580
8	37	4	40	10	left	right	0	19	15.323	1240
8	38	4	40	10	left	right	0	10	15.649	639
8	39	4	40	10	right	right	1	13	15.348	847
8	40	4	40	10	right	right	1	11	16.393	671
9	1	4	40	10	right	right	1	16	15.857	1009
9	2	4	40	10	right	right	1	22	15.385	1430
9	3	4	40	10	left	left	1	26	15.504	1677
9	4	4	40	10	right	right	1	16	15.826	1011
9	5	4	40	10	left	right	0	16	15.267	1048
9	6	4	40	10	left	left	1	12	15.424	778
9	7	4	40	10	right	right	1	12	15.936	753
9	8	4	40	10	right	right	1	15	15.259	983
9	9	4	40	10	right	left	0	12	15.248	787
9	10	4	40	10	right	right	1	10	16.26	615
9	11	4	40	10	left	left	1	12	15.936	753
9	12	4	40	10	left	left	1	12	16	750
9	13	4	40	10	right	left	0	13	15.7	828
9	14	4	40	10	left	left	1	15	16.009	937
9	15	4	40	10	left	right	0	20	15.773	1268
9	16	4	40	10	left	left	1	26	15.294	1700
9	17	4	40	10	left	left	1	19	15.2	1250
9	18	4	40	10	right	right	1	21	15.754	1333
9	19	4	40	10	right	right	1	18	15.385	1170
9	20	4	40	10	left	right	0	18	15.803	1139
9	21	4	40	10	right	right	1	21	15.441	1360
9	22	4	40	10	left	right	0	23	15.488	1485
9	23	4	40	10	left	left	1	26	15.303	1699
9	24	4	40	10	right	right	1	17	15.385	1105
9	25	4	40	10	left	left	1	17	15.962	1065
9	26	4	40	10	right	right	1	15	15.773	951
9	27	4	40	10	left	left	1	14	15.317	914
9	28	4	40	10	right	right	1	15	15.432	972
9	29	4	40	10	left	left	1	14	15.504	903
9	30	4	40	10	left	right	0	12	15.132	793
9	31	4	40	10	left	right	0	18	15.986	1126
9	32	4	40	10	left	left	1	16	15.123	1058
9	33	4	40	10	left	left	1	10	15.823	632
9	34	4	40	10	right	right	1	13	15.873	819
9	35	4	40	10	right	right	1	11	15.257	721
9	36	4	40	10	left	left	1	9	16.1	559
9	37	4	40	10	right	right	1	8	16.913	473
9	38	4	40	10	right	left	0	9	16.304	552
9	39	4	40	10	right	right	1	11	15.515	709
9	40	4	40	10	right	right	1	11	16.32	674
10	1	4	40	10	left	right	0	12	15.287	785
10	2	4	40	10	left	left	1	10	16.103	621
10	3	4	40	10	left	left	1	8	15.905	503
10	4	4	40	10	right	right	1	14	15.642	895
10	5	4	40	10	right	right	1	8	16.913	473
10	6	4	40	10	left	left	1	14	15.487	904
10	7	4	40	10	right	right	1	12	15.132	793
10	8	4	40	10	left	left	1	10	15.798	633
10	9	4	40	10	left	right	0	11	16.082	684
10	10	4	40	10	left	left	1	10	16.313	613
10	11	4	40	10	left	left	1	20	15.444	1295
10	12	4	40	10	left	left	1	9	15.544	579
10	13	4	40	10	left	left	1	14	15.538	901
10	14	4	40	10	right	left	0	9	16.334	551
10	15	4	40	10	right	right	1	15	15.94	941
10	16	4	40	10	left	left	1	19	15.742	1207
10	17	4	40	10	right	right	1	17	15.165	1121
10	18	4	40	10	right	right	1	16	15.37	1041
10	19	4	40	10	left	left	1	12	16.349	734
10	20	4	40	10	right	left	0	26	15.303	1699
10	21	4	40	10	right	right	1	14	15.368	911
10	22	4	40	10	right	left	0	21	15.521	1353
10	23	4	40	10	right	right	1	14	16.148	867
10	24	4	40	10	left	left	1	27	15.237	1772
10	25	4	40	10	right	right	1	22	15.068	1460
10	26	4	40	10	left	right	0	17	15.697	1083
10	27	4	40	10	right	right	1	23	15.072	1526
10	28	4	40	10	left	right	0	16	15.625	1024
10	29	4	40	10	right	left	0	5	18.248	274
10	30	4	40	10	left	left	1	27	15.553	1736
10	31	4	40	10	left	left	1	22	15.374	1431
10	32	4	40	10	left	right	0	30	15.633	1919
10	33	4	40	10	right	right	1	21	15.441	1360
10	34	4	40	10	right	right	1	10	15.504	645
10	35	4	40	10	right	right	1	14	15.608	897
10	36	4	40	10	right	right	1	12	15.748	762
10	37	4	40	10	right	right	1	21	15.34	1369
10	38	4	40	10	left	right	0	23	15.636	1471
10	39	4	40	10	right	right	1	12	15.385	780
10	40	4	40	10	left	right	0	23	15.344	1499
11	1	4	40	10	right	right	1	12	15.075	796
11	2	4	40	10	right	right	1	22	15.331	1435
11	3	4	40	10	left	left	1	14	15.573	899
11	4	4	40	10	left	right	0	9	15.957	564
11	5	4	40	10	right	right	1	11	16.32	674
11	6	4	40	10	left	left	1	14	16.241	862
11	7	4	40	10	left	left	1	10	16.287	614
11	8	4	40	10	left	left	1	10	16.234	616
11	9	4	40	10	right	right	1	15	15.707	955
11	10	4	40	10	right	right	1	15	15.528	966
11	11	4	40	10	right	right	1	18	15.491	1162
11	12	4	40	10	left	right	0	21	15.152	1386
11	13	4	40	10	right	right	1	10	15.504	645
11	14	4	40	10	right	left	0	9	16.544	544
11	15	4	40	10	right	right	1	10	15.291	654
11	16	4	40	10	left	left	1	14	16.018	874
11	17	4	40	10	right	left	0	11	16.105	683
11	18	4	40	10	left	right	0	12	16.043	748
11	19	4	40	10	left	left	1	19	15.237	1247
11	20	4	40	10	left	left	1	13	15.152	858
11	21	4	40	10	left	left	1	15	15.448	971
11	22	4	40	10	right	right	1	16	15.779	1014
11	23	4	40	10	left	right	0	15	15.576	963
11	24	4	40	10	right	right	1	15	15.56	964
11	25	4	40	10	left	left	1	33	15.399	2143
11	26	4	40	10	left	right	0	18	15.943	1129
11	27	4	40	10	left	left	1	15	15.167	989
11	28	4	40	10	left	right	0	30	15.617	1921
11	29	4	40	10	right	left	0	25	15.461	1617
11	30	4	40	10	left	left	1	16	15.702	1019
11	31	4	40	10	left	left	1	18	15.517	1160
11	32	4	40	10	right	left	0	22	15.027	1464
11	33	4	40	10	right	right	1	18	15.228	1182
11	34	4	40	10	right	left	0	14	15.005	933
11	35	4	40	10	right	right	1	11	15.692	701
11	36	4	40	10	left	left	1	17	15.712	1082
11	37	4	40	10	right	left	0	21	15.173	1384
11	38	4	40	10	right	right	1	15	15.306	980
11	39	4	40	10	right	right	1	18	15.411	1168
11	40	4	40	10	left	right	0	13	15.912	817
12	1	4	40	10	left	left	1	26	15.476	1680
12	2	4	40	10	right	right	1	11	15.67	702
12	3	4	40	10	left	right	0	13	15.569	835
12	4	4	40	10	right	left	0	9	16.334	551
12	5	4	40	10	right	right	1	13	15.682	829
12	6	4	40	10	left	left	1	10	15.129	661
12	7	4	40	10	left	left	1	11	15.428	713
12	8	4	40	10	right	right	1	17	16.008	1062
12	9	4	40	10	right	right	1	16	15.326	1044
12	10	4	40	10	left	left	1	33	15.442	2137
12	11	4	40	10	right	right	1	24	15.595	1539
12	12	4	40	10	right	right	1	22	15.658	1405
12	13	4	40	10	left	left	1	22	15.406	1428
12	14	4	40	10	left	left	1	13	16.189	803
12	15	4	40	10	right	left	0	10	16.393	610
12	16	4	40	10	left	left	1	14	15.608	897
12	17	4	40	10	left	right	0	13	16.03	811
12	18	4	40	10	right	left	0	11	15.827	695
12	19	4	40	10	left	left	1	12	15.789	760
12	20	4	40	10	right	left	0	9	15.05	598
12	21	4	40	10	left	left	1	10	15.898	629
12	22	4	40	10	left	left	1	12	15.625	768
12	23	4	40	10	right	right	1	20	15.649	1278
12	24	4	40	10	right	right	1	20	15.699	1274
12	25	4	40	10	right	left	0	25	15.576	1605
12	26	4	40	10	left	left	1	19	15.447	1230
12	27	4	40	10	left	left	1	22	15.193	1448
12	28	4	40	10	right	left	0	12	15.625	768
12	29	4	40	10	right	right	1	5	15.48	323
12	30	4	40	10	left	left	1	13	16.129	806
12	31	4	40	10	right	right	1	12	16.021	749
12	32	4	40	10	right	left	0	9	15.101	596
12	33	4	40	10	right	right	1	8	16.598	482
12	34	4	40	10	left	right	0	7	15.556	450
12	35	4	40	10	left	right	0	27	15.652	1725
12	36	4	40	10	right	right	1	14	15.487	904
12	37	4	40	10	left	left	1	11	15.068	730
12	38	4	40	10	left	right	0	12	16.304	736
12	39	4	40	10	left	right	0	13	16.189	803
12	40	4	40	10	right	right	1	15	15.641	959
13	1	4	40	10	right	right	1	11	15.027	732
13	2	4	40	10	left	right	0	9	16.484	546
13	3	4	40	10	right	right	1	13	15.971	814
13	4	4	40	10	right	right	1	9	15.901	566
13	5	4	40	10	right	left	0	21	15.825	1327
13	6	4	40	10	left	right	0	6	16.997	353
13	7	4	40	10	right	right	1	9	15.385	585
13	8	4	40	10	right	right	1	16	15.952	1003
13	9	4	40	10	left	left	1	22	15.46	1423
13	10	4	40	10	right	left	0	23	15.395	1494
13	11	4	40	10	right	right	1	17	15.554	1093
13	12	4	40	10	right	right	1	38	15.453	2459
13	13	4	40	10	right	left	0	37	15.133	2445
13	14	4	40	10	left	left	1	13	15.7	828
13	15	4	40	10	right	left	0	61	15.148	4027
13	16	4	40	10	left	left	1	12	15.748	762
13	17	4	40	10	left	left	1	13	16.23	801
13	18	4	40	10	left	left	1	12	16.304	736
13	19	4	40	10	left	right	0	12	15.831	758
13	20	4	40	10	left	right	0	15	15.756	952
13	21	4	40	10	right	right	1	9	16.514	545
13	22	4	40	10	right	right	1	19	15.31	1241
13	23	4	40	10	left	left	1	24	15.345	1564
13	24	4	40	10	left	right	0	41	15.443	2655
13	25	4	40	10	left	left	1	9	15.152	594
13	26	4	40	10	right	right	1	12	16.238	739
13	27	4	40	10	right	right	1	9	15.598	577
13	28	4	40	10	left	right	0	7	16.706	419
13	29	4	40	10	left	left	1	5	15.385	325
13	30	4	40	10	left	right	0	17	15.741	1080
13	31	4	40	10	left	left	1	17	15.469	1099
13	32	4	40	10	right	right	1	14	15.184	922
13	33	4	40	10	right	left	0	24	15.494	1549
13	34	4	40	10	left	right	0	5	16.234	308
13	35	4	40	10	left	right	0	18	15.358	1172
13	36	4	40	10	left	left	1	20	15.232	1313
13	37	4	40	10	left	left	1	22	15.214	1446
13	38	4	40	10	right	right	1	12	16.021	749
13	39	4	40	10	right	right	1	12	15.564	771
13	40	4	40	10	right	right	1	29	15.541	1866
14	1	4	40	10	left	left	1	18	15.385	1170
14	2	4	40	10	left	left	1	33	15.264	2162
14	3	4	40	10	left	left	1	19	15.677	1212
14	4	4	40	10	right	left	0	15	15.658	958
14	5	4	40	10	right	right	1	18	15.437	1166
14	6	4	40	10	right	right	1	9	15.873	567
14	7	4	40	10	right	left	0	18	15.306	1176
14	8	4	40	10	right	right	1	12	15.504	774
14	9	4	40	10	left	left	1	10	14.97	668
14	10	4	40	10	right	right	1	12	15.306	784
14	11	4	40	10	right	left	0	13	15.663	830
14	12	4	40	10	right	right	1	9	15.762	571
14	13	4	40	10	left	right	0	13	15.532	837
14	14	4	40	10	left	left	1	22	15.428	1426
14	15	4	40	10	left	left	1	18	15.203	1184
14	16	4	40	10	right	left	0	21	15.613	1345
14	17	4	40	10	left	left	1	12	15.544	772
14	18	4	40	10	left	right	0	17	15.26	1114
14	19	4	40	10	right	left	0	19	15.755	1206
14	20	4	40	10	left	left	1	18	15.05	1196
14	21	4	40	10	right	right	1	17	15.903	1069
14	22	4	40	10	left	right	0	21	15.672	1340
14	23	4	40	10	right	right	1	11	15.67	702
14	24	4	40	10	left	right	0	17	15.582	1091
14	25	4	40	10	left	right	0	17	15.315	1110
14	26	4	40	10	left	left	1	18	15.385	1170
14	27	4	40	10	right	right	1	14	15.038	931
14	28	4	40	10	right	right	1	10	15.48	646
14	29	4	40	10	right	right	1	15	15.48	969
14	30	4	40	10	right	right	1	10	15.528	644
14	31	4	40	10	left	right	0	9	16.304	552
14	32	4	40	10	left	right	0	8	15.968	501
14	33	4	40	10	left	right	0	14	15.59	898
14	34	4	40	10	right	right	1	10	15.823	632
14	35	4	40	10	left	left	1	25	15.216	1643
14	36	4	40	10	right	right	1	21	15.625	1344
14	37	4	40	10	left	left	1	18	15.139	1189
14	38	4	40	10	right	right	1	15	15.789	950
14	39	4	40	10	right	left	0	20	15.613	1281
14	40	4	40	10	left	right	0	14	15.608	897
15	1	4	40	10	right	right	1	14	15.021	932
15	2	4	40	10	right	right	1	13	16.109	807
15	3	4	40	10	left	left	1	13	16.129	806
15	4	4	40	10	right	left	0	17	16.008	1062
15	5	4	40	10	left	left	1	16	16	1000
15	6	4	40	10	right	left	0	20	15.373	1301
15	7	4	40	10	right	right	1	20	15.552	1286
15	8	4	40	10	right	left	0	14	15.891	881
15	9	4	40	10	left	left	1	14	16.073	871
15	10	4	40	10	right	right	1	15	15.228	985
15	11	4	40	10	right	left	0	10	15.699	637
15	12	4	40	10	left	left	1	9	15.28	589
15	13	4	40	10	left	left	1	15	15.528	966
15	14	4	40	10	left	left	1	22	15.603	1410
15	15	4	40	10	right	right	1	21	15.801	1329
15	16	4	40	10	left	left	1	17	15.539	1094
15	17	4	40	10	right	right	1	16	15.686	1020
15	18	4	40	10	left	left	1	15	15.74	953
15	19	4	40	10	right	right	1	10	15.528	644
15	20	4	40	10	left	left	1	10	15.244	656
15	21	4	40	10	left	right	0	15	15.075	995
15	22	4	40	10	right	right	1	16	15.429	1037
15	23	4	40	10	left	left	1	19	15.224	1248
15	24	4	40	10	right	right	1	11	16.296	675
15	25	4	40	10	left	left	1	14	15.784	887
15	26	4	40	10	right	right	1	18	15.517	1160
15	27	4	40	10	left	left	1	13	16.069	809
15	28	4	40	10	left	right	0	15	15.121	992
15	29	4	40	10	right	right	1	14	16.185	865
15	30	4	40	10	left	left	1	18	15.817	1138
15	31	4	40	10	right	right	1	14	15.184	922
15	32	4	40	10	left	left	1	12	15.873	756
15	33	4	40	10	left	left	1	15	15.322	979
15	34	4	40	10	right	right	1	22	15.647	1406
15	35	4	40	10	right	left	0	29	15.516	1869
15	36	4	40	10	right	left	0	11	15.342	717
15	37	4	40	10	left	left	1	51	15.183	3359
15	38	4	40	10	right	right	1	13	15.476	840
15	39	4	40	10	left	left	1	18	15.306	1176
15	40	4	40	10	left	right	0	13	15.187	856
16	1	4	40	10	right	right	1	13	16.311	797
16	2	4	40	10	left	right	0	9	15.517	580
16	3	4	40	10	left	left	1	9	16.453	547
16	4	4	40	10	right	left	0	12	16.216	740
16	5	4	40	10	left	left	1	23	15.646	1470
16	6	4	40	10	left	right	0	25	15.253	1639
16	7	4	40	10	left	left	1	14	15.217	920
16	8	4	40	10	right	right	1	12	15.404	779
16	9	4	40	10	right	left	0	17	15.165	1121
16	10	4	40	10	right	right	1	14	15.66	894
16	11	4	40	10	right	right	1	15	15.756	952
16	12	4	40	10	right	left	0	16	15.109	1059
16	13	4	40	10	left	left	1	14	15.521	902
16	14	4	40	10	right	left	0	36	15.101	2384
16	15	4	40	10	right	right	1	12	15.544	772
16	16	4	40	10	right	right	1	17	15.814	1075
16	17	4	40	10	left	left	1	20	15.81	1265
16	18	4	40	10	right	right	1	15	15.291	981
16	19	4	40	10	right	right	1	15	15.353	977
16	20	4	40	10	left	left	1	14	15.419	908
16	21	4	40	10	right	right	1	17	15.668	1085
16	22	4	40	10	right	right	1	20	15.094	1325
16	23	4	40	10	right	left	0	18	15.075	1194
16	24	4	40	10	left	left	1	11	15.625	704
16	25	4	40	10	left	left	1	15	15.576	963
16	26	4	40	10	right	right	1	17	15.992	1063
16	27	4	40	10	left	right	0	13	15.385	845
16	28	4	40	10	left	right	0	22	15.257	1442
16	29	4	40	10	left	left	1	16	15.64	1023
16	30	4	40	10	left	left	1	13	15.55	836
16	31	4	40	10	left	left	1	21	15.487	1356
16	32	4	40	10	left	right	0	17	15.962	1065
16	33	4	40	10	right	right	1	29	15.458	1876
16	34	4	40	10	left	right	0	18	15.972	1127
16	35	4	40	10	right	right	1	18	15.063	1195
16	36	4	40	10	left	right	0	14	15.402	909
16	37	4	40	10	right	right	1	19	15.188	1251
16	38	4	40	10	left	left	1	18	15.986	1126
16	39	4	40	10	left	left	1	15	15.658	958
16	40	4	40	10	right	left	0	22	15.526	1417
17	1	4	40	10	right	right	1	12	15.707	764
17	2	4	40	10	left	left	1	13	15.152	858
17	3	4	40	10	right	right	1	17	15.582	1091
17	4	4	40	10	left	left	1	12	16.086	746
17	5	4	40	10	left	left	1	15	15.89	944
17	6	4	40	10	right	right	1	12	15.748	762
17	7	4	40	10	right	right	1	15	15.369	976
17	8	4	40	10	right	left	0	20	15.198	1316
17	9	4	40	10	right	right	1	12	16.349	734
17	10	4	40	10	right	left	0	17	15.582	1091
17	11	4	40	10	right	left	0	18	15.986	1126
17	12	4	40	10	right	right	1	21	15.317	1371
17	13	4	40	10	right	right	1	23	15.53	1481
17	14	4	40	10	left	left	1	19	15.103	1258
17	15	4	40	10	right	left	0	31	15.226	2036
17	16	4	40	10	right	right	1	30	15.432	1944
17	17	4	40	10	left	left	1	15	15.045	997
17	18	4	40	10	right	right	1	17	15.726	1081
17	19	4	40	10	right	right	1	18	15.424	1167
17	20	4	40	10	left	left	1	16	15.385	1040
17	21	4	40	10	left	left	1	19	15.152	1254
17	22	4	40	10	left	left	1	22	15.449	1424
17	23	4	40	10	left	right	0	18	15.734	1144
17	24	4	40	10	right	right	1	18	15.776	1141
17	25	4	40	10	right	left	0	21	15.217	1380
17	26	4	40	10	left	left	1	31	15.263	2031
17	27	4	40	10	left	left	1	23	15.232	1510
17	28	4	40	10	left	right	0	18	15.306	1176
17	29	4	40	10	right	right	1	27	15.652	1725
17	30	4	40	10	right	right	1	14	15.573	899
17	31	4	40	10	left	left	1	13	16.311	797
17	32	4	40	10	left	left	1	15	15.306	980
17	33	4	40	10	right	right	1	12	15.152	792
17	34	4	40	10	left	left	1	11	15.827	695
17	35	4	40	10	right	right	1	14	15.021	932
17	36	4	40	10	left	right	0	14	15.102	927
17	37	4	40	10	left	left	1	5	14.62	342
17	38	4	40	10	left	right	0	11	15.581	706
17	39	4	40	10	left	left	1	9	15.544	579
17	40	4	40	10	left	left	1	10	14.948	669
18	1	4	40	10	right	right	1	10	15.06	664
18	2	4	40	10	right	right	1	11	15.027	732
18	3	4	40	10	left	left	1	12	16.107	745
18	4	4	40	10	right	right	1	11	16.012	687
18	5	4	40	10	left	left	1	13	15.258	852
18	6	4	40	10	left	left	1	17	15.343	1108
18	7	4	40	10	left	right	0	12	16.238	739
18	8	4	40	10	left	left	1	19	15.548	1222
18	9	4	40	10	right	right	1	13	15.476	840
18	10	4	40	10	left	right	0	21	15.351	1368
18	11	4	40	10	right	left	0	7	15.251	459
18	12	4	40	10	right	right	1	14	15.251	918
18	13	4	40	10	right	left	0	23	15.282	1505
18	14	4	40	10	right	right	1	20	15.54	1287
18	15	4	40	10	left	left	1	15	15.856	946
18	16	4	40	10	right	right	1	14	16.11	869
18	17	4	40	10	right	left	0	27	15.22	1774
18	18	4	40	10	left	right	0	17	15.712	1082
18	19	4	40	10	right	left	0	17	16.023	1061
18	20	4	40	10	left	right	0	25	15.547	1608
18	21	4	40	10	left	left	1	25	15.615	1601
18	22	4	40	10	left	right	0	18	15.776	1141
18	23	4	40	10	left	right	0	24	15.524	1546
18	24	4	40	10	right	right	1	25	15.385	1625
18	25	4	40	10	left	left	1	18	16	1125
18	26	4	40	10	left	right	0	14	15.677	893
18	27	4	40	10	right	right	1	14	15.855	883
18	28	4	40	10	left	left	1	16	15.671	1021
18	29	4	40	10	right	right	1	15	15.353	977
18	30	4	40	10	left	left	1	19	15.36	1237
18	31	4	40	10	right	right	1	16	15.166	1055
18	32	4	40	10	left	left	1	10	16.103	621
18	33	4	40	10	left	left	1	18	15.845	1136
18	34	4	40	10	left	left	1	19	15.224	1248
18	35	4	40	10	right	left	0	17	15.357	1107
18	36	4	40	10	left	right	0	5	14.577	343
18	37	4	40	10	right	right	1	16	15.64	1023
18	38	4	40	10	right	right	1	16	15.686	1020
18	39	4	40	10	right	right	1	16	15.489	1033
18	40	4	40	10	right	right	1	16	15.534	1030
19	1	4	40	10	left	right	0	21	15.273	1375
19	2	4	40	10	right	right	1	12	16.282	737
19	3	4	40	10	left	left	1	9	15.228	591
19	4	4	40	10	left	left	1	10	16	625
19	5	4	40	10	left	left	1	15	15.56	964
19	6	4	40	10	right	right	1	18	15.113	1191
19	7	4	40	10	right	right	1	22	15.267	1441
19	8	4	40	10	left	right	0	17	15.179	1120
19	9	4	40	10	left	left	1	22	15.748	1397
19	10	4	40	10	right	right	1	30	15.221	1971
19	11	4	40	10	right	right	1	23	15.457	1488
19	12	4	40	10	left	left	1	15	15.353	977
19	13	4	40	10	left	left	1	38	15.292	2485
19	14	4	40	10	left	left	1	24	15.635	1535
19	15	4	40	10	right	right	1	12	15.132	793
19	16	4	40	10	left	left	1	16	15.984	1001
19	17	4	40	10	right	right	1	12	16.021	749
19	18	4	40	10	left	left	1	21	15.683	1339
19	19	4	40	10	right	right	1	17	15.625	1088
19	20	4	40	10	right	right	1	33	15.285	2159
19	21	4	40	10	right	left	0	44	15.272	2881
19	22	4	40	10	left	left	1	38	15.212	2498
19	23	4	40	10	right	right	1	33	15.363	2148
19	24	4	40	10	left	right	0	28	15.436	1814
19	25	4	40	10	right	left	0	33	15.138	2180
19	26	4	40	10	left	left	1	18	15.571	1156
19	27	4	40	10	right	right	1	14	16.129	868
19	28	4	40	10	right	right	1	20	15.468	1293
19	29	4	40	10	left	left	1	29	15.417	1881
19	30	4	40	10	right	left	0	28	15.521	1804
19	31	4	40	10	left	right	0	11	15.428	713
19	32	4	40	10	left	left	1	32	15.304	2091
19	33	4	40	10	right	right	1	24	15.19	1580
19	34	4	40	10	right	left	0	43	15.407	2791
19	35	4	40	10	left	left	1	56	15.226	3678
19	36	4	40	10	right	left	0	31	15.57	1991
19	37	4	40	10	right	right	1	17	15.947	1066
19	38	4	40	10	left	right	0	16	15.385	1040
19	39	4	40	10	left	left	1	31	15.423	2010
19	40	4	40	10	right	right	1	21	15.262	1376
20	1	4	40	10	right	right	1	12	15.209	789
20	2	4	40	10	right	right	1	8	15.504	516
20	3	4	40	10	left	left	1	16	15.094	1060
20	4	4	40	10	right	right	1	12	16.26	738
20	5	4	40	10	right	right	1	11	15.647	703
20	6	4	40	10	right	right	1	39	15.07	2588
20	7	4	40	10	left	left	1	14	15.891	881
20	8	4	40	10	left	left	1	32	15.481	2067
20	9	4	40	10	right	right	1	23	15.272	1506
20	10	4	40	10	right	left	0	19	15.677	1212
20	11	4	40	10	left	left	1	16	15.842	1010
20	12	4	40	10	right	right	1	31	15.152	2046
20	13	4	40	10	right	right	1	32	15.109	2118
20	14	4	40	10	left	right	0	18	15.873	1134
20	15	4	40	10	right	right	1	14	15.855	883
20	16	4	40	10	right	left	0	25	15.664	1596
20	17	4	40	10	left	left	1	16	15.429	1037
20	18	4	40	10	right	right	1	15	15.991	938
20	19	4	40	10	left	left	1	16	15.311	1045
20	20	4	40	10	left	right	0	24	15.287	1570
20	21	4	40	10	left	left	1	29	15.475	1874
20	22	4	40	10	left	left	1	9	16.917	532
20	23	4	40	10	left	left	1	11	15.692	701
20	24	4	40	10	right	right	1	13	16.069	809
20	25	4	40	10	right	right	1	16	15.238	1050
20	26	4	40	10	left	left	1	22	15.559	1414
20	27	4	40	10	left	left	1	14	15.267	917
20	28	4	40	10	right	right	1	10	15.432	648
20	29	4	40	10	left	left	1	15	15.707	955
20	30	4	40	10	left	left	1	9	16.605	542
20	31	4	40	10	right	right	1	22	15.548	1415
20	32	4	40	10	left	right	0	12	15.19	790
20	33	4	40	10	left	left	1	10	15.798	633
20	34	4	40	10	left	right	0	13	16.332	796
20	35	4	40	10	right	right	1	17	15.977	1064
20	36	4	40	10	right	right	1	17	15.315	1110
20	37	4	40	10	left	left	1	11	16.035	686
20	38	4	40	10	right	right	1	19	15.807	1202
20	39	4	40	10	left	left	1	13	15.682	829
20	40	4	40	10	right	right	1	15	15.306	980
21	1	4	40	10	right	right	1	9	15.845	568
21	2	4	40	10	left	left	1	14	15.07	929
21	3	4	40	10	right	right	1	25	15.509	1612
21	4	4	40	10	right	right	1	17	15.511	1096
21	5	4	40	10	left	left	1	29	15.368	1887
21	6	4	40	10	left	left	1	29	15.159	1913
21	7	4	40	10	left	left	1	20	15.175	1318
21	8	4	40	10	right	left	0	27	15.393	1754
21	9	4	40	10	right	right	1	19	15.46	1229
21	10	4	40	10	right	left	0	32	15.209	2104
21	11	4	40	10	right	right	1	30	15.377	1951
21	12	4	40	10	left	right	0	33	15.493	2130
21	13	4	40	10	left	left	1	16	15.504	1032
21	14	4	40	10	left	right	0	13	15.815	822
21	15	4	40	10	right	right	1	17	15.483	1098
21	16	4	40	10	left	left	1	27	15.059	1793
21	17	4	40	10	right	left	0	44	15.31	2874
21	18	4	40	10	left	right	0	33	15.257	2163
21	19	4	40	10	right	left	0	27	15.05	1794
21	20	4	40	10	right	left	0	31	15.5	2000
21	21	4	40	10	right	right	1	31	15.423	2010
21	22	4	40	10	right	right	1	39	15.519	2513
21	23	4	40	10	left	left	1	22	15.152	1452
21	24	4	40	10	right	right	1	18	15.358	1172
21	25	4	40	10	right	right	1	20	15.76	1269
21	26	4	40	10	left	right	0	31	15.316	2024
21	27	4	40	10	left	left	1	31	15.601	1987
21	28	4	40	10	right	right	1	31	15.07	2057
21	29	4	40	10	left	left	1	29	15.558	1864
21	30	4	40	10	left	left	1	35	15.331	2283
21	31	4	40	10	left	left	1	28	15.351	1824
21	32	4	40	10	left	left	1	44	15.395	2858
21	33	4	40	10	left	left	1	23	15.562	1478
21	34	4	40	10	right	right	1	40	15.117	2646
21	35	4	40	10	left	left	1	33	15.471	2133
21	36	4	40	10	left	right	0	16	15.656	1022
21	37	4	40	10	right	right	1	16	15.873	1008
21	38	4	40	10	left	right	0	11	15.896	692
21	39	4	40	10	right	left	0	13	15.24	853
21	40	4	40	10	right	right	1	14	15.317	914
22	1	4	40	10	right	right	1	9	16.854	534
22	2	4	40	10	right	left	0	15	15.152	990
22	3	4	40	10	left	right	0	12	16.327	735
22	4	4	40	10	left	left	1	11	15.581	706
22	5	4	40	10	right	right	1	14	15.801	886
22	6	4	40	10	right	right	1	16	15.166	1055
22	7	4	40	10	right	right	1	15	15.94	941
22	8	4	40	10	right	left	0	14	15.504	903
22	9	4	40	10	left	right	0	11	15.152	726
22	10	4	40	10	right	left	0	18	15	1200
22	11	4	40	10	left	left	1	11	16.2	679
22	12	4	40	10	right	right	1	19	15.69	1211
22	13	4	40	10	left	left	1	20	15.773	1268
22	14	4	40	10	left	left	1	22	15.537	1416
22	15	4	40	10	right	right	1	23	15.467	1487
22	16	4	40	10	left	right	0	16	15.764	1015
22	17	4	40	10	left	left	1	16	15.984	1001
22	18	4	40	10	left	left	1	24	15.414	1557
22	19	4	40	10	left	left	1	23	15.541	1480
22	20	4	40	10	right	right	1	26	15.616	1665
22	21	4	40	10	right	right	1	28	15.564	1799
22	22	4	40	10	left	left	1	22	15.027	1464
22	23	4	40	10	right	left	0	25	15.625	1600
22	24	4	40	10	left	left	1	20	15.613	1281
22	25	4	40	10	left	left	1	31	15.594	1988
22	26	4	40	10	right	right	1	55	15.235	3610
22	27	4	40	10	left	left	1	37	15.158	2441
22	28	4	40	10	right	left	0	36	15.094	2385
22	29	4	40	10	left	right	0	35	15.419	2270
22	30	4	40	10	left	right	0	26	15.33	1696
22	31	4	40	10	right	left	0	26	15.16	1715
22	32	4	40	10	left	left	1	16	15.889	1007
22	33	4	40	10	right	left	0	20	15.686	1275
22	34	4	40	10	right	right	1	18	15.358	1172
22	35	4	40	10	left	left	1	33	15.193	2172
22	36	4	40	10	left	left	1	18	15.013	1199
22	37	4	40	10	right	left	0	25	15.161	1649
22	38	4	40	10	right	right	1	33	15.551	2122
22	39	4	40	10	right	right	1	18	15.05	1196
22	40	4	40	10	left	left	1	44	15.084	2917
23	1	4	40	10	left	right	0	11	15.625	704
23	2	4	40	10	right	left	0	15	16.009	937
23	3	4	40	10	left	left	1	10	16.42	609
23	4	4	40	10	left	left	1	13	15.719	827
23	5	4	40	10	left	left	1	10	15.015	666
23	6	4	40	10	left	left	1	13	16.129	806
23	7	4	40	10	left	right	0	17	15.668	1085
23	8	4	40	10	right	right	1	12	16.107	745
23	9	4	40	10	right	right	1	28	15.234	1838
23	10	4	40	10	right	left	0	18	15.306	1176
23	11	4	40	10	right	left	0	18	15.025	1198
23	12	4	40	10	right	left	0	17	15.554	1093
23	13	4	40	10	left	left	1	12	15.957	752
23	14	4	40	10	left	left	1	24	15.645	1534
23	15	4	40	10	right	left	0	20	15.152	1320
23	16	4	40	10	right	left	0	16	15.253	1049
23	17	4	40	10	left	left	1	25	15.509	1612
23	18	4	40	10	left	left	1	18	15.734	1144
23	19	4	40	10	left	left	1	15	15.756	952
23	20	4	40	10	left	left	1	13	16.03	811
23	21	4	40	10	right	right	1	13	15.421	843
23	22	4	40	10	right	right	1	13	15.569	835
23	23	4	40	10	left	left	1	23	15.593	1475
23	24	4	40	10	left	left	1	37	15.239	2428
23	25	4	40	10	right	right	1	22	15.759	1396
23	26	4	40	10	left	right	0	23	15.344	1499
23	27	4	40	10	right	right	1	21	15.719	1336
23	28	4	40	10	left	right	0	27	15.499	1742
23	29	4	40	10	right	right	1	33	15.32	2154
23	30	4	40	10	right	right	1	27	15.385	1755
23	31	4	40	10	right	left	0	26	15.522	1675
23	32	4	40	10	left	left	1	18	15.666	1149
23	33	4	40	10	right	left	0	19	15.067	1261
23	34	4	40	10	right	right	1	11	15.515	709
23	35	4	40	10	left	left	1	17	15.371	1106
23	36	4	40	10	right	right	1	22	15.703	1401
23	37	4	40	10	left	left	1	12	16.304	736
23	38	4	40	10	left	left	1	21	15.284	1374
23	39	4	40	10	right	left	0	38	15.397	2468
23	40	4	40	10	right	left	0	41	15.379	2666
24	1	4	40	10	left	right	0	9	16.575	543
24	2	4	40	10	right	right	1	13	16.332	796
24	3	4	40	10	right	right	1	18	15.254	1180
24	4	4	40	10	right	left	0	10	16.34	612
24	5	4	40	10	right	right	1	14	15.152	924
24	6	4	40	10	left	right	0	11	15.493	710
24	7	4	40	10	left	left	1	8	16.949	472
24	8	4	40	10	right	right	1	24	15.171	1582
24	9	4	40	10	left	left	1	12	15.915	754
24	10	4	40	10	left	left	1	18	15.517	1160
24	11	4	40	10	left	left	1	12	15.957	752
24	12	4	40	10	left	left	1	24	15.656	1533
24	13	4	40	10	right	left	0	14	16.222	863
24	14	4	40	10	left	left	1	11	15.873	693
24	15	4	40	10	right	right	1	15	15.228	985
24	16	4	40	10	left	left	1	11	15.515	709
24	17	4	40	10	left	left	1	22	15.692	1402
24	18	4	40	10	right	right	1	14	15.891	881
24	19	4	40	10	left	left	1	20	15.221	1314
24	20	4	40	10	right	left	0	16	15.282	1047
24	21	4	40	10	left	left	1	10	15.601	641
24	22	4	40	10	left	left	1	20	15.674	1276
24	23	4	40	10	left	left	1	11	15.278	720
24	24	4	40	10	left	right	0	22	15.748	1397
24	25	4	40	10	right	right	1	15	16.026	936
24	26	4	40	10	right	right	1	15	15.839	947
24	27	4	40	10	right	right	1	17	15.654	1086
24	28	4	40	10	left	right	0	14	15.135	925
24	29	4	40	10	left	left	1	14	15.419	908
24	30	4	40	10	left	left	1	13	16.291	798
24	31	4	40	10	left	right	0	16	15.549	1029
24	32	4	40	10	right	right	1	13	15.951	815
24	33	4	40	10	right	right	1	24	15.316	1567
24	34	4	40	10	right	right	1	17	15.483	1098
24	35	4	40	10	right	right	1	13	16.089	808
24	36	4	40	10	right	right	1	14	15.351	912
24	37	4	40	10	right	left	0	28	15.201	1842
24	38	4	40	10	right	left	0	21	15.613	1345
24	39	4	40	10	right	left	0	19	15.702	1210
24	40	4	40	10	left	right	0	18	15.957	1128
